# The links inside the directed communities at k=4
# from /Users/bogna/dev/role-mining/datasets/enron/timeslots/10-filtered2.edges
# at no lower link weight threshold,
# and at no upper link weight threshold.
# Links were treated as directed.
# No time limit was set for the clique search.

0:
00002 00003
00002 00004
00002 00018
00002 00020
00002 00028
00002 00070
00002 00137
00002 00141
00003 00020
00003 00070
00003 00137
00003 00141
00003 00019
00003 00029
00003 00032
00003 00068
00003 00072
00004 00020
00004 00137
00004 00141
00019 00004
00004 00032
00072 00004
00073 00004
00018 00020
00018 00028
00018 00070
00137 00018
00019 00018
00018 00029
00018 00032
00020 00028
00020 00070
00020 00137
00020 00141
00020 00019
00020 00032
00068 00020
00020 00072
00020 00055
00073 00020
00028 00070
00028 00032
00028 00072
00070 00141
00070 00019
00032 00070
00070 00072
00070 00055
00074 00127
00123 00127
00127 00051
00066 00127
00036 00127
00122 00127
00151 00127
00137 00141
00137 00029
00032 00137
00068 00137
00137 00074
00137 00055
00137 00066
00141 00019
00029 00141
00032 00141
00068 00141
00141 00072
00074 00141
00141 00055
00073 00141
00066 00141
00019 00032
00019 00072
00019 00055
00073 00019
00029 00032
00029 00068
00074 00029
00029 00066
00032 00068
00032 00051
00032 00066
00068 00072
00068 00051
00068 00066
00068 00122
00072 00055
00006 00009
00006 00013
00006 00048
00006 00050
00006 00067
00006 00076
00009 00013
00009 00048
00009 00050
00009 00067
00009 00057
00013 00048
00013 00050
00013 00067
00013 00076
00013 00075
00013 00057
00048 00050
00048 00067
00048 00076
00048 00057
00050 00067
00050 00076
00050 00057
00065 00074
00065 00107
00036 00065
00122 00065
00065 00151
00067 00057
00076 00011
00076 00075
00076 00057
00076 00038
00076 00033
00007 00011
00007 00012
00007 00025
00007 00075
00011 00012
00011 00025
00011 00075
00011 00057
00011 00017
00011 00026
00011 00038
00012 00025
00012 00075
00012 00057
00012 00026
00012 00038
00033 00012
00025 00017
00025 00021
00025 00026
00040 00025
00056 00025
00059 00025
00118 00025
00122 00025
00075 00057
00075 00038
00033 00075
00057 00033
00042 00057
00057 00126
00122 00057
00010 00017
00010 00021
00010 00096
00038 00010
00059 00010
00017 00021
00017 00096
00017 00103
00017 00026
00017 00038
00017 00033
00017 00040
00017 00042
00017 00044
00017 00056
00017 00059
00017 00061
00017 00084
00017 00118
00017 00125
00017 00126
00038 00021
00059 00021
00118 00021
00042 00096
00044 00096
00059 00096
00096 00126
00096 00120
00122 00096
00128 00096
00044 00103
00103 00125
00126 00103
00103 00120
00122 00103
00058 00103
00080 00103
00026 00056
00059 00026
00118 00026
00122 00026
00038 00033
00059 00038
00038 00118
00051 00074
00074 00066
00122 00074
00151 00074
00107 00123
00107 00044
00107 00084
00107 00051
00107 00036
00107 00078
00120 00107
00107 00122
00151 00107
00051 00123
00123 00036
00123 00122
00151 00123
00059 00033
00040 00042
00040 00059
00040 00061
00042 00061
00042 00125
00042 00126
00042 00105
00122 00042
00044 00084
00044 00126
00044 00104
00044 00036
00044 00078
00044 00091
00044 00100
00044 00111
00044 00120
00122 00044
00059 00056
00056 00061
00122 00056
00059 00061
00059 00125
00059 00126
00061 00125
00084 00126
00105 00084
00084 00091
00122 00084
00125 00105
00122 00125
00058 00125
00080 00125
00095 00125
00105 00126
00122 00126
00051 00066
00051 00122
00051 00151
00122 00066
00151 00066
00100 00104
00111 00104
00104 00120
00122 00104
00122 00036
00151 00036
00122 00105
00078 00100
00078 00111
00122 00078
00100 00091
00091 00111
00122 00091
00100 00111
00122 00100
00122 00111
00122 00120
00120 00058
00128 00120
00122 00151
00122 00058
00122 00095
00122 00128
00058 00080
00058 00095
1:
00086 00130
00086 00133
00086 00149
00133 00130
00149 00130
00149 00133
2:
00101 00096
00128 00096
00114 00096
00128 00101
00114 00101
00128 00114
3:
00092 00027
00027 00113
00079 00027
00092 00113
00092 00079
00113 00079
4:
00023 00014
00023 00107
00023 00051
00023 00069
00023 00073
00023 00092
00014 00107
00073 00014
00107 00051
00107 00069
00073 00107
00107 00092
00051 00069
00051 00073
00069 00073
00069 00092
5:
00137 00065
00137 00014
00137 00074
00006 00016
00006 00027
00006 00065
00014 00006
00107 00006
00065 00016
00016 00014
00074 00016
00107 00016
00065 00027
00027 00014
00065 00014
00065 00074
00065 00107
00014 00074
00014 00107
6:
00105 00100
00122 00105
00105 00128
00122 00100
00100 00128
00122 00128
