# The contained directed cliques in the directed communities at k=9
# from /Users/bogna/dev/role-mining/datasets/enron/timeslots/1-2002.edges
# at no lower link weight threshold,
# and at no upper link weight threshold.
# Links were treated as directed.
# No time limit was set for the clique search.

0: 2046 5568 6079 5026 5018 5024 5641 5934 5016 6232 5483 5985 6077 5485 6083 6073 3394 3633 5621 
1: 2076 
2: 2290 
3: 2638 2639 4760 4761 
4: 2642 2643 2644 2645 2646 2647 3288 3289 3301 5056 5057 5058 5059 5575 5391 5390 5576 3997 4014 3001 3766 3998 4013 3000 4016 4015 3999 5586 5587 5584 5589 4852 5580 4769 4850 4762 4764 4854 4763 4007 4005 4006 4004 
5: 3269 3270 3271 3275 5672 3276 3273 3277 5508 3272 3274 5509 5668 5669 4817 3372 3709 4814 4815 4816 5663 5667 3369 3373 3370 5506 5664 5505 5662 5665 5510 5512 5670 6038 5671 
6: 3456 
7: 3465 
8: 3542 5160 5801 5818 5819 5787 5796 5806 5808 5817 5246 5751 5785 5788 6111 6147 5750 5754 5755 5763 5767 6160 6181 5761 5766 6182 6190 6113 6188 4687 5894 6180 4688 4684 4686 4683 5892 5893 5890 5112 5884 5113 5114 5111 5885 6183 5786 5807 6158 5804 5803 5805 4691 4692 4693 5794 5795 5798 5164 
9: 3621 3622 5539 5726 5542 
10: 3800 5063 4902 4903 4904 5064 5065 5066 5068 5073 6097 4906 4908 4916 4907 4909 4910 4911 5067 5069 5070 5071 4917 4918 4921 4920 5074 5077 5075 5079 4922 5078 4905 6110 
11: 4385 
12: 4646 4647 4648 5475 5476 4951 5477 5979 4949 4956 4955 6053 
13: 5271 5272 
14: 5800 
15: 6197 6198 
