# The directed communities at k=9
# from /Users/bogna/dev/role-mining/datasets/enron/timeslots/1-2002.edges
# at no lower link weight threshold,
# and at no upper link weight threshold.
# Links were treated as directed.
# No time limit was set for the clique search.

0: 2965 3121 2930 2998 3848 3860 3987 4036 3699 2516 3585 3692 3729 3886 3905 3944 3972 3975 5560 3735 19115 15523 19136 4046 
1: 2844 2912 2936 2956 2998 2944 3385 2852 6110 
2: 2965 4064 2930 3987 123 2896 4010 4033 4067 
3: 251 10345 10388 17781 277 288 322 401 8336 8349 29 
4: 193 251 118 10388 17781 277 322 401 8336 8349 10354 172 29768 29785 29786 29790 29791 29793 29794 29796 29802 29805 29806 29810 29813 29821 29943 312 321 32864 32873 32874 32927 7659 7674 8346 8361 8608 8627 9947 235 9045 
5: 2913 2965 10257 2844 2912 2930 2936 2956 2966 2988 2998 10260 3724 123 2896 2944 2954 2957 3385 3387 3692 3735 3916 6110 
6: 3905 3972 5560 3735 17169 3863 19115 19136 4046 
7: 197 118 172 29794 32864 32874 8346 235 41798 
8: 142 2965 4064 2969 1061 2050 2100 2883 2938 2972 3020 3046 663 2701 1811 969 419 422 3533 141 457 123 1343 143 2516 2606 2896 2907 2919 2937 3028 3034 3147 3886 4024 446 766 1311 
9: 2965 4064 2930 2988 3987 4036 123 2896 3585 3905 3912 4033 
10: 2965 1811 969 3163 419 422 799 1522 1523 3158 4820 1178 1494 1524 1525 1794 123 2896 2907 3837 3842 3886 4033 22222 
11: 142 2913 2965 4064 151 1061 3655 123 2896 
12: 2965 4064 2988 3987 4011 3699 123 2516 2896 3692 3886 3905 3972 3975 3995 4015 5560 
13: 193 2024 251 112 17781 277 288 401 8336 181 
14: 2965 2883 3020 2701 123 2606 2896 3048 766 
15: 142 2913 2965 1061 2050 2938 123 143 2896 2937 
