# The links inside the directed communities at k=4
# from /Users/bogna/dev/role-mining/datasets/enron/timeslots/8-2001.edges
# at no lower link weight threshold,
# and at no upper link weight threshold.
# Links were treated as directed.
# No time limit was set for the clique search.

0:
10041 3199
10041 3937
10041 4088
10041 4128
10041 4779
10041 6694
10041 6856
126 10041
4128 3199
126 3199
4128 3937
126 3937
4610 3937
4128 4088
126 4088
4128 4779
4128 6694
4128 6856
4128 126
4610 4128
126 4779
4610 4779
126 6694
126 6856
4610 6856
126 4610
1:
318 2
126 2
10808 2
3 2
2 92
11712 2
11901 2
2 29
387 2
10039 3147
10039 4064
10039 766
126 10039
1415 1815
1415 2161
1415 3135
1415 8196
126 1415
1178 1415
17777 1415
419 1415
969 1415
2993 1415
1415 1814
544 1415
11529 1415
11540 1415
1415 1524
1415 3119
3838 1415
1415 3841
1415 4212
1415 1043
1415 11527
2907 1415
1415 3138
3837 1415
1415 3985
3990 1415
1415 4820
8616 1415
11541 1415
1415 4071
1415 5204
6210 1415
1415 7763
1415 11543
1812 1415
723 1415
2824 1415
1217 1415
998 1415
642 1415
510 1415
500 1415
2872 1415
4024 1415
3886 1415
14313 10229
14313 3233
126 14313
14313 441
14313 4805
14313 19578
14313 15953
14313 3050
14313 17747
14313 3066
14313 34940
4128 151
318 151
4717 151
10263 151
126 151
151 129
457 151
4589 151
7991 151
10264 151
971 151
10808 151
441 151
9322 151
5598 151
2913 2930
10263 2913
126 2913
7991 2913
10264 2913
5596 2913
9470 2913
15580 2913
19145 2913
9203 2913
766 3147
3147 3159
3147 3558
3579 3147
3147 3647
126 3147
3020 3147
3228 3147
1811 3147
3147 3157
3147 4511
3147 5477
3557 3147
3147 3659
3147 2883
3147 3150
3155 3147
3147 3576
2915 3147
3147 3149
3147 3152
3400 3147
3147 3544
3563 3147
3147 3578
3147 3609
3147 3634
3886 3147
4852 3147
766 4064
3641 4064
126 4064
3724 4064
10264 4064
5596 4064
9470 4064
4064 3699
4064 3533
5046 4064
4064 4858
4064 3624
2480 4064
4015 4064
4064 7696
19145 4064
4064 4058
4064 4183
4064 3155
4064 3975
4064 3562
4064 3987
4064 4024
3886 4064
3995 4064
9203 4064
126 4554
4554 129
4589 4554
1896 4554
19886 4554
4843 765
126 765
765 143
765 3745
10759 765
10973 765
17777 765
2129 765
765 2606
765 3012
765 3015
3020 765
3228 765
1527 765
1811 765
2607 765
765 2886
765 2938
765 3011
642 765
765 3546
3013 765
4234 765
2887 765
3562 765
766 3159
4843 766
126 766
10759 766
17777 766
2129 766
2606 766
3020 766
766 3048
766 4034
766 3699
766 3533
1811 766
21713 766
2607 766
766 5046
766 2516
766 4511
766 5477
766 3624
766 4015
3016 766
766 2883
3039 766
3155 766
3400 766
2887 766
766 4853
766 3606
766 3987
766 4024
766 4642
3886 766
4128 874
126 874
874 142
874 143
10041 1815
10041 2161
10041 2951
10041 2991
10041 3052
10041 3060
10041 3135
10041 3151
10041 3217
10041 3229
10041 3386
10041 3387
10041 3402
10041 3410
10041 3434
10041 3436
10041 3541
10041 3543
10041 3554
10041 3570
10041 3591
10041 3597
10041 3601
10041 3614
10041 3641
10041 3643
10041 3651
10041 3653
10041 3657
10041 3676
10041 3679
10041 3714
10041 3746
10041 4625
10041 4716
10041 4843
10041 4844
10041 4848
10041 4870
10041 5164
10041 5361
10041 631
10041 6627
10041 6632
10041 6661
10041 6710
10041 6754
10041 6770
10041 6787
10041 6792
10041 6847
10041 7088
10041 7131
10041 7839
10041 7840
10041 7875
10041 7898
10041 7912
10041 7916
10041 7918
10041 7985
10041 8063
10041 8066
10041 8087
10041 8088
10041 8089
10041 8156
10041 8192
10041 8194
10041 8195
10041 8196
10041 8200
10041 8201
10041 8204
10041 8205
10041 8207
10041 8208
10041 8210
10041 8211
10041 8212
10041 8214
10041 8215
10041 8216
10041 8217
10041 8219
10041 8220
10041 8222
10041 8223
10041 8224
10041 8227
10041 8299
10041 9530
10041 9531
126 10041
3135 1815
126 1815
1178 1815
419 1815
544 1815
11540 1815
1522 1815
4213 1815
11530 1815
11537 1815
11539 1815
3968 1815
3985 1815
3990 1815
4846 1815
4873 1815
11541 1815
4034 1815
6210 1815
1812 1815
1794 1815
2824 1815
4610 1815
2872 1815
3886 1815
2161 3135
2161 6787
2161 7088
2161 966
126 2161
2161 1178
419 2161
2161 969
1814 2161
2161 4212
2161 11537
2161 31652
2161 11538
2161 2720
2161 2907
2161 3985
2161 3990
2161 11541
2161 4034
2161 4043
2161 798
2161 11543
1812 2161
2161 723
1794 2161
2161 2824
2161 414
2161 1217
2161 2977
126 2828
452 2828
2828 10973
2828 17776
2828 17777
4506 2828
2828 804
2828 969
2828 972
2828 4859
2828 544
2828 723
2826 2828
2828 1199
20934 2828
2828 661
1243 2828
2828 1246
9931 2828
1244 2828
2828 1895
890 2828
2828 1197
21464 2828
2828 19417
126 2909
418 2909
2826 2909
2050 2909
2983 2909
126 2934
2050 2934
2934 3058
2983 2934
8088 2951
8192 2951
8195 2951
126 2951
4610 2951
8088 2991
8192 2991
8195 2991
126 2991
4610 2991
6754 3052
126 3052
4610 3052
8088 3060
8192 3060
8195 3060
126 3060
4610 3060
126 3135
3135 1523
3135 419
3135 1814
11529 3135
3135 11540
3135 1414
3135 1521
3135 1522
3135 1524
3135 1526
3135 3839
3135 11530
3135 3158
11539 3135
3135 11527
3135 2720
3135 3138
3135 3985
3135 4846
3135 4873
3135 1494
3135 1525
3135 4071
3135 3161
3135 5204
3135 11543
4610 3135
8088 3151
8192 3151
8195 3151
126 3151
4610 3151
126 3159
4511 3159
3386 3217
3434 3217
3217 3436
3217 807
126 3217
3217 2827
3217 2993
3217 3219
3217 4214
3217 19992
3217 1352
3217 3463
3217 9294
3229 3386
126 3229
2050 3229
3386 3714
6627 3386
126 3386
3386 3219
3386 4214
2050 3386
3386 2960
4610 3386
3386 9294
3386 3437
8088 3387
8192 3387
8195 3387
126 3387
4610 3387
8088 3402
8192 3402
8195 3402
126 3402
4610 3402
4625 3410
8088 3410
8192 3410
8195 3410
126 3410
4610 3410
3434 3436
126 3434
3434 2827
3434 2993
3434 4214
3434 19992
3434 1352
3434 1517
8196 3436
3436 807
126 3436
3436 2827
3436 2993
3436 4214
11529 3436
3436 19992
3436 1352
3436 3463
452 3442
890 3442
21464 3442
3048 3540
2883 3540
3400 3540
4843 3541
126 3541
8088 3543
8192 3543
8195 3543
126 3543
4610 3543
8088 3554
8192 3554
8195 3554
126 3554
4610 3554
126 3558
3558 4511
2883 3558
3400 3558
8088 3570
8192 3570
8195 3570
126 3570
4610 3570
126 3579
3048 3579
3579 4511
2883 3579
3400 3579
8088 3591
8192 3591
8195 3591
126 3591
4610 3591
4843 3597
8088 3597
8192 3597
8195 3597
126 3597
4610 3597
8088 3601
8192 3601
8195 3601
126 3601
4610 3601
8088 3614
8192 3614
8195 3614
126 3614
4610 3614
4843 3641
126 3641
3641 3699
2607 3641
3641 4858
3641 3624
8088 3643
8192 3643
8195 3643
126 3643
4610 3643
3045 3647
2883 3647
3152 3647
3400 3647
3970 3647
3886 3647
4625 3651
8088 3651
8192 3651
8195 3651
126 3651
4610 3651
8088 3653
8192 3653
8195 3653
126 3653
4610 3653
8088 3657
8192 3657
8195 3657
126 3657
4610 3657
8088 3676
8192 3676
8195 3676
126 3676
3048 3676
4610 3676
2883 3676
3400 3676
8088 3679
8192 3679
8195 3679
126 3679
4610 3679
3714 126
3714 1249
3714 10808
3714 133
3714 11667
4610 3714
8088 3746
8192 3746
8195 3746
126 3746
4610 3746
4128 126
4128 128
4128 129
4128 138
4128 140
4128 142
4128 144
4128 145
4128 146
4128 2965
4128 457
4128 123
4128 1249
4128 135
4128 2100
4128 442
4128 4430
4128 452
4128 994
4128 132
4128 419
4128 736
4128 10808
4128 11521
4128 125
4128 127
4128 133
4128 141
4128 152
4128 450
4128 1236
4128 153
4128 546
4128 1959
4128 2886
4128 4143
4128 4568
4128 19495
4128 2475
4128 2103
4128 3191
4128 3914
4128 4133
4625 7912
4625 7985
4625 8214
4625 8216
126 4625
4610 4625
4804 4625
6754 4716
4716 7985
126 4716
4716 7107
5484 4716
4843 4844
4843 631
4843 7918
4843 10263
126 4843
4843 142
4843 2965
4843 2606
4843 2701
4843 3015
4843 3020
4843 3537
4843 3624
4843 2480
4843 746
4843 4058
4843 3557
4843 4429
4843 3031
3886 4843
126 4844
4848 6632
4848 6847
4848 7131
4848 8063
4848 8066
4848 8087
4848 8088
4848 8089
4848 8195
126 4848
4610 4848
4848 8068
6754 4870
126 4870
6754 5164
126 5164
4610 5164
6661 5361
126 5361
6627 631
126 631
4610 631
6627 8299
126 6627
6627 8325
6627 5596
6627 9470
4610 6627
126 6632
4610 6632
6661 8196
126 6661
4610 6661
6754 6710
126 6710
6754 6787
6754 6792
6754 7985
6754 8200
6754 8201
6754 8217
6754 8227
126 6754
6754 4799
6754 7730
4610 6754
6754 7107
39832 6754
5484 6754
8088 6770
8192 6770
8195 6770
126 6770
4610 6770
126 6787
126 6792
4610 6792
126 6847
4610 6847
126 7088
126 7131
8088 7839
8192 7839
8195 7839
126 7839
4610 7839
8088 7840
8192 7840
8195 7840
126 7840
4610 7840
8088 7875
8192 7875
8195 7875
126 7875
4610 7875
8088 7898
8192 7898
8195 7898
126 7898
4610 7898
8088 7912
8192 7912
8195 7912
126 7912
4610 7912
8088 7916
8192 7916
8195 7916
126 7916
4610 7916
8088 7918
8192 7918
8195 7918
126 7918
4610 7918
8088 7985
8192 7985
8195 7985
8201 7985
8217 7985
126 7985
10759 7985
17652 7985
17776 7985
3038 7985
4799 7985
6937 7985
7730 7985
21713 7985
4610 7985
4804 7985
39832 7985
5484 7985
8088 8063
8192 8063
8195 8063
126 8063
4610 8063
8088 8066
8192 8066
8195 8066
126 8066
4610 8066
8088 8087
8192 8087
8195 8087
126 8087
4610 8087
8088 8089
8088 8156
8088 8192
8088 8194
8088 8195
8088 8201
8088 8204
8088 8205
8088 8207
8088 8208
8088 8210
8088 8211
8088 8212
8088 8214
8088 8215
8088 8216
8088 8217
8088 8219
8088 8220
8088 8222
8088 8223
8088 8224
8088 8227
8088 9530
8088 9531
126 8088
8088 3038
8088 11529
8088 11530
8088 11527
8088 12374
8088 15864
4610 8088
8088 8221
8088 6160
8088 3574
8088 3630
8088 39861
8088 35472
8088 8068
8088 6832
8088 27262
8088 27441
8088 3042
8088 31148
8088 3542
8088 3627
8088 39854
8088 39855
8088 39857
8088 39858
8088 39859
8088 39862
8088 39863
8088 6763
8088 7415
8088 8186
8088 8197
8088 8198
8088 8209
8088 9958
8192 8089
8195 8089
126 8089
4610 8089
8192 8156
8195 8156
126 8156
4610 8156
8192 8194
8192 8195
8192 8201
8192 8204
8192 8205
8192 8207
8192 8208
8192 8210
8192 8211
8192 8212
8192 8214
8192 8215
8192 8216
8192 8217
8192 8219
8192 8220
8192 8222
8192 8223
8192 8224
8192 8227
8192 9530
8192 9531
126 8192
8192 3038
8192 11529
8192 11530
8192 11527
8192 12374
8192 15864
4610 8192
8192 8221
8192 6160
8192 3574
8192 3630
8192 39861
8192 35472
8192 8068
8192 6832
8192 27262
8192 27441
8192 3042
8192 31148
8192 3542
8192 3627
8192 39854
8192 39855
8192 39857
8192 39858
8192 39859
8192 39862
8192 39863
8192 6763
8192 7415
8192 8186
8192 8197
8192 8198
8192 8209
8192 9958
8195 8194
126 8194
4610 8194
8195 8201
8195 8204
8195 8205
8195 8207
8195 8208
8195 8210
8195 8211
8195 8212
8195 8214
8195 8215
8195 8216
8195 8217
8195 8219
8195 8220
8195 8222
8195 8223
8195 8224
8195 8227
8195 9530
8195 9531
126 8195
8195 3038
8195 11529
8195 11530
8195 11527
8195 12374
8195 15864
4610 8195
8195 8221
8195 6160
8195 3574
8195 3630
8195 39861
8195 35472
8195 8068
8195 6832
8195 27262
8195 27441
8195 3042
8195 31148
8195 3542
8195 3627
8195 39854
8195 39855
8195 39857
8195 39858
8195 39859
8195 39862
8195 39863
8195 6763
8195 7415
8195 8186
8195 8197
8195 8198
8195 8209
8195 9958
126 8196
8196 418
8196 10973
8196 1178
8196 1798
8196 419
8196 972
8196 2993
8196 1814
8196 4859
8196 11529
8196 11540
8196 1213
8196 1414
8196 1521
8196 1522
8196 1524
8196 1526
8196 19992
8196 2138
8196 2333
8196 28168
8196 3118
8196 3119
8196 31514
8196 3163
8196 3838
8196 3839
8196 3841
8196 4212
8196 4213
8196 4216
8196 422
8196 4408
8196 4596
11539 8196
4873 8196
4610 8196
126 8200
4610 8200
126 8201
4610 8201
39832 8201
5484 8201
126 8204
4610 8204
126 8205
4610 8205
126 8207
4610 8207
126 8208
4610 8208
126 8210
4610 8210
126 8211
4610 8211
126 8212
4610 8212
126 8214
4610 8214
126 8215
4610 8215
126 8216
4610 8216
126 8217
4610 8217
39832 8217
126 8219
4610 8219
126 8220
4610 8220
126 8222
4610 8222
126 8223
4610 8223
126 8224
4610 8224
126 8225
8225 132
4508 8225
8225 969
1246 8225
9931 8225
126 8227
4610 8227
126 8299
126 9530
4610 9530
126 9531
4610 9531
318 11898
318 11904
318 126
318 128
318 129
318 138
318 140
318 142
318 143
318 144
318 145
318 146
318 15882
318 2965
318 4217
318 425
318 457
318 135
318 418
318 132
318 969
318 10808
318 1209
318 127
318 131
318 133
318 13362
318 136
318 149
318 152
318 155
318 158
318 261
318 3
318 382
318 420
318 424
318 432
318 441
318 8092
318 103
318 51
11656 318
318 130
318 148
318 4722
318 11667
318 150
318 368
318 11712
318 1211
318 124
318 225
318 262
318 423
318 11897
318 11901
318 954
318 11894
318 11899
318 156
318 29
318 2960
318 332
318 387
318 9322
4717 11904
126 4717
441 4717
966 970
418 966
966 2284
663 966
966 969
972 966
508 966
610 966
966 686
966 131
966 141
978 966
966 544
723 966
1794 966
2824 966
414 966
549 966
2826 966
966 661
1327 966
966 2304
966 496
966 530
966 538
966 573
966 992
966 491
966 495
966 500
1539 966
970 971
1178 970
970 969
972 970
508 970
970 723
970 148
414 970
970 1199
970 661
970 2837
970 538
973 970
2073 970
970 2836
4437 970
807 3730
1044 807
807 2827
807 2284
807 1078
2297 807
807 1079
807 1340
2265 807
807 2422
2993 807
807 3735
807 3757
807 4976
807 508
610 807
141 807
2375 807
807 19992
4290 807
807 3457
807 1300
1327 807
807 825
807 2352
807 496
1339 807
807 1352
807 3463
807 3726
10229 3233
10229 4794
17747 10229
7421 10229
3233 4794
3233 441
17747 3233
7421 3233
441 4794
17747 4794
7421 4794
19145 2930
9203 2930
10263 11898
10263 1230
10263 126
10263 128
10263 129
10263 138
10263 140
10263 142
10263 143
10263 144
10263 145
10263 146
10263 2965
10263 3696
10263 4072
10263 4217
10263 425
10263 457
10263 4589
10263 7991
10263 9313
10264 10260
971 10260
19145 10260
126 11898
11898 129
9322 11898
126 11904
441 11904
1230 129
4589 1230
7991 1230
2767 1230
1230 2710
1230 32116
19886 1230
47775 1230
126 128
126 129
126 138
126 140
126 142
126 143
126 144
126 145
126 146
126 15882
126 2965
126 3696
126 4217
126 425
126 457
4589 126
7991 126
126 123
1249 126
126 135
126 137
126 139
126 2100
126 2827
126 3745
126 418
126 442
126 4430
126 452
126 132
126 2606
126 2701
126 3015
126 3020
126 3048
126 3537
126 3605
126 419
126 5277
126 581
126 7730
126 969
126 972
126 4214
126 11521
126 1209
126 127
126 131
126 133
126 136
126 141
126 149
126 152
126 155
126 158
126 261
126 3
126 3214
126 382
126 420
126 424
126 428
126 432
126 441
126 450
126 453
126 4805
126 8092
126 92
126 103
126 51
126 1526
126 2333
126 422
126 4596
126 11537
126 1236
126 919
126 1494
11656 126
126 12521
126 130
126 134
126 148
126 15905
126 4722
126 11667
126 150
126 368
11712 126
126 1211
126 124
126 225
126 262
126 423
126 11901
126 421
126 954
126 1010
126 11894
126 11899
126 156
126 15864
126 15909
126 15953
126 2050
126 263
126 2886
126 29
126 2938
126 2960
126 2972
126 3011
126 3050
126 3058
126 3197
126 332
126 362
126 387
126 4511
126 4568
126 4610
126 4804
126 4858
126 5477
126 7107
126 8290
126 9322
457 128
4589 128
7991 128
11656 128
546 128
11667 128
129 4072
129 425
129 4589
7991 129
10264 129
2767 129
5596 129
129 971
135 129
4989 129
508 129
10808 129
129 152
129 158
3 129
11656 129
129 148
129 1896
11667 129
11712 129
11901 129
4457 129
129 2710
32116 129
129 1233
129 156
129 332
129 4568
4985 129
9322 129
129 1004
129 19886
129 19887
129 3123
129 4543
129 4556
129 4558
129 761
642 129
19145 129
19902 129
5598 129
47775 129
457 138
4589 138
7991 138
441 138
11656 138
546 138
11667 138
11712 138
11901 138
457 140
4589 140
7991 140
10808 140
11656 140
546 140
11667 140
11712 140
11901 140
143 142
2965 142
457 142
4589 142
7991 142
1044 142
123 142
2100 142
2827 142
3745 142
442 142
4430 142
994 142
132 142
1798 142
2129 142
2606 142
3605 142
419 142
581 142
969 142
508 142
10808 142
11521 142
125 142
133 142
142 141
152 142
3214 142
424 142
441 142
4805 142
142 544
3163 142
142 422
723 142
11656 142
134 142
142 546
11667 142
11712 142
11901 142
1527 142
156 142
15953 142
2886 142
2938 142
2972 142
362 142
5477 142
2475 142
2103 142
2274 142
885 142
2887 142
4024 142
3914 142
3997 142
4133 142
70868 142
457 143
4589 143
7991 143
143 2827
3745 143
132 143
2129 143
2606 143
419 143
969 143
10808 143
133 143
141 143
424 143
441 143
544 143
422 143
723 143
11656 143
148 143
546 143
11667 143
11712 143
11901 143
1527 143
15953 143
2886 143
2938 143
2972 143
642 143
2274 143
4234 143
2887 143
3562 143
3997 143
3696 144
144 457
4589 144
144 127
11656 144
546 144
11667 144
11712 144
11901 144
3696 145
145 457
4589 145
7991 145
736 145
10808 145
441 145
11656 145
546 145
11667 145
11712 145
11901 145
4589 146
7991 146
132 146
11667 146
11712 146
11901 146
441 15882
10264 17748
5596 17748
19145 17748
3914 2965
4133 2965
7991 3696
10264 3696
5596 3696
19145 3696
10264 3724
5596 3724
971 3724
19145 3724
4072 4589
7991 4072
10264 4072
1896 4072
4072 2710
1233 4072
9322 4072
19886 4072
19902 4072
4589 4217
7991 4217
132 4217
10808 4217
11656 4217
11667 4217
11712 4217
11901 4217
457 425
4589 425
7991 425
132 425
2129 425
969 425
508 425
10808 425
425 1209
425 149
450 425
4665 425
544 425
723 425
11656 425
425 130
148 425
11667 425
11712 425
11901 425
4457 425
642 425
4589 457
7991 457
457 123
457 137
132 457
969 457
508 457
457 10808
457 1209
457 133
457 141
457 152
457 157
457 428
441 457
450 457
457 4665
544 457
11656 457
457 130
457 153
546 457
9319 457
11667 457
457 150
11712 457
457 225
11901 457
4457 457
1527 457
457 11894
457 156
642 457
2274 457
457 885
3914 457
3997 457
7991 4589
4589 9313
4589 971
4589 139
4589 994
4589 132
4589 127
4589 131
4589 133
4589 141
4589 3
4589 432
4589 441
4589 616
4589 51
4589 130
4589 134
4589 148
4589 150
4589 2710
4589 1233
4589 1279
4589 30
19886 4589
4589 3123
4589 4543
4589 761
10264 7721
5596 7721
9470 7721
19145 7721
9203 7721
7991 9313
10264 7991
5596 7991
7991 7838
7991 971
7991 139
7991 2606
7991 419
7991 127
7991 141
7991 152
7991 441
7991 130
7991 134
7991 148
7991 2710
7991 1233
15580 7991
19145 7991
10264 8325
5596 8325
9470 8325
19145 8325
9203 8325
10264 9313
5596 9313
971 9313
19145 9313
10264 10261
10264 14026
10264 14027
10264 2767
10264 28576
10264 2918
10264 3121
10264 33979
10264 3704
10264 3848
10264 3860
10264 4036
10264 4703
10264 5024
10264 5596
10264 7838
10264 9470
10264 971
15580 10264
19145 10264
5596 10261
19145 10261
5596 14026
19145 14026
5596 14027
19145 14027
5596 2767
47775 2767
5596 28576
19145 28576
5596 2918
19145 2918
5596 3121
19145 3121
5596 33979
19145 33979
5596 3704
19145 3704
5596 3848
19145 3848
5596 3860
19145 3860
5596 4036
19145 4036
5596 4703
19145 4703
5596 5024
19145 5024
5596 7838
5596 9470
5596 971
19145 5596
5596 7719
19145 7838
9470 19145
2877 9470
9470 7719
9203 9470
971 969
971 972
971 544
971 723
971 661
971 2710
19886 971
971 538
19145 971
19902 971
971 5129
2028 971
971 973
2073 971
3730 2481
2827 3730
3730 2284
3730 1079
3730 2265
3730 2993
3730 3735
3730 3757
3730 4976
3730 4989
3730 3457
3726 3730
251 441
17747 251
251 17973
132 118
10808 118
3 118
3214 118
4805 118
9931 118
21464 118
1523 1178
419 1523
11540 1523
1523 1522
3838 1523
1523 4212
4216 1523
24240 1523
1523 2907
1523 3968
3985 1523
3990 1523
1523 4820
11541 1523
1494 1523
24246 1523
4034 1523
6210 1523
11543 1523
3935 1523
1523 500
2872 1523
3886 1523
1044 2827
1044 3745
2993 1044
132 123
419 123
123 127
546 123
1249 10808
1249 133
135 10808
15267 137
137 21495
137 452
1178 137
137 132
17777 137
137 21496
7413 137
80 137
969 137
508 137
137 10808
125 137
137 131
137 133
137 920
544 137
723 137
137 11667
4501 137
1794 137
1246 137
9931 137
890 137
19495 137
137 4463
70868 137
15267 132
15267 125
15267 4463
70868 15267
2100 994
10808 2100
4133 2100
21496 21495
9931 21495
628 2481
2481 1079
2993 2481
3745 2827
2827 2993
2827 4214
10808 2827
2827 544
2826 2827
1493 2827
2827 2050
3058 2827
2827 1352
2983 2827
2827 3463
1517 2827
441 3745
2887 3745
2993 418
11529 418
723 418
418 2826
1493 418
418 2050
418 2960
418 2979
418 3197
418 2983
418 3198
3214 442
4805 442
4430 994
10808 4430
152 4430
4430 3163
4430 422
4430 2475
3191 4430
3914 4430
4133 4430
10759 452
452 1178
452 132
452 1574
452 17776
452 17777
452 21496
452 21516
452 4506
452 4508
452 5277
452 7413
452 80
452 804
452 969
9837 452
508 452
10808 452
452 125
452 544
452 1812
452 21465
452 580
452 723
11680 452
452 21492
452 4501
452 11695
452 11701
1794 452
452 1813
452 414
452 549
452 604
452 2826
452 1199
452 20934
452 21511
452 4483
661 452
452 1246
452 1493
9931 452
1244 452
452 1527
452 1811
452 1867
452 1881
452 1895
452 1959
452 19609
452 2022
452 20676
452 21713
452 2607
452 281
452 4314
452 4333
452 4502
452 4504
452 4505
452 4507
452 4509
452 492
452 5046
452 5178
452 5372
452 5640
452 7412
452 890
452 925
452 954
452 998
15909 452
452 19495
452 7682
452 9012
452 15016
452 17658
452 2160
452 5179
452 18437
452 21648
29897 452
452 19637
452 19653
452 20668
452 20677
452 20678
452 20693
452 21513
452 21514
452 21517
452 21526
452 2262
452 5033
452 21464
452 11448
452 11681
452 15482
452 19417
452 20833
452 20916
452 2092
452 21491
452 21493
452 21500
452 21507
452 21508
452 21510
452 21512
452 21515
452 21518
452 21519
452 21520
452 21522
452 21523
452 21524
452 21525
452 21927
452 5037
452 645
33069 452
33335 452
548 452
452 4503
452 20975
70868 452
628 3692
628 994
628 1079
1311 628
628 1336
1340 628
628 1593
628 2422
628 2993
628 3735
628 4989
628 610
141 628
628 2375
628 714
628 978
628 1279
628 1307
628 1313
628 1323
1327 628
628 1329
628 1331
628 1335
628 2385
628 558
628 641
628 825
628 974
628 1076
1339 628
628 1539
1070 2284
1070 3948
1070 663
1070 994
508 1070
610 1070
141 1070
1327 1070
2284 3948
2284 994
1079 2284
2265 2284
2422 2284
2993 2284
3757 2284
508 2284
610 2284
141 2284
1327 2284
2385 2284
825 2284
1539 2284
3691 1522
4873 3691
3886 3691
3692 994
1279 3692
2385 3692
3692 558
3692 825
994 3948
663 994
969 663
663 1067
508 663
610 663
141 663
663 453
663 1081
663 518
663 978
663 501
663 2824
663 545
663 1323
1327 663
663 974
663 1077
663 1080
663 1341
663 2391
663 642
663 985
2611 663
663 495
1539 663
3886 663
4437 663
994 1311
994 1336
994 1340
2265 994
994 508
994 610
994 141
994 152
994 2375
994 453
994 616
994 3163
994 422
994 501
994 877
4290 994
994 1279
994 1300
994 1307
994 1313
994 1323
1327 994
994 1331
994 1335
994 1337
994 2385
994 558
994 641
994 825
994 856
994 974
994 1315
2352 994
985 994
994 1001
994 2475
1539 994
994 2103
994 3191
10759 10973
10759 1178
10759 132
10759 13320
10759 14298
10759 1574
10759 17652
10759 17654
10759 17655
10759 17776
10759 17777
10759 2106
10759 2129
10759 21496
10759 21516
10759 2606
10759 2701
10759 3012
10759 3015
10759 3020
10759 3038
10759 3048
10759 3141
10759 3537
10759 3605
10759 419
10759 4506
10759 4508
10759 4799
10759 5277
10759 581
10759 6937
10759 7413
10759 80
10759 804
10759 969
10759 972
10759 9837
10759 9888
1178 10973
10973 13320
17652 10973
10973 17654
10973 17777
10973 3605
10973 4799
969 10973
9837 10973
10973 1814
10973 3167
10973 3646
10973 4557
10973 4859
544 10973
11529 10973
2907 10973
4873 10973
1812 10973
1794 10973
21713 10973
22034 10973
132 1178
1178 1798
1178 419
4508 1178
1178 804
1178 969
1178 972
1178 1814
1178 3167
1178 544
11529 1178
1178 1213
1178 1414
1178 1521
1178 1522
1178 1524
1178 1526
1178 2138
1178 3839
1178 4212
1178 4213
1178 4216
1178 422
1178 4596
1178 11537
1178 1236
1178 2720
1178 4873
1178 919
1178 1494
1178 1525
1178 4071
1178 5204
1178 1812
1178 723
4501 1178
1178 1794
1178 1795
1178 1813
1178 2824
1178 414
1178 4282
1178 549
1178 604
2826 1178
1246 1178
9931 1178
1527 1178
890 1178
998 1178
500 1178
21464 1178
8394 1178
132 13320
132 1574
132 17652
132 2106
132 21496
132 2606
132 5277
132 7413
132 80
132 804
132 969
132 9837
508 132
10808 132
132 125
132 127
132 131
132 133
132 136
141 132
158 132
132 3
132 382
132 432
132 441
132 920
132 544
723 132
132 11656
132 12521
132 130
132 148
132 15905
132 11667
132 4501
11712 132
132 124
549 132
132 604
11901 132
132 421
661 132
132 30
1243 132
132 1246
9931 132
1244 132
1527 132
132 1811
132 1959
132 281
890 132
132 954
132 15909
132 19495
132 4413
611 132
491 132
21464 132
21500 132
70868 132
17652 13320
17777 13320
9837 13320
10808 13320
441 13320
21713 13320
17652 14298
9837 14298
21713 14298
17652 1574
7413 1574
80 1574
969 1574
1574 544
723 1574
11680 1574
4501 1574
414 1574
604 1574
2826 1574
1246 1574
9931 1574
1527 1574
1811 1574
21713 1574
5640 1574
890 1574
19653 1574
21464 1574
33069 1574
33335 1574
4503 1574
17652 17655
17652 17776
17652 17777
17652 2106
17652 4799
17652 6937
17652 80
9837 17652
17652 9888
17652 11680
17652 4501
17652 1246
17652 21713
17652 4771
17777 17654
21713 17654
17777 17655
9837 17655
21713 17655
17777 17776
17776 4799
1246 17776
9931 17776
1244 17776
17776 21713
17776 4771
17777 2606
17777 2701
17777 3015
17777 3020
17777 3141
17777 3537
17777 3605
17777 419
17777 4799
17777 581
17777 80
17777 969
17777 420
17777 3646
17777 4557
17777 4859
17777 544
17777 723
1246 17777
21713 17777
17777 7682
17777 3013
22034 17777
1798 544
11529 1798
1798 1213
11545 1798
1798 723
969 2106
9837 2106
723 2106
9931 2106
21713 2106
21464 2106
2129 2606
2129 2701
2129 3015
2129 3020
2129 3048
2129 3537
969 2129
544 2129
21713 2129
2129 1010
2129 3011
21496 544
1246 21496
9931 21496
21713 21496
21516 7413
21713 21516
890 21516
21464 21516
2606 2701
2606 3012
2606 3015
2606 3020
2606 3038
2606 3048
2606 3141
2606 3537
2606 419
10808 2606
441 2606
4501 2606
1527 2606
2606 1811
21713 2606
2606 2607
2606 3011
2606 5477
3013 2606
2606 3016
2606 2883
2606 3669
2606 4234
3400 2606
2887 2606
3562 2606
4024 2606
3886 2606
3997 2606
21713 2701
5477 2701
2701 3016
2883 2701
3044 2701
3400 2701
3886 2701
3015 3012
3048 3012
3228 3012
21713 3012
3045 3012
3706 3012
2883 3012
4869 3012
3400 3012
3987 3012
3886 3012
3020 3015
3228 3015
1527 3015
21713 3015
2607 3015
3045 3015
3015 3546
3706 3015
2883 3015
3400 3015
2887 3015
3886 3015
3228 3020
21713 3020
3020 3557
3020 2883
4869 3020
3400 3020
2887 3020
3562 3020
3886 3020
3048 3038
6937 3038
21713 3038
2883 3038
3038 3039
3400 3038
3533 3048
21713 3048
5046 3048
3048 3037
3048 3045
3048 3140
3048 3156
3048 3629
3048 3582
3048 3624
3048 3013
3048 3016
2883 3048
3048 1885
3048 3036
3048 3039
3048 3176
3048 4869
3048 3017
3048 3044
3048 3152
3048 3400
3048 3563
4024 3048
3886 3048
21713 3141
21713 3537
3624 3537
3886 3537
581 3605
21713 3605
3605 263
969 419
419 972
508 419
141 419
419 1814
419 3167
419 544
11529 419
419 11540
419 1414
419 1521
419 1522
419 1524
419 1526
19992 419
419 3838
419 3839
419 4212
419 4213
419 11530
419 11537
419 11538
419 24247
419 3158
419 3723
11539 419
419 1043
419 11527
419 1236
419 24240
2720 419
419 27995
419 27996
419 27999
419 2907
419 3138
419 3148
3985 419
3990 419
419 4820
419 4846
419 4847
419 4860
419 4873
8616 419
419 11541
419 1494
419 1525
419 4071
419 11533
419 24231
419 24246
419 27997
419 27998
419 3161
419 4043
419 4845
419 5204
6210 419
419 7763
419 11543
1812 419
723 419
4501 419
1794 419
2824 419
419 4282
998 419
642 419
510 419
500 419
419 3160
24233 419
3016 419
2872 419
4024 419
3886 419
3997 419
508 448
610 448
141 448
1327 448
2352 448
611 448
4508 4506
4506 5277
4506 7413
4506 969
4506 1199
1246 4506
4506 1895
21713 4506
4506 4314
890 4506
21464 4506
5037 4506
4508 7413
4508 804
4508 969
4508 125
4508 544
4508 1812
4508 723
4508 4501
4508 1813
4508 414
4508 4483
4508 1246
4508 1527
4508 1867
4508 1881
4508 1959
4508 19609
4508 2022
4508 20676
21713 4508
4508 2607
4508 281
4508 4314
4508 4333
4508 4502
4508 4504
4508 4505
4508 4507
4508 4509
4508 492
4508 5046
4508 5178
4508 5372
4508 5640
4508 7412
890 4508
4508 925
21464 4508
21521 4508
21713 4799
39832 4799
5484 4799
969 5277
11680 5277
1246 5277
5277 1527
890 5277
21464 5277
969 581
581 422
21713 581
581 263
581 362
21713 6937
10808 736
7413 80
7413 804
7413 969
7413 125
7413 544
1812 7413
723 7413
7413 4501
1813 7413
604 7413
7413 1246
1527 7413
21713 7413
890 7413
21464 7413
39832 7730
5484 7730
969 80
80 125
80 544
80 4501
1246 80
9931 80
1527 80
21713 80
890 80
21464 80
804 969
804 544
422 804
1812 804
804 723
4501 804
2824 804
2826 804
804 1199
1243 804
1246 804
1244 804
804 890
998 804
500 804
21464 804
21500 804
969 972
9837 969
508 969
10808 969
969 1225
969 125
969 133
969 141
969 149
969 420
969 453
969 544
969 422
969 11537
969 2720
969 919
969 1812
969 723
969 134
969 148
969 11680
969 4501
11701 969
969 1794
969 1795
969 1813
969 2824
969 414
969 549
969 604
969 2826
969 1194
969 1199
969 20934
969 4483
969 661
1243 969
969 1246
969 1493
969 8431
9931 969
1244 969
969 1527
969 1811
969 1867
969 1881
969 1895
969 1959
969 19609
969 2022
21713 969
969 2607
969 281
969 4314
969 4333
969 4502
969 4504
969 4505
969 4509
969 492
969 5046
969 5178
969 5372
969 5640
969 7412
969 890
969 998
969 1010
969 15909
969 2837
969 4413
969 538
642 969
969 1001
969 495
510 969
969 1197
969 7682
969 9012
969 500
21928 969
969 21648
969 19637
969 21513
969 5129
2028 969
969 1226
969 973
969 2073
21464 969
969 19417
969 20916
969 21491
969 21493
5037 969
969 645
969 505
969 2836
969 548
4437 969
969 20975
972 544
11529 972
11540 972
11539 972
11541 972
1812 972
972 723
972 1199
972 661
1493 972
998 972
972 538
972 5129
972 973
9837 9888
9837 1959
9837 21713
21713 9888
1078 2297
2422 1078
610 1078
141 1078
1327 1078
1079 2297
2297 2265
2422 2297
508 2297
610 2297
141 2297
4290 2297
1327 2297
2352 2297
1339 2297
1079 1067
1079 1068
1079 1310
1079 1311
1079 1336
1079 1340
1079 1593
1079 2265
1079 2422
1079 2993
1079 3735
1079 3757
1079 4976
1079 4989
1079 508
1079 610
1079 686
141 1079
1327 1079
610 1067
141 1067
1327 1067
2611 1067
508 1068
610 1068
141 1068
1327 1068
2352 1068
610 1310
141 1310
1327 1310
1311 1336
1311 1340
610 1311
141 1311
1311 2375
1311 1279
1311 1307
1311 1313
1311 1323
1311 1327
1311 1331
1311 1335
1311 2385
1311 558
1311 641
1311 825
1311 856
1311 974
1340 1336
1593 1336
610 1336
141 1336
1336 1279
1336 1307
1313 1336
1336 1323
1327 1336
1331 1336
1336 1335
1336 2385
1336 558
1336 641
1336 825
1336 974
508 1340
1340 610
141 1340
1340 877
1340 1279
1340 1307
1340 1313
1340 1323
1340 1327
1340 1329
1340 1335
1340 2385
1340 558
1340 641
1340 825
1340 974
1593 1331
1593 1335
2422 2265
508 2265
610 2265
141 2265
2265 501
4290 2265
1327 2265
1539 2265
141 2422
2422 501
2422 1316
2993 4214
11529 2993
2993 19992
2993 31514
1493 2993
2993 1352
2993 3463
2993 1517
2993 3726
2993 9294
4214 3219
3463 3219
9294 3219
3219 3437
3219 9462
3735 3757
3735 4989
3757 3457
1352 4214
3463 4214
4214 9294
1896 4989
4989 2710
508 686
508 131
508 141
508 149
508 2375
508 453
508 616
508 714
508 518
508 978
508 580
508 501
508 877
508 549
508 661
508 1279
508 890
508 1307
508 1323
508 1329
508 2385
508 558
508 825
508 974
508 1064
508 1077
508 1080
508 1309
508 1315
508 1330
508 1341
508 1358
508 1359
508 2304
508 2352
508 2365
508 2368
508 2391
508 2395
508 496
508 530
508 538
508 572
508 573
508 611
508 642
508 864
508 985
1339 508
508 1001
508 2367
508 2394
508 348
508 491
508 510
508 828
508 892
610 686
610 141
610 2375
610 616
610 714
610 978
610 501
610 877
610 1279
610 1300
610 1307
610 1313
610 1323
610 1329
610 1331
610 1335
610 2385
610 558
610 641
610 825
610 974
610 1064
610 1076
610 1077
610 1080
610 1309
610 1315
610 1316
610 1318
610 1330
610 1341
610 1358
610 1359
610 2304
610 2352
610 2365
610 2368
610 2391
610 2395
610 2414
610 496
610 530
610 538
610 572
610 573
610 611
610 642
610 864
610 968
610 985
610 992
141 686
1327 686
2352 686
611 686
10808 11521
10808 11671
10808 1209
10808 125
10808 127
10808 131
10808 133
10808 13362
10808 136
10808 141
10808 149
10808 152
10808 155
10808 158
10808 261
10808 3
10808 3214
10808 382
10808 420
10808 424
10808 432
10808 441
10808 450
10808 453
10808 4665
10808 4805
10808 8092
10808 920
11712 10808
11897 10808
11901 10808
5046 10808
156 10808
5598 10808
3214 11671
4805 11671
130 1209
11712 1209
11901 1209
4457 1209
544 1225
723 1225
2826 1225
125 544
125 723
1794 125
125 1199
125 1246
9931 125
1527 125
70868 125
152 127
441 127
11656 127
546 127
11667 127
11712 127
11901 127
141 131
11656 131
11667 131
11712 131
11901 131
11667 133
11712 133
11901 133
890 133
29 133
11901 13362
141 152
141 2375
141 453
141 616
141 714
141 1081
141 518
141 978
141 422
11656 141
141 153
141 501
546 141
11667 141
141 877
141 1279
141 1010
141 1300
141 1307
141 1313
141 1323
141 1327
141 1329
141 1331
141 1335
141 1337
141 2385
141 558
141 641
141 825
141 856
141 974
141 1064
141 1076
141 1077
141 1080
141 1309
141 1315
141 1316
141 1318
141 1330
141 1341
141 1358
141 1359
141 2304
141 2352
141 2365
141 2368
141 2391
141 2395
141 2414
141 496
141 530
141 538
141 572
141 573
141 611
141 642
141 864
141 968
141 985
141 992
141 1339
141 1001
141 2367
141 2394
141 2611
141 348
141 491
141 495
141 510
141 828
141 892
544 149
723 149
11656 149
148 149
11712 149
11901 149
9322 149
642 149
11656 152
546 152
11712 152
11901 152
2842 152
152 2475
885 152
3997 152
4133 152
11712 155
11901 155
11656 157
546 157
11712 158
11901 158
1307 2375
1313 2375
1323 2375
1327 2375
1331 2375
558 2375
1339 2375
11712 261
11901 261
3 51
11656 3
11667 3
3 150
11712 3
11901 3
3 1233
3 30
15953 3
21464 3
3214 4805
11712 382
11901 382
544 420
723 420
11712 420
11901 420
642 420
510 420
422 424
11656 424
546 424
11656 428
546 428
11656 432
11667 432
11712 432
890 432
156 432
441 4805
441 8092
441 19578
11656 441
441 12521
441 130
441 148
441 546
441 15953
441 3050
8290 441
441 17747
441 3066
441 34940
441 17973
441 33182
441 34109
441 37327
7421 441
544 453
723 453
642 453
8290 4805
17747 4805
7421 4805
422 616
616 501
4290 616
1327 616
2352 714
611 714
29 92
387 92
1081 518
1081 978
518 978
1327 978
1331 978
1539 978
3167 1814
544 1814
11529 1814
1522 1814
3838 1814
4213 1814
1814 11530
1814 11537
1814 11538
3723 1814
11539 1814
24240 1814
1814 2720
1814 27999
2907 1814
1814 3148
3837 1814
1814 3968
1814 3985
3990 1814
1814 4820
1814 4846
1814 4847
1814 4873
11541 1814
1525 1814
1814 11533
24246 1814
1814 27997
1814 27998
1814 3161
4034 1814
1814 4043
1814 4845
1814 5204
1814 7763
1814 798
1814 11543
1814 3699
1812 1814
1794 1814
2824 1814
1814 1217
545 1814
1814 2977
1814 3160
24233 1814
3886 1814
1522 3167
3838 3167
4213 3167
11539 3167
3167 1043
24240 3167
2720 3167
2907 3167
3167 3985
3990 3167
3167 919
6210 3167
1812 3167
723 3167
1794 3167
2824 3167
545 3167
3167 2050
3167 3058
3167 3197
3886 3167
4859 3646
544 3646
22034 3646
544 4557
544 4859
11529 4859
4213 4859
4873 4859
1794 4859
2824 4859
22034 4859
3886 4859
544 1213
544 1414
544 422
2720 544
11545 544
544 1812
544 580
544 723
544 148
544 11667
544 4501
544 1794
544 1813
2824 544
544 414
544 549
544 604
2826 544
544 1199
544 661
544 545
544 1243
544 1246
544 1493
544 8431
9931 544
544 1244
544 1811
544 1895
544 890
998 544
544 1010
544 2837
544 4413
544 538
544 1352
544 2983
510 544
544 7682
19653 544
544 5129
544 2073
21464 544
21500 544
544 2836
4503 544
29 103
11712 51
11901 51
1233 51
29 51
51 387
11529 11540
11529 1213
11529 1414
11529 1521
11529 1522
11529 1524
11529 1526
11529 19992
11529 2138
11529 2333
11529 28168
11529 3118
11529 3119
11529 31514
11529 3163
11529 3838
11529 3839
11529 3841
11529 4212
11529 4213
11529 4216
11529 422
11529 4408
11529 4596
11539 11529
11540 1414
11540 1521
11540 1522
11540 1524
11540 1526
11540 3839
11540 3158
2907 11540
11540 3138
11540 11541
11540 1494
11540 1525
11540 4071
723 1213
1213 661
3838 1414
3985 1414
8616 1414
11541 1414
6210 1414
1812 1414
723 1414
1794 1414
3016 1414
3886 1414
1526 1521
19992 1521
3838 1521
4212 1521
4213 1521
11539 1521
24240 1521
3968 1521
3985 1521
8616 1521
11541 1521
6210 1521
1812 1521
1794 1521
2872 1521
3886 1521
1522 1524
1522 1526
1522 3838
1522 3839
4212 1522
4216 1522
1522 11537
1522 11538
3158 1522
1522 1236
1522 24240
2907 1522
1522 3837
1522 3968
1522 3985
3990 1522
1522 4820
1522 4873
11541 1522
1522 1525
1522 4071
1522 24231
24246 1522
1522 4034
1522 6210
1522 11543
1522 3699
1812 1522
1522 3935
1522 4047
2872 1522
3886 1522
3838 1524
4213 1524
11538 1524
3158 1524
11539 1524
24240 1524
3968 1524
3985 1524
3990 1524
4820 1524
8616 1524
11541 1524
1525 1524
4034 1524
6210 1524
11543 1524
1812 1524
2872 1524
3886 1524
1526 3838
4212 1526
4216 1526
24240 1526
2907 1526
1526 3837
3985 1526
8616 1526
11541 1526
1526 24231
6210 1526
11543 1526
1812 1526
2872 1526
3886 1526
422 2333
11539 28168
11539 3118
3163 422
3163 2475
3838 11537
11539 3838
3838 1043
3838 1236
2907 3838
3837 3838
3838 4820
11541 3838
3838 1494
3838 1525
1812 3838
4216 3839
3968 3839
3985 3839
4873 3839
11541 3839
11543 3839
1812 3839
2872 3839
3886 3839
11539 3841
3841 1043
2907 3841
4873 3841
11539 4212
24240 4212
3968 4212
3990 4212
4873 4212
1812 4212
2824 4212
1217 4212
545 4212
3886 4212
4213 11527
24240 4213
3990 4213
4213 1525
4213 4071
1812 4213
2824 4213
545 4213
3886 4213
4216 24240
2907 4216
1812 4216
3886 4216
422 4596
422 919
1812 422
723 422
422 546
422 362
500 422
11539 4408
11539 4596
11539 11530
11541 11530
798 11530
11537 31652
11539 11537
24240 11537
2720 11537
2907 11537
11541 11537
4034 11537
1794 11537
2824 11537
1217 11537
2720 31652
11538 24247
11538 27986
11538 3158
11538 3723
4873 11538
11541 11538
11543 11538
24247 27986
24247 3158
24247 3985
24247 4820
4873 24247
11541 24247
24246 24247
4034 24247
4820 27986
4873 27986
11543 27986
3158 11539
3158 2907
3968 3158
3985 3158
3990 3158
3158 4820
3158 4874
11541 3158
3158 1525
4034 3158
6210 3158
3158 11543
2872 3158
3886 3158
11539 3723
24240 3723
2907 3723
3723 3985
3723 4820
4034 3723
1794 3723
2824 3723
545 3723
3886 3723
11539 1043
11539 11527
11539 1236
11539 24240
11539 2720
11539 27995
11539 27996
11539 27999
11539 2907
11539 3138
11539 3148
11539 3837
11539 3968
11539 3985
11539 3990
11539 4820
11539 4846
11539 4847
11539 4860
11539 4873
11539 8616
11539 919
24240 1043
27996 1043
2907 1043
3985 1043
4820 1043
11541 1043
4071 11527
24240 1236
2907 1236
4873 1236
1812 1236
723 1236
1236 2824
1236 545
500 1236
3886 1236
24240 4820
24240 4860
24240 1494
24240 1525
2720 3990
11541 2720
2720 1812
2720 723
2720 1794
2720 2824
2720 414
2720 604
2720 545
4873 27995
4846 27999
4873 27999
2907 3985
11541 2907
2907 1494
2907 4071
2907 11533
2907 24231
2907 4034
2907 2977
11541 3138
11541 3148
3837 4820
4873 3837
11541 3837
1525 3837
4071 3837
24246 3837
3837 4033
3837 4034
3968 4873
919 3968
11541 3968
3968 1525
11543 3968
3886 3968
3985 4820
4873 3985
919 3985
11541 3985
3985 1525
3985 4071
3985 6210
3985 11543
4024 3985
11541 3990
3990 1525
4034 3990
11543 3990
4024 3990
4846 4820
4820 4847
4820 4860
4873 4820
11541 4820
4820 1525
4820 24246
4820 27987
4820 3974
4034 4820
4820 7763
545 4820
2516 4820
4047 4820
32528 4820
36088 4820
4024 4820
3886 4820
3911 4820
4862 4820
46031 4820
3886 4846
11541 4847
3886 4847
2824 4860
3160 4860
3886 4860
4873 4874
4873 919
11541 4873
4873 4071
4873 4033
4034 4873
4873 7763
798 4873
4873 11543
1812 4873
545 4873
4873 3935
4873 4047
3886 4873
4873 3911
4873 4862
11541 4874
4034 4874
8616 1525
723 8616
1794 8616
1233 8616
4556 8616
19902 8616
723 919
2824 919
414 919
3886 919
11541 1494
11541 1525
11541 4071
11541 11533
11541 24231
11541 24246
11541 27987
11541 27997
11541 27998
11541 3161
11541 3974
11541 4033
11541 4034
11541 4043
11541 4845
11541 5204
11541 6210
11541 7763
11541 798
1812 1494
500 1494
1525 24231
6210 1525
11543 1525
1812 1525
3886 1525
4071 3974
4071 4034
1812 4071
2824 4071
3561 4071
4071 3155
3886 4071
24246 24231
24246 27987
24246 3974
4034 24246
24246 7763
24233 24246
4034 27987
3886 3161
4034 3974
4034 7763
3533 4034
5046 4034
4047 4034
32528 4034
3886 4845
1812 5204
2824 5204
3886 5204
545 7763
11543 3699
3533 3699
5046 3699
3624 3699
4015 3699
4024 3699
3886 3699
11545 1812
11545 723
1812 723
1812 4501
1812 1794
1812 1813
1812 2824
1812 414
1812 4282
1812 549
1812 604
2826 1812
1246 1812
9931 1812
1527 1812
1812 1811
5046 1812
5640 1812
890 1812
21464 1812
21500 1812
17747 19578
9931 21465
890 21465
19653 21465
21464 21465
4503 21465
9931 580
890 580
21464 580
723 148
723 1794
723 2824
723 414
723 549
723 604
2826 723
723 1194
723 1199
723 661
723 545
723 1246
9931 723
723 1895
723 890
998 723
723 1010
723 2837
723 538
723 510
723 1197
723 5129
723 1226
723 973
21464 723
723 2836
33069 723
8394 723
11656 12521
11656 130
11656 134
11656 148
11656 153
11656 15905
11656 4722
11656 546
11656 9319
9319 130
11667 130
11712 130
11901 130
4457 130
9322 130
546 134
11901 134
11667 148
11712 148
11901 148
642 148
546 153
1896 2710
1896 1233
1896 4985
1896 1004
19886 1896
1896 19887
1896 3123
1896 4543
1896 4556
1896 4558
1896 761
1896 4972
4290 501
501 4858
1327 501
501 1316
2352 501
501 3624
3886 501
11667 150
11667 368
890 11667
11712 150
11901 150
15953 150
11712 368
11901 368
11680 21492
11680 4501
9931 11680
1527 11680
9931 21492
890 21492
21464 21492
4501 414
4501 604
4501 30
4501 1246
9931 4501
4501 1527
4501 1811
4501 281
4501 5640
890 4501
21464 4501
4501 21493
4501 505
9931 11695
890 11695
21464 11695
1307 877
1313 877
1323 877
1327 877
2352 877
611 877
890 11701
21464 11701
11712 1211
11712 124
11712 225
11712 262
11712 423
11897 11712
11901 1211
11901 124
611 124
491 124
11901 225
11901 262
11901 423
1794 1813
1794 414
1794 549
1794 604
1794 545
1794 1811
1794 538
3886 1794
4437 1794
8394 1794
549 1795
1813 414
549 1813
1813 604
2826 1813
1246 1813
1813 1811
1813 5640
890 1813
21464 1813
2824 545
2824 538
500 2824
2824 3160
3886 2824
4437 2824
3228 4502
3228 4509
3228 3629
3228 4511
3228 3546
3228 3706
3228 3557
21464 3228
3228 3016
3228 3155
3228 3576
3228 4869
414 549
2826 414
414 545
1246 414
1527 414
1811 414
5640 414
33069 414
414 548
2826 549
1246 549
1811 549
890 549
2073 549
21464 549
548 549
2826 604
604 30
604 1246
1527 604
604 1811
2607 604
604 281
604 4314
604 4505
5640 604
890 604
21464 604
33069 604
33335 604
2826 1199
2826 1493
2826 1527
2826 1811
2826 2607
2826 890
2826 998
2826 1010
2826 2050
2826 2979
2826 3197
2826 1352
2826 2983
2826 3198
2826 5129
2826 1226
2826 2974
21464 2826
3533 5046
3533 2516
3533 4015
3533 4183
3533 4853
3533 3562
3533 3606
3533 3987
3533 4024
3533 4642
11901 421
11901 4457
4290 1307
4290 1323
4290 825
4290 974
9931 1194
642 1194
510 1194
1199 20934
1199 21511
1199 4483
661 1199
1243 1199
1246 1199
1493 1199
1244 1199
1527 1199
890 1199
998 1199
2073 1199
21464 1199
21464 20934
890 21511
21464 21511
1246 4483
9931 4483
890 4483
998 4483
9931 661
661 1895
538 661
2073 661
4437 661
32116 2710
9322 2710
19886 2710
19902 2710
47775 2710
1233 30
19886 1233
4556 1233
19902 1233
1307 1279
1313 1279
1323 1279
1327 1279
1331 1279
558 1279
1539 1279
9931 30
3886 545
1243 1246
1243 1493
1243 8431
1243 9931
1246 1493
9931 1246
1244 1246
1246 1527
1246 1811
1246 1867
1246 1881
1246 1895
1246 1959
1246 19609
1246 2022
1246 20676
1246 21713
1246 2607
1246 281
1246 4314
1246 4333
1246 4502
1246 4504
1246 4505
1246 4507
1246 4509
1246 492
1246 5046
1246 5178
1246 5372
1246 5640
1246 7412
1246 890
1246 925
1246 954
1246 998
21464 1246
1244 1493
1527 1493
1493 1959
890 1493
1493 2050
1493 1352
1493 2983
1493 7682
1493 9012
21464 1493
1244 8431
2073 8431
1244 9931
9931 1881
9931 1895
9931 1959
9931 19609
9931 281
9931 4502
9931 19495
9931 19637
21464 9931
9931 15482
9931 19417
9931 21491
9931 21493
9931 21500
9931 2836
1527 1811
1527 19609
1527 2022
1527 281
1527 4314
1527 4333
1527 4502
1527 4509
1527 5046
1527 5178
1527 5640
890 1527
1527 3546
1527 21928
21464 1527
33069 1527
1811 1881
1811 2607
1811 4502
1811 4504
5640 1811
890 1811
1811 2516
21464 1811
33069 1811
3886 1811
5640 1867
1867 890
2607 1881
890 1881
21464 1881
890 1895
2073 1895
21464 1895
1959 5372
890 1959
21464 1959
890 19609
21464 19609
5037 19609
890 2022
21464 2022
890 20676
21464 20676
21713 4771
2607 4314
2607 4333
2607 4504
2607 4505
2607 5178
5640 2607
890 2607
2607 3629
2607 4858
2607 3546
2607 3624
2607 3013
2607 3561
21464 2607
2607 3016
2607 3036
2607 3155
33069 2607
890 281
21648 281
21464 281
33335 281
890 4314
21464 4314
890 4333
33069 4333
4509 4502
890 4502
21464 4502
890 4504
21464 4504
890 4505
21464 4505
890 4507
21464 4507
890 4509
21464 4509
890 492
21464 492
5046 5640
890 5046
5046 2516
5046 4015
5046 4183
21464 5046
2883 5046
5046 505
3400 5046
5046 4853
5046 3562
5046 3606
5046 3987
5046 4024
5046 4642
890 5178
21464 5178
890 5372
21464 5372
5037 5372
890 5640
21464 5640
5640 645
5640 505
890 7412
21464 7412
890 925
890 954
890 998
890 19495
890 7682
890 9012
890 21928
890 15016
890 17658
890 2160
890 5179
890 18437
890 21648
890 19637
890 19653
890 1245
890 20677
890 20678
890 20693
890 21513
890 21514
890 21517
890 21526
890 2262
890 5033
21464 890
890 11448
890 11681
890 15482
890 19417
890 20833
890 20916
890 2092
890 21491
890 21493
890 21500
890 21507
890 21508
890 21510
890 21512
890 21515
890 21518
890 21519
890 21520
890 21521
890 21522
890 21523
890 21524
890 21525
890 21927
890 5037
890 645
890 4503
890 20975
21464 925
21464 954
21500 954
998 1197
21464 998
9322 11899
5598 156
17747 15953
2050 2960
2050 3058
2050 3197
1352 2050
2050 2983
2050 3198
2050 2974
2516 4047
4015 2516
2883 2516
3400 2516
32528 2516
36088 2516
4024 2516
3886 2516
46031 2516
2842 2475
4133 2842
2887 2938
2960 3197
2983 2979
2883 3011
4869 3011
3400 3011
3562 3011
3013 3037
2883 3037
3400 3037
3886 3037
3045 3546
3045 3582
2883 3045
3039 3045
3400 3045
17747 3050
7421 3050
3197 3058
2983 3058
2883 3140
3176 3140
3400 3140
3886 3140
3044 3156
3400 3156
2883 3157
3400 3157
2983 3197
3016 3629
3155 3629
3886 3629
4143 2475
3914 4143
4133 4143
4840 4511
5477 4511
2883 4511
4511 3576
3400 4511
3563 4511
3656 4511
4871 4511
4511 3886
4852 4511
2883 4840
3400 4840
3624 4858
2883 4858
3155 4858
3400 4858
3886 4858
3995 4858
19886 4985
3016 5477
5484 7107
9322 4556
9322 4558
19886 1004
19886 19887
19886 3123
19886 4543
19886 4556
19886 761
19886 4972
4556 4558
4556 4972
19902 4556
19902 4558
1327 1300
2883 4864
3152 4864
3400 4864
1307 1313
1307 1323
1307 1327
1307 1329
1307 1331
1307 1335
1307 1337
1307 2385
1307 558
1307 641
1307 825
1307 856
1307 974
1313 1323
1313 1331
1313 1335
1313 1337
1313 2385
1313 558
1313 641
1313 825
1313 856
1313 974
1327 1323
1323 1331
1323 1335
1323 2385
1323 558
1323 641
1323 825
1323 974
1539 1323
1327 1329
1327 1331
1327 1335
1327 2385
1327 558
1327 641
1327 825
1327 974
1327 1064
1327 1076
1327 1077
1327 1080
1327 1309
1327 1315
1327 1316
1327 1318
1327 1330
1327 1341
1327 1358
1327 1359
1327 2304
1327 2352
1327 2365
1327 2368
1327 2391
1327 2395
1327 2414
1327 496
1327 530
1327 538
1327 572
1327 573
1327 611
1327 642
1327 864
1327 968
1327 985
1327 992
2352 1329
1331 1335
1331 2385
1331 558
1331 641
1331 825
1331 974
558 1335
558 2385
2385 2391
558 641
558 825
558 974
2352 558
1539 641
825 2391
2352 1064
2352 1076
2352 1077
2352 1080
2352 1309
2352 1315
2352 1318
1330 611
2352 1358
2352 1359
2352 2365
2352 2368
2352 2395
2352 2414
2352 496
2352 572
2352 864
491 496
4437 538
611 572
611 968
611 348
611 491
611 892
642 2394
642 510
642 828
642 3562
3886 642
491 968
1352 2983
1352 3463
2983 2974
3463 9294
3463 9462
70868 4463
2367 510
510 2836
2883 3546
3039 3546
3400 3546
17747 3066
17747 34940
17747 17973
17747 33182
17747 34109
17747 37327
17747 7421
21464 7682
21464 9012
3914 2475
4133 2475
3886 3935
32528 4047
4047 36088
4047 46031
21464 21928
2883 3129
4869 3129
3400 3129
2883 3582
3039 3582
3400 3582
3886 3582
3624 746
2519 3624
2883 3624
3155 3624
3400 3624
3624 3975
3624 4853
3624 3886
3995 3624
3706 4869
3886 3706
2480 4058
2480 4011
3886 2480
4015 4024
4058 7696
3995 7696
19653 15016
21464 15016
4503 15016
18437 17658
29897 17658
18437 2160
29897 2160
17973 34109
7421 33182
7421 34109
7421 37327
3013 2883
3176 3013
3400 3013
3886 3013
21464 5179
3886 3160
18437 21648
29897 18437
29897 21648
3886 746
19145 2877
19145 4058
19145 7719
9203 19145
2877 7719
4058 4011
4058 3975
4058 3987
4024 4058
3886 4058
3995 4058
9203 4058
9203 7719
21464 19637
19653 1245
19653 20668
19653 20677
19653 20678
19653 20693
19653 21513
19653 21514
19653 21517
19653 21526
19653 2262
19653 5033
21464 19653
4503 19653
21464 1245
21464 20668
4503 20668
21464 20677
4503 20677
4503 20678
4503 20693
21464 21513
4503 21513
21464 21514
4503 21514
21464 21517
4503 21517
21464 21526
4503 21526
21464 2262
4503 2262
21464 5033
4503 5033
2028 5129
2073 5129
3016 3561
2883 3561
3561 3036
3561 3155
3561 3149
3400 3561
3561 3625
3561 3634
3886 3561
2028 973
2073 973
4437 973
3191 2103
3914 2103
4133 2103
3557 4429
3400 3557
3557 3031
3886 3557
3886 4429
21464 11448
21464 11681
21464 15482
21464 19417
21464 20833
21464 20916
21464 2092
21464 21491
21464 21493
21464 21500
21464 21507
21464 21508
21464 21510
21464 21512
21464 21515
21464 21518
21464 21519
21464 21520
21464 21521
21464 21522
21464 21523
21464 21524
21464 21525
21464 21927
21464 5037
21464 645
2883 3016
3016 3036
3016 3155
3016 4510
3016 2915
3016 3149
3400 3016
3016 3625
3016 3634
3016 4867
3016 7381
3016 4853
3886 3016
2883 3659
3400 3659
3886 4011
2883 2519
3400 2519
4871 2519
2883 3669
2883 1885
2883 3036
2883 3039
2883 3150
2883 3155
2883 3176
2883 3576
2883 4510
2883 4869
2883 2915
2883 3017
2883 3044
2883 3149
2883 3152
2883 3400
2883 3544
2883 3563
2883 3578
2883 3583
2883 3609
2883 3612
2883 3625
2883 3634
2883 3656
2883 3970
2883 4867
2883 4871
2883 7381
3400 3669
3400 1885
3400 3036
7381 3036
3886 3036
3039 3152
3400 3039
3039 3583
3886 3039
3400 3150
3400 3155
4871 3155
3886 3155
3995 3155
4869 3176
3176 3017
3400 3176
3176 3612
3886 3176
3400 3576
3886 3576
3400 4510
3400 4869
3987 4869
3886 4869
3400 2915
3400 3017
3886 3017
3400 3044
3400 3149
7381 3149
3886 3149
3400 3152
3886 3152
3400 3544
3400 3563
3400 3578
3400 3583
3400 3609
3400 3612
3400 3625
3400 3634
3400 3656
3400 3970
3400 4867
3400 4871
3400 7381
3886 3563
7381 3625
7381 3634
3886 3634
9294 3437
9294 9462
3886 3975
3995 3975
3886 4853
3886 3031
3914 3191
32528 36088
4024 3987
3886 3987
3995 3987
3886 3911
3886 4852
3886 4862
2:
10044 318
10044 7204
126 10044
7204 318
318 126
126 7204
3:
1 2
1 2024
1 257
1 5
1 6719
9045 1
7659 164
91 164
10369 164
10388 164
112 164
29668 164
29921 164
8627 164
307 164
32797 164
33008 164
8327 164
2 2024
2 257
2 5
2 6719
2 112
2 251
2 401
2 252
2 277
2 288
2 8336
2 8349
2 95
2 29
177 2
2 193
181 2
2 210
21464 2
8327 2
2024 257
2024 5
2024 6719
2024 251
2024 401
8627 2024
2024 277
2024 288
2024 8336
2024 8349
2024 95
2024 208
2024 30
2024 193
2024 181
2024 210
76 2024
2024 9
2024 278
2024 279
2024 307
2024 32646
2024 70
2024 7793
2024 81
8327 2024
32889 2024
9045 2024
72 2024
9045 257
5 6719
5 251
5 277
5 29702
5 8336
5 8349
5 95
5 193
5 181
5 210
5 279
5 7793
10354 172
10354 207
10354 29792
10354 32920
10354 42238
10354 7659
10354 8608
8627 10354
407 10354
32923 10354
172 207
172 32920
172 10365
172 68
10388 172
172 112
29668 172
401 172
172 8627
172 118
172 121
172 186
172 197
172 27446
172 29794
172 29796
172 29810
172 29821
172 32864
172 32873
172 32874
172 69
172 8346
172 8349
172 95
172 407
172 408
172 10381
172 105
172 173
172 177
172 180
172 189
172 193
172 201
172 204
172 212
172 29784
172 29805
172 29813
172 29814
172 29943
172 306
172 32907
172 32926
172 42370
172 7813
172 8595
172 9940
172 9947
181 172
8361 172
269 172
32923 172
9045 172
8627 207
407 207
32923 207
407 29792
32923 29792
407 32920
32923 32920
407 42238
32923 42238
8608 7659
7659 10388
7659 112
7659 251
7659 401
7659 8627
7659 118
7659 121
7659 186
7659 288
7659 32873
407 7659
177 7659
7659 193
7659 9
32923 7659
8608 251
8608 401
8627 8608
8608 277
8608 29794
8608 29796
8608 29810
8608 29821
8608 32864
8608 32873
8608 32874
8608 8336
8608 8346
8347 8608
8608 8349
407 8608
8608 11370
8608 32907
8608 8595
8608 8361
8608 9
312 8608
8608 43031
8608 8596
32923 8608
10388 91
29668 91
9045 91
10365 68
312 10365
8327 10365
9045 10365
189 68
68 293
8327 68
9045 68
10369 10388
10369 112
10369 251
10369 29668
10369 29921
10369 401
10369 8627
8327 10369
9045 10369
10388 112
10388 251
10388 29668
10388 29921
10388 401
10388 8627
10388 118
10388 121
10388 186
10388 197
10388 252
10388 27446
10388 277
10388 288
10388 29702
10388 29794
10388 29796
10388 29810
10388 29821
10388 32864
10388 32873
10388 32874
10388 4
10388 69
10388 8336
10388 8346
10388 8347
10388 8349
181 10388
312 10388
9045 10388
112 251
29668 112
401 112
112 277
112 288
4 112
29 112
93 112
181 112
76 112
8361 112
81 112
21464 112
8327 112
32889 112
9045 112
251 29668
251 29921
251 401
251 8627
251 118
251 277
251 288
251 29702
251 4
69 251
251 8336
251 8347
251 8349
10390 251
251 10437
29 251
251 105
177 251
251 193
251 201
251 204
7813 251
9947 251
251 93
251 181
251 256
251 8361
251 9
279 251
251 307
251 32646
251 70
7793 251
81 251
21464 251
251 10391
251 108
251 312
251 32797
251 33008
251 43031
251 8334
251 8632
8327 251
32902 251
32908 251
9045 251
29668 29921
29668 401
29668 8627
29668 118
29668 186
29668 197
29668 252
29668 27446
29668 277
29668 288
29668 29702
29668 29794
29668 29796
29668 29810
29668 29821
29668 32864
29668 32873
29668 32874
29668 69
29668 8336
29668 8346
29668 8349
32889 29668
9045 29668
29921 277
29921 312
401 8627
401 118
401 186
401 277
288 401
401 32873
4 401
401 69
401 8336
401 8347
401 8349
401 95
401 189
401 193
401 201
401 306
401 7813
401 181
401 8361
401 9
401 307
21464 401
32797 401
401 33037
8327 401
32889 401
401 32902
9045 401
8627 186
8627 252
8627 277
8627 288
8627 29794
8627 29796
8627 29810
8627 29821
8627 32864
8627 32873
8627 32874
69 8627
8627 8336
8627 8346
8627 8349
8627 10437
8627 173
8627 177
204 8627
8627 29805
8627 29814
8627 29943
8627 32907
8627 32926
7813 8627
8627 8595
8627 9947
181 8627
8627 8361
8627 279
307 8627
8627 32646
8627 7793
8627 108
32797 8627
8627 33008
8627 43031
8627 8632
8627 8319
8627 33037
8627 71
8627 13649
8627 32902
32908 8627
32923 8627
8627 29841
118 121
118 186
69 118
118 208
118 407
118 408
173 118
177 118
204 118
7813 118
181 118
76 118
8361 118
81 118
21464 118
269 118
8327 118
32923 118
9045 118
458 118
407 121
173 121
177 121
204 121
29814 121
29943 121
269 121
32923 121
9045 121
458 121
407 186
173 186
177 186
204 186
8361 186
8327 186
32923 186
9045 186
407 197
173 197
32923 197
9045 197
252 277
8327 252
9045 252
288 277
32864 277
277 8336
277 8349
29 277
181 277
8361 277
9 277
279 277
7793 277
312 277
32797 277
8334 277
8327 277
32889 277
9045 277
288 8336
288 8349
33037 288
32889 288
279 29702
7793 29702
32864 29794
8361 29794
32923 29794
32864 29796
8361 29796
32923 29796
32864 29810
8361 29810
32923 29810
32864 29821
8361 29821
32923 29821
32864 32873
32864 32874
32864 204
32864 9947
8361 32864
32923 32864
69 32873
204 32873
7813 32873
8361 32873
32923 32873
8361 32874
32923 32874
4 69
4 8336
4 95
4 51
4 208
4 30
181 4
76 4
81 4
4 8334
4 8327
69 8336
69 8347
69 8349
69 10390
51 69
69 208
69 407
29 69
173 69
69 306
69 7813
69 181
76 69
8361 69
81 69
69 10391
69 8334
69 33037
69 8327
69 32902
69 29841
69 9327
69 202
29 8336
181 8336
8361 8336
312 8336
32797 8336
8334 8336
33037 8336
8327 8336
32889 8336
9045 8336
407 8346
8346 173
8346 204
8346 29943
8346 9969
8361 8346
32923 8346
8347 8349
7813 8347
8347 8595
181 8347
8347 8361
32923 8347
8347 9327
29 8349
7813 8349
181 8349
8361 8349
312 8349
32797 8349
8327 8349
32889 8349
9045 8349
7813 10390
8361 10390
307 10437
32797 10437
33008 10437
33037 10437
32908 10437
181 95
9 95
81 95
8327 51
8327 208
9045 208
407 408
407 10381
173 407
407 204
7813 407
8361 407
269 407
32923 407
407 202
458 407
173 408
204 408
32923 408
81 30
8327 30
177 29
29 93
32889 29
8361 10381
181 105
8361 105
81 105
8327 105
312 11370
32923 11370
177 173
173 204
173 29784
173 29805
173 306
173 7813
173 8595
173 9969
32923 173
177 180
177 193
177 212
177 29805
177 29813
177 29814
177 29943
177 42370
177 9940
177 29819
32923 177
204 180
32923 180
181 189
76 189
189 293
81 189
8327 189
9045 189
181 193
8361 193
9 193
81 193
181 201
8361 201
81 201
8327 201
204 29805
32923 204
9045 204
32923 212
32923 29784
32923 29805
32923 29813
29943 29814
29814 29819
32923 29814
32923 29943
7813 306
181 306
81 306
8327 306
312 32907
32923 32907
32923 32926
32923 42370
7813 181
7813 10391
7813 33037
7813 32902
32923 7813
7813 29841
7813 9327
7813 202
32923 8595
32923 9940
8361 9947
32923 9947
8327 93
9045 93
32923 9969
32923 29819
181 210
181 256
181 76
181 8361
181 9
81 181
8327 181
9045 181
8327 256
9045 256
76 8327
32923 8361
9 312
8327 9
9045 9
8327 293
9045 293
279 278
7793 278
279 307
279 70
279 7793
33008 279
279 71
307 32646
7793 307
32797 307
307 33008
307 8632
307 8319
307 71
307 13649
8327 307
33008 32646
7793 70
8327 70
7793 71
81 10391
81 8327
32908 108
312 32882
312 8327
312 8596
32923 312
9045 312
32797 8632
32797 33037
32797 71
33008 8632
33008 8319
33008 71
33008 13649
8327 8334
8327 8632
32908 8632
8327 33037
8327 32882
9045 32882
8327 32902
8327 9045
8327 72
32923 8596
32923 29841
32923 9327
9045 72
4:
611 13989
611 18248
611 4760
32768 611
611 4773
13989 18248
13989 35756
13989 4760
32768 13989
4773 13989
32768 18248
32768 35756
4773 35756
32768 4760
4760 4773
32768 4773
5:
544 20743
544 20813
544 20856
20743 20813
20743 20856
20813 20856
6:
5024 2161
2161 11537
2161 72664
5024 11537
72664 5024
72664 11537
7:
2913 2844
2913 2930
2913 2936
2913 2998
2913 6094
126 2913
15580 2913
10257 2844
10257 2912
10257 2930
10257 2936
10257 2956
10257 2998
10257 6094
2920 10257
2930 2844
2936 2844
126 2844
11522 2844
15580 2844
2920 2844
6110 2844
2912 2936
2920 2912
2930 2936
2930 2998
2930 6094
126 2930
11522 2930
15580 2930
2920 2930
2936 2956
2936 2998
126 2936
11522 2936
15580 2936
2920 2936
6052 2936
2936 6110
2920 2956
2920 2998
126 6094
2920 6094
2920 6052
2920 6110
6052 6110
8:
2958 3763
2958 3894
2958 3918
7713 2958
3918 3763
7713 3763
3918 3894
7713 3894
7713 3918
9:
10361 164
29639 164
91 164
390 164
443 164
89 164
51 164
4457 164
29 164
387 164
15458 164
389 164
388 164
9824 164
29640 164
8327 164
323 164
10361 29639
10361 91
89 10361
29639 29650
29639 390
29639 89
29639 51
29639 387
29639 15458
29639 389
29639 8370
29639 247
29639 29646
29639 388
29639 9824
8327 29639
51 29650
29650 247
89 91
51 91
29 91
8327 91
323 91
89 390
390 15458
443 51
4457 443
89 113
89 51
4457 89
89 15458
89 247
89 388
29640 89
113 51
29640 113
4457 51
29 51
51 387
51 389
51 8370
51 247
51 29646
51 388
51 29640
8327 51
51 323
4457 247
4457 29640
4457 323
9824 15458
8327 389
8327 8370
323 247
8327 29646
8327 323
10:
3180 2162
7986 2162
37196 2162
3180 7986
37196 3180
37196 7986
11:
36021 36022
36021 36029
36021 36066
36022 36029
36022 36066
36066 36029
12:
2024 5
2024 114
2024 231
2024 253
2024 5205
5 114
5 253
5 5205
114 5205
231 253
5205 231
42213 231
69248 231
5205 253
42213 253
69248 253
5205 42213
69248 5205
13:
8324 9186
8324 8384
8324 9187
8324 9191
8641 8324
9162 8324
9189 8324
9162 9186
9189 9186
9162 8384
9189 8384
8641 9187
9189 9187
8641 9191
9162 9191
9189 9191
9189 8641
9189 9162
14:
10041 2850
10041 3747
10041 3751
126 10041
2850 3747
3751 2850
126 2850
126 3747
126 3751
15:
611 4760
1529 611
611 2658
611 791
1529 4760
4760 2658
4760 791
1529 2658
1529 791
16:
2939 3180
2939 1539
2939 8023
2939 3324
2939 3176
287 2939
2939 3175
2939 3178
3179 2939
949 2939
37196 2939
3180 1539
3180 3324
3180 3176
3180 3175
3180 3178
3180 949
37196 3180
37196 1539
3179 8023
37196 8023
3178 3324
37196 3324
3176 3175
949 287
37196 287
3179 3175
37196 3175
3179 3178
37196 3178
37196 3179
37196 949
17:
2969 2978
3014 2978
5438 2978
2969 3014
2969 2997
5438 2969
3014 2997
5438 3014
5438 2997
18:
3416 807
3416 3457
3416 3536
3416 4585
807 3457
3536 807
807 4585
3536 3457
3536 4585
19:
807 3214
807 450
5468 807
46510 807
3214 450
5468 3214
5468 450
450 46510
5468 46510
20:
1044 142
12512 142
2100 142
3600 142
3941 142
70868 142
1044 12512
1044 2100
1044 3600
1044 3941
3600 12512
70868 12512
3600 2100
70868 2100
3600 3941
70868 3600
70868 3941
21:
2908 2912
3411 2912
5438 2912
3411 2908
5438 2908
5438 3411
22:
17777 3646
17777 1894
17777 585
17777 60826
585 3646
60826 3646
585 1894
60826 1894
60826 585
23:
30440 30132
30132 30437
30138 30132
30440 30437
30440 30138
30138 30437
24:
10041 2994
10041 3592
126 10041
3592 2994
126 2994
126 3592
25:
126 2606
126 2842
126 3354
2606 2842
2606 3354
2887 2606
2842 3354
2887 2842
2887 3354
26:
2 251
2 273
2 272
2 276
251 272
251 276
272 273
273 276
272 276
27:
3592 2878
126 3592
3592 3762
450 3592
3134 3592
126 2878
2878 3762
450 2878
3134 2878
126 450
450 3762
3134 3762
3134 450
28:
1527 2663
3624 2663
3706 2663
1527 3624
1527 3706
3624 3706
29:
126 2850
2850 2842
2850 2960
126 2842
126 2960
2842 2960
30:
129 2710
4982 129
4984 129
4982 2710
4984 2710
4982 4984
31:
3228 3605
3605 3659
4182 3605
3228 3659
4182 3228
4182 3659
32:
8196 2939
8196 11529
8196 3180
11529 2939
2939 3180
11529 3180
