# The directed communities at k=4
# from /Users/bogna/dev/role-mining/datasets/enron/timeslots/8-2001.edges
# at no lower link weight threshold,
# and at no upper link weight threshold.
# Links were treated as directed.
# No time limit was set for the clique search.

0: 10041 3199 3937 4088 4128 4779 6694 6856 126 4610 
1: 2 10039 1415 14313 151 2913 3147 4064 4554 765 766 874 10041 1815 2161 2828 2909 2934 2951 2991 3052 3060 3135 3151 3159 3217 3229 3386 3387 3402 3410 3434 3436 3442 3540 3541 3543 3554 3558 3570 3579 3591 3597 3601 3614 3641 3643 3647 3651 3653 3657 3676 3679 3714 3746 4128 4625 4716 4843 4844 4848 4870 5164 5361 631 6627 6632 6661 6710 6754 6770 6787 6792 6847 7088 7131 7839 7840 7875 7898 7912 7916 7918 7985 8063 8066 8087 8088 8089 8156 8192 8194 8195 8196 8200 8201 8204 8205 8207 8208 8210 8211 8212 8214 8215 8216 8217 8219 8220 8222 8223 8224 8225 8227 8299 9530 9531 318 4717 966 970 807 10229 3233 4794 2930 10263 10260 11898 11904 1230 126 128 129 138 140 142 143 144 145 146 15882 17748 2965 3696 3724 4072 4217 425 457 4589 7721 7991 8325 9313 10264 10261 14026 14027 2767 28576 2918 3121 33979 3704 3848 3860 4036 4703 5024 5596 7838 9470 971 3730 251 118 1523 1044 123 1249 135 137 139 15267 2100 21495 2481 2827 3745 418 442 4430 452 628 1070 2284 3691 3692 3948 663 994 10759 10973 1178 132 13320 14298 1574 17652 17654 17655 17776 17777 1798 2106 2129 21496 21516 2606 2701 3012 3015 3020 3038 3048 3141 3537 3605 419 448 4506 4508 4799 5277 581 6937 736 7413 7730 80 804 969 972 9837 9888 1078 2297 1079 1067 1068 1310 1311 1336 1340 1593 2265 2422 2993 3219 3735 3757 4214 4976 4989 508 610 686 10808 11521 11671 1209 1225 125 127 131 133 13362 136 141 149 152 155 157 158 2375 261 3 3214 382 420 424 428 432 441 450 453 4665 4805 616 714 8092 92 920 1081 518 978 1814 3167 3646 4557 4859 544 103 51 11529 11540 1213 1414 1521 1522 1524 1526 19992 2138 2333 28168 3118 3119 31514 3163 3838 3839 3841 4212 4213 4216 422 4408 4596 11530 11537 31652 11538 24247 27986 3158 3723 11539 1043 11527 1236 24240 2720 27995 27996 27999 2907 3138 3148 3837 3968 3985 3990 4820 4846 4847 4860 4873 4874 8616 919 11541 1494 1525 4071 11533 24231 24246 27987 27997 27998 3161 3974 4033 4034 4043 4845 5204 6210 7763 798 11543 3699 11545 1812 19578 21465 580 723 11656 12521 130 134 148 153 15905 1896 4722 501 546 9319 11667 150 368 11680 21492 4501 11695 877 11701 11712 1211 124 225 262 423 1794 1795 1813 2824 3228 414 4282 549 604 2826 3533 11897 11901 421 4290 4457 1194 1199 20934 21511 4483 661 1217 2710 32116 1233 1279 30 545 12374 1243 1246 1493 8431 9931 1244 1527 1811 1867 1881 1895 1959 19609 2022 20676 21713 2607 281 4314 4333 4502 4504 4505 4507 4509 492 5046 5178 5372 5640 7412 890 925 954 998 1010 11894 11899 156 15864 15909 15953 2050 2516 263 2837 2842 2886 29 2938 2960 2972 2979 3011 3037 3045 3050 3058 3140 3156 3157 3197 332 3457 362 3629 387 4143 4511 4568 4610 4804 4840 4858 4985 5477 7107 8290 9322 1004 19886 19887 3123 4543 4556 4558 761 1300 4864 1307 1313 1323 1327 1329 1331 1335 1337 2385 558 641 825 856 974 19495 4413 1064 1076 1077 1080 1309 1315 1316 1318 1330 1341 1358 1359 2304 2352 2365 2368 2391 2395 2414 496 530 538 572 573 611 642 864 968 985 992 1339 1352 2983 3463 4463 1001 2367 2394 2611 348 491 495 510 828 892 3546 17747 3066 34940 1197 7682 9012 1517 2475 3935 4047 500 21928 3129 3582 3624 3706 1539 2480 15580 4015 7696 15016 17658 2160 4771 17973 33182 34109 37327 7421 3013 5179 2977 3160 18437 21648 3198 4972 746 19145 2877 4058 7719 4183 29897 19637 19653 1245 20668 20677 20678 20693 21513 21514 21517 21526 2262 5033 19902 5129 3561 2028 1226 973 2974 2073 2103 3557 4429 21464 11448 11681 15482 19417 20833 20916 2092 21491 21493 21500 21507 21508 21510 21512 21515 21518 21519 21520 21521 21522 21523 21524 21525 21927 5037 645 24233 3016 8221 22034 2274 3659 885 4011 2519 2883 3669 4234 1885 3036 3039 3150 3155 3176 3576 4510 4869 505 2836 2872 2915 3017 3044 3149 3152 3400 3544 3563 3578 3583 3609 3612 3625 3634 3656 3970 4867 4871 7381 2887 6160 3726 9294 3975 4853 3031 3574 3630 3191 3437 9462 32528 36088 33069 33335 3562 3606 3987 4024 4642 3886 3911 4852 4862 3914 39832 3995 3997 39861 46031 4133 548 5598 35472 4437 4503 20975 47775 8068 5484 6832 70868 27262 27441 3042 31148 3542 3627 39854 39855 39857 39858 39859 39862 39863 6763 7415 8186 8197 8198 8209 9958 8394 9203 
2: 10044 318 7204 126 
3: 1 164 2 2024 257 5 6719 10354 172 207 29792 32920 42238 7659 8608 91 10365 68 10369 10388 112 251 29668 29921 401 8627 118 121 186 197 252 27446 277 288 29702 29794 29796 29810 29821 32864 32873 32874 4 69 8336 8346 8347 8349 10390 10437 95 51 208 407 408 30 29 10381 105 11370 173 177 180 189 193 201 204 212 29784 29805 29813 29814 29943 306 32907 32926 42370 7813 8595 9940 9947 93 9969 29819 181 210 256 76 8361 9 293 278 279 307 32646 70 7793 81 21464 10391 108 312 32797 33008 43031 8334 8632 269 8319 33037 71 13649 32882 8327 8596 32889 32902 32908 32923 29841 9327 9045 202 458 72 
4: 611 13989 18248 35756 4760 32768 4773 
5: 544 20743 20813 20856 
6: 2161 5024 11537 72664 
7: 2913 10257 2844 2912 2930 2936 2956 2998 6094 126 11522 15580 2920 6052 6110 
8: 2958 3763 3894 3918 7713 
9: 164 10361 29639 29650 91 390 443 89 113 51 4457 29 387 15458 389 8370 247 29646 388 9824 29640 8327 323 
10: 2162 3180 7986 37196 
11: 36021 36022 36029 36066 
12: 2024 5 114 231 253 5205 42213 69248 
13: 8324 9186 8384 9187 9191 8641 9162 9189 
14: 10041 2850 3747 3751 126 
15: 611 4760 1529 2658 791 
16: 2939 3180 1539 8023 3324 3176 287 3175 3178 3179 949 37196 
17: 2978 2969 3014 2997 5438 
18: 3416 807 3457 3536 4585 
19: 807 3214 450 5468 46510 
20: 142 1044 12512 2100 3600 3941 70868 
21: 2912 2908 3411 5438 
22: 17777 3646 1894 585 60826 
23: 30132 30440 30437 30138 
24: 10041 2994 3592 126 
25: 126 2606 2842 3354 2887 
26: 2 251 273 272 276 
27: 3592 2878 126 3762 450 3134 
28: 2663 1527 3624 3706 
29: 2850 126 2842 2960 
30: 129 2710 4982 4984 
31: 3605 3228 3659 4182 
32: 8196 2939 11529 3180 
