# The contained directed cliques in the directed communities at k=6
# from /Users/bogna/dev/role-mining/datasets/hepth/timeslots/cit-HepTh-2001.edges
# at no lower link weight threshold,
# and at no upper link weight threshold.
# Links were treated as directed.
# No time limit was set for the clique search.

0: 2903 3701 3702 3704 
1: 3055 3833 3836 6842 7499 7507 8163 8729 8737 15545 3835 6840 7498 7505 8727 8736 15544 6839 6841 6843 7504 8726 11320 6844 7506 8728 9178 7509 8731 9177 7508 8730 11318 
2: 3126 6953 6955 6956 13028 13030 13031 13029 16510 13033 13034 13036 13037 13038 13041 13045 17029 19748 19749 19750 19751 19765 19766 19767 19768 19769 19770 19771 19772 19773 19779 19780 19781 19782 19794 19795 23089 23090 23091 13013 13032 13035 13043 13044 13049 13052 19783 19787 19788 19789 19790 19791 19827 19828 20234 13008 13010 13011 13012 13014 13016 13019 13023 14024 19252 20213 20216 20217 20219 20230 20633 20636 20637 21434 13009 13017 13535 14023 21433 13018 13022 19643 19644 13015 13025 13692 19636 19637 19639 13054 13534 13688 13689 13690 19635 19638 19640 19650 21422 23600 13046 13053 13700 13042 13048 13050 13537 13695 13701 20652 23093 23407 23879 23880 13021 13039 13040 20189 20190 20643 20644 20645 20646 13020 13024 13027 20231 20638 20639 21985 13047 20187 20188 20203 20220 20232 20641 20642 13051 19823 19824 20212 20218 20221 20222 20225 20233 20634 20648 20649 20650 20651 23546 23548 23550 23678 23679 23684 23685 19801 19819 19821 19822 19826 11017 14008 14009 14010 14011 14012 14014 14015 14017 14019 14020 14021 14022 19600 19606 19620 19624 19629 19648 19756 19757 19759 19760 19761 19762 19764 19775 19777 19778 19784 19793 19796 19797 19799 19800 19802 19803 19804 19805 19806 19807 19808 19809 19810 19811 19812 19813 19814 19815 19817 19825 20181 20182 20183 20185 20186 20191 20192 20193 20194 20195 20196 20197 20201 20202 20205 20208 20209 20210 20214 20215 20223 20224 20226 20227 20228 20235 21423 21684 21690 23096 23538 23542 23544 23545 23551 23602 11016 11018 11019 11020 11021 11022 11025 11028 11029 14013 14016 14018 14035 23543 23598 11023 11027 14028 22326 23106 23539 11024 14104 19753 20184 20198 21436 21437 21445 21446 21677 21685 21686 21692 21693 22329 22330 22333 22336 22342 22343 22344 22349 22350 23097 23098 23099 23101 23102 23103 23107 23108 23109 23111 23112 23113 23599 23601 23603 23643 23644 23912 23914 11026 20640 20229 20635 13691 13693 14029 14032 19776 20211 20236 21417 21419 13538 13684 13685 13686 13702 13703 13704 14033 17099 17100 17101 17102 17103 17104 17113 19631 21418 21443 21681 21683 21688 21689 21697 21700 22946 13055 13539 13542 20655 13536 13543 13694 13696 13708 22953 13541 22948 13540 13687 13698 13697 13699 17084 13705 13707 18408 13706 14988 18409 21428 14989 21432 21557 14985 21558 22952 18404 21559 21560 22947 21424 22949 22943 22945 22950 19634 22941 22944 14030 19602 19603 19604 19605 19607 19608 19609 19618 19623 19626 19627 19632 19633 19642 19645 19646 19647 21420 14031 14034 22354 23686 23885 21679 19621 19754 19755 19798 21441 21447 21676 21678 21680 21682 21687 21691 21694 21695 21696 21698 21699 22308 22312 22332 22334 22335 22345 22347 22348 22352 22353 23645 23681 23882 23883 23907 19601 19614 19615 19617 19619 19622 19625 19652 21427 21438 21448 19611 19610 19613 19655 23677 23683 19612 19651 19654 23095 23100 19653 19656 23105 23110 23547 23549 9769 13284 14027 17033 17039 19763 19785 19792 19816 20206 20207 22307 22309 22311 22313 22360 23114 23540 23541 23687 23881 23884 23908 9765 9766 9771 9772 9763 9764 19628 20204 14025 18710 19616 20199 20200 14026 18707 18708 18713 18706 18709 18712 18711 21439 19260 22314 17112 17105 17110 17114 17115 21442 21986 23092 23094 23642 20656 21992 21994 23115 21993 17067 17098 17111 19257 7707 9725 9727 9728 10455 16492 16494 16496 17056 17062 17063 17064 17065 17068 17069 17234 19254 19256 7705 7706 9726 10454 17233 19253 10453 10456 10457 16498 16499 16500 16502 17054 17058 17060 17235 19255 19258 10461 18341 17053 16493 16495 16497 17055 17057 17059 10924 10919 10918 20947 8402 21351 9729 17066 21449 21431 22315 19786 17031 19752 19758 22310 22316 23104 23682 17030 17032 17034 17037 17035 17036 17040 17025 17027 17038 17041 22337 19774 21621 21626 22340 22341 22357 19818 19820 20653 22331 20654 14106 15160 15569 16307 21618 21619 21627 22346 22351 22355 23909 23910 23913 23920 7267 7268 12248 14105 14107 14109 14114 14115 15568 15570 21163 21620 21622 21628 21629 23911 22535 23800 24255 22530 23798 24256 14117 22362 23915 24271 14110 14116 14111 20163 22338 23680 23916 15573 20161 15574 15575 15576 15571 20159 15165 20160 15164 15166 15171 15162 15170 15163 15158 15159 9535 12766 13709 20733 9536 8996 10615 12770 13737 13738 4352 4355 5664 10616 12819 5663 9757 20706 23918 21425 21675 21444 12247 21624 14108 14428 14531 15161 16308 22356 9252 17042 20445 9250 9251 9249 9248 7409 7405 7406 7407 7408 9247 7403 11917 7404 11916 20446 9845 9841 9838 9840 13279 13285 13286 13278 13280 13281 13282 13288 19657 15842 15841 15853 15850 19630 19641 19649 13026 21990 21988 21991 21989 23919 23922 23647 23646 23432 22325 23433 21435 22942 21573 21429 13163 10458 11795 11794 11797 11796 20979 20647 
3: 3529 4238 5700 6292 7752 8296 11604 
4: 3643 14628 14635 17074 17077 4340 5071 5072 6617 6626 7966 7991 12170 12178 12179 12180 12185 12193 12194 12340 12341 12342 12343 12345 12347 12348 12489 12493 12496 12497 12499 12501 12502 12503 12504 12640 12641 12642 12646 12650 12651 12652 12723 12724 12728 14204 14205 14629 14631 14632 14633 14634 14636 14637 14640 14642 14643 14644 15130 15131 16727 16731 16732 16733 16734 16736 16739 16743 16745 16747 17075 17076 17078 17079 17080 17081 17082 18316 18355 19920 19922 20961 20963 4342 6619 6620 7965 12645 18315 6618 12647 18006 12643 12653 14630 16728 18011 18014 10067 12172 12507 12508 12639 12644 12648 12654 12655 12656 12725 14638 14641 15126 15128 16488 16730 16735 16737 18004 18005 18008 18012 18013 18016 19206 10064 10065 12182 12505 18009 18010 10066 16487 16744 18015 18020 19456 10068 16491 19457 12519 16490 16489 12187 12190 15137 18018 12175 12176 12177 12188 12191 12192 15135 16741 18007 18017 18317 15129 12195 12186 12196 16748 18003 12174 12184 12732 16740 12490 12494 12498 12487 12488 12491 12492 12495 12506 12485 12486 12500 12346 12649 19205 12183 14639 16738 19923 20962 12189 7969 12181 12734 23452 7970 12729 12735 7967 7971 6334 6335 12349 12733 12730 12727 12726 16742 16726 18314 16729 16746 19921 15136 15132 18021 12509 12510 15127 7990 12171 15134 12344 20965 
5: 3840 8174 9404 10178 11467 14494 16634 16655 17189 17704 17725 19009 22930 22931 22936 3850 7532 8173 16062 16071 16614 16615 16616 16618 16625 16626 16628 16629 16630 16631 16632 16633 16635 16636 16637 16638 16646 16647 16649 16650 16651 16652 16653 16654 16656 16657 16658 16660 16670 16671 16672 16673 16676 16677 16678 16679 16680 16691 16692 16693 16694 16697 17684 17685 17686 17688 17695 17696 17698 17699 17700 17701 17702 17703 17705 17706 17707 17708 17716 17717 17719 17720 17721 17722 17723 17724 17726 17727 17728 17730 17740 17741 17742 17743 17746 17747 17748 17749 17750 17761 17762 17763 17764 17767 18978 18979 18980 18981 18994 18995 18996 18997 19000 19001 19002 19003 19010 19011 19013 19014 19024 19025 19026 19027 19030 19031 19032 19033 19054 19072 19159 19160 19165 19166 19168 19169 19187 19188 19193 19194 19195 19196 19293 19294 19295 19296 21826 21827 21828 21829 21837 21838 21839 21840 21843 21850 21851 21853 21854 21865 21866 21867 21868 21871 22391 22392 22395 22396 22397 22401 22405 22406 22409 22418 22419 22422 22423 22424 22428 22429 22932 22934 23148 23149 23151 23152 23155 23156 23400 23401 23402 23403 23405 23406 23537 7535 16861 16862 16863 16864 16869 16870 16875 16876 19192 19200 22408 22421 9403 10177 14493 16858 16859 18992 18993 18998 18999 19180 19181 19183 19184 19185 17188 18989 18990 19004 19005 19006 19007 19008 19022 19023 19028 19029 19153 19154 19157 19158 19288 19289 21385 15884 15885 15886 15887 15888 15889 15890 15891 15892 16056 16059 16070 16617 16619 16620 16621 16622 16623 16624 16627 16639 16640 16641 16642 16643 16644 16645 16648 16659 16661 16662 16663 16664 16665 16666 16667 16668 16669 16674 16675 16682 16683 16684 16685 16688 16689 16690 16695 16696 16850 16851 16852 16853 16854 16855 16856 16857 16865 16866 16867 16868 16872 16873 16878 17485 17486 17487 17488 17687 17689 17690 17691 17692 17693 17694 17697 17709 17710 17711 17712 17713 17714 17715 17718 17729 17731 17732 17733 17734 17735 17736 17737 17738 17739 17744 17745 17752 17753 17754 17755 17758 17759 17760 17765 17766 18982 18983 18984 18985 18986 18987 18988 18991 19012 19015 19016 19017 19018 19019 19020 19021 19034 19035 19036 19037 19038 19039 19040 19041 19042 19043 19044 19045 19046 19047 19048 19049 19050 19051 19052 19053 19055 19056 19057 19058 19059 19060 19061 19062 19063 19064 19065 19066 19067 19068 19069 19070 19155 19156 19161 19162 19163 19164 19170 19171 19172 19173 19174 19175 19176 19177 19178 19179 19182 19189 19190 19191 19197 19198 19199 19276 19290 19291 20123 21072 21073 21074 21090 21092 21106 21107 21108 21110 21111 21112 21113 21114 21116 21121 21122 21123 21124 21125 21126 21386 21830 21831 21832 21833 21834 21835 21836 21841 21842 21852 21855 21856 21857 21858 21859 21860 21861 21863 21864 21869 21870 22168 22169 22170 22171 22172 22175 22178 22180 22184 22188 22190 22191 22200 22393 22394 22398 22399 22402 22404 22407 22410 22411 22412 22413 22414 22415 22416 22417 22420 22425 22426 22427 22933 23150 23154 23157 23158 23159 23160 23663 23671 23672 23673 23674 24249 15894 15895 15896 16055 16860 16871 16874 16877 19186 19279 19280 19284 19298 19876 19878 19941 21094 21095 21127 21272 21275 21847 21848 21849 21882 21883 21886 22007 22457 22460 22516 22517 22518 22519 23153 23404 23473 24007 24206 24207 24209 24210 24250 24251 24252 24270 24304 24305 24306 24307 21129 22935 16681 16686 16687 17751 17756 17757 21115 21128 21862 16190 16191 17668 21109 21117 21118 21119 21873 16185 16186 16187 16189 16192 16701 16702 16703 17666 17667 21120 21872 21874 21876 7158 16188 16698 16699 16700 16705 16709 16710 16711 16712 16716 21846 21875 22189 7156 16714 16718 17664 17669 22174 22177 22182 22183 22186 22202 22203 22173 22176 22181 22185 22201 21844 21845 21879 21880 21881 22194 23926 24193 24195 24197 24198 22179 22197 17663 22193 22196 22198 23374 22199 22192 22195 23053 23054 23055 21213 24349 24350 24351 21202 21208 21212 21216 17638 21201 17637 17647 17639 17646 17641 18514 10263 16594 16600 17642 17645 17648 18520 18521 18525 18526 21207 23371 16595 16599 16602 16603 16604 18522 18523 17649 21210 23380 23381 23382 23383 17650 21211 22321 23387 23388 23389 23390 21206 21209 22320 23368 23369 23370 23378 23525 23923 23924 23925 16601 23372 23373 23375 23376 23377 24379 24380 23859 24359 23860 24196 23526 24192 24194 21097 24308 21075 21098 21099 21100 16032 16040 16048 16049 16051 16054 21052 21053 21054 21056 21061 21062 21063 21065 21067 21068 21069 21071 21076 21077 21087 21093 22234 22239 23657 24008 24030 24031 24034 24035 15941 15942 15943 16031 16033 16034 16035 16036 16037 16060 15940 15945 15946 16043 16038 16039 16041 16042 16044 16045 16046 16047 16053 18834 18835 18836 18837 18838 18844 18845 18846 18847 19080 19081 19085 19087 19869 19870 19871 19872 19873 20320 20437 21059 21060 21064 21066 21139 21140 21237 21238 21239 21240 21241 21242 21243 21269 21270 21271 21273 21274 22000 22001 22002 22003 22004 22008 22009 22010 22011 22228 22229 22230 22233 22235 22236 22240 22241 22243 22456 22458 22459 22461 22462 22463 22464 22465 22466 22467 22468 22469 23069 23070 23231 24009 24010 24028 24029 24043 24044 8545 16052 17833 17834 18840 18841 18842 18849 18850 18852 18856 19078 19079 19082 19084 19277 19864 19866 19867 19868 20132 20134 20424 20920 21141 21143 21499 21505 21507 21508 21512 21516 21517 22012 22013 22231 22232 22237 22238 22249 22453 22479 24025 24027 24032 24037 8539 8541 8542 8543 8544 11563 11565 17808 17812 17815 17827 17828 17832 19880 20321 20356 20357 20358 20359 20363 20364 20385 20387 20388 20389 20427 20428 20430 20435 20438 20625 20626 20627 20628 20629 20630 20901 20903 20951 20952 22022 22244 22248 22253 22260 8537 8538 8540 20323 20326 20328 20340 20342 20344 20345 20346 20348 20349 20350 20354 20365 20368 20370 20371 20373 20374 20375 20377 20623 21283 21285 21292 21294 21297 21298 21302 21303 21774 21777 22038 22043 22050 22056 22057 22259 22264 22265 22267 22268 22269 22270 22488 22494 22498 22512 20315 20317 20325 20341 20343 20382 20383 20407 21134 21255 21258 21259 21261 21263 21265 21267 21299 21300 21304 21524 21532 22445 22451 22489 22490 22495 23235 23252 23948 16990 19267 19269 20316 20318 20319 20322 20324 21132 21135 21233 21235 21262 21264 21266 21268 21276 21277 21279 21280 21281 21282 21495 21497 21498 21514 21770 21995 21997 22015 22016 22021 22252 22446 22447 22448 22450 22452 22472 22473 22474 22475 22476 23066 23223 23224 23226 23227 23654 24011 24020 24021 24022 24230 10538 11566 14781 14782 14784 14785 14786 14790 16205 16989 16991 16992 16993 16994 16995 16996 16997 16998 16999 17000 17001 17002 17004 17005 17006 17007 17008 17009 17010 17011 17012 17014 17015 17016 17018 17021 17023 17816 18857 19268 20131 20133 20135 20148 20369 20399 21131 21133 21137 21142 21144 21236 21253 21260 21286 21295 21496 21500 21502 21506 21513 21515 21525 21771 21996 21998 21999 22005 22018 22019 22020 22027 22034 22035 22036 22037 22041 22047 22254 22255 22292 23225 23229 23230 23234 23247 23256 23257 23653 23946 23949 23952 23959 24014 24023 24024 24026 24036 24039 7211 10532 10533 10534 10535 10536 10537 10539 10927 10929 10936 13376 13386 16203 16204 16208 17017 17020 17022 17809 18890 20898 20904 21533 22044 22293 23248 23249 7212 17013 18828 18843 18853 18854 18855 18859 18866 18867 18869 18870 18871 18872 20138 20146 20150 20151 20152 22042 22045 22046 22291 22294 17843 18829 18830 18831 18832 18833 18878 19865 20128 20141 20143 20144 20145 20147 22006 22014 22028 22029 22242 22250 22251 23071 23072 23232 23233 23655 23658 23664 23665 23669 23670 24033 24040 17840 17842 11564 11570 17810 17817 17837 17838 17839 18851 20396 20899 20905 20908 20914 20922 24041 7597 10232 10928 11567 11568 11569 11571 13372 13373 13374 13375 13378 13379 13382 13383 13384 13385 16209 18902 19879 19945 19946 19947 19956 20130 20360 20390 20393 20423 20433 20434 20439 20631 20912 21234 21244 21246 21247 21248 21249 21250 21251 21252 21254 21257 21278 21284 21287 21293 22284 22285 23073 23237 23241 23243 23245 23615 23616 23966 23968 23970 24012 24038 24208 7598 19877 20361 20362 20394 20395 21145 21146 21147 10233 16073 19285 19297 19855 19859 19863 19875 20918 21088 19274 19275 19283 19286 21511 19270 19272 19273 19278 21510 21518 21519 14792 19271 21503 21504 21509 14787 14788 14789 14791 14795 14796 14803 18839 18861 19839 19840 19843 19881 19883 19884 19958 21151 21520 21521 21537 13371 14783 14793 14801 18901 19882 21775 22280 22286 23228 8452 13377 13380 13381 16207 17807 17811 18889 18891 18894 18900 18903 20118 20137 20617 20619 20620 20709 20888 20889 20902 21136 21245 21256 21301 22245 22247 22278 22281 22282 22283 22288 23064 23065 23067 23068 23076 23077 23078 23079 23084 23236 23238 23239 23240 23770 23771 23953 8453 8454 8456 20618 20621 21288 22261 22266 22271 22274 23251 23254 23769 8455 21290 23083 23242 23253 23773 23775 23955 23958 21296 22023 22039 22049 22051 22052 22275 22290 22477 22478 22481 22485 22491 22496 22497 22500 22501 22502 22503 22504 22505 22508 22509 22511 23650 23666 23951 23956 23957 23960 23961 23962 23963 23965 23967 24013 24263 24267 20347 20398 20624 21289 21291 21779 22024 22025 22040 22053 22054 22055 22058 22059 22060 22262 22263 22487 22499 22507 22510 22513 22514 23772 23774 23964 20327 20351 20352 20353 20355 20366 20367 20372 20376 20378 20401 20911 21522 22048 22272 22273 23954 23969 18868 19088 19856 20379 20384 20913 21530 22287 18858 18860 18873 19858 20915 21531 21536 17831 18862 18863 18865 19957 20139 20403 21526 21534 21535 17829 17830 17836 17814 17835 16210 21527 21529 19937 20404 20406 20408 21501 21523 21528 22454 22480 22492 22493 19849 19850 19929 19931 19932 19933 19934 19935 19936 19952 19955 18919 19842 19844 19851 19953 18895 18907 18910 18915 18916 18917 18918 18922 18925 19846 18888 18892 18893 18896 18906 18908 19838 22455 18897 18921 18920 18848 18904 19841 19848 19847 19857 19951 19860 19861 19950 19954 10935 18909 19862 19928 10930 10937 10931 10932 18911 18898 18914 19930 18899 18905 21148 22030 22032 22033 22258 24047 24049 22031 22257 21149 22026 22256 24269 22483 23075 23667 23668 24231 24264 24265 24266 24268 22449 22470 22471 22482 22484 22486 22506 23660 23651 23652 23656 23659 23950 23661 23662 24042 16058 21055 21057 21058 21086 16057 16061 16063 16065 16066 16050 16064 16067 21070 20436 20425 20429 20426 20431 20397 20432 20440 20391 20386 20392 20419 20400 22017 20411 10933 20412 20418 20410 20409 20405 20916 20910 21091 22443 19836 22439 22444 22440 20708 22246 22277 23074 23081 23082 23085 20707 20710 17003 19083 19086 17019 17024 19090 10934 19075 18874 18875 22295 23947 21079 23777 21078 21082 21083 21084 21085 20380 14802 20921 20917 20919 20907 20893 20894 23250 19074 20121 22276 23244 23246 23619 20122 20119 22279 14794 23776 23620 13058 13057 13060 13059 23474 22400 18069 24048 24045 24046 18912 18913 19845 21150 21773 18927 21772 21776 18923 18924 18926 19837 18864 12401 12403 21778 20949 20950 20900 20890 17813 15250 15251 15252 15254 15253 15256 15255 14800 16206 20136 20716 19854 19874 20330 19093 17805 17802 17806 17803 18879 20125 20126 20124 20129 20142 17198 17197 16072 24253 24254 24309 24310 22322 23927 22220 22221 22187 16704 16706 16717 21877 21878 21884 21885 19942 19944 19943 9405 10179 14495 16068 
6: 4170 4171 4906 5562 5577 5581 6465 6523 7170 7179 7810 7822 7853 11658 5565 5578 6468 7175 7184 7815 7827 7849 7860 11668 5560 5563 5559 5575 6457 6462 7168 7177 7808 7819 7841 7851 11654 4905 5574 5579 6450 6456 6461 7167 7176 7807 7818 7850 11653 6466 7173 7182 7811 7823 7843 7856 11664 7171 4907 6452 7172 7180 7854 11659 4908 6527 7181 7855 11663 7845 4919 4925 5590 6438 7858 
7: 4484 
8: 4530 4531 4744 10147 11677 11678 4745 10148 10469 10470 4743 10277 
9: 4862 5527 12288 
10: 4868 6398 8325 13126 13132 16419 10312 13127 13128 13129 13130 13133 13135 13136 10313 10314 10315 13131 13134 16942 13137 13138 17094 15123 15153 16943 17092 17093 19120 19533 15118 15119 15146 19518 19119 19118 19116 19521 9493 11052 11583 15149 18556 19535 15144 15151 15121 15150 15120 19520 19534 16418 16420 16941 15122 16421 15116 
11: 4990 5644 
12: 4991 4992 5645 
13: 5210 5211 14934 8477 8479 12793 14935 8476 11361 7371 16565 15862 13509 13510 15864 15865 15867 15871 12003 13507 13508 13512 13513 13518 15859 7052 12000 12001 12002 13515 7051 7050 11999 15856 15858 15860 14807 15857 20946 9812 20945 9813 12004 13511 13516 13517 15863 
14: 5276 20058 20071 20072 
15: 5338 5339 6139 6145 6149 5340 6140 6146 6150 6141 6147 6151 
16: 5480 7071 8865 18730 7070 7073 7133 9676 13236 17249 7072 13230 13231 12351 13232 13234 13235 17246 6691 10625 12350 13814 14136 17245 10618 10622 10619 9328 9116 10621 13816 14720 14721 18946 9115 18933 18945 18947 5882 5881 13794 13809 18934 13795 13810 13815 15874 8633 9680 14139 9679 9681 9674 9675 14138 18695 20923 
17: 5502 5503 6106 7769 19150 17416 17418 17419 9355 10891 17163 17417 
18: 5506 10386 11944 12045 12549 13199 14413 14573 15494 16143 17145 18431 18453 19097 20018 20499 21723 22818 23316 23833 23834 23835 23836 8663 10384 10385 10387 10388 10389 10808 10818 10819 10820 11032 11930 11931 11932 11933 11936 11937 11938 11939 11945 12044 12046 12543 12544 12545 12797 12798 12799 12800 12804 12805 12807 13188 13200 14060 14396 14397 14398 14399 14400 14401 14402 14403 14405 14407 14408 14409 14411 14414 14415 14416 15477 15478 15479 15480 15481 15482 15483 15484 15486 15488 15489 15490 15492 15495 15496 15497 15549 15610 15657 15905 15906 15911 16109 16110 16111 16112 16113 16114 16115 16116 16118 16125 16126 16127 16128 16129 16130 16131 16132 16133 16135 16141 16144 16145 16146 17127 17146 18229 18230 18245 18419 18420 18421 18422 18423 18424 18426 18429 18432 18433 18434 18443 18444 18445 18447 18448 18449 18454 18761 19095 19098 19099 19100 19584 20000 20001 20002 20003 20004 20005 20006 20007 20009 20011 20012 20014 20016 20019 20020 20021 20481 20482 20483 20484 20485 20486 20487 20488 20490 20492 20493 20495 20497 20500 20501 20502 20664 20665 20670 20672 20679 20701 20790 20800 20801 20802 20805 21029 21030 21031 21032 21033 21039 21040 21406 21408 21415 21416 21710 21724 22570 22706 22708 22712 22715 22725 22726 22727 22728 22729 22730 22731 22732 22733 22734 22735 22736 22737 22738 22739 22740 22741 22742 22743 22744 22745 22746 22749 22752 22753 22754 22755 22757 22759 22760 22761 22762 22764 22765 22766 22767 22768 22770 22771 22772 22773 22774 22777 22782 22783 22784 22785 22786 22787 22789 22809 22810 22812 22813 22814 22816 22819 22820 22821 22822 22823 22825 23029 23030 23031 23032 23033 23034 23035 23036 23037 23038 23039 23045 23307 23308 23310 23311 23314 23317 23318 23319 23576 23577 23579 23580 23706 23707 23708 23709 23710 23711 23712 23713 23714 23715 23716 23717 23725 23733 23817 23818 23819 23820 23837 23838 23839 23840 23841 23842 23843 23844 23845 23846 23847 23848 23849 23850 23851 23852 23853 23854 23855 23933 23934 23935 23937 23938 23940 23941 23942 23943 24005 24059 24060 24061 24062 24063 24064 24065 24066 24146 24147 24148 24149 8659 8660 8662 8664 8665 8666 10802 10807 10809 10811 10812 11926 11934 12540 14392 14404 15473 15485 16104 16117 18416 18425 18440 19996 20008 20477 20489 20668 20785 20789 20792 20793 20796 21020 21021 21022 21035 22750 22808 23306 23578 23930 23931 23932 24050 24051 24067 24068 8661 9283 10803 10804 10816 11927 12541 13185 14059 14393 14394 15474 15475 15608 16105 16106 16123 17125 18417 18441 19997 19998 20478 20479 20786 20787 20795 20798 21707 22705 22711 22718 22719 22720 22721 22722 22723 22724 22747 22799 23821 23822 23929 23936 24052 24053 24054 24055 24056 24057 24243 24244 10805 11928 12542 14395 15476 16107 16124 18418 19999 20480 21010 21013 21017 21018 21019 21023 21034 10806 11940 14894 14895 16122 16134 20663 20667 20669 20678 20692 20695 20743 20753 20775 21011 21014 21024 21026 21027 22748 24245 10786 10810 10813 10815 11929 13184 13186 14391 15472 16103 16108 16120 17124 18415 18442 19995 20476 20788 20794 21706 21708 22655 22656 22657 22658 22659 22660 22661 22662 22663 22664 22670 22807 23305 23410 23416 23417 23418 24058 10787 10789 10790 10791 10795 10796 10798 11400 13187 13191 14406 15487 16121 16140 17126 17130 18427 20010 20491 21709 21713 22811 23309 23313 23411 23413 23414 23421 10788 10793 13189 16139 17128 21711 23312 23415 23422 23423 10792 10794 13190 13193 17129 17136 17137 18226 21712 21717 13194 13195 17139 17140 21718 21719 13196 14410 15491 17142 20015 20496 21720 22815 23024 23025 23027 23028 23042 23043 13202 22824 23026 23040 23041 13198 13201 17148 21726 12796 13197 14412 15493 16142 17144 18430 19096 20017 20498 21722 22817 23315 23824 23825 23826 23827 10817 10821 11943 12801 12808 15609 18452 20742 20748 20752 20758 20774 20799 20803 22751 22781 23828 23829 16136 20747 20751 20757 20759 20779 20797 20806 22707 22710 22713 22717 22800 23718 23719 24247 11281 13760 13762 13764 13766 13768 13770 14310 14884 14888 14892 14898 14900 14902 14906 15625 15802 15805 15806 15808 15909 15920 16137 16138 16512 16514 16516 16520 16522 16524 16526 16528 17461 17462 17465 17466 17467 17468 17469 17470 17471 17473 17475 17476 17477 17479 17481 17482 18251 18767 18769 20666 20671 20673 20676 20681 20693 20694 20696 20697 20703 20744 20745 20749 20750 20754 20755 20760 20761 20762 20763 20770 20776 20783 21012 21015 21016 21028 21036 21038 21391 21395 21407 21409 21412 21413 21458 21462 21466 21467 22666 22667 22669 22709 22714 22716 22778 22779 22780 22790 22801 22802 22805 22806 23044 23581 24248 11273 11275 11277 11280 11282 11284 11285 14351 11272 11279 21400 21402 22668 22685 22687 11274 11276 11278 22688 22679 22683 22686 22689 22693 22776 22680 22756 11941 14353 14354 15814 16119 18450 19106 19588 20662 20677 20808 21009 21025 21540 22608 22672 22673 22674 22675 22677 22678 22684 22692 22694 22763 22775 11935 18446 20791 13192 21714 22676 21398 21397 21404 21399 21403 21401 21405 20769 21388 11408 14891 14905 16525 18236 20683 20685 20686 20687 20689 20691 20699 20756 20768 20771 20781 20782 20784 21387 21390 21392 21394 22769 11406 11409 11404 11407 17153 20764 20780 5522 7784 11405 17150 18234 18238 5523 10797 13204 17152 18757 18758 13203 13205 17151 18753 18754 18755 17149 17131 18227 17132 17134 18224 17133 17135 18241 18249 21410 21411 18250 20690 20700 21393 21464 18239 18244 18240 18237 18246 21396 11832 11833 11834 11835 11836 11837 11838 11839 11852 11853 11854 11855 11874 13771 13777 15910 15912 15913 15914 15915 15916 15917 15928 16517 16521 16523 17480 18231 18233 18247 18254 19585 19589 20659 20660 20746 20777 21389 22913 5984 10734 10735 10736 10737 10740 10741 10742 11805 11806 11807 11808 11809 11810 11812 11840 11841 11842 11843 11844 11845 11846 11847 11848 11849 11850 11851 13761 13763 13765 13767 13769 13772 13773 13774 13775 13776 14308 14352 14882 14883 14885 14886 14889 14890 14893 14899 14901 14908 15929 16513 16515 16518 16519 16527 16529 16530 16531 17459 17460 17463 17464 17472 17474 17478 17483 17484 18762 20661 20682 20684 20688 20698 20778 22826 23514 5986 5987 10738 10739 11811 14887 14896 14897 14904 20674 20675 20680 14903 14907 20702 22758 11731 11732 11735 14909 15930 21459 21463 11733 22924 18763 18768 18771 21465 21457 21461 15919 21456 21460 22788 15908 15918 15923 15907 15904 15903 18228 15922 15921 23939 19587 19590 22804 22919 22921 22914 22922 16280 22915 22916 22923 21474 18766 19586 22920 24105 19592 23640 21547 23639 23872 9663 23871 21037 15614 15622 14069 15611 15612 15621 14068 11039 12235 14070 15624 15670 23721 23722 23723 23724 23729 23730 23731 23732 20248 15627 18635 19345 20249 20250 20251 20260 20261 20262 20263 23015 18607 18621 18636 18637 18638 18639 18643 11880 17311 17313 17315 17317 17321 17322 17324 18608 18609 18610 18611 18612 18613 18614 18615 18616 18617 18618 18619 18620 18622 18623 18624 18625 18626 18627 18628 20237 20238 11885 11891 11903 11907 17326 13420 13427 13431 13432 13433 14616 15644 15645 15647 17281 17298 17319 17325 17328 17330 17332 17333 17354 18629 18644 19347 19350 19351 19352 19378 19382 19711 19712 19722 20239 13416 13417 13418 13419 13421 13422 13423 13424 13425 13426 13428 13434 13437 18654 18655 18656 18657 19333 19353 19355 19356 19367 19368 19369 19379 19383 19384 19719 19721 20268 13435 13436 19346 19377 19381 20271 20273 20279 20280 13430 13438 13439 13440 18276 18281 13429 15646 17342 17346 22698 13441 18285 18258 18286 18287 18288 18293 18294 18295 18260 18266 18268 18278 18280 19365 19364 19373 19376 22899 14586 18646 20269 14587 18633 18645 18647 18660 19371 18630 18631 18632 18634 18652 18658 18659 18605 18641 18649 19715 18606 18661 18663 18664 22583 22584 22585 22586 22594 18650 18662 22595 17339 18642 18648 18651 18653 20284 20285 17341 17350 17352 20286 20245 20282 20283 19720 20240 20241 20242 20244 19718 20243 21328 22695 17285 17303 22697 17278 17283 17284 17286 14612 17276 17277 17279 17295 14608 14609 14610 14611 14613 14614 14615 14617 14618 14619 14620 17280 17282 17289 17299 17287 17288 17307 17305 17297 17301 17306 17293 17323 17294 17296 17310 17302 17312 17304 17318 17320 17336 20861 20857 20858 20859 20860 20871 22690 20881 20882 22894 22587 22895 22588 22597 19332 22596 22906 19335 19341 19342 22905 20869 22903 20868 20872 22896 17331 17344 17353 17348 18640 22591 22589 22590 22610 22609 19357 19370 20267 20272 20266 20264 20265 18296 15649 23726 23727 23728 10732 10733 23515 12552 23511 23512 23516 23517 12550 12551 14318 20807 14309 14304 14305 14306 14307 14311 12547 17138 18242 18252 18253 17141 18243 18225 18232 17154 20765 20767 20773 11283 15798 15807 15809 15810 15811 15812 15813 15815 15816 15817 10814 15797 15799 15800 15801 15803 15804 15820 15821 22665 19107 19103 8364 15822 15823 23412 23175 23171 23173 11271 22671 23046 22569 23049 23419 23420 23424 23425 11942 11031 12228 12548 15656 18451 23823 17143 21721 17147 21725 15179 24246 15550 15669 14582 
19: 5519 5520 7077 11187 11188 11189 19485 7078 11194 11195 11190 11193 11191 11192 11198 11199 11202 11201 23557 13408 22994 23161 23558 23747 13405 13407 12596 13404 16216 18113 22992 23748 23183 23184 23185 23162 7023 23163 23164 23165 7024 10709 10715 10719 10721 10725 10707 10710 10708 10713 10717 10723 10714 10718 10724 10716 10720 10722 10726 17553 13409 19544 19543 19546 19545 14175 19486 14179 
20: 5616 6905 9423 10956 11487 
21: 5729 5730 5732 11141 19701 19703 19706 5733 5736 7917 11126 11143 11166 5738 7920 11131 11149 11171 7523 8425 18813 18815 7521 8421 18811 18812 18814 19704 11148 19707 11127 7918 11144 11167 11142 
22: 5777 10015 5902 10017 5903 
23: 5788 9878 12684 9879 9880 9884 9888 12685 15430 9890 15429 15431 17991 9885 9889 9891 12691 12692 12693 16563 16755 17990 17992 9886 12687 12688 16562 16916 16917 9883 12689 12694 13065 13067 13068 12391 12392 12393 5790 5791 10291 12675 12676 12686 
24: 5813 5815 9061 9415 9872 11008 12116 13988 14367 7265 8210 9060 9063 9065 9416 9874 11010 12118 13990 14368 7260 7263 7264 7259 7262 8205 9410 9412 12111 13983 13984 16149 16151 7261 9409 12110 16148 9411 16150 9413 9414 9871 11006 12114 16152 11007 12115 13987 16153 8207 9418 9876 11013 13993 14369 8213 8211 
25: 5915 5917 5918 5919 
26: 6321 7054 8286 8336 9997 9998 
27: 6754 6755 6756 6757 
28: 7236 
29: 7271 11696 14386 14390 
30: 7410 7411 7412 7413 7414 9985 11480 17605 18818 21475 21476 21477 22209 22629 22878 9987 22879 9986 9988 9990 9992 9996 21605 9984 9989 9991 9995 22881 11478 11974 17604 18820 20538 22214 22639 22880 22882 22883 11973 11975 11977 11978 15515 17603 22643 15516 20540 21602 21603 20543 17607 22213 22215 11976 18817 18819 11481 21604 21478 
31: 7448 
32: 7905 7906 8406 14967 15458 15461 15464 16094 19979 19983 19986 21945 21953 21954 21956 23280 14968 15462 16095 19984 21948 8404 14960 14965 14969 15456 16180 19977 21947 23584 8403 15455 19976 21944 15447 15448 15453 15457 19965 21943 11918 14945 14959 15445 15446 15449 15450 16089 16090 16175 19963 19966 19967 19973 21946 21949 21952 22524 22526 23298 23754 23755 23761 23762 11919 13867 14957 16087 19968 22527 23299 23757 23759 23765 23766 19964 22525 22975 22976 22977 14944 14958 16088 22978 22985 14942 14943 14946 14947 14950 14948 14949 14951 14952 14953 23445 23446 14961 16091 22890 22891 8959 10301 14962 10298 15459 16092 19981 22537 23302 23758 23760 10777 10970 19974 10779 10781 10783 15454 22533 23285 22534 23282 16176 19975 23301 19978 19985 21950 15463 16096 21951 23583 21955 
33: 7957 10158 15541 15537 
34: 7975 7976 7977 7979 7978 7980 
35: 8116 12432 12434 12433 13591 12435 12933 12935 12934 13594 10529 12931 12932 13593 10520 10527 10528 10531 10518 10519 10517 12930 10526 13588 10530 13590 13589 
36: 8650 8651 10772 10774 18385 18954 18955 
37: 8652 12836 
38: 8654 14849 14853 14856 
39: 8713 18088 18089 18090 18091 
40: 8860 10993 15175 17982 
41: 9073 
42: 9200 
43: 9231 9232 9233 9234 11711 11377 11713 13679 14185 11609 
44: 9255 9258 9261 20989 18949 20991 18937 18941 18950 19414 20987 18482 19416 19426 18483 20988 20993 20992 20986 20990 21002 21003 
45: 9633 9640 21319 21320 21322 21323 20458 20459 
46: 9657 16826 16827 
47: 9738 
48: 9919 9920 
49: 9976 9977 14831 14832 21967 18940 20539 21961 21965 21972 18936 18939 18935 
50: 10348 21315 21316 
51: 10509 10510 10511 10512 10513 
52: 10751 10752 11744 13665 13669 13666 13667 13668 13670 13671 
53: 10823 15001 17583 19682 19683 19684 19685 
54: 11461 13309 14267 
55: 12063 13714 13715 
56: 12908 12910 12912 
57: 13061 22620 20891 20892 
58: 13246 13247 17446 17447 17448 17449 17440 17441 17442 17443 17444 17445 17450 17455 15033 18023 
59: 13487 14429 14772 14773 
60: 13730 
61: 15082 17550 17551 17555 17562 
62: 15390 
63: 17511 
64: 19412 19413 19422 19424 19429 19423 19425 19430 
65: 19695 
66: 21138 
67: 23629 
