# The directed communities at k=6
# from /Users/bogna/dev/role-mining/datasets/hepth/timeslots/cit-HepTh-2001.edges
# at no lower link weight threshold,
# and at no upper link weight threshold.
# Links were treated as directed.
# No time limit was set for the clique search.

0: 0106133 0002196 0012069 0108040 9605030 9907027 0110021 0110054 0112089 
1: 9612115 0101071 0003208 0004076 9711073 9803117 9803265 9804199 9811220 9902113 9908038 0103159 0104260 0105284 0108041 0111102 0108070 0108128 0109160 
2: 0002159 0007191 0011023 0012011 9703166 9711200 9807080 9911096 0101020 9810201 0007018 0008001 9907026 0003286 9802042 0101096 9407025 9609113 9912152 0012041 9504090 9301042 9207094 9309140 0011288 0101206 0008142 0011089 0011256 0012136 9511222 9706109 0002222 0005247 0012179 0003198 0102185 0012195 0103011 0103067 9811131 9912151 0103080 0011190 0103167 0009047 0103100 9912123 0103115 0103155 0011130 9903093 0103223 0104037 0104105 9506150 0104124 0104208 0105019 0105045 0004196 0010102 0105049 0105066 0105096 0105225 0105250 0106026 0106034 0106040 0106055 0106117 0106160 0106162 0106177 0106266 0107166 0107177 0108064 0108080 0108091 0108120 0108165 0108219 0108226 0108229 0108234 0108245 0109025 0109039 0109075 0109076 0109092 0109126 0109152 0109177 0109214 0110028 0110034 0110050 0110115 0110171 0110184 0110216 0110232 0110302 0111012 0111048 0111050 0111060 0111096 0111113 0111128 0111165 0111198 0112040 0112098 0112113 0112117 0112126 0112138 0112235 
3: 9608177 9811232 9901003 0007048 0001216 0011020 0103152 9912222 0103191 0105210 0111106 0112048 
4: 9910053 9508068 9906055 9309075 0012072 9312172 9411198 9507143 0103220 0104136 9512154 9804076 9610170 0104238 9502038 9510041 9908132 0105023 0106206 9411099 0105062 0105209 0105220 0105308 0106079 0107002 0107116 0108075 0108140 0108196 0109019 0110077 0110099 0110107 0110200 0110164 0110170 0110186 0111004 0111051 0111154 0111155 0111177 0111199 0111212 0112059 0112101 0112173 0112199 
5: 9711200 9802109 9802150 9905111 9906064 9806087 9912012 9409089 0001192 0003052 0004097 0007064 9910149 9910219 9911055 9912287 9905012 0004126 0101073 0002145 0008140 0009244 0010127 0011115 0101076 0101083 0101164 9806039 9901147 9902088 9902126 9904120 9905177 9906022 9911002 9912055 9803131 9902173 9907012 0101091 9902121 9903225 9806146 9807127 9808069 9911082 0005127 0101176 0102035 0102042 0102077 0007146 0010252 0102113 0012052 0102138 0004056 0102159 0102184 9806119 0103078 0103108 9810169 0103171 0103241 0104141 0104159 0105036 0105048 0105052 0105070 0105093 0105117 0105160 0105214 0105249 0105256 0106054 9807216 0106086 0112045 0112227 0106109 0106113 0106127 0106151 0106184 0106191 0106209 0106247 0107031 0107067 0107091 0107134 0107169 0107173 0107234 0107238 0108092 0108119 0109213 0110007 0110087 0110108 0112218 0112223 0112226 0108172 0109057 0109122 0110031 0110062 0110064 0110169 0110234 0110238 0110265 0111008 0111093 0111201 0111238 0111247 0111276 0112140 0109168 0110123 0111085 0111136 0111182 0111217 0112002 0112009 0112066 0112093 0112152 0112253 
6: 0102156 0003029 0007007 9303160 9503209 9509166 9510149 9511134 9604026 9605062 9606050 9606138 9610168 9611160 9705240 9707090 9807091 9808169 9911163 0103064 0003184 9606130 0103197 0105046 0105248 0107242 0107160 0111228 0111260 0112094 
7: 0107128 0107004 0107245 0110065 0112046 0112255 
8: 9906064 0006203 0008012 0101185 0012013 0102147 9912232 0103009 0103052 0103158 0103257 0107018 
9: 9805141 9806226 9712028 0103170 0103183 0105101 0106267 0107153 
10: 0002037 9906242 9910172 0006224 0010196 9906200 9606112 9207094 0101218 0011017 9705241 0010223 0102122 0010269 0011257 0102183 0102198 0103114 0104126 0104147 0104200 0104254 0105014 0105063 0107063 0107152 0107162 0109013 0109069 0110071 0110288 0111239 0112029 
11: 0012023 0103051 9303005 0105135 0107048 0108124 0109179 
12: 0012023 0103051 9303005 0105135 0107048 0109008 0112125 0112158 
13: 9510209 9906064 9602070 9603142 9803235 9710208 9806051 9711197 9211021 0103239 0104073 0105032 0108187 0109050 0105199 0105212 0106179 0106241 0105204 0106282 0106285 0107176 0109004 0109173 0109194 0111030 0111098 0111279 0112026 0112128 0112249 
14: 0002075 0003137 9912167 0101109 0002186 0102101 0102022 0104106 0111208 
15: 0101097 0008210 9812132 9903258 9905061 0102021 0103215 0105037 0106035 0109105 0110279 
16: 9908142 0101029 0010105 0010264 0102016 0003007 0004071 0006114 0102092 0010113 0012266 0102181 0102137 0102188 0103013 0103139 0103179 0104091 0104264 0106011 0106072 0106016 0106048 0107168 0107178 0107200 0107179 0108096 0108145 0109176 0109186 0110300 0111013 0111064 0111109 0112185 0112220 
17: 9908142 0005026 0005040 0006062 0006112 0005048 0007147 0102056 0006023 0011282 0103188 0104168 0105083 0105288 0106046 0109107 
18: 0101014 0001084 0001201 0002117 0002211 0002237 0003031 0003220 0004015 0005036 0006240 0007153 0008033 0008053 0008101 0008252 0009103 0009105 0009148 0009191 0010108 0010190 0011238 0012251 9503099 9805170 9902105 9911116 9912249 0003160 0003101 0005006 0010060 0005031 9904207 0009246 0011226 0012198 0012210 9208027 9210065 0101162 9909062 0007175 0101200 0101207 0002223 0009061 0010240 0011033 9303143 0003278 0008127 0010034 0010218 0011009 0012081 9311177 0102071 0008227 0008231 9901159 0102076 9912121 0102085 0011117 9912120 0102112 0102192 0103085 0103089 0103102 0103103 0104090 0104099 0105115 0105247 0105264 0106033 0104164 0104230 0105024 0105058 0105059 0105098 0105227 0105129 0105156 0105168 0105175 0105184 0105230 0105238 0105242 0105246 0105312 0105319 0106002 0106201 0106010 0106027 0106036 0106048 0106068 0106107 0106157 0106213 0106242 0107007 0107046 0107070 0107098 0107101 0107116 0107197 0108150 0109032 0109049 0109182 0109187 0110124 0110136 0110204 0111034 0111069 0111087 0111092 0111129 0111153 0111199 0111208 0111281 0112135 0112169 0112202 0112203 0112214 0112231 
19: 9908142 0003160 0007043 0005006 0011095 0010060 0005031 0005204 0006071 0007204 0009030 0009142 0010090 0101199 0010101 0012259 0007255 0102076 0011139 0103217 0103256 0104017 0104090 0104095 0104143 0105012 0105311 0106048 0106180 0106213 0107121 0107251 0109102 0109209 0110122 0111094 0112050 0112189 
20: 0007030 9505175 9510083 9811169 0102212 9912050 0106205 0107099 0109084 0109102 0110291 
21: 9711200 9802109 9802150 9809192 0003203 0005182 0010137 9812067 9906188 0103230 0009106 9908163 0104016 0105218 0105254 0106238 0106249 0107071 0107212 0112251 
22: 0104005 0104035 0104179 0105153 0106126 0108089 0109082 0110146 0110188 0111079 
23: 9908040 9812193 9806194 9903219 0012234 9909030 9609112 0001053 0105038 0001199 9901122 0105252 0106005 0106129 0107035 0107189 0108001 0109150 0109200 0110008 0112178 0112188 0112198 
24: 9606139 9908130 9912204 0007024 0011073 0012156 0008250 0007090 0105155 0010198 0010279 9503030 0105208 0107036 0107138 0107143 0107166 0110055 0112147 0111179 0112015 0112174 
25: 9906064 0101228 0012143 9906206 9912037 0102194 0108073 0108237 0111118 
26: 9711200 9803002 9904191 0101225 0003055 0010274 9809188 0103058 0106015 0108182 0111290 
27: 9908105 0103015 0105274 0105277 0106062 0108169 0109030 0112210 
28: 9908160 0104016 0105218 0106249 0107084 0107212 
29: 9911161 9605033 9707224 9903210 0105077 0105159 0106038 0111044 0112133 
30: 9908142 0008013 0008042 0008075 0010204 0011125 0011131 9711162 9909214 9910004 9910052 9910053 0009101 0104036 0104045 0104139 0105139 0105166 0106024 0106048 0107087 0107106 0107172 0107185 0107199 0108104 0112238 
31: 0101029 0012155 0102137 0103013 0108096 0109186 
32: 0101013 0002159 0007191 0008076 0008081 0011077 0011193 9507012 9711200 9911096 9911161 9612126 0008001 0009211 9603167 0011060 9610140 0012035 0006060 0009047 0104026 0105159 0106014 0105258 0106061 0106117 0106160 0106186 0107057 0108016 0110281 0112059 0112107 0112126 0112145 0112190 0112195 
33: 0006251 9909199 0101198 0104177 0003067 0106140 0107086 0109099 0112047 
34: 0011138 0011152 0102093 0105008 0105255 0106001 0106058 0107086 0108194 
35: 9701125 0002180 9703217 9908105 0101192 0102009 0103015 0104236 0105274 0105277 0106062 0107226 0108169 0109030 
36: 0002159 0007191 0010088 0011146 0101020 0102105 0102172 0101043 0108016 0112107 
37: 0007191 0011146 0102105 0102172 0103022 0104069 0106148 
38: 0002159 0007191 0010088 0011146 0102105 0102172 0103022 0108205 0111017 
39: 9906064 9603142 9803235 0101049 9806051 9808101 0102046 0103239 0104073 0106285 
40: 9912072 0002171 0002210 0009233 0106048 0107110 0107199 0108158 0110046 
41: 9908142 0102129 0104153 0105192 0107225 0111038 
42: 0101102 0003187 0101145 0101211 0108002 0110270 
43: 9910053 9711106 0103030 0103148 0105062 0105095 0106012 0108207 0110039 0111156 0112180 0112034 0112054 0112106 
44: 9908142 0008205 0011125 9910004 0002075 9912072 0102076 0104133 0106048 0109162 0110113 0110093 0110203 0112139 0112176 0112185 
45: 9908142 0005040 0005129 9912072 0005048 0003113 0003180 0104217 0103069 0105257 0106048 0109162 0110046 
46: 9908142 0002075 0008090 0104217 0104097 0105089 0109162 0111208 
47: 9908142 0102070 0104217 0103020 0106048 0110134 
48: 0005016 0008054 0106050 0106067 0108055 0109054 0111266 
49: 9908142 0008042 0008075 0011125 9910004 0104036 0104045 0104139 0105242 0105311 0106048 0107178 0107225 0110035 0112185 
50: 9908142 0002075 0011218 0104217 0105089 0106048 0109162 0110113 
51: 0102077 0104180 0104181 0105017 0105206 0106146 0107124 0108008 0111275 
52: 0003187 9908040 0003037 9812193 0012164 9909030 0105038 0108044 0108100 0108142 0111189 0111230 0112078 0112193 0112221 
53: 0101016 0008042 0008075 0008144 0011125 0011131 0012218 9910004 0101177 0103124 0104021 0106217 
54: 9906064 0008188 0008192 0105182 0106245 0107126 0108215 0109038 
55: 0101119 0001071 0004111 0008112 0103153 0104056 0109094 0112136 
56: 0003160 0005006 0005031 0103256 0104017 0105012 0105185 0106213 
57: 0102077 0007146 0104180 0104181 0106109 0106184 0106209 0112223 0109168 
58: 9908142 0008042 0008075 0008205 0011125 0012218 9908056 9910004 0007089 0002075 9912072 0106121 0107106 0110113 0110066 0110215 0111059 0111145 0112176 
59: 9807080 9810201 9603167 9704151 0104259 0109053 0109063 0110028 0110184 
60: 0004111 0104056 0104156 0105207 0106092 0109094 
61: 9908142 0007043 0011079 0010060 0009142 0105079 0105311 0109070 0112050 0112189 
62: 9906064 0104023 0106054 0107065 0108092 0109038 
63: 0004014 0103031 0104150 0104177 0107086 0109216 
64: 9908142 9907166 9912072 0005208 0102007 0102045 0106048 0109130 0109162 0110203 
65: 9905111 0103112 0104016 0106238 0107084 0107212 
66: 0104180 0104181 0106109 0112223 0110062 0112066 
67: 9908142 0107115 0105242 0106048 0109162 0109176 
