# The graph of directed at k=6
# from /Users/bogna/dev/role-mining/datasets/hepth/timeslots/cit-HepTh-2001.edges
# at no lower link weight threshold,
# and at no upper link weight threshold.
# Links were treated as directed.
# No time limit was set for the clique search.

2 5 1
2 10 1
2 21 1
2 24 1
2 26 1
2 32 9
2 36 3
2 37 1
2 38 2
2 59 4
4 18 2
4 30 1
4 32 1
4 43 2
5 8 1
5 13 1
5 21 3
5 25 1
5 26 1
5 32 1
5 39 1
5 51 1
5 54 1
5 57 7
5 62 3
5 65 1
5 66 4
8 13 1
8 25 1
8 39 1
8 54 1
8 62 1
11 12 5
13 25 1
13 39 7
13 54 1
13 62 1
14 18 1
14 44 1
14 46 2
14 50 1
14 58 1
16 17 1
16 18 1
16 19 2
16 30 2
16 31 5
16 40 1
16 41 1
16 44 3
16 45 2
16 46 1
16 47 2
16 49 4
16 50 2
16 58 1
16 61 1
16 64 2
16 67 3
17 19 1
17 30 1
17 41 1
17 44 1
17 45 3
17 46 1
17 47 1
17 49 1
17 50 1
17 58 1
17 61 1
17 64 1
17 67 1
18 19 8
18 30 1
18 40 1
18 44 2
18 45 1
18 46 1
18 47 1
18 49 2
18 50 1
18 56 4
18 61 1
18 64 1
18 67 2
19 20 1
19 30 2
19 40 1
19 41 1
19 44 3
19 45 2
19 46 1
19 47 2
19 49 3
19 50 2
19 56 7
19 58 1
19 61 7
19 64 2
19 67 2
21 26 1
21 28 4
21 32 1
21 65 3
23 52 4
25 39 1
25 54 1
25 62 1
26 32 1
27 35 7
28 65 3
29 32 2
30 40 2
30 41 1
30 43 1
30 44 4
30 45 2
30 46 1
30 47 2
30 49 9
30 50 2
30 53 5
30 58 6
30 61 1
30 64 2
30 67 2
32 36 4
32 37 1
32 38 2
32 59 1
33 34 1
33 63 2
34 63 1
36 37 4
36 38 6
37 38 5
39 54 1
39 62 1
40 44 2
40 45 3
40 47 1
40 49 1
40 50 1
40 58 1
40 64 2
40 67 1
41 44 1
41 45 1
41 46 1
41 47 1
41 49 2
41 50 1
41 58 1
41 61 1
41 64 1
41 67 1
42 52 1
44 45 4
44 46 3
44 47 2
44 49 5
44 50 5
44 53 2
44 58 8
44 61 1
44 64 5
44 67 3
45 46 3
45 47 3
45 49 2
45 50 4
45 58 2
45 61 1
45 64 4
45 67 3
46 47 2
46 49 1
46 50 5
46 58 2
46 61 1
46 64 2
46 67 2
47 49 2
47 50 3
47 58 1
47 61 1
47 64 2
47 67 2
49 50 2
49 53 4
49 58 5
49 61 2
49 64 2
49 67 3
50 58 3
50 61 1
50 64 3
50 67 3
51 57 3
51 66 2
53 58 5
54 62 2
55 60 3
57 66 4
58 61 1
58 64 2
58 67 1
61 64 1
61 67 1
64 67 3
