# The directed cliques from /Users/bogna/dev/role-mining/datasets/enron/timeslots/11-filtered2.edges
# at no lower link weight threshold,
# and at no upper link weight threshold.
# Links were treated as directed.
# No time limit was set for the clique search.

0: 00016 00065 00014 
1: 00128 00017 00071 
2: 00117 00125 00080 
3: 00128 00105 00112 
4: 00008 00114 00128 00105 
5: 00009 00076 00098 
6: 00023 00092 00113 
7: 00027 00065 00052 
8: 00065 00076 00052 
9: 00051 00074 00150 00151 
10: 00058 00117 00125 
11: 00007 00011 00012 00025 
12: 00007 00011 00012 00038 
13: 00128 00017 00040 00041 00061 
14: 00128 00021 00017 00118 
15: 00021 00118 00101 
16: 00114 00096 00105 00101 00110 
17: 00006 00084 00107 
18: 00084 00021 00101 
19: 00011 00012 00025 00128 
20: 00025 00128 00017 
21: 00016 00051 00074 
22: 00016 00065 00074 
23: 00065 00074 00150 
24: 00107 00054 00036 00123 00150 
25: 00065 00107 00036 00123 00150 
26: 00078 00100 00104 00111 00102 
27: 00078 00058 00102 
28: 00002 00020 00028 00070 00141 
29: 00020 00028 00070 00032 00018 
30: 00020 00028 00070 00141 00018 
31: 00011 00012 00038 00128 
32: 00011 00012 00038 00075 
33: 00128 00010 00021 00017 
34: 00048 00091 00044 
35: 00091 00044 00100 00111 
36: 00103 00078 00058 
37: 00103 00058 00120 
38: 00103 00058 00125 
39: 00038 00128 00033 00017 00041 
40: 00128 00061 00105 
41: 00061 00125 00105 
42: 00019 00020 00070 00141 00030 00055 00072 
43: 00027 00067 00107 00092 
44: 00107 00023 00069 00092 
45: 00107 00054 00051 00069 00046 
46: 00107 00054 00051 00046 00150 
47: 00051 00069 00073 00046 
48: 00114 00105 00094 00101 
49: 00078 00111 00094 00101 
50: 00120 00105 00094 00101 
51: 00002 00003 00019 00020 00070 00141 
52: 00002 00003 00019 00068 00070 00141 
53: 00003 00068 00029 00032 00066 
54: 00003 00068 00141 00029 00137 
55: 00003 00068 00029 00032 00137 
56: 00068 00029 00066 00150 
57: 00066 00054 00150 
58: 00012 00076 00075 
59: 00141 00137 00073 
60: 00038 00023 00073 
61: 00051 00023 00069 00073 
62: 00044 00078 00100 00104 00111 
63: 00044 00078 00104 00111 00101 
64: 00044 00104 00120 00101 
65: 00006 00016 00065 00107 
66: 00016 00107 00051 
67: 00016 00107 00122 
68: 00006 00009 00013 00048 00050 00065 00067 
69: 00009 00013 00050 00065 00076 
70: 00009 00013 00050 00067 00057 
71: 00009 00013 00050 00057 00076 
72: 00107 00010 00054 
73: 00107 00010 00017 
74: 00107 00010 00096 
75: 00013 00057 00075 00033 
76: 00038 00057 00075 00033 
77: 00068 00122 00150 
78: 00107 00054 00122 00150 
79: 00107 00096 00122 00017 
80: 00019 00020 00070 00032 00018 
81: 00019 00020 00070 00141 00018 00030 
82: 00020 00141 00137 00018 00030 
83: 00020 00032 00137 00018 
84: 00107 00051 00023 00069 
85: 00107 00038 00023 
86: 00107 00054 00051 00069 00036 
87: 00128 00100 00105 
88: 00096 00058 00120 
89: 00096 00120 00105 00101 
90: 00003 00020 00141 00137 
91: 00003 00020 00032 00137 
92: 00068 00141 00137 00030 
93: 00006 00013 00027 00048 00065 00067 
94: 00006 00027 00065 00067 00107 
95: 00027 00107 00051 
96: 00013 00065 00076 00075 
97: 00013 00057 00076 00075 
98: 00065 00107 00075 
99: 00107 00038 00057 00075 
100: 00107 00044 00036 
101: 00107 00054 00051 00036 00150 
102: 00107 00054 00078 00058 
103: 00107 00096 00078 00058 
104: 00003 00019 00020 00070 00032 
105: 00003 00019 00068 00070 00032 
106: 00067 00107 00057 
107: 00107 00057 00096 
108: 00019 00068 00070 00141 00030 
109: 00107 00096 00044 00078 
110: 00096 00044 00078 00101 
111: 00107 00038 00017 
