# The links inside the directed communities at k=4
# from /Users/bogna/dev/role-mining/datasets/enron/timeslots/10-1999.edges
# at no lower link weight threshold,
# and at no upper link weight threshold.
# Links were treated as directed.
# No time limit was set for the clique search.

0:
10759 11679
10759 4250
10759 505
10759 527
11679 4250
505 11679
11679 527
505 4250
505 527
1:
558 1336
558 825
558 1375
558 641
558 786
558 1550
558 927
558 628
603 558
558 1586
558 1548
558 854
1066 2100
641 1066
786 1066
1541 1066
519 1066
17265 1066
641 2100
2100 786
2100 1541
3298 2100
1336 825
641 1336
786 1336
641 825
786 825
641 1375
786 1375
142 599
142 641
142 786
1541 142
641 599
786 599
641 786
641 1541
641 519
641 714
641 1550
641 927
641 628
17265 641
641 1070
641 600
641 603
641 3298
641 663
641 1586
641 1548
641 854
641 851
786 1541
786 519
786 714
1545 786
786 1550
786 498
786 889
786 927
786 628
786 17265
786 1070
786 600
786 603
29338 786
786 3298
786 663
786 1586
786 1548
786 854
786 851
1541 519
1541 714
1545 1541
29338 1541
1545 519
498 519
17265 519
29338 519
663 519
1545 714
498 714
17265 714
1545 1550
1545 498
1545 889
498 1550
498 889
498 663
17265 1070
17265 600
663 1070
854 663
663 851
2:
8454 1135
8454 1150
8454 8388
8454 8397
8454 8403
8454 8407
8454 8410
8454 8419
8454 8444
8454 8457
8454 8458
8454 8460
8454 8487
8454 8493
8454 8499
8454 8505
8454 8526
8454 8541
8454 8548
8454 8551
8454 8554
8454 8559
8454 8570
8460 1135
8526 1135
8460 1150
8526 1150
8460 8388
8526 8388
8460 8397
8526 8397
8460 8403
8526 8403
8460 8407
8526 8407
8460 8410
8526 8410
8460 8419
8526 8419
8460 8444
8526 8444
8460 8457
8526 8457
8460 8458
8526 8458
8460 8487
8460 8493
8460 8499
8460 8505
8460 8526
8460 8541
8460 8548
8460 8551
8460 8554
8460 8559
8460 8570
8526 8487
8526 8493
8526 8499
8526 8505
8526 8541
8526 8548
8526 8551
8526 8554
8526 8559
8526 8570
3:
527 544
527 1411
527 550
527 723
1223 544
1411 1223
723 1223
544 1411
544 1891
544 550
544 723
1411 1891
1411 550
1411 723
723 1891
723 550
