# The links inside the directed communities at k=8
# from /Users/bogna/dev/role-mining/datasets/hepth/timeslots/cit-HepTh-2000.edges
# at no lower link weight threshold,
# and at no upper link weight threshold.
# Links were treated as directed.
# No time limit was set for the clique search.

0:
0002091 9906064
0002161 9906064
0002190 9906064
0003020 9906064
0003045 9906064
0003054 9906064
0003074 9906064
0003076 9906064
0004028 9906064
0005016 9906064
0008151 9906064
0006044 9906064
0007177 9906064
0009199 9906064
0010093 9906064
0003162 9906064
0003269 9906064
0004114 9906064
0005066 9906064
0005167 9906064
0005206 9906064
0005217 9906064
0006030 9906064
0006059 9906064
0006191 9906064
0006215 9906064
0007002 9906064
0008041 9906064
0008054 9906064
0008128 9906064
0009022 9906064
0011111 9906064
0011141 9906064
0011245 9906064
0012049 9906064
0002091 9911055
0002072 9911055
0003020 9911055
0003045 9911055
0003054 9911055
0003076 9911055
0004028 9911055
0005016 9911055
0008151 9911055
0007177 9911055
0010093 9911055
0003162 9911055
0004114 9911055
0005167 9911055
0005206 9911055
0006030 9911055
0006191 9911055
0007002 9911055
0009199 9510017
0005217 9510017
0006215 9510017
0008041 9510017
0008054 9510017
0008128 9510017
0009022 9510017
0011111 9510017
0011245 9510017
0012049 9510017
0009199 9612128
0005217 9612128
0006215 9612128
0008041 9612128
0008054 9612128
0008128 9612128
0009022 9612128
0011111 9612128
0011245 9612128
0012049 9612128
0009199 9510209
0005217 9510209
0006215 9510209
0008041 9510209
0008128 9510209
0009022 9510209
0011111 9510209
0011245 9510209
0012049 9510209
0009199 9603142
0005217 9603142
0006215 9603142
0008041 9603142
0008128 9603142
0009022 9603142
0011111 9603142
0011245 9603142
0012049 9603142
0002190 9910093
0009199 9910093
0005217 9910093
0006215 9910093
0008041 9910093
0008128 9910093
0009022 9910093
0011111 9910093
0011245 9910093
0012049 9910093
0009199 9809147
0005217 9809147
0006215 9809147
0008041 9809147
0008128 9809147
0009022 9809147
0011111 9809147
0011245 9809147
0012049 9809147
0009199 9602070
0005217 9602070
0006215 9602070
0008041 9602070
0008128 9602070
0009022 9602070
0011111 9602070
0011245 9602070
0012049 9602070
0009199 9603133
0005217 9603133
0006215 9603133
0008041 9603133
0008128 9603133
0009022 9603133
0011111 9603133
0011245 9603133
0012049 9603133
0009199 9805157
0005217 9805157
0006215 9805157
0008041 9805157
0008128 9805157
0009022 9805157
0011111 9805157
0011245 9805157
0012049 9805157
0009199 9905137
0005217 9905137
0006215 9905137
0008041 9905137
0008128 9905137
0009022 9905137
0011111 9905137
0011245 9905137
0012049 9905137
0002190 9611213
0005016 9611213
0009199 9611213
0005217 9611213
0006215 9611213
0008041 9611213
0008054 9611213
0008128 9611213
0009022 9611213
0011111 9611213
0011245 9611213
0012049 9611213
0009199 9803076
0005217 9803076
0008041 9803076
0008128 9803076
0009022 9803076
0011111 9803076
0011245 9803076
0009199 9803214
0005217 9803214
0008041 9803214
0008128 9803214
0009022 9803214
0011111 9803214
0011245 9803214
0009199 9804110
0005217 9804110
0006215 9804110
0008041 9804110
0008128 9804110
0009022 9804110
0011111 9804110
0011245 9804110
0012049 9804110
0009199 9806008
0005217 9806008
0006215 9806008
0008041 9806008
0008128 9806008
0009022 9806008
0011111 9806008
0011245 9806008
0012049 9806008
0009199 9811193
0005217 9811193
0006215 9811193
0008041 9811193
0008128 9811193
0009022 9811193
0011111 9811193
0011245 9811193
0012049 9811193
0009199 9812163
0005217 9812163
0006215 9812163
0008041 9812163
0008128 9812163
0009022 9812163
0011111 9812163
0011245 9812163
0012049 9812163
0003020 0002091
0003045 0002091
0003054 0002091
0003076 0002091
0004028 0002091
0005016 0002091
0008151 0002091
0007177 0002091
0010093 0002091
0003162 0002091
0004114 0002091
0005167 0002091
0005206 0002091
0006191 0002091
0007002 0002091
0002161 0002072
0002190 0002072
0003020 0002072
0003045 0002072
0003054 0002072
0003074 0002072
0003076 0002072
0004028 0002072
0005016 0002072
0008151 0002072
0006044 0002072
0007177 0002072
0009199 0002072
0010093 0002072
0003162 0002072
0003269 0002072
0004057 0002072
0005066 0002072
0005167 0002072
0005206 0002072
0005217 0002072
0006030 0002072
0006059 0002072
0006191 0002072
0006215 0002072
0007002 0002072
0008041 0002072
0008054 0002072
0008128 0002072
0009022 0002072
0011138 0002072
0011141 0002072
0002161 0002190
0003020 0002161
0003045 0002161
0003054 0002161
0003074 0002161
0003076 0002161
0004028 0002161
0005016 0002161
0008151 0002161
0006044 0002161
0007177 0002161
0009199 0002161
0010093 0002161
0003162 0002161
0003269 0002161
0004057 0002161
0005167 0002161
0005206 0002161
0005217 0002161
0006030 0002161
0006059 0002161
0006191 0002161
0006215 0002161
0008041 0002161
0008054 0002161
0008128 0002161
0009022 0002161
0011138 0002161
0011141 0002161
0011245 0002161
0003020 0002190
0003045 0002190
0003054 0002190
0003076 0002190
0004028 0002190
0005016 0002190
0008151 0002190
0006044 0002190
0007177 0002190
0009199 0002190
0010093 0002190
0003162 0002190
0003269 0002190
0004057 0002190
0004114 0002190
0005066 0002190
0005167 0002190
0005206 0002190
0005217 0002190
0006030 0002190
0006059 0002190
0006191 0002190
0006215 0002190
0007002 0002190
0008041 0002190
0008054 0002190
0008128 0002190
0009022 0002190
0011111 0002190
0011138 0002190
0011141 0002190
0011245 0002190
0012049 0002190
0003045 0003020
0003054 0003020
0003074 0003020
0003076 0003020
0004028 0003020
0005016 0003020
0008151 0003020
0006044 0003020
0007177 0003020
0010093 0003020
0003162 0003020
0003269 0003020
0004057 0003020
0004114 0003020
0005066 0003020
0005167 0003020
0005206 0003020
0005217 0003020
0006030 0003020
0006059 0003020
0006191 0003020
0006215 0003020
0007002 0003020
0008041 0003020
0011138 0003020
0011141 0003020
0003054 0003045
0003074 0003045
0003076 0003045
0004028 0003045
0005016 0003045
0008151 0003045
0007177 0003045
0010093 0003045
0003162 0003045
0003269 0003045
0004057 0003045
0004114 0003045
0005167 0003045
0005206 0003045
0005217 0003045
0006030 0003045
0006059 0003045
0006191 0003045
0006215 0003045
0007002 0003045
0008041 0003045
0011138 0003045
0011141 0003045
0003076 0003054
0004028 0003054
0005016 0003054
0008151 0003054
0006044 0003054
0010093 0003054
0003162 0003054
0003269 0003054
0004057 0003054
0004114 0003054
0005066 0003054
0005167 0003054
0005206 0003054
0005217 0003054
0006030 0003054
0006059 0003054
0006191 0003054
0006215 0003054
0007002 0003054
0008041 0003054
0008054 0003054
0009022 0003054
0011138 0003054
0011141 0003054
0011245 0003054
0012049 0003054
0005016 0003074
0003162 0003074
0004057 0003074
0005206 0003074
0006030 0003074
0011138 0003074
0011141 0003074
0003076 0004028
0003076 0005016
0003076 0008151
0006044 0003076
0007177 0003076
0010093 0003076
0003162 0003076
0003269 0003076
0004057 0003076
0004114 0003076
0005066 0003076
0005167 0003076
0005206 0003076
0006191 0003076
0007002 0003076
0005016 0004028
0008151 0004028
0006044 0004028
0007177 0004028
0010093 0004028
0004057 0004028
0005066 0004028
0005206 0004028
0006030 0004028
0007002 0004028
0011138 0004028
0011141 0004028
0006044 0005016
0005016 0003162
0005016 0004057
0005066 0005016
0005206 0005016
0005217 0005016
0006059 0005016
0006215 0005016
0008041 0005016
0008054 0005016
0008128 0005016
0009022 0005016
0011111 0005016
0011245 0005016
0012049 0005016
0008151 0007177
0008151 0003269
0008151 0005066
0008151 0006030
0006044 0005066
0006044 0005206
0007177 0006030
0007177 0006191
0009199 0004057
0009199 0005217
0009199 0006059
0009199 0006215
0009199 0008041
0009199 0008054
0009199 0008128
0009199 0009022
0011111 0009199
0011245 0009199
0012049 0009199
0010093 0003162
0010093 0005206
0010093 0005217
0004057 0003162
0004114 0003162
0005206 0003162
0006030 0003162
0005167 0003269
0005217 0004057
0006059 0004057
0006215 0004057
0008041 0004057
0008054 0004057
0008128 0004057
0009022 0004057
0005167 0004114
0006191 0005206
0006059 0005217
0006215 0005217
0008041 0005217
0008054 0005217
0008128 0005217
0009022 0005217
0011111 0005217
0011245 0005217
0012049 0005217
0006059 0006030
0006191 0006030
0011138 0006030
0011141 0006030
0006215 0006059
0008041 0006059
0008054 0006059
0008128 0006059
0009022 0006059
0011111 0006059
0011245 0006059
0012049 0006059
0008041 0006215
0008054 0006215
0008128 0006215
0009022 0006215
0011245 0006215
0012049 0006215
0008054 0008041
0008128 0008041
0009022 0008041
0011111 0008041
0011245 0008041
0012049 0008041
0008128 0008054
0009022 0008054
0011111 0008054
0011245 0008054
0012049 0008054
0009022 0008128
0011111 0008128
0011245 0008128
0012049 0008128
0011111 0009022
0011245 0009022
0012049 0009022
0011245 0011111
0012049 0011111
0011138 0011141
0012049 0011245
1:
0001201 9810188
0002237 9810188
0003101 9810188
0005036 9810188
0006240 9810188
0008033 9810188
0009038 9810188
0009061 9810188
0009189 9810188
0010016 9810188
0010060 9810188
0010240 9810188
0011029 9810188
0012251 9810188
0003160 9711162
0005031 9711162
0006071 9711162
0007217 9711162
0008013 9711162
0009038 9711162
0010016 9711162
0010060 9711162
0011095 9711162
0011223 9711162
0005006 9908142
0005031 9908142
0006071 9908142
0007217 9908142
0008013 9908142
0008023 9908142
0008214 9908142
0009030 9908142
0009038 9908142
0009090 9908142
0009101 9908142
0009189 9908142
0009213 9908142
0010034 9908142
0010060 9908142
0011029 9908142
0011057 9908142
0011223 9908142
0011283 9908142
0002117 9811237
0002211 9811237
0002237 9811237
0005036 9811237
0006240 9811237
0007153 9811237
0008053 9811237
0009038 9811237
0009191 9811237
0009246 9811237
0010240 9811237
0011094 9811237
0012251 9811237
0002117 9808141
0002211 9808141
0002223 9808141
0003101 9808141
0003124 9808141
0003278 9808141
0004015 9808141
0005006 9808141
0005031 9808141
0005036 9808141
0006071 9808141
0006240 9808141
0008053 9808141
0008227 9808141
0009038 9808141
0009189 9808141
0009246 9808141
0010016 9808141
0010240 9808141
0011029 9808141
0011226 9808141
0012081 9808141
0012251 9808141
0001201 9812135
0002211 9812135
0002223 9812135
0002237 9812135
0003122 9812135
0003221 9812135
0004106 9812135
0005006 9812135
0005031 9812135
0005036 9812135
0006071 9812135
0006240 9812135
0008033 9812135
0008053 9812135
0008064 9812135
0009038 9812135
0009101 9812135
0009189 9812135
0009252 9812135
0010016 9812135
0010060 9812135
0010240 9812135
0011029 9812135
0011094 9812135
0011226 9812135
0012081 9812135
0012251 9812135
0002117 9902105
0002211 9902105
0002237 9902105
0003031 9902105
0003122 9902105
0003124 9902105
0003278 9902105
0005031 9902105
0005036 9902105
0009148 9902105
0006071 9902105
0006240 9902105
0007153 9902105
0007226 9902105
0008013 9902105
0008053 9902105
0008101 9902105
0008227 9902105
0009038 9902105
0009090 9902105
0009105 9902105
0009191 9902105
0009213 9902105
0009246 9902105
0010016 9902105
0010034 9902105
0010058 9902105
0010108 9902105
0010190 9902105
0010218 9902105
0010240 9902105
0011002 9902105
0011094 9902105
0011170 9902105
0011226 9902105
0012080 9902105
0012081 9902105
0012251 9902105
0001084 9911116
0002211 9911116
0002223 9911116
0002237 9911116
0003101 9911116
0003122 9911116
0003220 9911116
0003221 9911116
0004015 9911116
0004112 9911116
0005006 9911116
0005031 9911116
0005036 9911116
0005085 9911116
0006071 9911116
0006240 9911116
0007153 9911116
0007226 9911116
0007235 9911116
0008013 9911116
0008033 9911116
0008053 9911116
0008101 9911116
0008127 9911116
0008227 9911116
0008252 9911116
0009002 9911116
0009038 9911116
0009061 9911116
0009105 9911116
0009189 9911116
0009191 9911116
0009213 9911116
0009246 9911116
0010058 9911116
0010190 9911116
0010240 9911116
0010247 9911116
0011002 9911116
0011029 9911116
0011094 9911116
0011117 9911116
0011226 9911116
0011238 9911116
0012081 9911116
0012251 9911116
0101002 9911116
0001084 9912249
0001143 9912249
0001201 9912249
0002117 9912249
0002211 9912249
0002223 9912249
0002237 9912249
0003031 9912249
0003101 9912249
0003122 9912249
0003124 9912249
0003220 9912249
0003221 9912249
0003278 9912249
0004112 9912249
0005031 9912249
0005036 9912249
0005085 9912249
0005114 9912249
0005153 9912249
0009148 9912249
0006052 9912249
0006071 9912249
0006240 9912249
0007153 9912249
0007158 9912249
0007226 9912249
0007235 9912249
0008013 9912249
0008033 9912249
0008053 9912249
0008101 9912249
0008127 9912249
0008227 9912249
0008242 9912249
0008252 9912249
0009002 9912249
0009030 9912249
0009038 9912249
0009061 9912249
0009090 9912249
0009103 9912249
0009105 9912249
0009189 9912249
0009191 9912249
0009213 9912249
0009246 9912249
0009252 9912249
0010016 9912249
0010021 9912249
0010034 9912249
0010045 9912249
0010060 9912249
0010108 9912249
0010181 9912249
0010190 9912249
0010240 9912249
0010247 9912249
0011002 9912249
0011029 9912249
0011094 9912249
0011117 9912249
0011226 9912249
0011238 9912249
0012080 9912249
0012081 9912249
0012198 9912249
0012210 9912249
0012222 9912249
0012251 9912249
0101002 9912249
0001143 9805019
0002117 9805019
0002211 9805019
0002237 9805019
0003031 9805019
0003122 9805019
0003124 9805019
0003220 9805019
0003278 9805019
0004015 9805019
0005031 9805019
0005036 9805019
0006240 9805019
0008053 9805019
0008101 9805019
0008227 9805019
0008242 9805019
0009038 9805019
0009189 9805019
0009213 9805019
0009246 9805019
0010016 9805019
0010190 9805019
0010240 9805019
0011002 9805019
0011029 9805019
0011094 9805019
0011226 9805019
0012080 9805019
0012251 9805019
0101002 9805019
0002211 9812031
0002223 9812031
0003101 9812031
0004015 9812031
0005031 9812031
0005036 9812031
0006240 9812031
0008053 9812031
0008101 9812031
0009038 9812031
0009061 9812031
0009213 9812031
0010016 9812031
0010240 9812031
0012251 9812031
0001084 9805170
0001201 9805170
0002211 9805170
0002223 9805170
0002237 9805170
0003101 9805170
0003124 9805170
0003220 9805170
0003278 9805170
0004015 9805170
0005036 9805170
0005153 9805170
0006052 9805170
0006240 9805170
0007158 9805170
0008053 9805170
0008101 9805170
0008227 9805170
0008242 9805170
0008252 9805170
0009038 9805170
0009061 9805170
0009105 9805170
0009246 9805170
0009252 9805170
0010016 9805170
0010045 9805170
0010190 9805170
0010240 9805170
0011002 9805170
0011094 9805170
0011226 9805170
0012081 9805170
0012251 9805170
0002117 9909062
0003101 9909062
0003122 9909062
0003221 9909062
0004106 9909062
0005006 9909062
0005031 9909062
0007217 9909062
0007226 9909062
0008033 9909062
0009038 9909062
0009061 9909062
0009101 9909062
0009189 9909062
0009224 9909062
0010060 9909062
0010240 9909062
0011029 9909062
0001084 9503099
0001084 9912121
0001201 0001084
0002117 0001084
0002211 0001084
0002223 0001084
0002237 0001084
0003031 0001084
0003101 0001084
0003122 0001084
0003124 0001084
0003220 0001084
0003278 0001084
0004015 0001084
0004112 0001084
0005036 0001084
0005085 0001084
0005114 0001084
0005153 0001084
0006052 0001084
0006071 0001084
0006240 0001084
0007153 0001084
0007158 0001084
0007235 0001084
0008033 0001084
0008053 0001084
0008127 0001084
0008227 0001084
0008242 0001084
0008252 0001084
0009038 0001084
0009061 0001084
0009105 0001084
0009189 0001084
0009213 0001084
0009246 0001084
0009252 0001084
0010034 0001084
0010045 0001084
0010108 0001084
0010240 0001084
0010247 0001084
0011029 0001084
0011117 0001084
0011226 0001084
0012198 0001084
0012251 0001084
0101002 0001084
0001201 9503099
0002211 9503099
0002237 9503099
0003220 9503099
0004015 9503099
0004112 9503099
0005036 9503099
0006071 9503099
0006240 9503099
0007153 9503099
0007158 9503099
0008033 9503099
0008127 9503099
0010108 9503099
0010240 9503099
0011117 9503099
0011226 9503099
0012251 9503099
0002211 9912121
0003220 9912121
0004015 9912121
0005036 9912121
0006071 9912121
0006240 9912121
0007153 9912121
0007235 9912121
0008127 9912121
0010240 9912121
0012251 9912121
0002117 0001143
0002211 0001143
0002237 0001143
0005031 0001143
0005036 0001143
0010016 0001143
0011094 0001143
0001201 9605088
0002117 0001201
0002211 0001201
0002237 0001201
0003031 0001201
0003101 0001201
0003122 0001201
0003220 0001201
0003221 0001201
0005036 0001201
0005085 0001201
0006052 0001201
0006071 0001201
0006240 0001201
0007153 0001201
0007158 0001201
0008033 0001201
0008053 0001201
0008101 0001201
0008127 0001201
0008227 0001201
0008242 0001201
0008252 0001201
0009038 0001201
0009252 0001201
0010016 0001201
0010034 0001201
0010045 0001201
0010190 0001201
0010240 0001201
0011002 0001201
0011226 0001201
0101002 0001201
0002237 9605088
0005036 9605088
0006240 9605088
0008252 9605088
0009038 9605088
0010240 9605088
0002117 9402113
0002117 9404008
0002117 9406125
0002211 0002117
0002237 0002117
0003031 0002117
0003101 0002117
0003122 0002117
0003124 0002117
0003278 0002117
0005031 0002117
0005036 0002117
0005085 0002117
0005114 0002117
0005153 0002117
0009148 0002117
0006052 0002117
0006240 0002117
0007153 0002117
0007158 0002117
0007226 0002117
0007235 0002117
0008033 0002117
0008053 0002117
0008101 0002117
0008127 0002117
0008227 0002117
0008242 0002117
0008252 0002117
0009030 0002117
0009038 0002117
0009105 0002117
0009189 0002117
0009191 0002117
0009213 0002117
0009246 0002117
0009252 0002117
0010016 0002117
0010021 0002117
0010034 0002117
0010060 0002117
0010108 0002117
0010181 0002117
0010190 0002117
0010240 0002117
0010247 0002117
0011029 0002117
0011094 0002117
0011226 0002117
0012080 0002117
0012081 0002117
0012198 0002117
0012251 0002117
0101002 0002117
0002211 9402113
0002237 9402113
0003101 9402113
0003124 9402113
0003278 9402113
0005036 9402113
0006240 9402113
0007153 9402113
0008053 9402113
0009038 9402113
0009090 9402113
0009191 9402113
0009246 9402113
0010240 9402113
0011094 9402113
0012080 9402113
0012251 9402113
0002211 9404008
0002237 9404008
0003101 9404008
0003124 9404008
0003278 9404008
0005036 9404008
0006240 9404008
0007153 9404008
0008053 9404008
0009038 9404008
0009090 9404008
0009191 9404008
0009246 9404008
0010240 9404008
0011094 9404008
0012251 9404008
0002237 9406125
0003101 9406125
0003278 9406125
0005036 9406125
0007153 9406125
0009038 9406125
0009090 9406125
0009191 9406125
0009246 9406125
0010240 9406125
0010247 9406125
0012080 9406125
0012081 9406125
0012251 9406125
0002223 0002211
0002237 0002211
0003031 0002211
0003101 0002211
0003122 0002211
0003124 0002211
0003220 0002211
0003221 0002211
0003278 0002211
0004015 0002211
0004106 0002211
0004112 0002211
0005031 0002211
0005036 0002211
0005085 0002211
0005114 0002211
0005153 0002211
0006052 0002211
0006071 0002211
0006240 0002211
0007153 0002211
0007158 0002211
0007235 0002211
0008033 0002211
0008053 0002211
0008101 0002211
0008127 0002211
0008227 0002211
0008242 0002211
0008252 0002211
0009002 0002211
0009030 0002211
0009038 0002211
0009061 0002211
0009105 0002211
0009189 0002211
0009213 0002211
0009246 0002211
0009252 0002211
0010016 0002211
0010034 0002211
0010045 0002211
0010108 0002211
0010240 0002211
0010247 0002211
0011029 0002211
0011094 0002211
0011117 0002211
0011226 0002211
0012081 0002211
0012198 0002211
0012251 0002211
0101002 0002211
0005031 0002223
0008033 0002223
0008127 0002223
0008252 0002223
0009038 0002223
0009061 0002223
0009252 0002223
0010016 0002223
0010240 0002223
0011226 0002223
0012081 0002223
0012251 0002223
0003031 0002237
0003101 0002237
0003122 0002237
0003124 0002237
0003220 0002237
0003278 0002237
0004112 0002237
0005031 0002237
0005036 0002237
0005085 0002237
0005153 0002237
0009148 0002237
0006052 0002237
0006071 0002237
0006240 0002237
0007153 0002237
0007158 0002237
0007226 0002237
0007235 0002237
0008013 0002237
0008033 0002237
0008053 0002237
0008101 0002237
0008127 0002237
0008227 0002237
0008242 0002237
0008252 0002237
0009030 0002237
0009038 0002237
0009061 0002237
0009090 0002237
0009105 0002237
0009189 0002237
0009191 0002237
0009213 0002237
0009246 0002237
0009252 0002237
0010016 0002237
0010021 0002237
0010034 0002237
0010045 0002237
0010060 0002237
0010108 0002237
0010181 0002237
0010190 0002237
0010240 0002237
0010247 0002237
0011002 0002237
0011029 0002237
0011094 0002237
0011117 0002237
0011226 0002237
0011238 0002237
0012080 0002237
0012251 0002237
0101002 0002237
0003101 0003031
0003124 0003031
0003278 0003031
0005031 0003031
0005036 0003031
0005085 0003031
0005114 0003031
0009148 0003031
0006052 0003031
0006071 0003031
0006240 0003031
0007153 0003031
0007158 0003031
0007226 0003031
0007235 0003031
0008033 0003031
0008053 0003031
0008101 0003031
0008127 0003031
0008227 0003031
0008242 0003031
0009030 0003031
0009038 0003031
0009105 0003031
0009189 0003031
0009213 0003031
0009246 0003031
0009252 0003031
0010016 0003031
0010021 0003031
0010034 0003031
0010045 0003031
0010060 0003031
0010108 0003031
0010190 0003031
0010240 0003031
0011002 0003031
0011029 0003031
0011094 0003031
0011226 0003031
0012080 0003031
0012081 0003031
0012198 0003031
0012251 0003031
0101002 0003031
0003124 0003101
0003278 0003101
0005031 0003101
0005036 0003101
0009148 0003101
0007153 0003101
0007158 0003101
0008033 0003101
0008127 0003101
0008252 0003101
0009038 0003101
0009061 0003101
0009090 0003101
0009103 0003101
0009191 0003101
0009246 0003101
0009252 0003101
0010060 0003101
0010108 0003101
0010240 0003101
0010247 0003101
0012080 0003101
0012081 0003101
0012198 0003101
0012210 0003101
0012222 0003101
0012251 0003101
0003221 0003122
0004106 0003122
0005006 0003122
0005031 0003122
0006052 0003122
0007217 0003122
0007226 0003122
0008033 0003122
0009038 0003122
0009061 0003122
0009101 0003122
0009189 0003122
0009224 0003122
0010240 0003122
0011057 0003122
0011226 0003122
0003278 0003124
0005114 0003124
0005153 0003124
0007158 0003124
0008252 0003124
0009038 0003124
0009252 0003124
0010045 0003124
0010240 0003124
0012081 0003124
0005006 0003160
0005031 0003160
0006071 0003160
0007153 0003160
0007217 0003160
0007226 0003160
0008013 0003160
0008023 0003160
0008064 0003160
0009038 0003160
0009090 0003160
0009101 0003160
0009142 0003160
0009213 0003160
0010016 0003160
0010058 0003160
0010221 0003160
0010240 0003160
0010256 0003160
0011057 0003160
0011094 0003160
0011095 0003160
0011170 0003160
0011223 0003160
0011283 0003160
0012251 0003160
0003278 0003220
0004015 0003220
0004112 0003220
0005036 0003220
0005085 0003220
0006052 0003220
0006071 0003220
0006240 0003220
0007153 0003220
0007158 0003220
0007235 0003220
0008033 0003220
0008053 0003220
0008101 0003220
0008127 0003220
0008227 0003220
0008242 0003220
0008252 0003220
0009038 0003220
0009061 0003220
0009105 0003220
0009189 0003220
0009213 0003220
0009252 0003220
0010016 0003220
0010034 0003220
0010108 0003220
0010240 0003220
0011029 0003220
0011094 0003220
0011117 0003220
0011226 0003220
0012251 0003220
0101002 0003220
0004106 0003221
0005006 0003221
0005031 0003221
0007217 0003221
0007226 0003221
0008033 0003221
0009038 0003221
0009061 0003221
0009101 0003221
0009189 0003221
0009224 0003221
0010240 0003221
0011057 0003221
0005085 0003278
0007226 0003278
0008033 0003278
0008227 0003278
0008252 0003278
0009191 0003278
0009246 0003278
0012081 0003278
0012251 0003278
0004112 0004015
0005036 0004015
0005085 0004015
0006071 0004015
0006240 0004015
0007153 0004015
0007235 0004015
0008033 0004015
0008053 0004015
0008101 0004015
0008127 0004015
0008227 0004015
0009038 0004015
0009061 0004015
0009189 0004015
0009213 0004015
0009252 0004015
0010034 0004015
0010108 0004015
0010240 0004015
0010247 0004015
0011029 0004015
0011226 0004015
0101002 0004015
0005031 0004106
0007226 0004106
0009038 0004106
0009189 0004106
0010240 0004106
0008033 0004112
0008127 0004112
0010016 0004112
0011117 0004112
0012251 0004112
0005031 0005006
0006071 0005006
0007153 0005006
0007217 0005006
0007226 0005006
0008013 0005006
0008023 0005006
0008033 0005006
0008053 0005006
0008064 0005006
0008214 0005006
0008227 0005006
0009002 0005006
0009030 0005006
0009038 0005006
0009090 0005006
0009101 0005006
0009105 0005006
0009142 0005006
0009189 0005006
0009191 0005006
0009213 0005006
0009224 0005006
0010016 0005006
0010034 0005006
0010058 0005006
0010060 0005006
0010221 0005006
0010240 0005006
0010247 0005006
0010256 0005006
0011029 0005006
0011057 0005006
0011094 0005006
0011170 0005006
0011223 0005006
0011283 0005006
0012081 0005006
0012251 0005006
0006071 0005031
0006240 0005031
0007153 0005031
0007217 0005031
0007226 0005031
0007235 0005031
0008013 0005031
0008023 0005031
0008033 0005031
0008053 0005031
0008064 0005031
0008101 0005031
0008214 0005031
0008227 0005031
0008252 0005031
0009002 0005031
0009030 0005031
0009038 0005031
0009061 0005031
0009090 0005031
0009101 0005031
0009105 0005031
0009142 0005031
0009189 0005031
0009191 0005031
0009213 0005031
0009224 0005031
0009252 0005031
0010016 0005031
0010021 0005031
0010034 0005031
0010058 0005031
0010060 0005031
0010108 0005031
0010181 0005031
0010221 0005031
0010240 0005031
0010247 0005031
0010256 0005031
0011029 0005031
0011057 0005031
0011094 0005031
0011095 0005031
0011170 0005031
0011223 0005031
0011283 0005031
0012080 0005031
0012081 0005031
0012198 0005031
0012251 0005031
0005085 0005036
0005114 0005036
0009148 0005036
0006052 0005036
0006240 0005036
0007153 0005036
0007158 0005036
0007226 0005036
0007235 0005036
0008033 0005036
0008053 0005036
0008101 0005036
0008127 0005036
0008227 0005036
0008242 0005036
0008252 0005036
0009038 0005036
0009090 0005036
0009105 0005036
0009189 0005036
0009191 0005036
0009213 0005036
0009246 0005036
0009252 0005036
0010016 0005036
0010021 0005036
0010034 0005036
0010045 0005036
0010060 0005036
0010108 0005036
0010190 0005036
0010240 0005036
0010247 0005036
0011002 0005036
0011029 0005036
0011094 0005036
0011226 0005036
0012080 0005036
0012081 0005036
0012198 0005036
0012251 0005036
0101002 0005036
0007153 0005085
0008033 0005085
0009038 0005085
0009061 0005085
0009189 0005085
0010016 0005085
0010060 0005085
0011029 0005085
0012081 0005085
0012198 0005085
0007158 0005114
0010045 0005114
0007158 0005153
0010045 0005153
0009148 9208027
0009148 0008231
0009148 0009103
0009148 9210065
0009148 9303143
0009148 9311177
0009191 0009148
0009246 0009148
0009252 0009148
0010016 0009148
0010021 0009148
0010028 0009148
0010034 0009148
0010060 0009148
0010108 0009148
0010181 0009148
0010190 0009148
0010218 0009148
0010240 0009148
0010247 0009148
0011002 0009148
0011009 0009148
0011029 0009148
0011033 0009148
0011094 0009148
0011095 0009148
0011108 0009148
0011226 0009148
0011238 0009148
0012080 0009148
0012081 0009148
0012198 0009148
0012210 0009148
0012222 0009148
0012251 0009148
0101002 0009148
0008033 0006052
0008242 0006052
0101002 0006052
0006240 0006071
0007153 0006071
0007217 0006071
0007226 0006071
0008013 0006071
0008023 0006071
0008033 0006071
0008053 0006071
0008064 0006071
0008227 0006071
0008252 0006071
0009002 0006071
0009030 0006071
0009038 0006071
0009101 0006071
0009105 0006071
0009189 0006071
0009191 0006071
0010016 0006071
0010034 0006071
0010045 0006071
0010058 0006071
0010060 0006071
0010181 0006071
0010240 0006071
0010247 0006071
0010256 0006071
0011029 0006071
0011057 0006071
0011094 0006071
0011095 0006071
0011170 0006071
0011223 0006071
0011283 0006071
0012251 0006071
0009103 9208027
0009191 9208027
0009246 9208027
0010021 9208027
0010028 9208027
0010060 9208027
0010108 9208027
0010218 9208027
0010247 9208027
0011002 9208027
0011009 9208027
0011029 9208027
0011033 9208027
0011108 9208027
0011226 9208027
0012080 9208027
0012081 9208027
0012210 9208027
0007153 0006240
0007226 0006240
0007235 0006240
0008013 0006240
0008033 0006240
0008101 0006240
0008127 0006240
0008227 0006240
0008252 0006240
0009038 0006240
0009061 0006240
0009105 0006240
0009189 0006240
0009213 0006240
0009246 0006240
0009252 0006240
0010016 0006240
0010034 0006240
0010190 0006240
0010240 0006240
0011002 0006240
0011029 0006240
0011094 0006240
0011226 0006240
0011238 0006240
0012251 0006240
0008033 0007153
0008127 0007153
0008227 0007153
0008252 0007153
0009038 0007153
0009061 0007153
0009090 0007153
0009189 0007153
0009213 0007153
0009246 0007153
0010016 0007153
0010060 0007153
0010190 0007153
0010240 0007153
0011029 0007153
0011226 0007153
0012081 0007153
0012251 0007153
0010045 0007158
0008013 0007217
0008023 0007217
0008033 0007217
0009038 0007217
0009101 0007217
0010016 0007217
0010060 0007217
0010240 0007217
0011223 0007217
0007235 0007226
0008013 0007226
0008023 0007226
0008033 0007226
0008053 0007226
0008064 0007226
0008227 0007226
0008252 0007226
0009002 0007226
0009038 0007226
0009090 0007226
0009101 0007226
0009105 0007226
0009142 0007226
0009189 0007226
0009213 0007226
0009252 0007226
0010016 0007226
0010021 0007226
0010058 0007226
0010060 0007226
0010221 0007226
0010240 0007226
0010247 0007226
0010256 0007226
0011029 0007226
0011057 0007226
0011094 0007226
0011170 0007226
0011223 0007226
0012081 0007226
0012251 0007226
0008033 0007235
0008127 0007235
0008252 0007235
0009038 0007235
0009252 0007235
0008023 0008013
0008033 0008013
0008064 0008013
0008227 0008013
0009002 0008013
0009030 0008013
0009038 0008013
0009090 0008013
0009101 0008013
0009142 0008013
0009189 0008013
0009213 0008013
0010016 0008013
0010058 0008013
0010060 0008013
0010221 0008013
0010240 0008013
0010256 0008013
0011029 0008013
0011057 0008013
0011094 0008013
0011095 0008013
0011170 0008013
0011223 0008013
0011283 0008013
0012251 0008013
0009038 0008023
0010221 0008023
0011094 0008023
0008127 0008033
0008227 0008033
0008252 0008033
0009038 0008033
0009061 0008033
0009090 0008033
0009189 0008033
0009252 0008033
0010016 0008033
0010060 0008033
0010190 0008033
0010240 0008033
0011029 0008033
0011226 0008033
0012251 0008033
0008101 0008053
0008127 0008053
0008227 0008053
0009038 0008053
0009105 0008053
0009191 0008053
0009213 0008053
0009246 0008053
0009252 0008053
0010016 0008053
0010190 0008053
0010240 0008053
0010247 0008053
0011002 0008053
0011029 0008053
0011094 0008053
0011226 0008053
0012251 0008053
0009038 0008064
0009101 0008064
0009189 0008064
0011029 0008064
0011057 0008064
0011094 0008064
0011223 0008064
0008127 0008101
0008227 0008101
0008252 0008101
0009038 0008101
0009105 0008101
0009191 0008101
0009213 0008101
0009246 0008101
0009252 0008101
0010016 0008101
0010190 0008101
0010240 0008101
0010247 0008101
0011002 0008101
0011094 0008101
0011226 0008101
0012251 0008101
0008227 0008127
0009038 0008127
0009061 0008127
0009105 0008127
0009189 0008127
0009213 0008127
0009252 0008127
0010016 0008127
0010060 0008127
0011029 0008127
0011226 0008127
0009038 0008214
0009101 0008214
0009189 0008214
0011029 0008214
0009105 0008227
0009191 0008227
0009213 0008227
0009246 0008227
0010016 0008227
0010247 0008227
0011002 0008227
0011226 0008227
0012251 0008227
0009103 0008231
0009191 0008231
0009246 0008231
0010218 0008231
0010240 0008231
0011002 0008231
0011009 0008231
0011029 0008231
0011226 0008231
0012080 0008231
0101002 0008242
0009038 0008252
0009105 0008252
0009189 0008252
0009246 0008252
0009252 0008252
0010016 0008252
0010190 0008252
0010240 0008252
0011002 0008252
0011029 0008252
0011094 0008252
0011226 0008252
0011238 0008252
0012251 0008252
0009030 0009002
0009189 0009002
0010034 0009002
0011029 0009002
0009213 0009030
0009252 0009030
0010034 0009030
0010060 0009030
0011029 0009030
0009061 0009038
0009090 0009038
0009101 0009038
0009142 0009038
0009189 0009038
0009213 0009038
0009224 0009038
0010016 0009038
0010021 0009038
0010060 0009038
0010221 0009038
0010240 0009038
0011029 0009038
0011057 0009038
0011095 0009038
0011223 0009038
0011283 0009038
0012081 0009038
0012251 0009038
0009252 0009061
0010240 0009061
0012081 0009061
0012251 0009061
0101002 0009061
0009213 0009090
0010016 0009090
0010021 0009090
0010058 0009090
0010060 0009090
0010240 0009090
0011223 0009090
0009189 0009101
0009213 0009101
0009224 0009101
0011029 0009101
0011057 0009101
0011283 0009101
0009103 9210065
0009103 9303143
0009103 9311177
0009191 0009103
0009246 0009103
0010021 0009103
0010028 0009103
0010034 0009103
0010060 0009103
0010108 0009103
0010181 0009103
0010190 0009103
0010218 0009103
0010240 0009103
0010247 0009103
0011002 0009103
0011009 0009103
0011029 0009103
0011095 0009103
0011108 0009103
0011226 0009103
0011238 0009103
0012080 0009103
0012081 0009103
0012198 0009103
0012210 0009103
0012222 0009103
0012251 0009103
0009191 9210065
0009246 9210065
0010021 9210065
0010028 9210065
0010108 9210065
0010218 9210065
0010247 9210065
0011002 9210065
0011009 9210065
0011029 9210065
0011033 9210065
0011095 9210065
0011108 9210065
0011226 9210065
0012080 9210065
0012081 9210065
0012210 9210065
0009191 9303143
0009246 9303143
0010021 9303143
0010028 9303143
0010108 9303143
0010218 9303143
0010247 9303143
0011002 9303143
0011009 9303143
0011029 9303143
0011033 9303143
0011095 9303143
0011108 9303143
0011226 9303143
0012080 9303143
0012081 9303143
0012210 9303143
0009191 9311177
0009246 9311177
0010021 9311177
0010028 9311177
0010108 9311177
0010218 9311177
0010247 9311177
0011002 9311177
0011009 9311177
0011029 9311177
0011033 9311177
0011095 9311177
0011108 9311177
0011226 9311177
0012080 9311177
0012081 9311177
0012210 9311177
0009246 0009105
0010190 0009105
0010240 0009105
0011002 0009105
0011226 0009105
0011238 0009105
0012251 0009105
0010060 0009142
0010221 0009142
0011029 0009142
0011057 0009142
0011029 0009189
0009246 0009191
0010021 0009191
0010028 0009191
0010034 0009191
0010060 0009191
0010108 0009191
0010190 0009191
0010218 0009191
0010240 0009191
0010247 0009191
0011002 0009191
0011009 0009191
0011029 0009191
0011095 0009191
0011226 0009191
0011238 0009191
0012198 0009191
0012251 0009191
0010016 0009213
0010058 0009213
0010060 0009213
0011057 0009213
0011170 0009213
0011283 0009213
0010108 0009246
0010218 0009246
0010240 0009246
0010247 0009246
0011002 0009246
0011009 0009246
0011029 0009246
0011033 0009246
0011226 0009246
0012080 0009246
0012081 0009246
0012210 0009246
0012222 0009246
0012251 0009246
0010058 0010016
0010060 0010016
0010221 0010016
0010256 0010016
0011029 0010016
0011057 0010016
0011094 0010016
0011095 0010016
0011170 0010016
0010028 0010021
0010060 0010021
0010108 0010021
0010218 0010021
0011002 0010021
0011009 0010021
0011029 0010021
0011033 0010021
0011095 0010021
0011226 0010021
0012080 0010021
0012081 0010021
0012210 0010021
0010060 0010028
0010108 0010028
0010218 0010028
0011002 0010028
0011009 0010028
0011029 0010028
0011033 0010028
0011095 0010028
0011108 0010028
0011226 0010028
0012080 0010028
0012081 0010028
0012210 0010028
0010060 0010034
0010190 0010034
0011029 0010034
0011238 0010034
0011029 0010058
0011057 0010058
0011094 0010058
0011170 0010058
0010108 0010060
0010181 0010060
0010190 0010060
0010221 0010060
0010240 0010060
0011029 0010060
0011057 0010060
0011095 0010060
0011170 0010060
0011223 0010060
0011238 0010060
0012080 0010060
0012198 0010060
0012210 0010060
0012251 0010060
0010181 0010108
0010190 0010108
0010218 0010108
0010240 0010108
0010247 0010108
0011002 0010108
0011009 0010108
0011029 0010108
0011033 0010108
0011095 0010108
0011108 0010108
0011226 0010108
0012080 0010108
0012081 0010108
0012198 0010108
0012210 0010108
0012222 0010108
0010240 0010181
0011029 0010181
0010240 0010190
0011226 0010190
0011238 0010190
0012251 0010190
0010247 0010218
0011002 0010218
0011033 0010218
0011108 0010218
0011226 0010218
0012080 0010218
0012081 0010218
0012210 0010218
0011009 0010240
0011029 0010240
0011094 0010240
0012081 0010240
0012251 0010240
0101002 0010240
0011029 0010247
0012251 0010247
0011094 0010256
0011226 0011002
0012080 0011002
0012210 0011002
0011029 0011009
0011033 0011009
0011095 0011009
0011226 0011009
0012080 0011009
0012081 0011009
0011108 0011033
0011226 0011033
0012080 0011033
0012210 0011033
0011283 0011057
0012210 0011108
0012251 0011117
0012080 0011226
0012251 0011226
0012251 0011238
0012251 0012080
0012210 0012081
0012251 0012081
0012198 0012210
0012222 0012198
0101002 0012198
0012222 0012210
2:
0005015 9711162
0005129 9711162
0005040 9711162
0005046 9711162
0005048 9711162
0005073 9711162
0006013 9711162
0006023 9711162
0006112 9711162
0006193 9711162
0006236 9711162
0006202 9711162
0007215 9711162
0008030 9711162
0009141 9711162
0009182 9711162
0010143 9711162
0012239 9711162
0006013 9711200
0006023 9711200
0006112 9711200
0006202 9711200
0007106 9711200
0007147 9711200
0009182 9711200
0011282 9711200
0005015 9908142
0005129 9908142
0005040 9908142
0005046 9908142
0005073 9908142
0006023 9908142
0006112 9908142
0006225 9908142
0006236 9908142
0006202 9908142
0006209 9908142
0006235 9908142
0009158 9908142
0007089 9908142
0007106 9908142
0007215 9908142
0008030 9908142
0008073 9908142
0008119 9908142
0008213 9908142
0009095 9908142
0009141 9908142
0009182 9908142
0010143 9908142
0011282 9908142
0012239 9908142
0005015 9711165
0005129 9711165
0005040 9711165
0005073 9711165
0006013 9711165
0006193 9711165
0006236 9711165
0006202 9711165
0006209 9711165
0007215 9711165
0008030 9711165
0008119 9711165
0009182 9711165
0010143 9711165
0012239 9711165
0005048 9907166
0006013 9907166
0006023 9907166
0006202 9907166
0007106 9907166
0009141 9907166
0011282 9907166
0005048 9908134
0006013 9908134
0006023 9908134
0006193 9908134
0006202 9908134
0007106 9908134
0009141 9908134
0011282 9908134
0005129 9711112
0005040 9711112
0006062 9711112
0006225 9711112
0006085 9711112
0008213 9711112
0009095 9711112
0009182 9711112
0005015 0005129
0005040 0005015
0005046 0005015
0005048 0005015
0005073 0005015
0006013 0005015
0006062 0005015
0006225 0005015
0006085 0005015
0006236 0005015
0006209 0005015
0006235 0005015
0009158 0005015
0007106 0005015
0007147 0005015
0007168 0005015
0007215 0005015
0008030 0005015
0008119 0005015
0010143 0005015
0012239 0005015
0005129 0005040
0005129 0005046
0005129 0005048
0005129 0005073
0006013 0005129
0006023 0005129
0006062 0005129
0006225 0005129
0006085 0005129
0006193 0005129
0006236 0005129
0006202 0005129
0006209 0005129
0006235 0005129
0009158 0005129
0007089 0005129
0007106 0005129
0007147 0005129
0007168 0005129
0007215 0005129
0008030 0005129
0008119 0005129
0008213 0005129
0009095 0005129
0009141 0005129
0009182 0005129
0010143 0005129
0012239 0005129
0005073 0005040
0006013 0005040
0006023 0005040
0006062 0005040
0006112 0005040
0006225 0005040
0006085 0005040
0006193 0005040
0006236 0005040
0006202 0005040
0006209 0005040
0006235 0005040
0009158 0005040
0007052 0005040
0007089 0005040
0007106 0005040
0007147 0005040
0007168 0005040
0007215 0005040
0008030 0005040
0008073 0005040
0008119 0005040
0008213 0005040
0009095 0005040
0009140 0005040
0009141 0005040
0009182 0005040
0010143 0005040
0011054 0005040
0011282 0005040
0011283 0005040
0012142 0005040
0012183 0005040
0012239 0005040
0005073 0005046
0006023 0005046
0006062 0005046
0006225 0005046
0006085 0005046
0006236 0005046
0007089 0005046
0007106 0005046
0007147 0005046
0007168 0005046
0007215 0005046
0008030 0005046
0008119 0005046
0008213 0005046
0009182 0005046
0010143 0005046
0005073 0005048
0006013 0005048
0006023 0005048
0006062 0005048
0006112 0005048
0006225 0005048
0006085 0005048
0006193 0005048
0006236 0005048
0006202 0005048
0006235 0005048
0007052 0005048
0007089 0005048
0007106 0005048
0007147 0005048
0007168 0005048
0007215 0005048
0008030 0005048
0008073 0005048
0008119 0005048
0008213 0005048
0009095 0005048
0009140 0005048
0009141 0005048
0009182 0005048
0010143 0005048
0011054 0005048
0011282 0005048
0011283 0005048
0012142 0005048
0012183 0005048
0012239 0005048
0006013 0005073
0006062 0005073
0006112 0005073
0006225 0005073
0006085 0005073
0006236 0005073
0006209 0005073
0006235 0005073
0009158 0005073
0007052 0005073
0007089 0005073
0007106 0005073
0007147 0005073
0007168 0005073
0007215 0005073
0008030 0005073
0008119 0005073
0008213 0005073
0009141 0005073
0009182 0005073
0010143 0005073
0011282 0005073
0011283 0005073
0012239 0005073
0006023 0006013
0006112 0006013
0006225 0006013
0006193 0006013
0006236 0006013
0006202 0006013
0007106 0006013
0007147 0006013
0007168 0006013
0008030 0006013
0008119 0006013
0008213 0006013
0009141 0006013
0009182 0006013
0010143 0006013
0011282 0006013
0012239 0006013
0006062 0006023
0006112 0006023
0006225 0006023
0006085 0006023
0006193 0006023
0006236 0006023
0006202 0006023
0007052 0006023
0007089 0006023
0007106 0006023
0007147 0006023
0007168 0006023
0007215 0006023
0008030 0006023
0008073 0006023
0008119 0006023
0008213 0006023
0009095 0006023
0009140 0006023
0009141 0006023
0009182 0006023
0010143 0006023
0011054 0006023
0011282 0006023
0012142 0006023
0012183 0006023
0012239 0006023
0006062 0006112
0006062 0006225
0006085 0006062
0006193 0006062
0006236 0006062
0006202 0006062
0006235 0006062
0009158 0006062
0007052 0006062
0007089 0006062
0007106 0006062
0007147 0006062
0007168 0006062
0007215 0006062
0008030 0006062
0008073 0006062
0008119 0006062
0008172 0006062
0008213 0006062
0009095 0006062
0009140 0006062
0009141 0006062
0009182 0006062
0011054 0006062
0011282 0006062
0011283 0006062
0012142 0006062
0012183 0006062
0006225 0006112
0006112 0006085
0006193 0006112
0006236 0006112
0006202 0006112
0007052 0006112
0007147 0006112
0007168 0006112
0007215 0006112
0008030 0006112
0008073 0006112
0008119 0006112
0008213 0006112
0009141 0006112
0009182 0006112
0011282 0006112
0011283 0006112
0012142 0006112
0012183 0006112
0006225 0006085
0006225 0006193
0006225 0006202
0007052 0006225
0007089 0006225
0007106 0006225
0007147 0006225
0007168 0006225
0007215 0006225
0008073 0006225
0008119 0006225
0008213 0006225
0009095 0006225
0009141 0006225
0009182 0006225
0011282 0006225
0012142 0006225
0006236 0006085
0006235 0006085
0007089 0006085
0007106 0006085
0007147 0006085
0007168 0006085
0007215 0006085
0008030 0006085
0008073 0006085
0008119 0006085
0008213 0006085
0009095 0006085
0009140 0006085
0009141 0006085
0009182 0006085
0010143 0006085
0011054 0006085
0012142 0006085
0012183 0006085
0012239 0006085
0006193 0006236
0007052 0006193
0007089 0006193
0007106 0006193
0007147 0006193
0007168 0006193
0008073 0006193
0008119 0006193
0009141 0006193
0009182 0006193
0011282 0006193
0011283 0006193
0012239 0006193
0006236 0006202
0006236 0006209
0006235 0006236
0009158 0006236
0007052 0006236
0007106 0006236
0007147 0006236
0007168 0006236
0007215 0006236
0008030 0006236
0008119 0006236
0009141 0006236
0009182 0006236
0010143 0006236
0011282 0006236
0012239 0006236
0007052 0006202
0007089 0006202
0007106 0006202
0007147 0006202
0007168 0006202
0007215 0006202
0008030 0006202
0008073 0006202
0008119 0006202
0008172 0006202
0008213 0006202
0009141 0006202
0009182 0006202
0010143 0006202
0011282 0006202
0012239 0006202
0006235 0006209
0009158 0006209
0008119 0006209
0006235 0009158
0007147 0006235
0007147 0007052
0007168 0007052
0007215 0007052
0008119 0007052
0009141 0007052
0011282 0007052
0011283 0007052
0007106 0007089
0007147 0007089
0007168 0007089
0007215 0007089
0008073 0007089
0008119 0007089
0008213 0007089
0009141 0007089
0009182 0007089
0012239 0007089
0007147 0007106
0007168 0007106
0007215 0007106
0008119 0007106
0008172 0007106
0008213 0007106
0009095 0007106
0009141 0007106
0009182 0007106
0011282 0007106
0012239 0007106
0007168 0007147
0007215 0007147
0008119 0007147
0008172 0007147
0008213 0007147
0009140 0007147
0009141 0007147
0009182 0007147
0011282 0007147
0011283 0007147
0012142 0007147
0012183 0007147
0007215 0007168
0008119 0007168
0008172 0007168
0008213 0007168
0009095 0007168
0009141 0007168
0009182 0007168
0011282 0007168
0012239 0007168
0008030 0007215
0008119 0007215
0008172 0007215
0008213 0007215
0009141 0007215
0012142 0007215
0012239 0007215
0010143 0008030
0009095 0008073
0009140 0008073
0009182 0008073
0011054 0008073
0012142 0008073
0012183 0008073
0008172 0008119
0009182 0008213
0012183 0008213
0009141 0009095
0009182 0009095
0009182 0009140
0012183 0009140
0011282 0009141
0011054 0009182
0011282 0009182
0011283 0009182
0012183 0009182
0012239 0009182
0012183 0011054
0011282 0011283
0012183 0011282
0012183 0011283
3:
0005032 9905012
0010063 9905012
0004166 9905012
0005025 9905012
0006007 9905012
0010133 9905012
0012044 9905012
0005032 9905210
0005239 9905210
0006069 9905210
0007177 9905210
0009160 9905210
0004160 9905210
0004166 9905210
0005025 9905210
0006007 9905210
0010133 9905210
0012102 9905210
0005239 9906064
0009010 9906064
0009160 9906064
0010063 9906064
0004160 9906064
0004166 9906064
0005025 9906064
0006007 9906064
0010133 9906064
0012044 9906064
0010215 9906064
0012073 9906064
0005239 9910149
0009160 9910149
0010063 9910149
0004160 9910149
0004166 9910149
0005025 9910149
0006007 9910149
0005032 9910219
0005239 9910219
0006069 9910219
0007177 9910219
0009010 9910219
0009056 9910219
0009160 9910219
0010063 9910219
0004067 9910219
0004160 9910219
0004166 9910219
0005025 9910219
0006007 9910219
0006146 9910219
0010133 9910219
0012044 9910219
0010215 9910219
0012073 9910219
0012102 9910219
0005239 0005032
0006069 0005032
0007177 0005032
0009010 0005032
0009056 0005032
0009160 0005032
0010063 0005032
0005032 0004067
0005032 0004160
0005032 0004166
0005032 0005025
0006007 0005032
0006146 0005032
0010133 0005032
0012044 0005032
0010215 0005032
0012102 0005032
0012116 0005032
0006069 0005239
0007177 0005239
0009010 0005239
0009056 0005239
0005239 0009160
0010063 0005239
0005239 0004160
0005239 0004166
0005239 0005025
0006007 0005239
0010133 0005239
0012044 0005239
0010215 0005239
0012073 0005239
0012102 0005239
0012116 0005239
0007177 0006069
0006069 0004160
0006069 0004166
0006069 0005025
0010215 0006069
0009056 0007177
0010063 0007177
0007177 0004160
0007177 0004166
0007177 0005025
0010215 0007177
0009010 0009056
0010063 0009010
0009010 0004160
0009010 0004166
0009010 0005025
0009010 0006007
0009010 0006146
0010133 0009010
0012044 0009010
0010215 0009010
0012116 0009010
0009056 0004160
0009056 0004166
0009056 0005025
0010133 0009056
0012044 0009056
0012073 0009056
0012116 0009056
0010063 0009160
0009160 0004160
0009160 0004166
0009160 0005025
0009160 0006007
0010063 0004067
0010063 0004160
0010063 0004166
0010063 0005025
0010063 0006007
0010063 0006146
0010133 0010063
0012044 0010063
0012073 0010063
0012116 0010063
0004160 0004067
0005025 0004067
0006146 0004067
0010133 0004067
0012044 0004067
0004166 0004160
0005025 0004160
0006007 0004160
0006146 0004160
0010133 0004160
0012044 0004160
0010215 0004160
0012102 0004160
0005025 0004166
0006007 0004166
0010133 0004166
0012044 0004166
0012073 0004166
0012102 0004166
0012116 0004166
0006007 0005025
0006146 0005025
0010133 0005025
0012044 0005025
0010215 0005025
0012073 0005025
0012102 0005025
0010133 0006007
0012044 0006007
0010215 0006007
0012102 0006007
0012116 0006007
0012044 0006146
0010215 0006146
0010133 0012044
0012073 0010133
0012116 0010133
0012044 0010215
0012073 0012044
0012116 0012044
4:
0003136 9910053
0004142 9910053
0005163 9910053
0006102 9910053
0007082 9910053
0007250 9910053
0008141 9910053
0010122 9910053
0004142 0003136
0005163 0003136
0006102 0003136
0007082 0003136
0007250 0003136
0008141 0003136
0010122 0003136
0004142 0005163
0006102 0004142
0007082 0004142
0007250 0004142
0008141 0004142
0010122 0004142
0005163 0006102
0007082 0005163
0007250 0005163
0008141 0005163
0010122 0005163
0007082 0006102
0007250 0006102
0008141 0006102
0010122 0006102
0007250 0007082
0008141 0007082
0010122 0007082
0008141 0007250
0010122 0007250
5:
0002020 9908142
0002090 9908142
0003231 9908142
0005101 9908142
0006056 9908142
0010026 9908142
0010221 9908142
0002090 0002020
0003231 0002020
0005101 0002020
0006056 0002020
0010026 0002020
0010221 0002020
0003231 0002090
0005101 0002090
0006056 0002090
0010026 0002090
0010221 0002090
0005101 0003231
0006056 0003231
0010026 0003231
0010221 0003231
0006056 0005101
0010026 0005101
0010221 0005101
0010026 0006056
0010221 0006056
0010221 0010026
6:
0003160 9711162
0005031 9711162
0005204 9711162
0006219 9711162
0007043 9711162
0007078 9711162
0007140 9711162
0007204 9711162
0009142 9711162
0010060 9711162
0010090 9711162
0010221 9711162
0011205 9711162
0012266 9711162
0005006 9908142
0005031 9908142
0007043 9908142
0007078 9908142
0010060 9908142
0010221 9908142
0010251 9908142
0011205 9908142
0011244 9908142
0012217 9908142
0012266 9908142
0003160 9802068
0005204 9802068
0007043 9802068
0007078 9802068
0009142 9802068
0010060 9802068
0010221 9802068
0010251 9802068
0011244 9802068
0012217 9802068
0005006 0003160
0005031 0003160
0005204 0003160
0006071 0003160
0006219 0003160
0007043 0003160
0007078 0003160
0007140 0003160
0008204 0003160
0009142 0003160
0010221 0003160
0011099 0003160
0011170 0003160
0011205 0003160
0011244 0003160
0012217 0003160
0012266 0003160
0005031 0005006
0006071 0005006
0006219 0005006
0007043 0005006
0007078 0005006
0007140 0005006
0008204 0005006
0009142 0005006
0010060 0005006
0010221 0005006
0010251 0005006
0011170 0005006
0011244 0005006
0012217 0005006
0005204 0005031
0006071 0005031
0006219 0005031
0007043 0005031
0007078 0005031
0007140 0005031
0008204 0005031
0009142 0005031
0010060 0005031
0010221 0005031
0010251 0005031
0011170 0005031
0011244 0005031
0012217 0005031
0006219 0005204
0007043 0005204
0007078 0005204
0007140 0005204
0007204 0005204
0009142 0005204
0010060 0005204
0010090 0005204
0010221 0005204
0010251 0005204
0011099 0005204
0011205 0005204
0011244 0005204
0012217 0005204
0012266 0005204
0006219 0006071
0007078 0006071
0008204 0006071
0011170 0006071
0007043 0006219
0007078 0006219
0008204 0006219
0009142 0006219
0011170 0006219
0007078 0007043
0007140 0007043
0007204 0007043
0008204 0007043
0009142 0007043
0010060 0007043
0010090 0007043
0010221 0007043
0010251 0007043
0011099 0007043
0011170 0007043
0011205 0007043
0011244 0007043
0012217 0007043
0012266 0007043
0007140 0007078
0008204 0007078
0009142 0007078
0010060 0007078
0010221 0007078
0010251 0007078
0011099 0007078
0011170 0007078
0011205 0007078
0011244 0007078
0012266 0007078
0008204 0007140
0010221 0007140
0008204 0007204
0009142 0007204
0010060 0007204
0010221 0007204
0010251 0007204
0011099 0007204
0011205 0007204
0011244 0007204
0012266 0007204
0009142 0008204
0010060 0008204
0010221 0008204
0010251 0008204
0011099 0008204
0011170 0008204
0011205 0008204
0011244 0008204
0012217 0008204
0012266 0008204
0010060 0009142
0010090 0009142
0010221 0009142
0010251 0009142
0011099 0009142
0011205 0009142
0011244 0009142
0012217 0009142
0012266 0009142
0010221 0010060
0010251 0010060
0011099 0010060
0011205 0010060
0011244 0010060
0012217 0010060
0012266 0010060
0010221 0010090
0010251 0010090
0011099 0010090
0011205 0010090
0011244 0010090
0012217 0010090
0012266 0010090
0010251 0010221
0011099 0010221
0011205 0010221
0011244 0010221
0012217 0010221
0012266 0010221
0011099 0010251
0011205 0010251
0011244 0010251
0012217 0010251
0012266 0010251
0011205 0011099
0011244 0011099
0012217 0011099
0012266 0011099
0012266 0011205
7:
0001197 9906064
0001206 9906064
0002121 9906064
0002164 9906064
0002174 9906064
0003067 9906064
0004125 9906064
0006139 9906064
0009127 9906064
0009199 9906064
0004133 9906064
0004206 9906064
0006226 9906064
0007029 9906064
0009176 9906064
0011006 9906064
0012029 9906064
0012143 9906064
0012165 9906064
0012265 9906064
0001197 9909134
0001206 9909134
0002121 9909134
0002160 9909134
0002164 9909134
0004125 9909134
0006139 9909134
0004133 9909134
0005001 9909134
0007029 9909134
0011006 9909134
0012029 9909134
0012165 9909134
0012265 9909134
0001197 9912156
0001206 9912156
0006139 9912156
0006226 9912156
0007029 9912156
0011006 9912156
0012029 9912156
0012265 9912156
0002121 0001197
0002160 0001197
0002164 0001197
0002174 0001197
0003067 0001197
0004125 0001197
0006139 0001197
0009127 0001197
0009199 0001197
0004133 0001197
0004165 0001197
0004206 0001197
0005001 0001197
0006226 0001197
0007029 0001197
0009176 0001197
0011006 0001197
0012029 0001197
0012143 0001197
0012165 0001197
0012265 0001197
0002121 0001206
0002164 0001206
0003067 0001206
0004125 0001206
0006139 0001206
0009199 0001206
0004206 0001206
0005001 0001206
0006226 0001206
0007029 0001206
0011006 0001206
0012029 0001206
0012265 0001206
0002164 0002121
0006139 0002121
0009127 0002121
0009199 0002121
0004133 0002121
0005001 0002121
0007029 0002121
0012029 0002121
0012143 0002121
0012265 0002121
0004125 0002160
0006139 0002160
0004133 0002160
0005001 0002160
0007029 0002160
0003067 0002164
0004125 0002164
0006139 0002164
0009127 0002164
0009199 0002164
0004133 0002164
0004165 0002164
0004206 0002164
0005001 0002164
0006226 0002164
0007029 0002164
0011006 0002164
0012029 0002164
0012143 0002164
0012165 0002164
0012265 0002164
0004125 0002174
0006139 0002174
0004133 0002174
0004206 0002174
0009176 0002174
0012165 0002174
0006139 0003067
0004133 0003067
0004206 0003067
0007029 0003067
0011006 0003067
0012029 0003067
0012165 0003067
0012265 0003067
0006139 0004125
0004133 0004125
0004206 0004125
0005001 0004125
0006226 0004125
0007029 0004125
0009176 0004125
0011006 0004125
0012029 0004125
0012165 0004125
0012265 0004125
0009127 0006139
0009199 0006139
0006139 0004133
0006139 0004165
0006139 0004206
0006139 0005001
0006226 0006139
0007029 0006139
0009176 0006139
0011006 0006139
0012029 0006139
0012143 0006139
0012165 0006139
0012265 0006139
0009127 0004133
0009127 0007029
0012165 0009127
0012029 0009199
0012265 0009199
0004165 0004133
0004206 0004133
0005001 0004133
0007029 0004133
0009176 0004133
0012029 0004133
0012143 0004133
0012165 0004133
0012265 0004133
0007029 0004165
0012029 0004165
0012265 0004165
0007029 0004206
0009176 0004206
0012029 0004206
0012165 0004206
0012265 0004206
0007029 0005001
0012029 0005001
0012265 0005001
0007029 0006226
0011006 0006226
0012029 0006226
0012265 0006226
0011006 0007029
0012029 0007029
0012165 0007029
0012265 0007029
0012265 0009176
0012029 0011006
0012265 0011006
0012143 0012029
0012265 0012029
8:
0001055 9903031
0001200 9903031
0002103 9903031
0005087 9903031
0006168 9903031
0008091 9903031
0008173 9903031
0010023 9903031
0011192 9903031
0012050 9903031
0001055 9409188
0001200 0001055
0002103 0001055
0005087 0001055
0006168 0001055
0008091 0001055
0008173 0001055
0010023 0001055
0011192 0001055
0012050 0001055
0001200 9409188
0002103 9409188
0008091 9409188
0008173 9409188
0010023 9409188
0011192 9409188
0012050 9409188
0002103 0001200
0005087 0001200
0008091 0001200
0008173 0001200
0010023 0001200
0011192 0001200
0012050 0001200
0008091 0002103
0008173 0002103
0010023 0002103
0011192 0002103
0012050 0002103
0006168 0005087
0008091 0005087
0010023 0005087
0011192 0005087
0012050 0005087
0008091 0006168
0010023 0006168
0011192 0006168
0012050 0006168
0010023 0008091
0011192 0008091
0012050 0008091
0010023 0008173
0011192 0008173
0012050 0008173
0011192 0010023
0012050 0010023
0012050 0011192
9:
0001027 9711162
0002067 9711162
0002075 9711162
0002143 9711162
0002171 9711162
0003007 9711162
0003145 9711162
0003160 9711162
0004147 9711162
0003180 9711162
0003215 9711162
0003216 9711162
0003227 9711162
0004013 9711162
0004038 9711162
0004085 9711162
0004183 9711162
0005129 9711162
0005040 9711162
0005048 9711162
0006014 9711162
0006112 9711162
0006209 9711162
0007050 9711162
0008002 9711162
0008090 9711162
0008205 9711162
0009196 9711162
0010275 9711162
0011119 9711162
0011140 9711162
0011233 9711162
0012009 9711162
0012024 9711162
0003145 9903205
0004147 9903205
0003180 9903205
0003215 9903205
0004013 9903205
0004038 9903205
0004085 9903205
0004183 9903205
0005048 9903205
0006014 9903205
0006209 9903205
0008002 9903205
0008205 9903205
0011019 9903205
0011119 9903205
0011233 9903205
0012024 9903205
0001027 9908142
0001182 9908142
0001215 9908142
0002067 9908142
0002075 9908142
0002143 9908142
0002171 9908142
0002158 9908142
0002186 9908142
0003007 9908142
0003113 9908142
0003145 9908142
0004147 9908142
0003176 9908142
0003180 9908142
0003215 9908142
0003216 9908142
0003227 9908142
0004013 9908142
0004038 9908142
0004080 9908142
0004085 9908142
0004183 9908142
0004187 9908142
0005007 9908142
0005129 9908142
0005040 9908142
0005208 9908142
0005272 9908142
0006014 9908142
0006112 9908142
0006209 9908142
0007050 9908142
0007131 9908142
0008002 9908142
0008205 9908142
0009196 9908142
0010027 9908142
0010204 9908142
0010275 9908142
0011003 9908142
0011019 9908142
0011088 9908142
0011119 9908142
0011140 9908142
0011233 9908142
0012009 9908142
0012024 9908142
0001027 9903077
0001027 9903107
0001027 9903187
0001027 9910004
0001027 9911098
0001027 9912072
0001027 9912075
0001027 9912167
0001215 0001027
0002067 0001027
0002158 0001027
0002186 0001027
0003137 0001027
0003160 0001027
0004147 0001027
0003176 0001027
0003215 0001027
0004013 0001027
0004038 0001027
0004085 0001027
0004115 0001027
0004183 0001027
0006209 0001027
0008090 0001027
0011003 0001027
0001182 9903077
0001215 9903077
0002067 9903077
0002171 9903077
0002186 9903077
0003137 9903077
0004147 9903077
0003176 9903077
0003180 9903077
0003215 9903077
0004080 9903077
0004085 9903077
0004115 9903077
0004183 9903077
0005208 9903077
0005272 9903077
0006209 9903077
0007050 9903077
0008090 9903077
0010204 9903077
0011088 9903077
0012024 9903077
0001182 9903107
0001215 9903107
0002067 9903107
0002186 9903107
0003137 9903107
0003160 9903107
0004147 9903107
0003176 9903107
0003180 9903107
0003215 9903107
0003216 9903107
0004080 9903107
0004085 9903107
0004115 9903107
0004183 9903107
0005007 9903107
0005208 9903107
0005272 9903107
0006209 9903107
0007050 9903107
0008090 9903107
0010204 9903107
0011088 9903107
0012024 9903107
0001182 9903187
0001215 9903187
0002067 9903187
0002075 9903187
0002143 9903187
0002171 9903187
0002186 9903187
0003007 9903187
0003113 9903187
0003137 9903187
0003160 9903187
0004147 9903187
0003176 9903187
0003180 9903187
0003215 9903187
0003227 9903187
0004080 9903187
0004085 9903187
0004115 9903187
0004183 9903187
0005208 9903187
0005272 9903187
0006209 9903187
0007050 9903187
0007131 9903187
0008090 9903187
0010204 9903187
0011088 9903187
0011241 9903187
0012024 9903187
0002067 9910004
0002186 9910004
0003113 9910004
0003160 9910004
0004013 9910004
0004038 9910004
0004085 9910004
0004183 9910004
0006209 9910004
0008090 9910004
0008205 9910004
0009196 9910004
0010204 9910004
0010275 9910004
0011140 9910004
0012009 9910004
0001182 9911098
0001215 9911098
0002067 9911098
0002171 9911098
0002186 9911098
0003007 9911098
0003113 9911098
0003137 9911098
0003160 9911098
0004147 9911098
0003176 9911098
0003180 9911098
0003215 9911098
0003216 9911098
0004038 9911098
0004085 9911098
0004115 9911098
0004183 9911098
0005208 9911098
0005272 9911098
0006209 9911098
0007050 9911098
0007131 9911098
0008002 9911098
0008090 9911098
0008205 9911098
0009196 9911098
0010027 9911098
0010204 9911098
0010275 9911098
0011003 9911098
0011019 9911098
0011140 9911098
0012009 9911098
0012024 9911098
0001182 9912072
0001215 9912072
0002067 9912072
0002075 9912072
0002158 9912072
0002186 9912072
0003007 9912072
0003113 9912072
0003137 9912072
0003145 9912072
0003160 9912072
0004147 9912072
0003176 9912072
0003180 9912072
0003215 9912072
0003216 9912072
0003227 9912072
0004013 9912072
0004038 9912072
0004080 9912072
0004085 9912072
0004115 9912072
0004183 9912072
0004187 9912072
0005007 9912072
0005129 9912072
0005048 9912072
0005208 9912072
0005272 9912072
0006014 9912072
0006062 9912072
0006209 9912072
0006210 9912072
0007050 9912072
0007131 9912072
0008002 9912072
0008090 9912072
0008205 9912072
0009196 9912072
0010027 9912072
0010204 9912072
0010275 9912072
0011003 9912072
0011019 9912072
0011088 9912072
0011119 9912072
0011140 9912072
0011233 9912072
0011241 9912072
0012009 9912072
0001215 9912075
0002067 9912075
0002171 9912075
0004147 9912075
0003176 9912075
0003180 9912075
0003215 9912075
0004080 9912075
0004085 9912075
0004115 9912075
0004183 9912075
0005208 9912075
0006209 9912075
0008090 9912075
0002067 9912094
0002075 9912094
0002143 9912094
0002171 9912094
0003007 9912094
0004147 9912094
0003180 9912094
0004013 9912094
0004080 9912094
0004183 9912094
0005208 9912094
0006209 9912094
0011019 9912094
0011119 9912094
0012024 9912094
0002075 9912167
0002143 9912167
0002171 9912167
0002158 9912167
0002186 9912167
0003007 9912167
0003137 9912167
0003160 9912167
0004147 9912167
0003176 9912167
0003180 9912167
0003215 9912167
0003227 9912167
0004013 9912167
0004038 9912167
0004080 9912167
0004085 9912167
0004115 9912167
0004183 9912167
0005129 9912167
0005208 9912167
0005272 9912167
0006209 9912167
0006210 9912167
0010027 9912167
0011003 9912167
0011088 9912167
0012009 9912167
0003145 9711165
0004147 9711165
0003180 9711165
0003215 9711165
0004013 9711165
0004080 9711165
0004183 9711165
0005129 9711165
0006209 9711165
0008002 9711165
0011119 9711165
0012024 9711165
0003145 9803031
0003215 9803031
0004013 9803031
0004183 9803031
0008002 9803031
0011019 9803031
0011119 9803031
0011233 9803031
0001182 9908056
0001215 9908056
0002067 9908056
0002075 9908056
0002186 9908056
0003007 9908056
0003137 9908056
0003160 9908056
0004147 9908056
0003176 9908056
0003215 9908056
0004013 9908056
0004080 9908056
0004085 9908056
0004115 9908056
0004183 9908056
0005208 9908056
0008090 9908056
0011019 9908056
0011119 9908056
0003145 9812219
0004147 9812219
0003180 9812219
0003215 9812219
0004013 9812219
0004038 9812219
0004085 9812219
0004183 9812219
0006014 9812219
0006209 9812219
0007131 9812219
0008002 9812219
0008205 9812219
0011019 9812219
0011119 9812219
0011233 9812219
0012024 9812219
0003145 9906192
0003215 9906192
0004013 9906192
0004183 9906192
0008002 9906192
0011019 9906192
0011119 9906192
0011233 9906192
0001215 0001182
0002067 0001182
0002171 0001182
0002186 0001182
0003137 0001182
0003160 0001182
0003176 0001182
0003215 0001182
0003216 0001182
0004013 0001182
0004085 0001182
0004115 0001182
0004183 0001182
0005208 0001182
0005272 0001182
0006210 0001182
0007050 0001182
0008090 0001182
0010204 0001182
0011003 0001182
0011088 0001182
0003145 9810072
0003215 9810072
0004013 9810072
0004183 9810072
0006014 9810072
0008002 9810072
0011019 9810072
0011119 9810072
0011233 9810072
0002171 0001215
0002186 0001215
0003007 0001215
0003113 0001215
0003137 0001215
0003160 0001215
0004147 0001215
0003176 0001215
0003180 0001215
0003215 0001215
0004013 0001215
0004080 0001215
0004085 0001215
0004115 0001215
0004183 0001215
0004187 0001215
0005208 0001215
0005272 0001215
0006209 0001215
0006210 0001215
0007050 0001215
0008090 0001215
0010204 0001215
0011003 0001215
0011088 0001215
0002067 9804001
0002171 0002067
0002186 0002067
0003007 0002067
0003137 0002067
0003145 0002067
0003160 0002067
0003176 0002067
0003180 0002067
0003215 0002067
0003216 0002067
0003227 0002067
0004013 0002067
0004038 0002067
0004080 0002067
0004085 0002067
0004115 0002067
0004183 0002067
0005007 0002067
0005129 0002067
0006209 0002067
0006210 0002067
0008002 0002067
0008090 0002067
0010027 0002067
0011003 0002067
0011019 0002067
0011119 0002067
0002186 9804001
0003113 9804001
0003215 9804001
0004080 9804001
0004115 9804001
0004183 9804001
0006209 9804001
0008090 9804001
0002143 0002075
0002171 0002075
0002186 0002075
0003007 0002075
0003137 0002075
0003145 0002075
0003160 0002075
0004147 0002075
0003176 0002075
0003180 0002075
0003215 0002075
0003216 0002075
0003227 0002075
0004013 0002075
0004080 0002075
0004085 0002075
0004115 0002075
0004183 0002075
0004187 0002075
0005007 0002075
0005129 0002075
0005208 0002075
0005272 0002075
0006209 0002075
0006210 0002075
0007050 0002075
0008090 0002075
0008205 0002075
0010027 0002075
0010204 0002075
0010275 0002075
0011003 0002075
0011019 0002075
0011088 0002075
0011119 0002075
0011140 0002075
0011233 0002075
0011241 0002075
0012009 0002075
0012024 0002075
0002143 0002171
0003007 0002143
0003180 0002143
0003215 0002143
0004085 0002143
0004115 0002143
0004183 0002143
0005208 0002143
0003007 0002171
0003176 0002171
0003180 0002171
0003215 0002171
0004085 0002171
0004115 0002171
0004183 0002171
0005208 0002171
0005272 0002171
0007050 0002171
0008090 0002171
0003160 0002158
0004147 0002158
0003176 0002158
0004013 0002158
0004085 0002158
0006209 0002158
0012024 0002158
0003007 0002186
0003113 0002186
0003137 0002186
0003145 0002186
0003160 0002186
0004147 0002186
0003176 0002186
0003180 0002186
0003215 0002186
0003216 0002186
0003227 0002186
0004013 0002186
0004038 0002186
0004080 0002186
0004085 0002186
0004115 0002186
0004183 0002186
0004187 0002186
0005007 0002186
0005129 0002186
0005048 0002186
0005208 0002186
0006014 0002186
0006209 0002186
0008002 0002186
0008090 0002186
0008205 0002186
0009196 0002186
0010027 0002186
0010204 0002186
0010275 0002186
0011003 0002186
0011019 0002186
0011088 0002186
0011119 0002186
0011140 0002186
0011233 0002186
0011241 0002186
0012009 0002186
0003160 0003007
0003176 0003007
0003180 0003007
0004013 0003007
0004085 0003007
0004183 0003007
0005208 0003007
0006210 0003007
0011003 0003007
0011241 0003007
0003145 0003113
0003160 0003113
0004147 0003113
0003176 0003113
0003180 0003113
0003215 0003113
0003216 0003113
0003227 0003113
0004013 0003113
0004038 0003113
0004080 0003113
0004085 0003113
0004115 0003113
0004183 0003113
0004187 0003113
0005007 0003113
0005129 0003113
0005048 0003113
0005208 0003113
0006014 0003113
0006209 0003113
0006210 0003113
0007131 0003113
0008002 0003113
0008090 0003113
0008205 0003113
0009196 0003113
0010027 0003113
0010275 0003113
0011003 0003113
0011019 0003113
0011140 0003113
0011233 0003113
0012009 0003113
0012024 0003113
0003176 0003137
0004013 0003137
0004085 0003137
0006210 0003137
0008090 0003137
0011003 0003137
0003160 0003145
0004147 0003145
0003180 0003145
0003215 0003145
0003216 0003145
0003227 0003145
0004013 0003145
0004038 0003145
0004080 0003145
0004085 0003145
0004115 0003145
0004183 0003145
0004187 0003145
0005007 0003145
0005129 0003145
0005048 0003145
0005208 0003145
0006014 0003145
0006209 0003145
0006210 0003145
0007131 0003145
0008002 0003145
0008090 0003145
0008205 0003145
0010027 0003145
0011003 0003145
0011019 0003145
0011119 0003145
0011233 0003145
0012024 0003145
0003160 0004147
0003176 0003160
0003216 0003160
0003227 0003160
0004013 0003160
0004085 0003160
0004183 0003160
0008090 0003160
0011241 0003160
0004147 0003176
0004147 0003180
0004147 0003215
0004147 0003227
0004147 0004013
0004147 0004038
0004147 0004080
0004147 0004085
0006209 0004147
0007131 0004147
0008090 0004147
0008205 0004147
0011003 0004147
0012024 0004147
0003215 0003176
0004013 0003176
0004085 0003176
0004115 0003176
0004187 0003176
0005208 0003176
0005272 0003176
0006209 0003176
0006210 0003176
0007050 0003176
0008090 0003176
0010204 0003176
0011003 0003176
0011088 0003176
0012024 0003176
0003215 0003180
0004013 0003180
0004038 0003180
0004080 0003180
0004085 0003180
0004115 0003180
0004183 0003180
0004187 0003180
0005007 0003180
0005129 0003180
0005048 0003180
0005208 0003180
0005272 0003180
0006014 0003180
0006209 0003180
0006210 0003180
0007050 0003180
0007131 0003180
0008002 0003180
0008090 0003180
0008205 0003180
0009196 0003180
0010027 0003180
0011003 0003180
0011019 0003180
0011088 0003180
0011119 0003180
0011140 0003180
0011233 0003180
0012009 0003180
0012024 0003180
0003227 0003215
0004013 0003215
0004038 0003215
0004080 0003215
0004085 0003215
0004115 0003215
0004183 0003215
0004187 0003215
0005007 0003215
0005129 0003215
0005048 0003215
0005208 0003215
0006014 0003215
0006209 0003215
0006210 0003215
0007050 0003215
0007131 0003215
0008002 0003215
0008090 0003215
0008205 0003215
0010027 0003215
0011003 0003215
0011019 0003215
0011088 0003215
0011119 0003215
0011233 0003215
0004080 0003216
0004085 0003216
0004115 0003216
0006209 0003216
0006210 0003216
0008002 0003216
0008090 0003216
0008205 0003216
0011003 0003216
0011019 0003216
0011119 0003216
0012024 0003216
0004013 0003227
0004085 0003227
0004115 0003227
0004183 0003227
0004187 0003227
0005007 0003227
0005208 0003227
0006209 0003227
0006210 0003227
0008002 0003227
0008205 0003227
0010027 0003227
0011003 0003227
0011119 0003227
0004013 0004038
0004080 0004013
0004085 0004013
0004115 0004013
0004183 0004013
0005129 0004013
0005048 0004013
0005208 0004013
0006014 0004013
0006209 0004013
0006210 0004013
0007131 0004013
0008002 0004013
0011003 0004013
0011019 0004013
0011119 0004013
0011233 0004013
0012009 0004013
0012024 0004013
0004183 0004038
0005007 0004038
0006014 0004038
0006209 0004038
0008090 0004038
0011119 0004038
0004115 0004080
0004183 0004080
0005007 0004080
0006209 0004080
0006210 0004080
0008002 0004080
0010027 0004080
0011003 0004080
0011019 0004080
0011119 0004080
0012024 0004080
0004183 0004085
0005007 0004085
0006209 0004085
0006210 0004085
0007050 0004085
0008090 0004085
0011003 0004085
0011241 0004085
0012024 0004085
0004183 0004115
0004187 0004115
0005007 0004115
0006209 0004115
0006210 0004115
0007050 0004115
0008090 0004115
0010027 0004115
0011003 0004115
0012024 0004115
0005129 0004183
0005048 0004183
0005208 0004183
0006209 0004183
0006210 0004183
0008002 0004183
0008090 0004183
0008205 0004183
0009196 0004183
0010027 0004183
0010275 0004183
0011003 0004183
0011019 0004183
0011088 0004183
0011119 0004183
0011140 0004183
0011233 0004183
0011241 0004183
0012009 0004183
0005007 0004187
0005129 0005048
0005208 0005129
0005272 0005129
0006209 0005129
0006210 0005129
0007131 0005129
0011003 0005129
0011019 0005129
0012024 0005129
0006062 0005040
0006112 0005040
0008205 0005040
0009196 0005040
0010275 0005040
0011140 0005040
0012009 0005040
0006014 0005048
0006062 0005048
0006112 0005048
0006209 0005048
0008205 0005048
0009196 0005048
0010275 0005048
0011019 0005048
0011140 0005048
0011233 0005048
0012009 0005048
0005272 0005208
0006210 0005208
0007131 0005208
0008090 0005208
0009196 0005208
0010204 0005208
0010275 0005208
0011003 0005208
0011088 0005208
0011140 0005208
0012009 0005208
0012024 0005208
0006210 0005272
0007050 0005272
0008090 0005272
0010204 0005272
0011003 0005272
0011088 0005272
0012024 0005272
0006209 0006014
0006210 0006014
0008002 0006014
0008205 0006014
0011019 0006014
0011233 0006014
0006062 0006112
0008205 0006062
0009196 0006062
0010275 0006062
0011140 0006062
0012009 0006062
0008205 0006112
0009196 0006112
0010275 0006112
0011140 0006112
0012009 0006112
0007131 0006209
0008090 0006209
0012024 0006209
0011003 0006210
0012024 0006210
0008090 0007050
0011003 0007050
0008090 0007131
0012009 0007131
0012024 0007131
0008090 0008002
0008205 0008002
0011019 0008002
0011119 0008002
0011233 0008002
0008205 0008090
0009196 0008090
0010204 0008090
0010275 0008090
0011019 0008090
0011088 0008090
0011140 0008090
0012024 0008090
0009196 0008205
0010204 0008205
0010275 0008205
0011003 0008205
0011088 0008205
0011140 0008205
0011233 0008205
0012009 0008205
0010204 0009196
0010275 0009196
0011088 0009196
0011140 0009196
0011233 0009196
0012009 0009196
0010275 0010204
0011088 0010204
0011140 0010204
0012024 0010204
0011088 0010275
0011140 0010275
0012009 0010275
0011119 0011019
0011233 0011019
0012024 0011088
0012009 0011140
0012024 0012009
10:
0001192 9905210
0003052 9905210
0004097 9905210
0006232 9905210
0009059 9905210
0005127 9905210
0101003 9905210
0001192 9906064
0003052 9906064
0004097 9906064
0006232 9906064
0009059 9906064
0009087 9906064
0005127 9906064
0010205 9906064
0101003 9906064
0001192 9909053
0003052 9909053
0004097 9909053
0006232 9909053
0009059 9909053
0005127 9909053
0101003 9909053
0003052 0001192
0004097 0001192
0006232 0001192
0009059 0001192
0009087 0001192
0005127 0001192
0010205 0001192
0101003 0001192
0004097 0003052
0006232 0003052
0009059 0003052
0009087 0003052
0005127 0003052
0010205 0003052
0101003 0003052
0006232 0004097
0009059 0004097
0009087 0004097
0005127 0004097
0010205 0004097
0101003 0004097
0009059 0006232
0006232 0005127
0101003 0006232
0009087 0009059
0009059 0005127
0101003 0009059
0009087 0005127
0010205 0009087
0101003 0009087
0010205 0005127
0101003 0005127
0101003 0010205
11:
0004141 0003037
0005244 0003037
0006117 0003037
0006145 0003037
0007100 0003037
0007171 0003037
0008038 0003037
0010170 0003037
0005244 0004141
0006117 0004141
0006145 0004141
0007100 0004141
0007171 0004141
0008038 0004141
0010170 0004141
0006117 0005244
0006145 0005244
0007100 0005244
0007171 0005244
0008038 0005244
0010170 0005244
0007100 0006117
0007171 0006117
0008038 0006117
0010170 0006117
0007100 0006145
0007171 0006145
0008038 0006145
0010170 0006145
0007171 0007100
0008038 0007100
0010170 0007100
0008038 0007171
0010170 0007171
0010170 0008038
12:
0001037 9301042
0003263 9301042
0005247 9301042
0006224 9301042
0007075 9301042
0010196 9301042
0010217 9301042
0010223 9301042
0011017 9301042
0011101 9301042
0012079 9301042
0012179 9301042
0001037 9712186
0001132 9712186
0003242 9712186
0003263 9712186
0006224 9712186
0007075 9712186
0008194 9712186
0010196 9712186
0012179 9712186
0001037 9906200
0001132 9906200
0002037 9906200
0003242 9906200
0003263 9906200
0005247 9906200
0006047 9906200
0006100 9906200
0006224 9906200
0006247 9906200
0007075 9906200
0008194 9906200
0010196 9906200
0010217 9906200
0010223 9906200
0011017 9906200
0011101 9906200
0011107 9906200
0012079 9906200
0012179 9906200
0001037 9907131
0001037 9910172
0001037 9912147
0001037 9912188
0001132 0001037
0003242 0001037
0003263 0001037
0005247 0001037
0006100 0001037
0006224 0001037
0006247 0001037
0007075 0001037
0008194 0001037
0010196 0001037
0011101 0001037
0012179 0001037
0003242 9907131
0005247 9907131
0006224 9907131
0007075 9907131
0010196 9907131
0011101 9907131
0012179 9907131
0001132 9910172
0003242 9910172
0003263 9910172
0006224 9910172
0007075 9910172
0008194 9910172
0010196 9910172
0010223 9910172
0011101 9910172
0012179 9910172
0001132 9912147
0003242 9912147
0003263 9912147
0006047 9912147
0006224 9912147
0007075 9912147
0008194 9912147
0010196 9912147
0010217 9912147
0010223 9912147
0011017 9912147
0011101 9912147
0011107 9912147
0012179 9912147
0001132 9912188
0003242 9912188
0003263 9912188
0006047 9912188
0006224 9912188
0007075 9912188
0008194 9912188
0010196 9912188
0010217 9912188
0010223 9912188
0011101 9912188
0011107 9912188
0012179 9912188
0002037 9906242
0003263 9906242
0006224 9906242
0007075 9906242
0008194 9906242
0010196 9906242
0010217 9906242
0010223 9906242
0011017 9906242
0011101 9906242
0012079 9906242
0012179 9906242
0003242 0001132
0003263 0001132
0006047 0001132
0007075 0001132
0008194 0001132
0010196 0001132
0012179 0001132
0002037 9704151
0003263 9704151
0006224 9704151
0007075 9704151
0010196 9704151
0010223 9704151
0011101 9704151
0003263 0002037
0006224 0002037
0007075 0002037
0008194 0002037
0010196 0002037
0010223 0002037
0011017 0002037
0011101 0002037
0012079 0002037
0012179 0002037
0003263 0003242
0005247 0003242
0006047 0003242
0006100 0003242
0006224 0003242
0006247 0003242
0007075 0003242
0008194 0003242
0010196 0003242
0011101 0003242
0012179 0003242
0006047 0003263
0006224 0003263
0007075 0003263
0008194 0003263
0010196 0003263
0010217 0003263
0010223 0003263
0011017 0003263
0011101 0003263
0011107 0003263
0012079 0003263
0012179 0003263
0006100 0005247
0006247 0005247
0007075 0005247
0010196 0005247
0010217 0005247
0010223 0005247
0011017 0005247
0011101 0005247
0011107 0005247
0012079 0005247
0012179 0005247
0007075 0006047
0008194 0006047
0012179 0006047
0006247 0006100
0011101 0006100
0012179 0006100
0007075 0006224
0008194 0006224
0010196 0006224
0010217 0006224
0010223 0006224
0011101 0006224
0011107 0006224
0012079 0006224
0012179 0006224
0007075 0006247
0011101 0006247
0012179 0006247
0008194 0007075
0010196 0007075
0010223 0007075
0011101 0007075
0012179 0007075
0010223 0008194
0012179 0008194
0010217 0010196
0010223 0010196
0011017 0010196
0011101 0010196
0011107 0010196
0012079 0010196
0012179 0010196
0010223 0010217
0011017 0010217
0011101 0010217
0011107 0010217
0012079 0010217
0012179 0010217
0011017 0010223
0011101 0010223
0011107 0010223
0012079 0010223
0012179 0010223
0011101 0011017
0011107 0011017
0012079 0011017
0012179 0011017
0012179 0011101
0012179 0011107
0012179 0012079
13:
0001215 9911098
0002084 9911098
0002119 9911098
0003176 9911098
0005272 9911098
0007050 9911098
0008090 9911098
0001215 9912072
0002084 9912072
0002119 9912072
0003176 9912072
0005272 9912072
0007050 9912072
0008090 9912072
0001215 9912153
0002084 0001215
0002119 0001215
0003176 0001215
0005272 0001215
0007050 0001215
0008090 0001215
0002084 9912153
0002119 9912153
0003176 9912153
0005272 9912153
0007050 9912153
0008090 9912153
0002119 0002084
0003176 0002084
0005272 0002084
0007050 0002084
0008090 0002084
0003176 0002119
0005272 0002119
0007050 0002119
0008090 0002119
0005272 0003176
0007050 0003176
0008090 0003176
0007050 0005272
0008090 0005272
0008090 0007050
14:
0001167 9908142
0002075 9908142
0002143 9908142
0002171 9908142
0005129 9908142
0005208 9908142
0008057 9908142
0008132 9908142
0009233 9908142
0010244 9908142
0001167 9903077
0002143 9903077
0002171 9903077
0005208 9903077
0008057 9903077
0008132 9903077
0009233 9903077
0010244 9903077
0001167 9903187
0002075 9903187
0002143 9903187
0002171 9903187
0005208 9903187
0008057 9903187
0008132 9903187
0009233 9903187
0010244 9903187
0002075 9912072
0002143 9912072
0005129 9912072
0005208 9912072
0008057 9912072
0008132 9912072
0009233 9912072
0010244 9912072
0001167 9912167
0002075 9912167
0002143 9912167
0002171 9912167
0005129 9912167
0005208 9912167
0008057 9912167
0008132 9912167
0009233 9912167
0010244 9912167
0002143 0001167
0002171 0001167
0008057 0001167
0008132 0001167
0009233 0001167
0010244 0001167
0002143 0002075
0002171 0002075
0005129 0002075
0005208 0002075
0008057 0002075
0008132 0002075
0009233 0002075
0010244 0002075
0002143 0002171
0005208 0002143
0008057 0002143
0008132 0002143
0009233 0002143
0010244 0002143
0005208 0002171
0008057 0002171
0008132 0002171
0009233 0002171
0010244 0002171
0005208 0005129
0008057 0005129
0008132 0005129
0009233 0005129
0010244 0005129
0008057 0005208
0008132 0005208
0009233 0005208
0010244 0005208
0008132 0008057
0009233 0008057
0010244 0008057
0009233 0008132
0010244 0008132
0010244 0009233
15:
0008042 9908142
0008075 9908142
0008144 9908142
0010256 9908142
0011125 9908142
0011131 9908142
0012065 9908142
0012170 9908142
0012218 9908142
0008042 9910004
0008075 9910004
0008144 9910004
0010256 9910004
0011125 9910004
0011131 9910004
0012065 9910004
0012170 9910004
0012218 9910004
0008042 9911041
0008075 9911041
0008144 9911041
0010256 9911041
0011125 9911041
0011131 9911041
0012065 9911041
0012170 9911041
0012218 9911041
0008075 0008042
0008144 0008042
0010256 0008042
0011125 0008042
0011131 0008042
0012065 0008042
0012170 0008042
0012218 0008042
0008144 0008075
0010256 0008075
0011125 0008075
0011131 0008075
0012065 0008075
0012170 0008075
0012218 0008075
0010256 0008144
0011125 0008144
0011131 0008144
0012065 0008144
0012170 0008144
0012218 0008144
0011131 0010256
0012170 0010256
0012218 0010256
0012065 0011125
0012170 0011125
0012218 0011125
0012065 0011131
0012170 0011131
0012218 0011131
0012170 0012065
0012218 0012065
0012218 0012170
16:
0002020 9711162
0002090 9711162
0003231 9711162
0005204 9711162
0006056 9711162
0010026 9711162
0010221 9711162
0002090 0002020
0003231 0002020
0005204 0002020
0006056 0002020
0010026 0002020
0010221 0002020
0003231 0002090
0005204 0002090
0006056 0002090
0010026 0002090
0010221 0002090
0005204 0003231
0006056 0003231
0010026 0003231
0010221 0003231
0006056 0005204
0010026 0005204
0010221 0005204
0010026 0006056
0010221 0006056
0010221 0010026
17:
0003075 9910053
0008015 9910053
0008016 9910053
0008088 9910053
0008203 9910053
0009019 9910053
0010122 9910053
0010237 9910053
0008015 0003075
0008016 0003075
0008088 0003075
0008203 0003075
0009019 0003075
0010122 0003075
0010237 0003075
0008015 0008016
0008088 0008015
0008203 0008015
0009019 0008015
0010122 0008015
0008088 0008016
0008203 0008016
0009019 0008016
0010122 0008016
0010237 0008016
0008203 0008088
0009019 0008088
0010122 0008088
0010237 0008088
0009019 0008203
0010122 0008203
0010237 0008203
0010122 0009019
0010237 0009019
0010237 0010122
18:
0001192 9906064
0003052 9906064
0004097 9906064
0007064 9906064
0008102 9906064
0009059 9906064
0011115 9906064
0003052 0001192
0004097 0001192
0007064 0001192
0008102 0001192
0009059 0001192
0011115 0001192
0004097 0003052
0007064 0003052
0008102 0003052
0009059 0003052
0011115 0003052
0007064 0004097
0008102 0004097
0009059 0004097
0011115 0004097
0008102 0007064
0009059 0007064
0011115 0007064
0009059 0008102
0011115 0008102
0011115 0009059
19:
0001071 9906064
0001159 9906064
0003197 9906064
0007044 9906064
0007120 9906064
0007209 9906064
0008112 9906064
0001159 0001071
0003117 0001071
0003197 0001071
0007044 0001071
0007120 0001071
0007209 0001071
0008112 0001071
0003117 0001159
0003197 0001159
0007044 0001159
0007120 0001159
0007209 0001159
0008112 0001159
0003197 0003117
0007044 0003117
0007120 0003117
0007209 0003117
0008112 0003117
0007044 0003197
0007120 0003197
0007209 0003197
0008112 0003197
0007120 0007044
0007209 0007044
0008112 0007044
0007209 0007120
0008112 0007120
0008112 0007209
20:
0002091 9905210
0003052 9905210
0003076 9905210
0008151 9905210
0007064 9905210
0008102 9905210
0004056 9905210
0002091 9906064
0003052 9906064
0003076 9906064
0008151 9906064
0007064 9906064
0008102 9906064
0004056 9906064
0002091 9909053
0003052 9909053
0003076 9909053
0008151 9909053
0007064 9909053
0008102 9909053
0004056 9909053
0002091 9912001
0003052 9912001
0003076 9912001
0008151 9912001
0007064 9912001
0008102 9912001
0004056 9912001
0003052 0002091
0003076 0002091
0008151 0002091
0007064 0002091
0008102 0002091
0004056 0002091
0003076 0003052
0008151 0003052
0007064 0003052
0008102 0003052
0004056 0003052
0003076 0008151
0007064 0003076
0008102 0003076
0004056 0003076
0008151 0007064
0008151 0008102
0008151 0004056
0008102 0007064
0007064 0004056
0008102 0004056
21:
0002075 9908142
0002186 9908142
0005129 9908142
0005208 9908142
0008057 9908142
0008132 9908142
0011003 9908142
0002075 9912072
0002186 9912072
0005129 9912072
0005208 9912072
0008057 9912072
0008132 9912072
0011003 9912072
0002075 9912167
0002186 9912167
0005129 9912167
0005208 9912167
0008057 9912167
0008132 9912167
0011003 9912167
0002186 0002075
0005129 0002075
0005208 0002075
0008057 0002075
0008132 0002075
0011003 0002075
0005129 0002186
0005208 0002186
0008057 0002186
0008132 0002186
0011003 0002186
0005208 0005129
0008057 0005129
0008132 0005129
0011003 0005129
0008057 0005208
0008132 0005208
0011003 0005208
0008132 0008057
0011003 0008057
0011003 0008132
22:
0001084 9911116
0002211 9911116
0003220 9911116
0004015 9911116
0005036 9911116
0005114 9911116
0007158 9911116
0001084 9805170
0002211 9805170
0003220 9805170
0004015 9805170
0005036 9805170
0005114 9805170
0007158 9805170
0002211 0001084
0003220 0001084
0004015 0001084
0005036 0001084
0005114 0001084
0007158 0001084
0003220 0002211
0004015 0002211
0005036 0002211
0005114 0002211
0007158 0002211
0004015 0003220
0005036 0003220
0005114 0003220
0007158 0003220
0005036 0004015
0005114 0004015
0007158 0004015
0005114 0005036
0007158 0005036
0007158 0005114
