# The directed communities at k=8
# from /Users/bogna/dev/role-mining/datasets/hepth/timeslots/cit-HepTh-2000.edges
# at no lower link weight threshold,
# and at no upper link weight threshold.
# Links were treated as directed.
# No time limit was set for the clique search.

0: 9906064 9911055 9510017 9612128 9510209 9603142 9910093 9809147 9602070 9603133 9805157 9905137 9611213 9803076 9803214 9804110 9806008 9811193 9812163 0002091 0002072 0002161 0002190 0003020 0003045 0003054 0003074 0003076 0004028 0005016 0008151 0006044 0007177 0009199 0010093 0003162 0003269 0004057 0004114 0005066 0005167 0005206 0005217 0006030 0006059 0006191 0006215 0007002 0008041 0008054 0008128 0009022 0011111 0011138 0011141 0011245 0012049 
1: 9810188 9711162 9908142 9811237 9808141 9812135 9902105 9911116 9912249 9805019 9812031 9805170 9909062 0001084 9503099 9912121 0001143 0001201 9605088 0002117 9402113 9404008 9406125 0002211 0002223 0002237 0003031 0003101 0003122 0003124 0003160 0003220 0003221 0003278 0004015 0004106 0004112 0005006 0005031 0005036 0005085 0005114 0005153 0009148 0006052 0006071 9208027 0006240 0007153 0007158 0007217 0007226 0007235 0008013 0008023 0008033 0008053 0008064 0008101 0008127 0008214 0008227 0008231 0008242 0008252 0009002 0009030 0009038 0009061 0009090 0009101 0009103 9210065 9303143 9311177 0009105 0009142 0009189 0009191 0009213 0009224 0009246 0009252 0010016 0010021 0010028 0010034 0010045 0010058 0010060 0010108 0010181 0010190 0010218 0010221 0010240 0010247 0010256 0011002 0011009 0011029 0011033 0011057 0011094 0011095 0011108 0011117 0011170 0011223 0011226 0011238 0011283 0012080 0012081 0012198 0012210 0012222 0012251 0101002 
2: 9711162 9711200 9908142 9711165 9907166 9908134 9711112 0005015 0005129 0005040 0005046 0005048 0005073 0006013 0006023 0006062 0006112 0006225 0006085 0006193 0006236 0006202 0006209 0006235 0009158 0007052 0007089 0007106 0007147 0007168 0007215 0008030 0008073 0008119 0008172 0008213 0009095 0009140 0009141 0009182 0010143 0011054 0011282 0011283 0012142 0012183 0012239 
3: 9905012 9905210 9906064 9910149 9910219 0005032 0005239 0006069 0007177 0009010 0009056 0009160 0010063 0004067 0004160 0004166 0005025 0006007 0006146 0010133 0012044 0010215 0012073 0012102 0012116 
4: 9910053 0003136 0004142 0005163 0006102 0007082 0007250 0008141 0010122 
5: 9908142 0002020 0002090 0003231 0005101 0006056 0010026 0010221 
6: 9711162 9908142 9802068 0003160 0005006 0005031 0005204 0006071 0006219 0007043 0007078 0007140 0007204 0008204 0009142 0010060 0010090 0010221 0010251 0011099 0011170 0011205 0011244 0012217 0012266 
7: 9906064 9909134 9912156 0001197 0001206 0002121 0002160 0002164 0002174 0003067 0004125 0006139 0009127 0009199 0004133 0004165 0004206 0005001 0006226 0007029 0009176 0011006 0012029 0012143 0012165 0012265 
8: 9903031 0001055 9409188 0001200 0002103 0005087 0006168 0008091 0008173 0010023 0011192 0012050 
9: 9711162 9903205 9908142 0001027 9903077 9903107 9903187 9910004 9911098 9912072 9912075 9912094 9912167 9711165 9803031 9908056 9812219 9906192 0001182 9810072 0001215 0002067 9804001 0002075 0002143 0002171 0002158 0002186 0003007 0003113 0003137 0003145 0003160 0004147 0003176 0003180 0003215 0003216 0003227 0004013 0004038 0004080 0004085 0004115 0004183 0004187 0005007 0005129 0005040 0005048 0005208 0005272 0006014 0006062 0006112 0006209 0006210 0007050 0007131 0008002 0008090 0008205 0009196 0010027 0010204 0010275 0011003 0011019 0011088 0011119 0011140 0011233 0011241 0012009 0012024 
10: 9905210 9906064 9909053 0001192 0003052 0004097 0006232 0009059 0009087 0005127 0010205 0101003 
11: 0003037 0004141 0005244 0006117 0006145 0007100 0007171 0008038 0010170 
12: 9301042 9712186 9906200 0001037 9907131 9910172 9912147 9912188 9906242 0001132 9704151 0002037 0003242 0003263 0005247 0006047 0006100 0006224 0006247 0007075 0008194 0010196 0010217 0010223 0011017 0011101 0011107 0012079 0012179 
13: 9911098 9912072 0001215 9912153 0002084 0002119 0003176 0005272 0007050 0008090 
14: 9908142 9903077 9903187 9912072 9912167 0001167 0002075 0002143 0002171 0005129 0005208 0008057 0008132 0009233 0010244 
15: 9908142 9910004 9911041 0008042 0008075 0008144 0010256 0011125 0011131 0012065 0012170 0012218 
16: 9711162 0002020 0002090 0003231 0005204 0006056 0010026 0010221 
17: 9910053 0003075 0008015 0008016 0008088 0008203 0009019 0010122 0010237 
18: 9906064 0001192 0003052 0004097 0007064 0008102 0009059 0011115 
19: 9906064 0001071 0001159 0003117 0003197 0007044 0007120 0007209 0008112 
20: 9905210 9906064 9909053 9912001 0002091 0003052 0003076 0008151 0007064 0008102 0004056 
21: 9908142 9912072 9912167 0002075 0002186 0005129 0005208 0008057 0008132 0011003 
22: 9911116 9805170 0001084 0002211 0003220 0004015 0005036 0005114 0007158 
