# The links inside the directed communities at k=6
# from /Users/bogna/dev/role-mining/datasets/enron/timeslots/1-2000.edges
# at no lower link weight threshold,
# and at no upper link weight threshold.
# Links were treated as directed.
# No time limit was set for the clique search.

0:
63968 143
64037 143
64039 143
64040 143
64055 143
63968 64037
63968 64039
63968 64040
63968 64049
63968 64051
63968 64053
63968 64054
63968 64055
63968 64056
63968 64057
63968 64063
63968 64064
63968 64069
63968 64070
63968 64071
63968 64072
63968 64076
63968 64078
63968 64079
63968 64080
63968 64081
64037 64039
64040 64037
64037 64049
64037 64051
64037 64053
64037 64054
64037 64055
64037 64056
64037 64057
64037 64063
64037 64064
64037 64069
64037 64070
64037 64071
64037 64072
64037 64076
64037 64078
64037 64079
64037 64080
64037 64081
64039 64040
64039 64049
64039 64051
64039 64053
64039 64054
64039 64055
64039 64056
64039 64057
64039 64063
64039 64064
64039 64069
64039 64070
64039 64071
64039 64072
64039 64076
64039 64078
64039 64079
64039 64080
64039 64081
64040 64049
64040 64051
64040 64053
64040 64054
64040 64055
64040 64056
64040 64057
64040 64063
64040 64064
64040 64069
64040 64070
64040 64071
64040 64072
64040 64076
64040 64078
64040 64079
64040 64080
64040 64081
64055 64049
64055 64051
64055 64053
64055 64054
64055 64056
64055 64057
64055 64063
64055 64064
64055 64069
64055 64070
64055 64071
64055 64072
64055 64076
64055 64078
64055 64079
64055 64080
64055 64081
1:
786 558
786 641
1310 786
1548 786
786 489
786 854
558 641
1310 558
558 1548
558 489
558 854
1310 641
641 1548
641 854
1310 1548
1310 489
1310 854
1548 489
1548 854
489 854
2:
663 498
1310 498
498 489
498 519
905 498
1310 663
663 489
663 519
663 905
1310 489
1310 519
1310 905
519 489
905 489
905 519
