# The directed communities at k=12
# from /Users/bogna/dev/role-mining/datasets/hepth/timeslots/cit-HepTh-2001.edges
# at no lower link weight threshold,
# and at no upper link weight threshold.
# Links were treated as directed.
# No time limit was set for the clique search.

0: 9711200 9802150 9806146 9911082 0103171 0112045 0106109 0106113 0106151 0106184 0106191 0106247 0107134 0107169 0108119 0109213 0110007 0110108 0112223 0112226 0108172 0109057 0109122 0110031 0110062 0110064 0110169 0110234 0111008 0111093 0111238 0111182 0112066 0112093 0112152 
1: 0101014 0002117 0002237 0003031 0005036 0006240 0008053 0008101 0008252 0009105 0012251 9912249 0101162 0102112 0103085 0103103 0105024 0105058 0105059 0105129 0105168 0105175 0105184 0106010 0106036 0106068 0107007 0107101 0108150 0109182 0110124 0110136 0110204 0111034 0111069 0111087 0111129 0111208 0111281 0112169 0112214 0112231 
2: 9711200 9802150 0101073 0008140 0009244 0010127 0011115 0101076 0101083 0102042 0102113 0102138 0102184 0103078 0103108 0103241 0104141 0104159 0105036 0105052 0105070 0105093 0105117 0105160 0105214 0105249 0106086 0107134 0107238 0108092 0108172 0111008 0111093 0111238 0111276 0112140 0111136 0111182 
3: 0112045 0106113 0106247 0110007 0110108 0112226 0110234 0110265 0111093 0111238 0110123 0111182 0112152 
4: 0008142 0011089 0011256 0103067 0103167 0103115 0103223 0104037 0104124 0105066 0105225 0106034 0106040 0106055 0110115 0110171 0110232 0111048 0112040 
