# The contained directed cliques in the directed communities at k=12
# from /Users/bogna/dev/role-mining/datasets/hepth/timeslots/cit-HepTh-2001.edges
# at no lower link weight threshold,
# and at no upper link weight threshold.
# Links were treated as directed.
# No time limit was set for the clique search.

0: 11563 11565 21237 11566 21241 21242 16993 21141 21142 21143 21144 21236 21238 21239 21240 21243 21269 21272 21273 21274 21275 22001 22004 22005 22006 22008 22011 22012 22236 22241 24029 20358 21132 21145 20357 20390 20356 20387 21133 21134 21235 21135 21268 21267 21265 21233 21146 21140 22003 21270 21271 22228 22229 22230 22232 22233 22239 24034 19869 22234 24030 19864 19870 19873 22238 22458 19865 22013 24032 22014 22237 24033 23072 22231 22235 22242 23231 23070 22459 22460 22240 24031 22243 24028 24008 24035 23069 24007 22007 22000 21276 21280 21281 
1: 11805 11806 11807 11808 13760 13761 13762 13764 13766 14884 14885 14888 14889 14892 14893 16512 16513 16514 16516 13763 13765 13767 16515 16517 13768 13769 13770 13771 11847 17467 11841 11846 11850 11853 11840 11844 11832 11842 11852 11833 11835 11838 16520 11834 11836 11839 16521 11837 11843 20659 11849 20660 11848 11851 17460 11854 11855 11845 13774 13772 13773 17459 17461 20746 20745 20750 17462 17468 17466 17470 17465 17476 22709 17469 17475 22708 17481 22715 17479 17482 14906 17471 17480 14898 14907 14899 14900 14901 17472 17474 17473 20672 22712 22716 20665 20670 20673 20664 20666 22706 22740 14403 15484 20007 20488 22729 22737 22741 22742 14397 14402 14396 15478 20001 20482 22730 22731 14400 15477 18419 20000 20481 22725 22726 22727 22728 14405 15481 18422 20004 20485 22732 22733 22734 22735 15486 18426 20009 20490 22743 22744 22745 22746 15483 18424 20006 20487 22736 22738 22739 22754 22752 22755 22767 22785 22753 22764 22782 22766 22784 22768 22713 22787 22765 22783 22786 20679 16133 20671 16132 22714 11809 16523 16522 16525 16524 
2: 15884 15885 15887 15889 15890 15891 15892 16649 16651 16850 16852 16853 16854 16861 16865 16866 16867 16868 16869 16870 16875 17719 17721 19025 19031 19159 19160 19295 19296 21865 21867 22391 22395 22396 22405 23148 23400 23401 23402 16628 16635 16650 16691 17698 17705 17720 17761 18995 19010 19026 19027 19067 19153 19161 19165 19168 19187 19293 21837 21850 21866 22401 22409 22418 16614 16615 16616 16618 16619 16620 16621 16625 16629 16630 16631 16632 16633 16634 16636 16637 16638 16640 16652 16653 16655 16656 16657 16658 16660 16670 16671 16672 16673 16676 16677 16678 16679 16692 16693 16694 16862 16876 17684 17685 17686 17688 17689 17699 17700 17701 17702 17704 17706 17707 17708 17722 17725 17726 17727 17728 17740 17741 17742 17743 17747 17762 17763 18978 18979 18980 18981 18992 18993 18994 18996 18997 18998 19000 19001 19002 19003 19009 19011 19013 19022 19024 19032 19033 19034 19048 19049 19050 19180 19181 19184 19188 19189 19193 19194 19195 19196 19294 21826 21827 21828 21838 21839 21840 22171 22392 22406 22408 22419 22422 22423 22930 22931 23149 23151 23152 23403 16617 16623 16626 16641 16642 16646 16661 16680 17690 17691 17695 17710 17730 17748 17749 18983 19014 19035 19036 19055 19169 19190 19197 21829 21851 21853 22168 22172 22184 22428 16622 16627 16639 16644 16659 17687 17692 17709 18982 21121 21122 21123 16624 16664 17714 18986 21124 16643 16645 16666 17693 17694 17715 18988 22188 22190 22191 16647 16654 16665 16682 16683 16684 16685 17711 17712 17713 17717 17750 17753 17754 17755 18987 19017 19019 19020 21854 21857 21859 21860 22169 22170 22175 22178 22180 23150 23156 16648 16668 16688 16689 16696 17696 17703 17716 17723 17724 17759 18990 21864 22424 22429 23155 23405 23406 17718 21111 17697 21110 16667 16674 16675 17737 17738 17745 19046 21835 21836 21842 16662 16695 17744 17758 19045 21841 21863 16663 17731 17732 17735 19040 21830 21831 21833 17733 19041 21832 17734 17736 17752 17729 17756 21126 17751 21125 16681 21127 16686 21128 17757 21834 16687 21862 19061 21856 19016 19039 19062 19064 18984 18985 18989 19018 19004 19005 19007 19008 19052 19288 18999 19289 19291 16851 16858 16859 16864 19023 19028 19029 19030 19154 19157 19158 19166 19185 16855 16863 19058 16856 19037 19056 19059 19070 19171 16857 19015 19177 19012 19176 19179 22404 19057 19060 19178 19170 21852 17764 19068 19162 19198 21868 21871 16697 17746 17765 17766 17767 19051 19069 21843 21870 19054 22932 22397 21869 19053 21855 21858 21861 19021 19043 19065 19290 22421 19200 22399 22934 19173 19192 19164 19156 22394 19183 22425 
3: 18834 18835 
4: 20181 20182 20183 23102 20184 23112 23111 22342 23101 23108 22330 22349 22329 23098 23097 23107 
