# The directed communities at k=5
# from /Users/bogna/dev/role-mining/datasets/enron/timeslots/8-2001.edges
# at no lower link weight threshold,
# and at no upper link weight threshold.
# Links were treated as directed.
# No time limit was set for the clique search.

0: 10354 172 207 32920 8627 407 32923 
1: 2 1415 151 1815 2161 2828 3135 4128 7985 8196 318 966 970 807 10263 1230 126 128 129 138 140 142 143 144 145 146 3696 4072 4217 425 457 4589 7991 971 3730 1523 123 137 15267 2827 3745 4430 452 628 1070 2284 3692 663 994 10759 10973 1178 132 13320 1574 17652 17776 17777 2106 2129 21496 21516 2606 419 4506 4508 4799 5277 581 7413 80 804 969 972 9837 1078 2297 1079 1311 1336 1340 1593 2265 2422 2993 3735 3757 508 610 10808 1209 1225 125 127 131 133 141 149 152 158 2375 3 382 420 424 432 441 453 616 1081 518 978 1814 3167 3646 4859 544 51 11529 11540 1414 1521 1522 1524 1526 19992 3163 3838 3839 4212 4213 4216 422 11530 11537 11538 24247 3158 3723 11539 1043 11527 1236 24240 2720 27999 2907 3138 3837 3968 3985 3990 4820 4846 4847 4860 4873 8616 919 11541 1494 1525 4071 11533 24231 24246 27987 3974 4034 4043 5204 6210 7763 11543 1812 21465 580 723 11656 12521 130 134 148 153 1896 501 546 11667 150 11680 4501 877 11701 11712 124 225 1794 1813 2824 414 549 604 2826 11901 4290 4457 1199 20934 21511 4483 661 2710 1233 1279 545 1243 1246 1493 9931 1244 1527 1811 1867 1881 1895 1959 19609 2022 20676 21713 2607 281 4314 4333 4502 4504 4505 4507 4509 492 5046 5178 5372 5640 7412 890 925 954 998 1010 156 15909 15953 362 19886 4556 1307 1313 1323 1327 1329 1331 1335 1337 2385 558 641 825 856 974 19495 1315 2352 496 538 642 985 1339 495 510 7682 9012 2475 500 21928 1539 15016 3160 21648 19637 19653 20677 20678 20693 21513 21514 21517 21526 2262 5033 5129 973 2073 21464 19417 20916 21491 21493 21500 5037 645 22034 2836 2872 33069 4024 3886 3914 3997 4133 548 4437 4503 70868 
2: 10041 2951 2991 3060 3151 3387 3402 3410 3543 3554 3570 3591 3597 3601 3614 3643 3651 3653 3657 3676 3679 3746 4716 4848 6754 6770 7839 7840 7875 7898 7912 7916 7918 7985 8063 8066 8087 8088 8089 8156 8192 8194 8195 8201 8204 8205 8207 8208 8210 8211 8212 8214 8215 8216 8217 8219 8220 8222 8223 8224 8227 9530 9531 126 3038 15864 4610 
3: 4820 2516 4047 32528 36088 
4: 3147 766 3159 126 4511 5477 
5: 10229 3233 4794 441 17747 7421 
6: 164 2 2024 5 172 7659 8608 10369 10388 112 251 29668 29921 401 8627 118 121 186 197 252 277 288 29702 29794 29796 29810 29821 32864 32873 32874 4 69 8336 8346 8347 8349 10437 95 407 408 29 105 173 177 189 193 201 204 29805 29814 29943 306 7813 8595 9947 93 181 256 76 8361 9 279 307 32646 70 7793 81 21464 312 32797 33008 8334 8632 269 33037 71 8327 32889 32902 32923 9045 
7: 3147 766 3558 3579 2606 2701 3012 3015 3020 3038 3048 5046 2516 3037 3045 3140 4511 3546 3582 3624 3013 3561 3016 2883 3036 3039 3155 3176 3576 4869 3017 3149 3152 3400 3563 3625 3634 7381 3886 
8: 164 89 51 4457 29640 
9: 10257 2844 2930 2936 2998 2920 
10: 2939 3180 3324 3178 37196 
11: 68 189 293 8327 9045 
12: 3592 2878 3762 450 3134 
13: 611 13989 4760 32768 4773 
14: 1 2 2024 5 6719 
15: 151 318 11898 126 129 9322 
16: 2913 4064 129 3696 3724 7721 7991 8325 9313 10264 5596 7838 9470 971 19145 
17: 8196 1178 11529 422 4596 
18: 164 91 51 8327 323 
19: 164 29639 390 89 15458 
20: 164 29639 51 389 8327 
21: 2909 2827 418 544 2826 1493 2050 3197 1352 2983 
22: 126 142 442 3214 4805 
23: 8196 1178 1798 11529 1213 
24: 1178 1798 544 1213 723 
25: 126 418 2050 2960 3197 
26: 3147 3647 2883 3152 3400 
27: 10041 3217 3386 3434 3436 807 126 2827 2993 3219 4214 19992 1352 3463 9294 
28: 3436 8196 2993 11529 19992 
29: 4064 766 3048 3699 3533 5046 2516 4015 3987 4024 
30: 2913 2844 2930 2936 126 15580 
31: 10354 7659 8608 407 32923 
32: 966 508 141 496 491 
33: 132 508 141 611 491 
34: 4064 766 3699 3624 3886 
35: 4064 4858 3624 3155 3886 3995 
36: 4858 3624 2883 3155 3400 
37: 164 29639 89 51 388 
38: 765 766 4843 126 10759 17777 2129 2606 3012 3015 3020 3048 21713 2887 3886 
