# The graph of directed at k=5
# from /Users/bogna/dev/role-mining/datasets/enron/timeslots/8-2001.edges
# at no lower link weight threshold,
# and at no upper link weight threshold.
# Links were treated as directed.
# No time limit was set for the clique search.

0 6 4
0 31 3
1 2 2
1 3 1
1 4 1
1 5 1
1 6 2
1 7 3
1 8 2
1 14 1
1 15 4
1 16 4
1 17 4
1 18 1
1 20 1
1 21 4
1 22 2
1 23 3
1 24 3
1 25 1
1 27 5
1 28 4
1 29 2
1 30 1
1 32 4
1 33 3
1 34 1
1 35 1
1 37 1
1 38 7
2 4 1
2 7 1
2 15 1
2 22 1
2 25 1
2 27 2
2 30 1
2 38 1
3 7 1
3 29 1
4 7 3
4 15 1
4 22 1
4 25 1
4 26 1
4 27 1
4 29 1
4 30 1
4 34 1
4 38 2
6 8 1
6 11 3
6 14 3
6 18 2
6 19 1
6 20 2
6 31 4
6 37 1
7 26 4
7 29 4
7 34 3
7 35 3
7 36 4
7 38 7
8 18 2
8 19 2
8 20 2
8 37 3
9 30 3
11 18 1
11 20 1
13 33 1
15 16 1
15 22 1
15 25 1
15 27 1
15 30 1
15 38 1
16 29 1
16 30 1
16 34 1
16 35 1
17 23 3
17 24 1
17 28 2
18 19 1
18 20 3
18 37 2
19 20 2
19 37 3
20 37 3
21 24 1
21 25 3
21 27 2
22 25 1
22 27 1
22 30 1
22 38 1
23 24 3
23 28 2
25 27 1
25 30 1
25 38 1
26 36 2
27 28 3
27 30 1
27 38 1
29 34 3
29 35 1
29 38 2
30 38 1
32 33 3
34 35 3
34 36 1
34 38 2
35 36 3
35 38 1
