# The contained directed cliques in the directed communities at k=10
# from /Users/bogna/dev/role-mining/datasets/hepth/timeslots/cit-HepTh-1997.edges
# at no lower link weight threshold,
# and at no upper link weight threshold.
# Links were treated as directed.
# No time limit was set for the clique search.

0: 3966 6838 7123 7125 7126 7127 6837 6836 7122 7124 7128 7129 
1: 7822 7823 7824 9018 7825 9019 7831 9022 9023 11483 11484 11527 11528 
2: 7887 7889 15228 15232 15234 13938 13939 13940 13944 13953 14436 14849 14850 14851 14852 14853 14854 14855 14856 15222 15231 15233 15235 15236 15238 15657 15665 15676 15686 16621 16623 16625 16626 16627 17354 17360 17362 17363 17364 17369 18961 18962 18963 18971 18972 18973 18974 18975 18977 18979 18980 18995 18996 18997 19005 19006 19007 19008 19009 19011 19013 19014 19027 19028 19029 19030 19031 19033 19034 19798 19799 19800 20146 20157 20158 20161 20166 20167 20169 20237 20242 20251 20252 20464 20587 10336 10337 10341 10342 11023 12820 12825 13390 13941 13942 13943 13945 13946 13947 13948 13949 13950 13951 13952 13954 13955 13956 13957 13958 14433 14434 14435 14437 14438 14439 14441 14443 14857 14858 14859 15653 15654 15655 15656 15658 15659 15661 15662 15663 15664 15666 15667 15668 15669 15670 15671 15672 15674 15675 15677 15678 15682 15683 15684 15685 15687 15688 15695 16166 16455 16602 16603 16604 16605 16606 16607 16608 16609 16610 16612 16613 16614 16616 16617 16619 16620 16622 16624 16629 16630 16631 16632 17159 17160 17161 17162 17163 17164 17165 17166 17167 17168 17169 17170 17171 17172 17173 17174 17175 17176 17177 17178 17179 17180 17181 17182 17183 17184 17185 17186 17187 17188 17189 17190 17191 17192 17193 17194 17195 17196 17197 17198 17199 17200 17201 17202 17203 17204 17205 17206 17207 17208 17209 17210 17211 17212 17213 17214 17215 17216 17217 17218 17221 17222 17223 17224 17225 17226 17227 17228 17229 17230 17231 17232 17233 17234 17235 17236 17350 17353 17355 17357 17359 17361 17365 17366 17367 17368 17370 17373 17374 17375 17377 18809 18810 18814 18815 18816 18964 18965 18966 18967 18968 18969 18970 18976 18978 18981 18982 18983 18984 18985 18986 18987 18989 18990 18991 18992 18993 18994 18998 18999 19000 19001 19002 19003 19004 19010 19012 19015 19016 19017 19018 19019 19020 19021 19022 19023 19024 19025 19026 19032 19035 19036 19037 19039 19040 19041 19043 19044 19045 19046 19049 19504 19505 19506 19507 19508 19509 19510 19511 19513 19514 19515 19516 19517 19518 19519 19520 19521 19522 19523 19524 19525 19526 19527 19528 19530 19531 19532 19533 19536 19797 19801 19802 19803 19804 19807 19809 19810 19811 19812 19813 19814 19817 19819 20040 20143 20144 20145 20147 20148 20149 20150 20151 20153 20154 20155 20156 20159 20160 20162 20164 20168 20228 20229 20230 20232 20238 20239 20240 20243 20254 20255 20256 20261 20262 20356 20357 10333 10334 10335 10338 10340 13727 13730 13738 13741 13745 14861 16611 16615 17356 18374 18375 19529 19806 20152 20163 20165 18988 19512 12819 13528 14427 14430 14445 15221 15660 15673 15679 15689 17239 17240 17351 17358 17376 17378 18505 18508 18509 18511 19038 19042 19047 19048 19050 19051 19534 19535 19537 19816 20037 12815 12817 12818 12823 12826 12827 12829 12816 12821 12828 14860 14862 12822 12840 12841 12842 20250 16449 15696 15697 15698 15699 18811 18818 15691 15692 15703 15704 15707 15708 17371 17372 20041 20042 20253 20259 20358 15693 20039 20045 20235 15694 20043 20234 20044 20038 20384 20536 20245 20257 18817 20258 20260 20246 20244 17352 13959 13524 13526 13518 13523 13530 13517 13529 15237 14440 15223 15224 15225 15229 14429 14432 14442 14446 14428 14431 14444 15220 15227 15219 15213 15214 18510 16618 17238 18504 17237 17241 15230 15251 15247 15249 15252 15245 15248 15246 15250 13597 13612 13729 13732 13740 13743 13744 11071 18376 18377 18386 18393 10613 11069 11072 10608 10611 10615 10609 10612 11070 18394 18378 19805 19808 16628 16636 20233 16635 19818 19815 11024 11025 11029 11034 14363 14364 14365 15680 15681 17219 17220 13579 13477 13478 
3: 11470 11474 
4: 12087 12094 14002 12098 12123 14003 14004 14006 14032 17400 17399 17402 17401 17422 14005 14036 14040 17628 14033 14021 14024 14058 17441 19576 14046 19574 17452 15008 15007 14027 14049 17444 19575 14029 14007 14008 14009 17616 19582 17620 17646 17621 17629 19583 14043 
5: 16810 16811 16832 16827 
6: 16826 16831 16830 
