# The directed communities at k=10
# from /Users/bogna/dev/role-mining/datasets/hepth/timeslots/cit-HepTh-1997.edges
# at no lower link weight threshold,
# and at no upper link weight threshold.
# Links were treated as directed.
# No time limit was set for the clique search.

0: 9602022 9602049 9604139 9607112 9607185 9612119 9703060 9703123 9703214 9704054 9704057 9705205 9707215 9708064 9710066 9710141 9711127 
1: 9608024 9610043 9704080 9706072 9709220 9710009 9710174 9710178 9710219 9710231 9711037 9711078 9712013 9712077 9712159 9712185 
2: 9407087 9408099 9411149 9503179 9701015 9505006 9611050 9611090 9612052 9702014 9611230 9702154 9702180 9612131 9703051 9703166 9703210 9704043 9704044 9704061 9704104 9704170 9704198 9705004 9705022 9705031 9705106 9705148 9705199 9705220 9705232 9706047 9706050 9706082 9706087 9706109 9706127 9706131 9706155 9707027 9707192 9707244 9707247 9707251 9707258 9708015 9708041 9708044 9708068 9708082 9708118 9708122 9708127 9708134 9708168 9709010 9709096 9709211 9710020 9710116 9711030 9711083 9711102 9711143 9712005 9712135 9712143 9712149 9712172 9712193 
3: 9610043 9704080 9705091 9705188 9706072 9709087 9709122 9712013 9712077 9712159 9712185 
4: 9610043 9701025 9611042 9611202 9702136 9702187 9703030 9703102 9704089 9705221 9706194 9707217 9707250 9707259 9708037 9709139 9709220 9710009 9710231 9711179 9712047 9712075 9712084 9712168 
5: 9610043 9701025 9702187 9703030 9703218 9704041 9704123 9704158 9705055 9705113 9707099 9707164 9710231 
6: 9610043 9701025 9702136 9702187 9703030 9703102 9704089 9704123 9705055 9705113 9707164 9710231 
