# The directed cliques from /Users/bogna/dev/role-mining/datasets/enron/timeslots/08.edges
# at no lower link weight threshold,
# and at no upper link weight threshold.
# Links were treated as directed.
# No time limit was set for the clique search.

0: 115 86 149 
1: 118 108 49 
2: 124 31 127 
3: 124 35 49 
4: 77 127 90 
5: 127 44 91 
6: 17 42 125 
7: 17 42 26 
8: 24 49 88 
9: 44 78 111 
10: 49 43 82 
11: 10 17 40 
12: 17 40 42 
13: 10 17 41 127 
14: 92 113 24 
15: 92 113 127 
16: 118 119 49 
17: 118 42 84 
18: 124 34 127 
19: 124 34 49 
20: 17 127 25 
21: 92 127 45 
22: 17 127 59 
23: 17 59 97 
24: 86 130 133 
25: 130 133 131 
26: 86 149 87 
27: 86 133 87 
28: 65 51 74 16 
29: 65 6 27 52 
30: 10 17 71 127 
31: 17 103 127 
32: 103 107 127 
33: 128 105 100 127 
34: 100 127 78 
35: 127 148 23 
36: 14 148 23 
37: 127 66 68 
38: 66 68 137 
39: 68 137 3 
40: 131 135 149 
41: 133 131 135 
42: 137 141 3 
43: 141 3 28 
44: 20 29 19 4 
45: 19 18 4 
46: 76 75 7 
47: 57 13 33 76 
48: 101 118 77 
49: 17 77 127 
50: 107 121 92 
51: 121 92 39 
52: 121 39 49 
53: 121 22 49 
54: 11 38 127 
55: 11 38 33 75 
56: 11 33 76 75 
57: 17 42 61 
58: 17 61 127 56 
59: 118 42 61 
60: 92 127 39 83 
61: 39 83 49 
62: 17 38 127 56 
63: 38 56 33 
64: 73 51 23 69 
65: 51 127 23 69 129 
66: 127 78 129 
67: 127 44 78 
68: 65 6 13 50 67 9 
69: 118 22 49 
70: 83 22 49 
71: 14 65 23 27 
72: 128 122 127 
73: 109 122 54 127 129 
74: 122 54 123 127 129 
75: 109 36 54 127 129 
76: 36 54 123 127 151 
77: 36 54 123 127 129 
78: 65 48 6 13 50 67 
79: 109 48 6 
80: 124 127 83 
81: 124 83 49 
82: 20 29 141 19 70 2 
83: 20 141 19 70 28 
84: 20 141 70 28 2 
85: 32 19 18 28 
86: 141 19 18 28 
87: 137 141 18 
88: 137 32 18 
89: 65 76 75 
90: 54 123 127 151 66 
91: 54 123 127 66 129 
92: 14 65 74 
93: 65 51 127 151 74 
94: 65 51 127 74 129 
95: 54 127 83 
96: 65 13 50 76 
97: 13 33 67 
98: 14 73 23 
99: 92 127 44 
100: 20 137 32 19 
101: 20 32 19 28 
102: 51 66 129 32 
103: 66 129 137 32 
104: 10 127 129 
105: 107 73 38 
106: 107 73 51 54 151 
107: 107 73 51 54 23 
108: 20 29 137 141 19 
109: 107 109 6 
110: 107 65 6 
111: 127 29 66 129 
112: 29 66 129 137 
113: 29 129 137 141 
114: 51 54 127 151 66 
115: 51 54 127 66 129 
116: 107 109 51 54 127 129 
117: 107 109 51 92 127 129 
118: 107 38 127 129 
119: 107 51 54 127 151 
120: 107 65 54 127 151 
121: 65 51 54 127 151 
122: 107 51 54 127 23 129 
123: 107 65 54 127 23 129 
124: 65 51 54 127 23 129 
