# The links from /Users/bogna/dev/role-mining/datasets/enron/timeslots/08.edges
# at no lower link weight threshold,
# and at no upper link weight threshold.
# Links were treated as directed.
# No time limit was set for the clique search.
# (self-links were removed)

10 106
10 14
10 17
10 40
10 41
10 71
101 104
101 118
101 128
101 57
101 77
101 96
103 107
103 117
105 100
105 112
107 120
107 121
107 42
107 65
107 73
109 107
109 122
109 20
109 36
109 48
109 51
109 54
109 6
109 92
11 38
112 105
113 24
114 47
114 63
115 86
118 101
118 108
118 119
118 21
118 42
118 61
118 77
118 84
119 92
122 123
122 128
124 31
124 34
124 35
127 10
127 100
127 103
127 105
127 107
127 109
127 11
127 113
127 122
127 123
127 124
127 126
127 128
127 132
127 145
127 148
127 15
127 151
127 17
127 23
127 25
127 29
127 31
127 34
127 36
127 38
127 39
127 41
127 44
127 45
127 51
127 54
127 56
127 59
127 61
127 65
127 66
127 68
127 69
127 71
127 74
127 77
127 78
127 79
127 80
127 83
127 90
127 91
127 92
127 94
127 96
128 100
128 105
128 114
129 10
129 107
129 109
129 122
129 123
129 127
129 137
129 141
129 23
129 29
129 32
129 36
129 38
129 51
129 54
129 65
129 66
129 69
129 74
129 78
129 92
13 33
13 48
13 50
13 57
13 6
13 67
13 76
13 9
130 133
130 86
131 130
131 133
131 135
131 149
132 97
133 130
133 132
133 135
133 93
135 131
135 134
135 138
135 143
135 149
135 85
137 141
137 19
137 20
137 29
137 3
137 32
137 68
14 137
14 23
14 65
14 73
14 74
141 20
141 3
141 70
148 14
148 23
149 115
149 135
149 86
149 87
149 93
151 107
151 123
151 127
151 150
151 36
151 51
151 54
151 65
151 66
151 73
151 74
16 51
16 74
17 1
17 10
17 103
17 125
17 21
17 25
17 26
17 38
17 40
17 41
17 56
17 59
17 61
17 71
17 95
17 97
18 137
18 141
18 28
18 32
18 4
19 141
19 18
19 20
19 28
19 32
19 4
19 70
2 141
2 19
2 20
2 70
20 109
20 137
20 141
20 19
20 2
20 28
20 32
20 4
20 70
22 118
22 121
22 45
22 83
23 107
23 14
23 148
23 27
23 49
23 51
23 54
23 65
23 69
23 73
24 1
24 113
24 148
24 88
24 92
27 14
27 52
27 6
27 65
28 141
28 18
28 2
28 20
28 3
28 32
28 70
29 141
29 19
29 2
29 20
29 4
29 70
32 18
33 10
33 11
33 38
33 56
33 57
33 67
33 75
33 76
34 124
36 123
36 54
38 107
38 11
38 17
38 33
38 72
38 73
38 75
39 121
42 118
42 125
42 126
42 17
42 26
42 40
42 47
42 57
42 61
42 84
42 96
44 102
44 104
44 111
44 33
44 78
44 91
49 108
49 118
49 119
49 121
49 124
49 22
49 23
49 24
49 34
49 35
49 38
49 39
49 43
49 82
49 83
49 88
50 13
50 48
50 6
50 67
50 9
51 107
51 109
51 127
51 151
51 23
51 32
51 54
51 66
51 69
51 73
51 74
51 92
54 107
54 122
54 123
54 129
54 36
54 65
56 33
56 38
57 33
57 76
59 97
6 107
6 13
6 48
6 50
6 52
6 65
6 67
6 9
61 56
65 13
65 14
65 16
65 27
65 30
65 48
65 50
65 51
65 52
65 54
65 6
65 67
65 74
65 75
65 76
65 9
66 123
66 127
66 129
66 137
66 29
66 32
66 54
66 68
67 13
67 48
67 6
67 9
68 3
69 23
69 51
69 73
7 12
7 25
7 75
70 141
70 19
70 20
71 117
73 107
73 14
73 151
73 23
73 38
73 5
73 51
73 54
73 69
75 11
75 38
75 76
76 11
76 117
76 13
76 33
76 50
76 57
76 7
76 75
76 84
76 98
77 118
77 17
77 90
78 100
78 111
82 43
83 124
83 39
83 54
83 92
86 130
86 133
86 87
87 133
87 86
9 6
91 44
92 107
92 113
92 121
92 24
92 39
92 44
92 45
92 83
96 101
