# The contained directed cliques in the directed communities at k=3
# from /Users/bogna/dev/role-mining/datasets/hepth/timeslots/cit-HepTh-1993.edges
# at no lower link weight threshold,
# and at no upper link weight threshold.
# Links were treated as directed.
# No time limit was set for the clique search.

0: 0 
1: 1 
2: 2 84 
3: 3 461 462 769 770 157 379 463 651 671 796 822 158 380 617 618 619 620 43 44 45 83 101 102 209 244 416 440 520 525 526 527 621 652 841 210 537 56 726 156 512 513 412 514 413 336 677 764 842 337 344 676 345 346 515 664 309 310 311 312 95 780 781 334 598 727 335 546 145 267 599 728 415 509 510 511 548 414 729 547 565 666 155 667 109 
4: 4 5 
5: 6 165 248 164 166 73 74 317 
6: 7 
7: 8 
8: 9 182 181 183 
9: 10 686 687 688 689 690 550 549 551 552 
10: 11 364 362 363 540 353 538 352 589 815 545 656 704 731 732 153 542 543 544 375 785 376 272 290 374 655 702 703 777 789 289 288 654 776 788 668 670 607 640 669 697 698 786 608 609 695 699 700 701 79 187 254 534 631 696 733 768 779 784 787 531 593 639 532 533 535 778 594 595 438 642 643 798 638 641 473 762 65 147 761 763 369 383 367 368 142 372 373 382 539 
11: 12 
12: 13 
13: 14 502 500 503 307 472 470 471 
14: 15 
15: 16 235 117 
16: 17 260 261 
17: 18 
18: 19 
19: 20 96 
20: 21 214 215 
21: 22 80 
22: 23 
23: 24 
24: 25 
25: 26 692 76 202 295 398 474 498 516 587 597 653 790 296 556 499 517 555 518 519 123 122 586 596 
26: 27 108 232 
27: 28 475 477 478 176 177 447 476 592 448 479 174 173 146 
28: 29 111 112 233 
29: 30 
30: 31 
31: 32 366 
32: 33 34 206 239 469 658 659 163 236 162 420 238 418 419 421 600 601 78 178 437 77 130 436 250 237 365 
33: 35 242 417 211 212 313 439 
34: 36 
35: 37 
36: 38 161 72 
37: 39 
38: 40 125 127 124 126 
39: 41 113 203 
40: 42 
41: 46 129 303 342 386 90 191 89 190 188 189 
42: 47 
43: 48 
44: 49 50 251 388 425 432 435 497 179 315 341 387 180 316 422 431 434 496 424 273 423 433 495 
45: 51 
46: 52 
47: 53 131 
48: 54 
49: 55 
50: 57 
51: 58 
52: 59 553 564 566 219 451 218 563 71 450 453 68 151 452 622 69 152 269 268 339 338 340 
53: 60 172 204 616 167 205 258 259 
54: 61 149 301 185 300 302 186 135 358 
55: 62 449 665 378 377 465 574 576 578 662 673 675 724 725 771 332 442 464 331 333 467 557 660 723 765 466 468 572 575 672 573 577 674 691 645 644 646 647 298 649 650 292 648 663 661 200 201 199 443 
56: 63 
57: 64 148 247 
58: 66 67 
59: 70 154 220 293 455 456 457 506 568 569 570 628 632 633 635 657 706 734 737 740 741 742 745 772 773 791 792 793 804 805 806 809 812 813 814 816 817 818 819 820 821 825 828 829 830 831 832 833 221 735 736 722 766 767 227 411 580 719 720 721 229 294 321 328 389 390 454 567 588 602 623 624 625 626 807 834 844 230 322 329 458 571 606 630 808 848 323 634 797 802 803 355 629 636 637 354 356 357 104 222 226 291 314 579 678 707 710 746 799 800 801 823 326 604 684 824 324 325 327 426 480 679 427 428 429 430 481 680 835 845 482 483 484 318 391 581 627 681 836 846 319 320 282 283 225 287 224 103 228 582 583 584 603 682 711 838 847 184 585 605 715 782 783 559 712 713 714 558 716 717 718 760 561 756 560 562 492 757 758 759 487 490 491 493 494 485 486 488 489 683 685 839 843 738 739 223 507 708 747 794 810 826 840 508 709 748 795 811 827 837 743 409 693 744 774 410 775 529 694 528 530 
60: 75 370 371 143 265 275 144 266 276 
61: 81 82 192 194 196 198 193 195 197 
62: 85 86 
63: 87 88 305 306 207 240 396 749 750 751 208 444 445 612 611 613 614 279 278 280 501 541 615 753 118 119 241 397 752 
64: 91 399 400 401 402 
65: 92 93 407 505 350 403 405 408 351 404 406 105 
66: 94 
67: 97 128 
68: 98 99 
69: 100 114 
70: 106 107 330 115 308 116 
71: 110 
72: 120 121 
73: 132 133 138 140 394 139 141 395 393 392 
74: 134 284 168 
75: 136 137 
76: 150 160 159 
77: 169 171 384 385 170 348 349 
78: 175 504 
79: 213 
80: 216 217 
81: 231 
82: 234 262 459 460 610 
83: 243 255 256 441 361 359 360 
84: 245 246 286 285 
85: 249 343 
86: 252 253 264 263 
87: 257 
88: 270 
89: 271 
90: 274 522 523 524 
91: 277 446 730 
92: 281 
93: 297 
94: 299 
95: 304 
96: 347 705 755 
97: 381 521 536 
98: 554 
99: 590 591 
100: 754 
