# The links inside the directed communities at k=3
# from /Users/bogna/dev/role-mining/datasets/hepth/timeslots/cit-HepTh-1993.edges
# at no lower link weight threshold,
# and at no upper link weight threshold.
# Links were treated as directed.
# No time limit was set for the clique search.

0:
9301004 9204082
9306153 9301004
9306153 9204082
1:
9301059 9206033
9312027 9301059
9312027 9206033
2:
9301074 9211113
9303071 9301074
9303071 9211113
9307015 9211113
9307015 9303071
3:
9301083 9201056
9301097 9201056
9304011 9201056
9305026 9201056
9306122 9201056
9307088 9201056
9309027 9201056
9309140 9201056
9311009 9201056
9312189 9201056
9312190 9201056
9301083 9204085
9309140 9301083
9312189 9301083
9312190 9301083
9312190 9204085
9301097 9205088
9301097 9206084
9301097 9208027
9301097 9210065
9301097 9210115
9301097 9211072
9301097 9211096
9301097 9212072
9304053 9301097
9305026 9301097
9305087 9301097
9307088 9301097
9308001 9301097
9308156 9301097
9309027 9301097
9309103 9301097
9310012 9301097
9311009 9301097
9305026 9205088
9305087 9205088
9307088 9205088
9308001 9205088
9309027 9205088
9309103 9205088
9310012 9205088
9311009 9205088
9304053 9206084
9305026 9206084
9305106 9206084
9306122 9206084
9307088 9206084
9307163 9206084
9308001 9206084
9308052 9206084
9308156 9206084
9309027 9206084
9309103 9206084
9309140 9206084
9309141 9206084
9311009 9206084
9303067 9208027
9305026 9208027
9305087 9208027
9307088 9208027
9308001 9208027
9309027 9208027
9309103 9208027
9310012 9208027
9311009 9208027
9304053 9210065
9305026 9210065
9307088 9210065
9308001 9210065
9311009 9210065
9304053 9210115
9305026 9211072
9311009 9211072
9309103 9211096
9305026 9212072
9311009 9212072
9305087 9202021
9307088 9202021
9309027 9202021
9309103 9202021
9310012 9202021
9311009 9202021
9302103 9204102
9311130 9302103
9305124 9302103
9307158 9302103
9309140 9302103
9310082 9302103
9311009 9302103
9304050 9204102
9305124 9204102
9307158 9204102
9310082 9204102
9312095 9204102
9307158 9204030
9309140 9204030
9304053 9201040
9305026 9201040
9307088 9201040
9311009 9201040
9307088 9303067
9311009 9303067
9305087 9303136
9306147 9303136
9309103 9303136
9310012 9303136
9303153 9303046
9303159 9303153
9311130 9303153
9306110 9303153
9309044 9303153
9309107 9303153
9309119 9303153
9303159 9303046
9311130 9303046
9305047 9303046
9306110 9303046
9309044 9303046
9309107 9303046
9309119 9303046
9309140 9303046
9303159 9212149
9303159 9301068
9303159 9311130
9305047 9303159
9309044 9303159
9309119 9303159
9304015 9212149
9305047 9212149
9309044 9212149
9309107 9212149
9309119 9212149
9311130 9301068
9304015 9301068
9305047 9301068
9306110 9301068
9309044 9301068
9309107 9301068
9309119 9301068
9309140 9301068
9310041 9301068
9310165 9301068
9311130 9306110
9311130 9309107
9311130 9309119
9311130 9309140
9311130 9310041
9311130 9310165
9312189 9304011
9309119 9304015
9304050 9204094
9305124 9304050
9312095 9304050
9304051 9204094
9305124 9204094
9312095 9204094
9312095 9304051
9304053 9205085
9304053 9210090
9305026 9304053
9307088 9304053
9308052 9304053
9309141 9304053
9311009 9304053
9307088 9205085
9311009 9205085
9307088 9210090
9308052 9210090
9311009 9210090
9305106 9305026
9307163 9305026
9307088 9202062
9311009 9202062
9307088 9209099
9311009 9209099
9309119 9305047
9309103 9305087
9310012 9305087
9307163 9305106
9307088 9205084
9311009 9205084
9309140 9306122
9309103 9306147
9307088 9201041
9307088 9202087
9307088 9303143
9307088 9305139
9308001 9307088
9308156 9307088
9309027 9307088
9311009 9307088
9311009 9201041
9311009 9202087
9311009 9303143
9311009 9305139
9309140 9307158
9311009 9309027
9310012 9309103
9309119 9309107
9311009 9309140
4:
9301113 9202026
9301113 9204045
9306105 9301113
9306105 9202026
9306105 9204045
5:
9302014 9201001
9302014 9201033
9302014 9202006
9302014 9203009
9302014 9207020
9305019 9302014
9307063 9302014
9310191 9302014
9305019 9201001
9307063 9201001
9305019 9201033
9305019 9202006
9305019 9203009
9307063 9203009
9310191 9203009
9307063 9207020
6:
9302057 9301017
9309058 9302057
9309058 9301017
7:
9302064 9205087
9308047 9302064
9308047 9205087
8:
9302132 9206070
9308095 9206070
9302130 9210038
9303154 9302130
9302132 9210038
9303154 9210038
9308095 9210038
9308095 9302132
9308095 9303154
9:
9303014 9201061
9310155 9201061
9303014 9201074
9310155 9201074
9310156 9201074
9303014 9203054
9310156 9203054
9303014 9203042
9310156 9203042
9303014 9203052
9310155 9203052
9310156 9203052
9303014 9205069
9310155 9205069
9310156 9205069
9303014 9202035
9310155 9303014
9310156 9303014
9310156 9202035
10:
9301005 9210121
9311062 9301005
9303016 9206051
9311012 9206051
9302033 9210121
9302126 9210121
9311062 9210121
9310202 9210121
9311012 9210121
9311185 9210121
9312154 9210121
9301015 9202092
9301015 9205037
9302077 9301015
9308018 9301015
9308042 9301015
9308080 9301015
9310159 9301015
9301047 9202092
9302033 9202092
9302083 9202092
9305074 9202092
9311062 9202092
9308018 9202092
9309042 9202092
9310159 9202092
9311122 9202092
9301047 9205037
9302077 9205037
9302083 9205037
9303059 9205037
9305074 9205037
9308018 9205037
9308080 9205037
9309042 9205037
9310159 9205037
9301047 9206006
9301047 9206048
9301047 9206078
9301047 9207118
9302070 9301047
9302077 9301047
9302126 9301047
9303059 9301047
9304155 9301047
9305074 9301047
9311062 9301047
9308042 9301047
9308080 9301047
9309019 9301047
9309042 9301047
9310159 9301047
9311010 9301047
9311093 9301047
9311122 9301047
9312154 9301047
9302037 9206006
9302077 9206006
9302083 9206006
9302126 9206006
9303059 9206006
9304155 9206006
9305074 9206006
9308018 9206006
9308080 9206006
9309042 9206006
9310159 9206006
9311010 9206006
9311093 9206006
9311122 9206006
9312154 9206006
9302070 9206048
9302126 9206048
9303059 9206048
9304155 9206048
9305074 9206048
9308018 9206048
9309042 9206048
9310159 9206048
9312154 9206048
9305074 9206078
9308018 9206078
9310159 9206078
9309042 9207118
9305074 9204011
9308018 9204011
9310159 9204011
9302033 9209052
9312154 9209052
9302126 9210119
9311012 9210119
9302126 9302033
9311062 9302033
9311012 9302033
9311185 9302033
9312154 9302033
9302126 9302037
9302126 9302070
9302126 9302083
9307163 9302083
9311062 9302083
9308080 9302083
9310159 9302083
9302126 9204099
9308077 9302126
9309019 9302126
9310011 9302126
9311012 9302126
9303007 9204099
9303032 9204099
9308077 9204099
9309019 9204099
9310011 9204099
9308077 9303007
9310011 9303007
9311062 9303016
9310159 9303016
9311012 9303016
9303032 9205095
9308077 9303032
9310011 9303032
9308018 9205062
9310159 9205062
9308018 9205078
9310159 9205078
9310011 9205095
9304155 9208001
9305074 9208001
9308018 9208001
9308080 9208001
9310159 9208001
9304155 9201039
9311062 9304155
9308018 9304155
9308080 9304155
9310159 9304155
9305074 9201039
9308018 9201039
9308042 9201039
9308080 9201039
9310159 9201039
9312154 9201039
9311062 9305074
9308018 9305074
9310159 9305074
9310202 9211061
9311012 9211061
9311093 9211061
9312182 9211061
9307163 9311062
9311062 9308018
9311062 9202002
9311062 9308042
9311062 9310159
9308018 9202002
9308080 9308018
9310159 9308018
9310159 9202002
9310159 9308042
9311012 9308042
9312154 9308042
9310202 9209023
9311012 9209023
9311093 9209023
9312182 9209023
9311012 9310112
9312182 9310112
9311012 9310159
9312154 9310159
9311012 9310202
9312182 9310202
9312182 9311012
9312182 9311093
11:
9303042 9208032
9308099 9208032
9308099 9303042
12:
9303087 9302002
9308016 9303087
9308016 9302002
13:
9302014 9201011
9303101 9302014
9312212 9302014
9303101 9201011
9312210 9201011
9312212 9201011
9303093 9201010
9306153 9303093
9303101 9201010
9306153 9201010
9303100 9201013
9306153 9303100
9303101 9201013
9306153 9201013
9312210 9201013
9306153 9303101
9312210 9303101
14:
9303128 9208052
9308081 9208052
9308081 9303128
15:
9303150 9203046
9311162 9303150
9306006 9203046
9311162 9203046
9306006 9203047
9311162 9306006
9311162 9203047
16:
9303172 9209107
9309030 9303172
9310115 9303172
9310177 9303172
9309030 9209107
9310115 9309030
9310177 9309030
17:
9304012 9201021
9312059 9201021
9312059 9304012
18:
9304060 9204083
9305095 9304060
9305095 9204083
19:
9304065 9202070
9304065 9206112
9304149 9304065
9304149 9202070
9304149 9206112
20:
9304072 9204028
9304109 9204028
9304072 9207011
9304109 9207011
9304072 9211079
9304109 9304072
9304109 9211079
21:
9303034 9202040
9304075 9303034
9308017 9303034
9304075 9202040
9308017 9202040
9304075 9206040
9308017 9304075
9308017 9206040
22:
9304081 9206007
9309049 9206007
9309049 9304081
23:
9304132 9201026
9310116 9304132
9310116 9201026
24:
9305043 9205034
9310116 9305043
9310116 9205034
25:
9305142 9205051
9311120 9205051
9305142 9205081
9311120 9205081
9304154 9206016
9306125 9206016
9303057 9207053
9304129 9207053
9304154 9207053
9305185 9207053
9307121 9207053
9311120 9207053
9305185 9302038
9307121 9302038
9303057 9211056
9304154 9211056
9302109 9205027
9304154 9302109
9305185 9302109
9307121 9302109
9303057 9205027
9305185 9205027
9311120 9205027
9305185 9201040
9307121 9201040
9303057 9207016
9303057 9208055
9303057 9208078
9303057 9209016
9303057 9209125
9304129 9303057
9304154 9303057
9305185 9303057
9307121 9303057
9304129 9207016
9304154 9207016
9305185 9207016
9307121 9207016
9304154 9208055
9305069 9208055
9305142 9208055
9305185 9208055
9307121 9208055
9305185 9208078
9307121 9208078
9304154 9209016
9305185 9209016
9306125 9209016
9307121 9209016
9311120 9209016
9304154 9209125
9305185 9209125
9307121 9209125
9305069 9304154
9305185 9304154
9306125 9304154
9307121 9304154
9305185 9305142
9307121 9305142
9311120 9305142
9307121 9305185
9311120 9305185
26:
9305091 9204064
9309144 9204064
9305091 9202073
9305091 9208063
9309144 9305091
9309144 9202073
9309144 9208063
27:
9302071 9201078
9302071 9202007
9302071 9205113
9302071 9305093
9302071 9305094
9306156 9302071
9310131 9302071
9311021 9302071
9305093 9201078
9305094 9201078
9306156 9201078
9310131 9201078
9310160 9201078
9311021 9201078
9310131 9202007
9310160 9202007
9311021 9202007
9305093 9205113
9305094 9205113
9302079 9205113
9306156 9205113
9310131 9205113
9311021 9205113
9311131 9205113
9305093 9305094
9305093 9302079
9305093 9210049
9306156 9305093
9310131 9305093
9310160 9305093
9311021 9305093
9305094 9210049
9305094 9210064
9306156 9305094
9302079 9210049
9306156 9302079
9306156 9210049
9310131 9210049
9310160 9210049
9311021 9210049
9306156 9210064
9311021 9310131
9311131 9310131
9311021 9310160
28:
9305128 9204089
9305128 9205086
9305128 9210075
9305128 9212157
9305128 9305129
9305128 9305130
9305129 9204089
9305129 9205086
9305130 9205086
9305129 9210075
9305129 9212157
9305129 9305130
29:
9305152 9201026
9311167 9201026
9311167 9305152
30:
9305170 9206103
9311103 9305170
9311103 9206103
31:
9305179 9201056
9310180 9201056
9305179 9201034
9310180 9305179
9310180 9201034
32:
9302006 9209075
9304125 9302006
9306033 9302006
9307190 9302006
9306059 9302006
9312049 9302006
9303133 9209075
9306033 9209075
9304125 9210010
9306033 9210010
9307190 9210010
9306059 9210010
9307015 9210010
9307031 9210010
9307106 9210010
9310061 9210010
9312049 9210010
9302124 9209029
9302124 9212104
9304125 9302124
9306033 9302124
9306059 9302124
9307031 9302124
9307170 9302124
9312049 9302124
9307031 9209029
9312049 9209029
9307170 9212104
9312049 9212104
9306033 9303133
9306059 9303133
9307015 9303133
9304125 9306033
9304125 9307190
9307031 9304125
9312049 9304125
9307190 9306033
9306033 9206098
9306033 9211107
9306033 9211109
9306033 9304020
9306059 9306033
9307015 9306033
9307190 9211109
9312049 9307190
9307015 9206098
9310061 9206098
9306059 9211107
9306059 9211109
9306059 9304020
9307015 9306059
9310061 9307015
9312049 9307106
33:
9304062 9205027
9306085 9205027
9306095 9205027
9311176 9205027
9312184 9205027
9304062 9201007
9304062 9204031
9304062 9210123
9311176 9304062
9312184 9304062
9311176 9201007
9312184 9201007
9311176 9204031
9312184 9204031
9311176 9210123
9312184 9210123
9311176 9306085
9312184 9306085
9312184 9306095
9311176 9308066
9312184 9308066
9312184 9311176
34:
9306100 9207080
9308140 9306100
9308140 9207080
35:
9306101 9206106
9312206 9206106
9312206 9306101
36:
9301122 9203038
9306147 9301122
9306135 9203038
9306147 9203038
9307126 9203038
9307126 9306135
9307126 9306147
37:
9306153 9201003
9311067 9306153
9311067 9201003
38:
9306163 9207089
9306163 9209120
9306163 9301098
9310071 9306163
9310072 9306163
9310071 9207089
9310072 9207089
9310071 9209120
9310072 9209120
9310072 9301098
39:
9305135 9204064
9307007 9204064
9307008 9204064
9307007 9208048
9307008 9208048
9307007 9305135
9307008 9305135
9307007 9303095
9307007 9307008
9307008 9303095
40:
9307038 9204041
9309110 9204041
9309110 9307038
41:
9303033 9203078
9303089 9203078
9307096 9203078
9311006 9203078
9312198 9203078
9303033 9210163
9311006 9303033
9312198 9303033
9303089 9210163
9307096 9210163
9311006 9210163
9312198 9210163
9312198 9303089
9307096 9203080
9307096 9207042
9307096 9210093
9312198 9307096
9312198 9203080
9312198 9207042
9312198 9210093
42:
9307107 9304133
9311168 9307107
9311168 9304133
43:
9307122 9201054
9309108 9307122
9309108 9201054
44:
9302125 9201024
9302125 9203062
9306035 9302125
9307064 9302125
9307147 9302125
9312144 9302125
9304152 9201024
9306035 9201024
9307064 9201024
9307147 9201024
9312144 9201024
9304152 9203062
9307147 9203062
9304152 9209006
9306035 9209006
9307147 9209006
9310113 9209006
9312144 9209006
9307147 9304152
9305005 9204019
9306035 9305005
9311070 9305005
9311089 9305005
9312144 9305005
9307147 9204019
9311070 9204019
9311089 9204019
9312144 9204019
9306035 9206096
9306035 9212070
9310113 9306035
9312144 9306035
9307147 9206096
9312144 9206096
9307147 9212070
9310113 9212070
9312144 9212070
9307147 9209041
9307147 9305113
9307147 9306142
9312144 9307147
9312144 9209041
9312144 9305113
9312144 9306142
45:
9307196 9209130
9311189 9307196
9311189 9209130
46:
9308058 9302010
9308119 9308058
9308119 9302010
47:
9308106 9210013
9309050 9210013
9308106 9302078
9309050 9308106
9309050 9302078
48:
9309055 9307001
9311026 9309055
9311026 9307001
49:
9309139 9205073
9310079 9309139
9310079 9205073
50:
9310014 9307027
9310197 9307027
9310197 9310014
51:
9310080 9306054
9310080 9310123
9310123 9306054
52:
9301018 9206034
9303111 9301018
9305114 9301018
9307056 9301018
9310060 9301018
9312043 9301018
9301046 9206034
9303013 9206034
9303111 9206034
9307056 9206034
9310060 9206034
9301046 9212094
9303013 9212094
9303111 9212094
9301046 9211034
9301046 9211102
9301046 9212150
9303111 9301046
9304056 9301046
9304150 9301046
9305114 9301046
9310133 9301046
9311058 9301046
9312043 9301046
9303013 9211034
9303111 9211034
9304056 9211034
9305114 9211034
9307056 9211034
9303111 9211102
9304056 9211102
9304150 9211102
9305114 9211102
9310133 9211102
9311058 9211102
9312043 9211102
9303013 9212150
9303111 9212150
9304056 9301086
9305114 9301086
9303111 9303013
9304056 9303013
9305114 9303013
9307056 9303013
9310060 9303013
9310060 9303111
9304056 9304150
9305114 9304056
9311058 9304056
9312043 9304056
9304150 9210129
9305114 9304150
9311058 9304150
9312043 9304150
9305114 9210129
9311058 9210129
9312043 9210129
9312043 9305114
53:
9302049 9203008
9312150 9203008
9310170 9302049
9312150 9302049
9303122 9211025
9308129 9211025
9310170 9211025
9310170 9303122
9312150 9303122
9308129 9208035
9310170 9208035
9312150 9208035
9310170 9308129
9310170 9211059
9312150 9310170
9312150 9211059
54:
9303030 9202012
9303030 9209003
9309083 9303030
9310181 9303030
9311141 9303030
9310181 9202012
9311141 9202012
9310181 9209003
9311141 9209003
9312192 9209003
9309083 9206027
9310181 9206027
9309083 9211071
9310181 9309083
9310181 9211071
9310181 9308153
9312192 9310181
9312192 9308153
55:
9301099 9201056
9302086 9201056
9304115 9201056
9309041 9201056
9311084 9201056
9301099 9201050
9301099 9209111
9301099 9210134
9301099 9212016
9301099 9212017
9301099 9212117
9301099 9302114
9304115 9301099
9305098 9301099
9306019 9301099
9308114 9301099
9309041 9301099
9309125 9301099
9311084 9301099
9312010 9301099
9312013 9301099
9302086 9201050
9303051 9201050
9304115 9201050
9305098 9201050
9309041 9201050
9309125 9201050
9311084 9201050
9312185 9201050
9304115 9209111
9305098 9209111
9306019 9209111
9308114 9209111
9309041 9209111
9309125 9209111
9311084 9209111
9312010 9209111
9304115 9210134
9305098 9210134
9305098 9212016
9306019 9212016
9309095 9212016
9312013 9212016
9305098 9212017
9306019 9212017
9309095 9212017
9309125 9212017
9312013 9212017
9304115 9212117
9305098 9212117
9309041 9212117
9309125 9212117
9311084 9212117
9304115 9302114
9305098 9302114
9309041 9302114
9309125 9302114
9312010 9302114
9302086 9210010
9312185 9210010
9302086 9202060
9302086 9207067
9302143 9302086
9309041 9302086
9311084 9302086
9312185 9302086
9312185 9202060
9302143 9207067
9308114 9207067
9311084 9207067
9312185 9207067
9303051 9209037
9307046 9303051
9312185 9303051
9305098 9209037
9307046 9209037
9308114 9209037
9309125 9209037
9311084 9209037
9312185 9209037
9305098 9304115
9308114 9304115
9309125 9304115
9311084 9304115
9312010 9304115
9309125 9305098
9312010 9306019
9309125 9308114
9311084 9308114
9312010 9308114
9309125 9309041
9311084 9309041
9312013 9309095
9310200 9310170
9311139 9310170
9311157 9310170
9312187 9310170
9311084 9310200
9311139 9310200
9311157 9310200
9312013 9310200
9312187 9310200
9311084 9310129
9312013 9311084
9312013 9310129
9311157 9311139
9312013 9311139
9312187 9311139
9312187 9311157
9312187 9312013
56:
9305110 9204064
9312121 9204064
9312121 9305110
57:
9307045 9302133
9312047 9307045
9312158 9307045
9312175 9307045
9312047 9302133
9312158 9302133
9312175 9302133
58:
9301020 9201061
9301020 9201074
9306097 9301020
9306097 9201061
9306097 9201074
59:
9301058 9201061
9302101 9201061
9302144 9201061
9303011 9201061
9304027 9201061
9304148 9201061
9305040 9201061
9305165 9201061
9306041 9201061
9306069 9201061
9306083 9201061
9307143 9201061
9307157 9201061
9307181 9201061
9309075 9201061
9310101 9201061
9312172 9201061
9302080 9201074
9302101 9201074
9302144 9201074
9307140 9201074
9304148 9201074
9305040 9201074
9305165 9201074
9306041 9201074
9306069 9201074
9307143 9201074
9307157 9201074
9307181 9201074
9310101 9201074
9312017 9201074
9301058 9203054
9301058 9203059
9301058 9209055
9301058 9209058
9301058 9209113
9301058 9211030
9305040 9301058
9306083 9301058
9301119 9203054
9302101 9203054
9302144 9203054
9307140 9203054
9303011 9203054
9304148 9203054
9305030 9203054
9305040 9203054
9306041 9203054
9306069 9203054
9307143 9203054
9307181 9203054
9303011 9203059
9304027 9203059
9305040 9203059
9306083 9203059
9310101 9203059
9304027 9209055
9304072 9209055
9305040 9209055
9305125 9209055
9306041 9209055
9306083 9209055
9304027 9209058
9305040 9209058
9306041 9209058
9306083 9209058
9310101 9209058
9304027 9209113
9305040 9209113
9306041 9209113
9306083 9209113
9310101 9209113
9302080 9211030
9304027 9211030
9305040 9211030
9305125 9211030
9306041 9211030
9306083 9211030
9307079 9211030
9307143 9211030
9309075 9211030
9310101 9211030
9312172 9211030
9301082 9206056
9305040 9301082
9304027 9206056
9305040 9206056
9306041 9206056
9302101 9203042
9304148 9203042
9305040 9203042
9305125 9203042
9306041 9203042
9306069 9203042
9307143 9203042
9307181 9203042
9302101 9203052
9304148 9203052
9305040 9203052
9305125 9203052
9306041 9203052
9306069 9203052
9307143 9203052
9307157 9203052
9307181 9203052
9304163 9204072
9305040 9204072
9306041 9204072
9306083 9204072
9307143 9204072
9310101 9204072
9301119 9206070
9302144 9206070
9307140 9206070
9303002 9206070
9304128 9206070
9304148 9206070
9305040 9206070
9306041 9206070
9306069 9206070
9307079 9206070
9307143 9206070
9307052 9206070
9312017 9206070
9312194 9206070
9301119 9205069
9305040 9301119
9305125 9301119
9307157 9301119
9307052 9301119
9302144 9205069
9307140 9205069
9304027 9205069
9304148 9205069
9305040 9205069
9306041 9205069
9306069 9205069
9307079 9205069
9307143 9205069
9307052 9205069
9310101 9205069
9312194 9205069
9309075 9202014
9310101 9202014
9312172 9202014
9303011 9203012
9305040 9203012
9305117 9203012
9305040 9302022
9306083 9302022
9302144 9207095
9307140 9207095
9304128 9207095
9304148 9207095
9305040 9207095
9305165 9207095
9306069 9207095
9305040 9206077
9305116 9206077
9305117 9206077
9304163 9201021
9305040 9201021
9306069 9201021
9307143 9201021
9307157 9201021
9304027 9202004
9304148 9202004
9305040 9202004
9306041 9202004
9309075 9202004
9310101 9202004
9312172 9202004
9302080 9202075
9304027 9302080
9305040 9302080
9305125 9302080
9306041 9302080
9310101 9302080
9312172 9302080
9305040 9202075
9304027 9302096
9305040 9302096
9306083 9302096
9305040 9302101
9302144 9205028
9302144 9307140
9305040 9302144
9305125 9302144
9304148 9205028
9305040 9205028
9306041 9205028
9306069 9205028
9307143 9205028
9307140 9306069
9307052 9303002
9305040 9303011
9306083 9303011
9303116 9210107
9303116 9210120
9308062 9303116
9304072 9210107
9305030 9210107
9305040 9210107
9305109 9210107
9306041 9210107
9308011 9210107
9308062 9210107
9304072 9210120
9305030 9210120
9305040 9210120
9305109 9210120
9306041 9210120
9308011 9210120
9308062 9210120
9305040 9207006
9307157 9207006
9304072 9211057
9305109 9211057
9308011 9211057
9308062 9211057
9304027 9206020
9304148 9206020
9305040 9206020
9306041 9206020
9306069 9206020
9307079 9206020
9307143 9206020
9310101 9206020
9312194 9206020
9304027 9205089
9305040 9304027
9306041 9304027
9310101 9304027
9312172 9304027
9304148 9205089
9305040 9205089
9306041 9205089
9306069 9205089
9307079 9205089
9307143 9205089
9310101 9205089
9312194 9205089
9305040 9304072
9306041 9304072
9308062 9304072
9305040 9209118
9306041 9209118
9304128 9209012
9305040 9304128
9306083 9304128
9310101 9304128
9305040 9209012
9306069 9209012
9307079 9209012
9307143 9209012
9312017 9209012
9312194 9209012
9304148 9207105
9304148 9209008
9305040 9304148
9305125 9304148
9306041 9304148
9306083 9304148
9312017 9304148
9305040 9207105
9305125 9207105
9305040 9209008
9305125 9209008
9305165 9209008
9306041 9209008
9306069 9209008
9307143 9209008
9312017 9209008
9305040 9304163
9306041 9304163
9305040 9301021
9305125 9301021
9305040 9305030
9305040 9204002
9305040 9206055
9305040 9207034
9305040 9207103
9305040 9209013
9305040 9210017
9305040 9211011
9305040 9211082
9305040 9212136
9305040 9305109
9305040 9305116
9305040 9305117
9305040 9305125
9305040 9305165
9305040 9306041
9305040 9306069
9305040 9306083
9305040 9307079
9305040 9307143
9305040 9307157
9305040 9307168
9305040 9307181
9305040 9308100
9306069 9204002
9306083 9206055
9310101 9206055
9312172 9206055
9306041 9207034
9306069 9207034
9307143 9207034
9305116 9207103
9305117 9207103
9305116 9209013
9305125 9210017
9306041 9210017
9306069 9210017
9307143 9210017
9305125 9211011
9306083 9211082
9307157 9211082
9305125 9212136
9306041 9305109
9308011 9305109
9308062 9305109
9306083 9306041
9310101 9306041
9306083 9306069
9312194 9306069
9306083 9307143
9306083 9307157
9306083 9307168
9306083 9308100
9310101 9306083
9312017 9307079
9312194 9307079
9310101 9307168
9310101 9308100
9310101 9309075
9312172 9310101
9312194 9312017
60:
9302023 9202057
9309121 9202057
9310125 9202057
9311028 9202057
9312205 9202057
9302023 9206049
9309121 9206049
9310125 9206049
9311028 9206049
9312205 9206049
9302023 9204063
9309121 9302023
9310125 9302023
9311028 9302023
9312205 9302023
9311028 9204063
61:
9303050 9209046
9303050 9212010
9303050 9212015
9303050 9212019
9303050 9212021
9303050 9212145
9307091 9303050
9307180 9303050
9310056 9303050
9307091 9209046
9307180 9209046
9310056 9209046
9307091 9212010
9307180 9212010
9307091 9212015
9307180 9212015
9310056 9212015
9307091 9212019
9307180 9212019
9307091 9212021
9307180 9212021
9310056 9212021
9307091 9212145
9307180 9212145
9307180 9307091
62:
9303073 9207073
9310062 9207073
9303073 9208048
9310062 9303073
9310062 9208048
63:
9301038 9207097
9306037 9301038
9306043 9301038
9308051 9301038
9309012 9301038
9310191 9301038
9311086 9301038
9308051 9207097
9309012 9207097
9310191 9207097
9311086 9207097
9303079 9208002
9306037 9208002
9306043 9208002
9309100 9208002
9310191 9208002
9312145 9208002
9303079 9206095
9306037 9206095
9310191 9206095
9312145 9206095
9303079 9208020
9310191 9303079
9306037 9208020
9310191 9208020
9309012 9201010
9310191 9201010
9306037 9208045
9309100 9208045
9310191 9208045
9306037 9206015
9306043 9206015
9309012 9206015
9309100 9206015
9310191 9206015
9312145 9206015
9306037 9208012
9306037 9209074
9306037 9212011
9310191 9306037
9312145 9306037
9312145 9208012
9312145 9209074
9310191 9212011
9312145 9212011
9310191 9306043
9312145 9306043
9310191 9309012
9310191 9309100
64:
9303090 9204018
9307154 9204018
9303090 9206035
9303090 9206099
9303090 9206102
9303090 9211132
9307154 9303090
9307154 9206035
9307154 9206099
9307154 9206102
9307154 9211132
65:
9303105 9204018
9303146 9204018
9303149 9204018
9305041 9204018
9307054 9204018
9309005 9204018
9310136 9204018
9310137 9204018
9303105 9209022
9307054 9303105
9309005 9303105
9310136 9303105
9310137 9303105
9307054 9209022
9309005 9209022
9310136 9209022
9310137 9209022
9303149 9204017
9310137 9204017
9305041 9303146
9310137 9303146
9310137 9303149
66:
9304034 9203084
9309110 9304034
9309110 9203084
67:
9307035 9208057
9307175 9208057
9307035 9203076
9307175 9203076
9307175 9307035
68:
9304161 9205103
9312179 9205103
9304161 9201016
9312179 9304161
9312179 9201016
69:
9305017 9204064
9305146 9204064
9306010 9204064
9306010 9305017
9306010 9305146
70:
9305077 9206033
9305181 9206033
9306111 9206033
9310013 9206033
9311144 9206033
9305181 9210091
9306111 9210091
9310013 9210091
9305077 9204083
9311144 9204083
9311144 9305077
9305181 9306111
9310013 9305181
9311144 9305181
9311144 9310013
71:
9305110 9205055
9311004 9305110
9311004 9205055
72:
9306078 9205006
9306078 9207028
9307148 9306078
9311078 9306078
9311078 9205006
9307148 9207028
9311078 9207028
9311078 9307148
73:
9303017 9202046
9307171 9202046
9309069 9202046
9310008 9202046
9310023 9202046
9311166 9202046
9303017 9205068
9307171 9205068
9309069 9205068
9310008 9205068
9310023 9205068
9311166 9205068
9307171 9303017
9311166 9303017
9311166 9309069
9311166 9310008
9311166 9310023
74:
9302026 9203056
9308021 9203056
9309082 9203056
9302026 9210036
9308021 9302026
9309082 9302026
9308021 9210036
75:
9301103 9206097
9309084 9301103
9302050 9206097
9309084 9206097
9309084 9302050
76:
9301118 9211138
9310082 9211138
9301118 9204020
9306162 9301118
9310082 9301118
9306162 9204020
9310082 9204020
77:
9307025 0209014
9308155 0209014
9312059 0209014
9307025 9205071
9308155 9205071
9312059 9205071
9307025 9207001
9312059 9207001
9307025 9211054
9308155 9211054
9312059 9211054
9308155 9307025
9312059 9307025
78:
9302075 9207095
9303140 9207095
9309008 9207095
9309008 9302075
9309008 9303140
79:
9305160 9207061
9308086 9207061
9308086 9305160
80:
9304102 9202092
9304135 9202092
9304102 9205046
9304135 9205046
9304135 9304102
81:
9305042 9203076
9308147 9305042
9308147 9203076
82:
9301067 9201059
9305163 9301067
9309034 9301067
9310157 9301067
9312075 9301067
9310157 9201059
9305163 9206029
9312075 9206029
9305163 9308139
9309034 9305163
9310157 9305163
9312075 9305163
9309034 9308139
9310157 9308139
9310157 9309034
83:
9309154 9202057
9312042 9202057
9309154 9206049
9312042 9206049
9306102 9210128
9308060 9306102
9309033 9306102
9312031 9306102
9308060 9210128
9309033 9210128
9309154 9210128
9312031 9210128
9312042 9210128
9308060 9306155
9309033 9308060
9312031 9308060
9312042 9308060
9309033 9306155
9312031 9306155
9312042 9306155
9312031 9309033
9312042 9309033
9312042 9309154
84:
9302027 9201056
9310077 9201056
9302027 9206063
9307037 9302027
9307176 9302027
9310077 9302027
9307037 9206063
9307176 9206063
9310077 9206063
9307037 9304011
9307176 9304011
9307176 9307037
85:
9307101 9202011
9307166 9202011
9307101 9206041
9307166 9307101
9307166 9206041
86:
9309065 9210011
9311064 9210011
9308002 9212038
9309065 9212038
9311064 9212038
9312160 9212038
9311064 9308002
9312160 9308002
9311064 9309065
87:
9308112 9210021
9308154 9308112
9308154 9210021
88:
9309115 9203060
9310075 9203060
9310075 9309115
89:
9310144 9204083
9311064 9204083
9311064 9310144
90:
9307111 9303046
9311015 9303046
9306013 9212149
9307111 9212149
9311015 9212149
9306013 9301068
9307111 9301068
9311015 9301068
9306013 9209049
9307111 9306013
9311015 9306013
9311164 9306013
9307111 9209049
9311015 9209049
9311164 9209049
9311015 9307111
9311164 9307111
9311164 9311015
91:
9304011 9203030
9306153 9203030
9306153 9304011
9310136 9304011
9310137 9304011
9310136 9306153
9310137 9306153
92:
9302020 9202008
9311156 9202008
9311156 9302020
93:
9304065 9201067
9311027 9201067
9311027 9304065
94:
9303006 0209014
9304041 0209014
9304041 9303006
95:
9303045 9201024
9308086 9201024
9308086 9303045
96:
9305003 9209122
9305109 9209122
9307185 9209122
9310046 9209122
9310046 9305003
9310046 9305109
9310046 9307185
97:
9308052 9201056
9310026 9201056
9308052 9211072
9310026 9211072
9308052 9305139
9310026 9305139
9310026 9308052
98:
9306153 9206035
9311086 9206035
9311086 9306153
99:
9302070 9201061
9312171 9201061
9302070 9202004
9312171 9302070
9312171 9202004
100:
9309125 9211040
9310170 9211040
9310170 9309125
