# The directed communities at k=3
# from /Users/bogna/dev/role-mining/datasets/hepth/timeslots/cit-HepTh-1993.edges
# at no lower link weight threshold,
# and at no upper link weight threshold.
# Links were treated as directed.
# No time limit was set for the clique search.

0: 9301004 9204082 9306153 
1: 9301059 9206033 9312027 
2: 9301074 9211113 9303071 9307015 
3: 9201056 9301083 9204085 9301097 9205088 9206084 9208027 9210065 9210115 9211072 9211096 9212072 9202021 9302103 9204102 9204030 9201040 9303067 9303136 9303153 9303046 9303159 9212149 9301068 9311130 9304011 9304015 9304050 9204094 9304051 9304053 9205085 9210090 9305026 9202062 9209099 9305047 9305087 9305106 9305124 9306110 9205084 9306122 9306147 9307088 9201041 9202087 9303143 9305139 9307158 9307163 9308001 9308052 9308156 9309027 9309044 9309103 9309107 9309119 9309140 9309141 9310012 9310041 9310082 9310165 9311009 9312095 9312189 9312190 
4: 9301113 9202026 9204045 9306105 
5: 9302014 9201001 9201033 9202006 9203009 9207020 9305019 9307063 9310191 
6: 9302057 9301017 9309058 
7: 9302064 9205087 9308047 
8: 9206070 9302130 9210038 9302132 9303154 9308095 
9: 9201061 9201074 9203054 9203042 9203052 9205069 9303014 9202035 9310155 9310156 
10: 9301005 9206051 9210121 9301015 9202092 9205037 9301047 9206006 9206048 9206078 9207118 9204011 9209052 9210119 9302033 9302037 9302070 9302077 9302083 9302126 9204099 9303007 9303016 9303032 9205062 9205078 9205095 9303059 9208001 9304155 9201039 9305074 9211061 9307163 9311062 9308018 9202002 9308042 9308077 9308080 9209023 9309019 9309042 9310011 9310112 9310159 9310202 9311010 9311012 9311093 9311122 9311185 9312154 9312182 
11: 9208032 9303042 9308099 
12: 9303087 9302002 9308016 
13: 9302014 9201011 9303093 9201010 9303100 9201013 9303101 9306153 9312210 9312212 
14: 9208052 9303128 9308081 
15: 9303150 9203046 9306006 9203047 9311162 
16: 9303172 9209107 9309030 9310115 9310177 
17: 9201021 9304012 9312059 
18: 9304060 9204083 9305095 
19: 9304065 9202070 9206112 9304149 
20: 9204028 9207011 9304072 9211079 9304109 
21: 9303034 9202040 9304075 9206040 9308017 
22: 9206007 9304081 9309049 
23: 9304132 9201026 9310116 
24: 9305043 9205034 9310116 
25: 9205051 9205081 9206016 9207053 9302038 9211056 9302109 9205027 9201040 9303057 9207016 9208055 9208078 9209016 9209125 9304129 9304154 9305069 9305142 9305185 9306125 9307121 9311120 
26: 9204064 9305091 9202073 9208063 9309144 
27: 9302071 9201078 9202007 9205113 9305093 9305094 9302079 9210049 9210064 9306156 9310131 9310160 9311021 9311131 
28: 9305128 9204089 9205086 9210075 9212157 9305129 9305130 
29: 9201026 9305152 9311167 
30: 9305170 9206103 9311103 
31: 9201056 9305179 9201034 9310180 
32: 9302006 9209075 9210010 9302124 9209029 9212104 9303133 9304125 9306033 9307190 9206098 9211107 9211109 9304020 9306059 9307015 9307031 9307106 9307170 9310061 9312049 
33: 9205027 9304062 9201007 9204031 9210123 9306085 9306095 9308066 9311176 9312184 
34: 9306100 9207080 9308140 
35: 9206106 9306101 9312206 
36: 9301122 9203038 9306135 9306147 9307126 
37: 9306153 9201003 9311067 
38: 9306163 9207089 9209120 9301098 9310071 9310072 
39: 9204064 9208048 9305135 9307007 9303095 9307008 
40: 9204041 9307038 9309110 
41: 9203078 9303033 9210163 9303089 9307096 9203080 9207042 9210093 9311006 9312198 
42: 9307107 9304133 9311168 
43: 9307122 9201054 9309108 
44: 9302125 9201024 9203062 9209006 9304152 9305005 9204019 9306035 9206096 9212070 9307064 9307147 9209041 9305113 9306142 9310113 9311070 9311089 9312144 
45: 9307196 9209130 9311189 
46: 9308058 9302010 9308119 
47: 9210013 9308106 9302078 9309050 
48: 9309055 9307001 9311026 
49: 9309139 9205073 9310079 
50: 9307027 9310014 9310197 
51: 9310080 9306054 9310123 
52: 9301018 9206034 9212094 9301046 9211034 9211102 9212150 9301086 9303013 9303111 9304056 9304150 9210129 9305114 9307056 9310060 9310133 9311058 9312043 
53: 9203008 9302049 9211025 9303122 9208035 9308129 9310170 9211059 9312150 
54: 9303030 9202012 9209003 9206027 9309083 9211071 9310181 9308153 9311141 9312192 
55: 9201056 9301099 9201050 9209111 9210134 9212016 9212017 9212117 9302114 9210010 9302086 9202060 9207067 9302143 9303051 9209037 9304115 9305098 9306019 9307046 9308114 9309041 9309095 9309125 9310170 9310200 9311084 9310129 9311139 9311157 9312010 9312013 9312185 9312187 
56: 9204064 9305110 9312121 
57: 9307045 9302133 9312047 9312158 9312175 
58: 9301020 9201061 9201074 9306097 
59: 9201061 9201074 9301058 9203054 9203059 9209055 9209058 9209113 9211030 9301082 9206056 9203042 9203052 9204072 9206070 9301119 9205069 9202014 9203012 9302022 9207095 9206077 9201021 9202004 9302080 9202075 9302096 9302101 9302144 9205028 9307140 9303002 9303011 9303116 9210107 9210120 9207006 9211057 9206020 9304027 9205089 9304072 9209118 9304128 9209012 9304148 9207105 9209008 9304163 9301021 9305030 9305040 9204002 9206055 9207034 9207103 9209013 9210017 9211011 9211082 9212136 9305109 9305116 9305117 9305125 9305165 9306041 9306069 9306083 9307079 9307143 9307157 9307168 9307181 9308100 9307052 9308011 9308062 9309075 9310101 9312017 9312172 9312194 
60: 9202057 9206049 9302023 9204063 9309121 9310125 9311028 9312205 
61: 9303050 9209046 9212010 9212015 9212019 9212021 9212145 9307091 9307180 9310056 
62: 9207073 9303073 9208048 9310062 
63: 9301038 9207097 9208002 9206095 9303079 9208020 9201010 9208045 9206015 9306037 9208012 9209074 9212011 9306043 9308051 9309012 9309100 9310191 9311086 9312145 
64: 9204018 9303090 9206035 9206099 9206102 9211132 9307154 
65: 9204018 9303105 9209022 9204017 9303146 9303149 9305041 9307054 9309005 9310136 9310137 
66: 9304034 9203084 9309110 
67: 9208057 9203076 9307035 9307175 
68: 9205103 9304161 9201016 9312179 
69: 9204064 9305017 9305146 9306010 
70: 9206033 9210091 9204083 9305077 9305181 9306111 9310013 9311144 
71: 9305110 9205055 9311004 
72: 9306078 9205006 9207028 9307148 9311078 
73: 9202046 9205068 9303017 9307171 9309069 9310008 9310023 9311166 
74: 9203056 9302026 9210036 9308021 9309082 
75: 9301103 9206097 9302050 9309084 
76: 9211138 9301118 9204020 9306162 9310082 
77: 0209014 9205071 9207001 9211054 9307025 9308155 9312059 
78: 9207095 9302075 9303140 9309008 
79: 9207061 9305160 9308086 
80: 9202092 9205046 9304102 9304135 
81: 9305042 9203076 9308147 
82: 9301067 9201059 9206029 9305163 9308139 9309034 9310157 9312075 
83: 9202057 9206049 9306102 9210128 9308060 9306155 9309033 9309154 9312031 9312042 
84: 9201056 9302027 9206063 9304011 9307037 9307176 9310077 
85: 9202011 9307101 9206041 9307166 
86: 9210011 9212038 9308002 9309065 9311064 9312160 
87: 9308112 9210021 9308154 
88: 9203060 9309115 9310075 
89: 9204083 9310144 9311064 
90: 9303046 9212149 9301068 9306013 9209049 9307111 9311015 9311164 
91: 9203030 9304011 9306153 9310136 9310137 
92: 9202008 9302020 9311156 
93: 9201067 9304065 9311027 
94: 0209014 9303006 9304041 
95: 9201024 9303045 9308086 
96: 9209122 9305003 9305109 9307185 9310046 
97: 9201056 9211072 9305139 9308052 9310026 
98: 9206035 9306153 9311086 
99: 9201061 9302070 9202004 9312171 
100: 9211040 9309125 9310170 
