# The links inside the directed communities at k=15
# from /Users/bogna/dev/role-mining/datasets/hepth/timeslots/cit-HepTh-1998.edges
# at no lower link weight threshold,
# and at no upper link weight threshold.
# Links were treated as directed.
# No time limit was set for the clique search.

0:
9802109 9711138
9802150 9711138
9802183 9711138
9802203 9711138
9803131 9711138
9803028 9711138
9803051 9711138
9803077 9711138
9803109 9711138
9803119 9711138
9803167 9711138
9803220 9711138
9803231 9711138
9804006 9711138
9804058 9711138
9804182 9711138
9802150 9802109
9802183 9802109
9802203 9802109
9803131 9802109
9803028 9802109
9803051 9802109
9803077 9802109
9803109 9802109
9803119 9802109
9803167 9802109
9803220 9802109
9803231 9802109
9804006 9802109
9804058 9802109
9804182 9802109
9802183 9802150
9802203 9802150
9803131 9802150
9803028 9802150
9803051 9802150
9803077 9802150
9803109 9802150
9803119 9802150
9803167 9802150
9803220 9802150
9803231 9802150
9804006 9802150
9804058 9802150
9804182 9802150
9803131 9802183
9803028 9802183
9803051 9802183
9803077 9802183
9803109 9802183
9803119 9802183
9803167 9802183
9803220 9802183
9803231 9802183
9804006 9802183
9804058 9802183
9804182 9802183
9803131 9802203
9803028 9802203
9803051 9802203
9803077 9802203
9803109 9802203
9803167 9802203
9803220 9802203
9803231 9802203
9804006 9802203
9804058 9802203
9804182 9802203
9803131 9803028
9803131 9803051
9803131 9803077
9803131 9803109
9803131 9803119
9803167 9803131
9803220 9803131
9803231 9803131
9804006 9803131
9804058 9803131
9804182 9803131
9803051 9803028
9803077 9803028
9803109 9803028
9803119 9803028
9803167 9803028
9803220 9803028
9803231 9803028
9804006 9803028
9804058 9803028
9804182 9803028
9803077 9803051
9803109 9803051
9803119 9803051
9803167 9803051
9803220 9803051
9803231 9803051
9804006 9803051
9804058 9803051
9804182 9803051
9803109 9803077
9803119 9803077
9803167 9803077
9803220 9803077
9803231 9803077
9804006 9803077
9804058 9803077
9804182 9803077
9803167 9803109
9803220 9803109
9803231 9803109
9804006 9803109
9804058 9803109
9804182 9803109
9803167 9803119
9803220 9803119
9803231 9803119
9804006 9803119
9804058 9803119
9804182 9803119
9803220 9803167
9803231 9803167
9804006 9803167
9804058 9803167
9804182 9803167
9803231 9803220
9804006 9803220
9804058 9803220
9804182 9803220
9804006 9803231
9804058 9803231
9804182 9803231
9804058 9804006
9804182 9804006
9804182 9804058
