# The directed communities at k=4
# from /Users/bogna/dev/role-mining/datasets/enron/timeslots/1-2000.edges
# at no lower link weight threshold,
# and at no upper link weight threshold.
# Links were treated as directed.
# No time limit was set for the clique search.

0: 1068 786 558 641 527 4217 425 457 498 565 656 663 1310 1066 1336 1548 1552 1586 448 489 491 519 611 616 623 628 674 714 851 854 905 985 1550 599 889 927 764 17317 7644 505 30 765 645 125 
1: 10208 3647 6607 7472 15689 1612 2259 34425 787 3559 46583 
2: 10250 14474 15757 17234 17247 2878 3468 3592 48936 5315 5326 5328 17235 3950 3481 7838 15612 15741 15774 29163 34506 33768 5309 15805 17145 34408 4666 17248 33766 33806 33808 4642 5559 5599 6111 10256 5596 15813 2876 5327 3231 5291 5547 4110 5311 4748 53919 7712 
3: 3228 174 112 201 4 8326 8601 
4: 3213 15126 17747 52496 5459 17973 3669 4805 15953 
5: 3213 17973 17351 3099 3203 3218 
6: 7838 2876 5529 4110 
7: 519 3351 3431 7838 17263 33778 3918 3297 17292 5547 17855 3868 4110 47936 47962 5163 5300 7707 47966 
8: 143 63968 64037 64039 64040 64041 64049 64051 64053 64054 64055 64056 64057 64062 64063 64064 64069 64070 64071 64072 64076 64077 64078 64079 64080 64081 64082 64042 64043 64044 64046 64047 64048 64050 64052 64058 64059 64060 64061 64065 64066 64067 64068 64073 64074 64075 
9: 1492 519 1061 3351 3431 3745 456 5313 4110 47971 5442 
10: 786 12376 142 1550 1541 20047 
11: 3213 33884 37340 37341 
12: 3213 17973 33884 34940 4988 
13: 106 118 196 3 51 174 2353 493 
14: 10759 4250 452 527 174 505 20676 
