# The contained directed cliques in the directed communities at k=4
# from /Users/bogna/dev/role-mining/datasets/enron/timeslots/1-2000.edges
# at no lower link weight threshold,
# and at no upper link weight threshold.
# Links were treated as directed.
# No time limit was set for the clique search.

0: 121 418 419 420 140 142 260 341 598 600 261 146 603 604 605 601 602 615 258 343 347 587 344 460 145 586 585 271 359 304 454 470 591 455 456 471 256 340 384 416 451 472 489 606 607 235 281 599 279 280 
1: 157 361 362 363 221 322 245 244 
2: 165 166 381 517 379 382 380 516 520 172 276 278 428 478 496 519 521 275 495 493 494 409 440 441 497 535 536 429 479 480 537 477 522 576 476 481 518 523 198 246 594 444 593 597 595 596 475 474 499 582 500 574 528 552 575 501 553 554 555 556 175 431 432 
3: 176 178 179 284 
4: 183 356 369 354 289 355 
5: 184 187 291 
6: 199 
7: 213 550 217 378 390 466 491 549 551 525 483 524 526 377 484 485 216 303 
8: 236 237 238 306 391 392 393 394 395 396 397 398 399 400 401 402 403 404 405 406 407 612 239 240 241 242 307 308 309 310 311 312 313 314 315 316 317 318 319 320 321 
9: 351 353 461 464 547 463 462 425 465 548 424 
10: 358 504 542 
11: 374 
12: 438 439 
13: 447 507 560 506 559 
14: 564 565 610 
