# The links inside the directed communities at k=4
# from /Users/bogna/dev/role-mining/datasets/enron/timeslots/1-2000.edges
# at no lower link weight threshold,
# and at no upper link weight threshold.
# Links were treated as directed.
# No time limit was set for the clique search.

0:
1068 786
558 1068
1310 1068
786 558
786 641
786 498
1310 786
786 1066
1548 786
786 1552
786 489
491 786
786 519
786 851
786 854
786 1550
786 889
786 927
558 641
1310 558
558 1336
558 1548
558 1552
558 1586
558 489
558 628
558 854
558 1550
558 599
558 889
558 927
17317 558
558 7644
641 663
1310 641
641 1066
641 1336
641 1548
641 1552
641 1586
641 519
641 628
641 851
641 854
641 985
641 17317
641 7644
663 527
905 527
505 527
527 125
663 4217
905 4217
505 4217
663 425
905 425
505 425
663 457
905 457
505 457
663 498
1310 498
498 448
498 489
491 498
498 519
498 616
498 714
905 498
505 498
663 565
489 565
491 565
905 565
505 565
663 656
905 656
505 656
1310 663
663 489
491 663
663 519
663 623
674 663
663 851
663 905
663 985
663 764
663 505
663 30
663 765
663 645
663 125
1310 1066
1310 1336
1310 1548
1310 1552
1310 1586
1310 448
1310 489
1310 491
1310 519
1310 611
1310 616
1310 623
1310 628
1310 674
1310 714
1310 851
1310 854
1310 905
1310 985
1548 489
1548 854
489 448
489 491
519 489
611 489
489 616
489 623
489 628
489 674
489 714
489 854
905 489
927 489
489 764
489 645
491 519
491 611
491 764
491 645
905 519
927 519
674 616
628 17317
628 7644
905 764
905 505
905 30
905 765
905 125
1550 599
1550 889
1550 927
927 599
505 764
17317 7644
505 30
505 765
1:
10208 3647
10208 6607
10208 7472
3647 6607
3647 7472
15689 3647
3647 1612
3647 2259
34425 3647
787 3647
3647 3559
3647 46583
6607 7472
787 6607
787 7472
3559 7472
15689 1612
15689 2259
15689 34425
15689 787
34425 1612
787 1612
3559 1612
34425 2259
787 3559
787 46583
3559 46583
2:
10250 14474
10250 15757
10250 17234
10250 17247
10250 2878
10250 3468
10250 3592
10250 48936
10250 5315
10250 5326
10250 5328
33768 10250
2876 10250
4748 10250
14474 17234
14474 5328
14474 17235
33768 14474
34408 14474
6111 14474
2876 14474
17234 15757
17247 15757
48936 15757
5326 15757
15612 15757
33768 15757
33806 15757
5599 15757
4748 15757
17234 17247
2878 17234
17234 3468
17234 48936
5315 17234
17234 5326
17234 17235
17234 3950
3481 17234
17234 15612
17234 15741
17234 15774
17234 29163
17234 34506
17234 33768
17234 5309
17234 15805
17145 17234
34408 17234
17234 4666
17234 17248
17234 33766
17234 33806
17234 33808
17234 4642
17234 5559
17234 5599
17234 6111
5311 17234
53919 17234
17247 3468
48936 17247
17247 5315
17235 17247
33806 17247
3468 2878
2878 48936
3468 48936
33768 3592
2876 3592
48936 5315
48936 5326
48936 17235
48936 17248
5315 5326
5326 33768
5326 15805
5326 5559
5326 10256
4748 5326
33768 5328
3481 17235
17235 15612
17235 15741
17235 15774
33768 17235
17235 15805
17145 17235
34408 17235
4666 17235
17235 17248
17235 33766
17235 33806
17235 33808
4642 17235
17235 5599
17235 10256
17235 5596
4748 17235
53919 17235
3950 3481
3950 4642
3950 15813
3950 3231
3950 5291
3950 5547
17145 3481
34408 3481
4642 3481
3481 15813
3481 3231
3481 5291
3481 5547
4110 3481
7712 3481
7838 4642
7838 3231
7838 5291
7838 4110
33806 15612
15741 15774
15741 29163
15741 34506
33806 15741
5596 15741
5311 15741
53919 15741
15774 5309
33806 15774
53919 15774
53919 29163
53919 34506
33768 15805
33768 5559
5599 33768
6111 33768
33768 10256
33768 2876
33768 5327
4748 33768
33806 5309
53919 5309
33806 15805
5311 15805
4748 15805
53919 15805
17145 34408
17145 4666
4642 4666
4666 3231
4666 5291
33806 17248
33806 33766
33806 33808
33806 5599
33806 5596
33806 5311
4642 15813
4642 3231
4642 5291
4642 5547
5559 10256
4748 5559
2876 6111
4748 10256
2876 5327
4748 2876
4748 5327
3231 5291
4110 3231
7712 3231
4110 5291
7712 5291
53919 5311
3:
174 3228
3228 112
3228 201
3228 4
3228 8326
3228 8601
174 112
174 201
174 4
174 8326
174 8601
4 112
4 201
4 8326
4 8601
4:
3213 15126
3213 17747
52496 3213
3213 5459
3213 17973
3213 3669
3213 4805
3213 15953
15126 17747
15126 52496
15126 5459
17973 15126
17747 17973
17747 3669
17747 4805
52496 5459
17973 52496
17973 5459
5459 3669
5459 15953
17973 3669
17973 4805
17973 15953
5:
3213 17973
3213 17351
3099 3213
3213 3203
3213 3218
17973 17351
17973 3099
17973 3203
17973 3218
3218 17351
3218 3099
3218 3203
6:
7838 2876
7838 5529
7838 4110
2876 5529
4110 2876
4110 5529
7:
519 3351
17263 519
3297 519
3351 3431
3351 7838
3351 17263
3351 33778
3351 3918
3297 3351
3351 17292
3351 5547
3351 17855
3351 3868
3351 4110
3351 47936
3351 47962
3351 5163
3351 5300
3351 7707
47966 3351
47936 3431
7707 3431
17263 7838
7838 33778
7838 3918
7838 5547
7838 17855
7838 4110
7838 5163
17263 33778
17263 3918
3297 17263
3297 33778
33778 17292
4110 33778
3297 3918
3918 5547
3918 3868
4110 3918
3918 47936
3918 7707
3297 17292
3297 5547
47936 17292
7707 17292
4110 5547
47936 5547
7707 5547
4110 17855
7707 3868
4110 5163
47936 47962
47936 5300
7707 47936
47936 47966
47962 7707
7707 5300
7707 47966
8:
63968 143
64037 143
64039 143
64040 143
64055 143
63968 64037
63968 64039
63968 64040
63968 64041
63968 64049
63968 64051
63968 64053
63968 64054
63968 64055
63968 64056
63968 64057
63968 64062
63968 64063
63968 64064
63968 64069
63968 64070
63968 64071
63968 64072
63968 64076
63968 64077
63968 64078
63968 64079
63968 64080
63968 64081
63968 64082
64037 64039
64040 64037
64037 64049
64037 64051
64037 64053
64037 64054
64037 64055
64037 64056
64037 64057
64037 64063
64037 64064
64037 64069
64037 64070
64037 64071
64037 64072
64037 64076
64037 64077
64037 64078
64037 64079
64037 64080
64037 64081
64037 64042
64037 64043
64037 64044
64037 64046
64037 64047
64037 64048
64037 64050
64037 64052
64037 64058
64037 64059
64037 64060
64037 64061
64037 64065
64037 64066
64037 64067
64037 64068
64037 64073
64037 64074
64037 64075
64039 64040
64039 64041
64039 64049
64039 64051
64039 64053
64039 64054
64039 64055
64039 64056
64039 64057
64039 64062
64039 64063
64039 64064
64039 64069
64039 64070
64039 64071
64039 64072
64039 64076
64039 64077
64039 64078
64039 64079
64039 64080
64039 64081
64039 64082
64039 64042
64039 64043
64039 64044
64039 64046
64039 64047
64039 64048
64039 64050
64039 64052
64039 64058
64039 64059
64039 64060
64039 64061
64039 64065
64039 64066
64039 64067
64039 64068
64039 64073
64039 64074
64039 64075
64040 64041
64040 64049
64040 64051
64040 64053
64040 64054
64040 64055
64040 64056
64040 64057
64040 64062
64040 64063
64040 64064
64040 64069
64040 64070
64040 64071
64040 64072
64040 64076
64040 64077
64040 64078
64040 64079
64040 64080
64040 64081
64040 64082
64040 64042
64040 64043
64040 64044
64040 64046
64040 64047
64040 64048
64040 64050
64040 64052
64040 64058
64040 64059
64040 64060
64040 64061
64040 64065
64040 64066
64040 64067
64040 64068
64040 64073
64040 64074
64040 64075
64055 64049
64055 64051
64055 64053
64055 64054
64055 64056
64055 64057
64055 64063
64055 64064
64055 64069
64055 64070
64055 64071
64055 64072
64055 64076
64055 64078
64055 64079
64055 64080
64055 64081
64055 64042
64055 64044
64055 64047
64055 64048
64055 64050
64055 64052
64055 64059
64055 64060
64055 64061
64055 64065
64055 64066
64055 64067
64055 64068
64055 64073
64055 64075
9:
1492 519
1492 1061
1492 3351
1492 3431
1492 3745
1492 456
1492 5313
519 3351
3745 519
456 519
47971 519
5442 519
3351 1061
456 1061
4110 1061
47971 1061
5442 1061
3351 3431
3351 456
3351 5313
3351 4110
3351 47971
3351 5442
456 3431
47971 3431
5442 3431
456 3745
47971 3745
5442 3745
456 5313
4110 456
47971 456
5442 456
4110 5313
5442 47971
10:
786 12376
786 142
786 1550
786 1541
20047 786
12376 142
1550 12376
20047 12376
142 1550
1550 1541
20047 1550
20047 1541
11:
3213 33884
3213 37340
3213 37341
37340 33884
37341 33884
37341 37340
12:
3213 17973
3213 33884
3213 34940
4988 3213
17973 33884
17973 34940
34940 33884
4988 33884
4988 34940
13:
106 118
106 196
106 3
106 51
174 106
2353 106
493 106
118 3
118 51
174 118
2353 118
493 118
2353 196
493 196
174 3
2353 3
493 3
174 51
2353 51
493 51
2353 493
14:
10759 4250
10759 452
10759 527
174 10759
505 10759
20676 10759
4250 452
174 4250
505 4250
20676 4250
174 452
505 452
20676 452
174 527
505 527
174 505
