# The directed communities at k=8
# from /Users/bogna/dev/role-mining/datasets/hepth/timeslots/cit-HepTh-1996.edges
# at no lower link weight threshold,
# and at no upper link weight threshold.
# Links were treated as directed.
# No time limit was set for the clique search.

0: 9604128 9607174 9609128 9610128 9611004 9612010 9612011 9612012 9612013 
1: 9508072 9502072 9602111 9602136 9607077 9608059 9608099 9610105 9610157 9610232 9611140 9611162 9611210 
2: 9503124 9510017 9510135 9603081 9603127 9608024 9610043 9610125 9610236 9611103 9611164 9611202 9611215 9612087 9612126 9612144 9612157 9612162 9612222 9612223 9612251 
3: 9510017 9510135 9205027 9512031 9601029 9309145 9504147 9511064 9512078 9601152 9601177 9602043 9602051 9602065 9602111 9602135 9603060 9603061 9603078 9603090 9603100 9603109 9603126 9603147 9603195 9604035 9604042 9604052 9604065 9604089 9604127 9604134 9604166 9604168 9604189 9605016 9605017 9605051 9605058 9605091 9605112 9605174 9605224 9605234 9605236 9606016 9606033 9606113 9606185 9606193 9607001 9607026 9607149 9607235 9608095 9608108 9608127 9609026 9609052 9609053 9609075 9609076 9609084 9609094 9609204 9609225 9610031 9610045 9610046 9610068 9610074 9610082 9610138 9610171 9610172 9611026 9611050 9611125 9611146 9611151 9611165 9611175 9611189 9611214 9612051 9612089 9612146 9612236 
4: 9407087 9503115 9603136 9606199 9605215 9607202 9608060 9609104 9612231 
5: 9510017 9601038 9602030 9602052 9604129 9604178 9605049 9606139 
6: 9503124 9504090 9510209 9505105 9505162 9510225 9601036 9210127 9507121 9512219 9601038 0208020 9601108 9602010 9602022 9602030 9602052 9602097 9602114 9602120 9603003 9603037 9603113 9603150 9603161 9603170 9604030 9604034 9604097 9604129 9604178 9605049 9605131 9605150 9605184 9605199 9605200 9606009 9606044 9606049 9606086 9606091 9606133 9606148 9606165 9606176 9606196 9607019 9607020 9607041 9607057 9607121 9607201 9608053 9608117 9609071 9609082 9609176 9610076 9610111 9610162 9610205 9610251 9611137 9611186 9611190 9611203 9611222 9612008 9612108 9612141 9612192 
7: 9407087 9408099 9503115 9602073 9603136 9605215 9607076 9607202 9608054 9608060 9609104 9610211 
8: 9411149 9402044 9507169 9603158 9605108 9606184 9607021 9607210 9608147 9610139 9612207 
9: 9601003 9510017 9512062 9512077 9602064 9602077 9604119 9610148 9610249 9611159 9611173 9612080 9612121 9612153 
10: 9507121 9602114 9602120 9603003 9603150 9603161 9607020 9607139 9608109 9608111 9609071 9609159 9610162 9610251 9612085 
11: 9408099 9605150 9605199 9606017 9607163 9607207 9608105 9608111 9610251 9611063 9611201 9611230 9612104 
12: 9407087 9408099 9503115 9506102 9602073 9603136 9606199 9605096 9605215 9607076 9607202 9608054 9608060 9609041 9609145 9610026 9610156 9611016 9611123 9611190 
13: 9601036 9210127 9602030 9606169 9607229 9602114 9603003 9603161 9604097 9605184 
14: 9503124 9510017 9510086 9510209 9601077 9509148 9602052 9604139 9604200 9607112 9608061 9610074 9612119 
15: 9503124 9602022 9602114 9603150 9604139 9607112 9608061 9610074 9612119 
16: 9601003 9503124 9510017 9601057 9509132 9510200 9511043 9602052 9603081 9603127 9603194 9604065 9608024 9608127 9610082 9610250 9611214 9612064 
17: 9602022 9602114 9603003 9603161 9604030 9606122 9606148 9608194 9610162 9610195 
18: 9601003 9510017 9510135 9602052 9603081 9603127 9608024 9610043 9610249 9612080 
19: 9503124 9510017 9510135 9602052 9603081 9603127 9608024 9610043 9610082 9611050 9612162 
20: 9510017 9601038 0208020 9602030 9602052 9604129 9604178 9607041 9611119 
21: 9603087 9604035 9604068 9604166 9604168 9609212 9611026 9612236 
22: 9408099 9605150 9605199 9606017 9608111 9610205 9611186 9611222 
23: 9512062 9512059 9603087 9604035 9604166 9606033 9606136 9607107 9609181 9610138 
24: 9503124 9510017 9510135 9601029 9511043 9602052 9603081 9603127 9607050 9608024 9610041 9610082 
25: 9601029 9504147 9601152 9602051 9602135 9602172 9604127 9611151 
26: 9503124 9602022 9602114 9603150 9606122 9606148 9607057 9610195 
