# The contained directed cliques in the directed communities at k=8
# from /Users/bogna/dev/role-mining/datasets/hepth/timeslots/cit-HepTh-1996.edges
# at no lower link weight threshold,
# and at no upper link weight threshold.
# Links were treated as directed.
# No time limit was set for the clique search.

0: 1983 2284 
1: 3375 3378 3961 3955 6983 
2: 3380 3381 3382 3712 3383 3695 3696 3694 3699 3713 3714 3693 3698 5801 7294 3726 5802 7293 5803 5807 7295 8420 9684 9682 9688 4580 4579 
3: 3882 3883 3885 5357 6101 8182 5360 8177 5358 6213 6219 6205 6212 6218 8164 8165 8178 6211 8737 8738 8744 12670 6216 6217 8743 8748 6092 8368 8749 8750 8753 9182 12618 13348 13350 13895 6090 6091 6093 6094 6097 6100 6104 12321 14858 15257 4514 6088 6095 6096 6103 6105 6107 6843 7929 7930 12522 12524 12527 12528 12531 13467 4515 4516 7942 12212 4517 12216 12849 14867 12214 12215 12218 12217 12219 12850 14665 13164 13470 14662 14667 14668 13163 13347 14663 14868 12564 13833 13875 13896 14469 14869 4834 6102 8307 8913 9181 11745 12347 12556 12557 12558 12560 12563 12565 12567 12568 12569 12570 12574 12575 12576 12577 12581 12584 12586 12587 12589 12590 12598 12603 12604 12605 12624 12627 12643 12651 12652 12654 12662 12664 13831 13834 13874 13878 13881 14330 4832 8921 12573 4821 8917 8922 8923 8925 4843 4840 8907 9197 9194 9195 9198 10122 8323 8924 9186 9192 9193 12724 8300 8303 8309 8311 8312 8314 8321 8322 8338 8343 8344 8916 8926 11766 12526 13433 8301 8302 8319 8324 8908 8911 10120 12540 12621 13434 13450 13451 13908 14327 14560 6909 8304 9552 9564 6910 6912 6920 6911 6913 6921 6914 6922 7177 6918 6925 7180 6915 6917 6924 7182 9560 9561 6916 6923 6928 9558 9559 11195 11196 14332 11186 11189 11191 13899 14333 14336 14555 11184 11185 13830 13892 14324 11190 13154 13837 14457 13157 9640 13838 14274 14462 13839 13840 13893 14474 13842 14466 13843 14485 12644 14486 12609 12647 12658 12668 13841 14478 12583 12601 12608 12582 12354 12580 12606 12628 12645 12646 13472 12349 12351 6106 8308 9183 11324 12322 12346 12348 12358 12561 6110 6099 6108 6098 12327 13468 12325 9619 11308 12320 12361 9615 6832 8169 9616 9647 9649 6831 14861 6838 12521 12519 12520 12517 12518 12530 13871 10419 12516 12529 13448 9548 10422 10446 9550 10447 13449 13441 11765 13440 13596 8337 8341 8914 8918 11749 11758 11760 11761 11762 12728 13435 13447 8328 8339 13599 8327 8330 8326 11754 12578 13882 8306 9199 12357 12562 8310 8320 9180 13479 13880 8313 9185 12323 13481 8315 9187 12353 13482 8316 8317 8318 8325 12672 12671 12676 13907 8739 12663 12669 8166 12653 12661 13894 12588 12650 13832 12585 12602 12597 12592 12599 12593 8361 12600 12613 12619 13365 8358 8370 8359 8367 13359 13362 13364 13367 13897 13368 13378 13351 14334 11750 13352 13480 14331 9184 11746 11763 13879 14664 13870 11747 11752 11753 14558 8915 9188 12352 14471 8906 8919 8929 8909 8910 8920 12523 10121 12541 12549 12716 12547 12720 12721 12719 7172 9554 12729 7173 7174 7176 7175 7184 9556 9555 9565 7179 7189 7178 7187 12543 12544 12545 7928 7936 7937 12542 12324 12350 12356 12341 12355 14475 13898 14459 14472 14473 14460 14461 14470 13466 11318 13471 15258 11310 11317 11325 11309 11306 11314 11322 11328 12326 11334 12328 11316 11019 14960 11018 13446 13600 13442 13443 7186 13601 12620 13349 12572 12607 13876 13877 13883 14476 12579 14321 14320 13374 13377 12614 8740 12675 8167 12667 14328 9196 13475 14563 13607 11335 13606 11315 11329 11338 11307 11323 8930 8928 9191 12559 12555 8331 9568 9566 12532 9648 6109 12625 14275 11059 10931 11058 10913 10921 10933 10912 10920 10903 13909 14557 13845 13844 6634 9553 4997 4998 14666 4173 8183 8751 14669 7931 8184 
4: 4011 4017 
5: 4158 
6: 4160 6484 6485 6476 6504 9067 6477 6478 6480 12391 6479 6481 6475 12395 6474 11588 11586 10362 11566 11577 11582 12393 10361 10372 10365 10371 10366 10376 12390 10377 10383 12426 10382 10386 12406 12410 12422 12432 12421 12383 12388 12389 12405 12409 12411 12425 11576 12374 12384 12385 11563 11564 11565 12375 12377 12387 12403 12376 12415 12414 12435 13668 12436 14568 12434 13101 13652 14574 13038 13076 13104 13041 13676 14576 14587 13079 13110 13263 13265 13266 13267 13268 13269 13270 13264 13275 13293 13996 15094 13294 13295 13296 13298 13994 15093 15087 15088 14581 13696 14580 14601 13632 13692 13628 13633 13629 13641 13666 13672 13634 13644 13655 13654 13656 14015 14565 13276 14564 14582 15064 13273 13277 13274 14571 14612 14019 15063 15061 14575 14586 14600 9544 15224 9527 9526 9525 15223 15221 7926 7925 7893 7907 7927 12876 12877 12879 12882 12878 6872 7905 12943 6870 6871 6869 12941 12934 12942 15107 12935 15241 12940 15153 15129 15109 15113 12944 15112 15246 8391 8382 8390 8379 8381 8384 12788 8378 10064 8383 10063 5171 5168 9491 12787 10045 10047 10046 10048 10065 10067 10374 10387 10364 10373 10363 11587 12394 12433 10384 12872 12873 12908 14931 9500 14930 9485 9498 6114 9484 6113 6125 6112 6123 9481 13016 9483 6119 6121 12928 12402 10385 12412 9072 6151 9069 
7: 4305 4306 4307 4309 4314 4308 4310 4315 4312 4317 4311 4316 
8: 4457 4458 4551 5702 5703 
9: 4865 4866 4868 4871 4872 9395 4869 4867 4873 
10: 5113 5114 5117 11551 5118 11552 5119 11536 9505 11535 9504 9510 9509 9507 9508 
11: 5183 5199 5185 5184 6671 6670 6673 
12: 5362 5363 5364 5365 5366 5367 5370 5371 6441 7251 6442 7252 6443 6440 7256 6423 6439 7269 6422 7268 7270 7261 7263 7262 5376 5377 5389 5386 5390 7539 5387 7535 7534 6428 7536 7538 8711 6429 6430 6433 6432 6435 8557 6431 7537 8558 6434 8713 8715 8559 8714 8712 5368 
13: 6016 6018 6019 
14: 6260 6264 6266 6270 7489 7494 7491 
15: 6261 6262 
16: 6956 6957 6963 6964 8048 8984 10403 10411 10418 6965 8983 8047 8985 10409 14773 10069 10079 10090 14774 14775 14776 
17: 7731 7732 7741 
18: 7819 7820 7840 7844 
19: 8421 8422 14778 
20: 8871 8880 
21: 9914 
22: 10041 
23: 10651 10652 10654 
24: 11697 11703 11707 11718 11701 11706 
25: 12208 
26: 12969 
