# The links inside the directed communities at k=8
# from /Users/bogna/dev/role-mining/datasets/hepth/timeslots/cit-HepTh-1996.edges
# at no lower link weight threshold,
# and at no upper link weight threshold.
# Links were treated as directed.
# No time limit was set for the clique search.

0:
9607174 9604128
9609128 9604128
9610128 9604128
9611004 9604128
9612010 9604128
9612011 9604128
9612012 9604128
9612013 9604128
9609128 9607174
9610128 9607174
9611004 9607174
9612010 9607174
9612011 9607174
9612012 9607174
9612013 9607174
9610128 9609128
9611004 9609128
9612010 9609128
9612011 9609128
9612012 9609128
9612013 9609128
9612010 9610128
9612011 9610128
9612012 9610128
9612013 9610128
9612010 9611004
9612011 9611004
9612012 9611004
9612013 9611004
9612010 9612011
9612010 9612012
9612010 9612013
9612011 9612012
9612011 9612013
9612012 9612013
1:
9602111 9508072
9602136 9508072
9607077 9508072
9608059 9508072
9608099 9508072
9610105 9508072
9610157 9508072
9610232 9508072
9611140 9508072
9611162 9508072
9611210 9508072
9602111 9502072
9602136 9502072
9607077 9502072
9608059 9502072
9608099 9502072
9610105 9502072
9610157 9502072
9611210 9502072
9602136 9602111
9607077 9602111
9608059 9602111
9608099 9602111
9610105 9602111
9610157 9602111
9611210 9602111
9607077 9602136
9608059 9602136
9608099 9602136
9610105 9602136
9610157 9602136
9610232 9602136
9611140 9602136
9611162 9602136
9611210 9602136
9608059 9607077
9608099 9607077
9610105 9607077
9610157 9607077
9610232 9607077
9611140 9607077
9611162 9607077
9611210 9607077
9608099 9608059
9610105 9608059
9610157 9608059
9610232 9608059
9611140 9608059
9611162 9608059
9611210 9608059
9610105 9608099
9610157 9608099
9610232 9608099
9611140 9608099
9611162 9608099
9611210 9608099
9610157 9610105
9610232 9610105
9611140 9610105
9611162 9610105
9611210 9610105
9610232 9610157
9611210 9610157
9611140 9610232
9611162 9611140
2:
9603081 9503124
9603127 9503124
9608024 9503124
9610043 9503124
9610125 9503124
9612087 9503124
9612162 9503124
9612223 9503124
9603081 9510017
9603127 9510017
9608024 9510017
9610043 9510017
9610125 9510017
9610236 9510017
9612087 9510017
9612223 9510017
9603081 9510135
9603127 9510135
9608024 9510135
9610043 9510135
9610125 9510135
9611103 9510135
9611202 9510135
9611215 9510135
9612087 9510135
9612162 9510135
9612223 9510135
9612251 9510135
9603127 9603081
9608024 9603081
9610043 9603081
9610125 9603081
9610236 9603081
9611215 9603081
9612087 9603081
9612162 9603081
9612223 9603081
9608024 9603127
9610043 9603127
9610125 9603127
9610236 9603127
9611215 9603127
9612087 9603127
9612162 9603127
9612223 9603127
9610043 9608024
9610125 9608024
9610236 9608024
9611164 9608024
9611215 9608024
9612087 9608024
9612126 9608024
9612144 9608024
9612162 9608024
9612223 9608024
9612251 9608024
9610125 9610043
9610236 9610043
9611103 9610043
9611164 9610043
9611202 9610043
9611215 9610043
9612087 9610043
9612126 9610043
9612144 9610043
9612157 9610043
9612162 9610043
9612222 9610043
9612223 9610043
9612251 9610043
9612087 9610125
9612223 9610125
9611103 9610236
9611202 9610236
9611215 9610236
9612087 9610236
9612126 9610236
9612144 9610236
9612157 9610236
9612162 9610236
9612222 9610236
9612223 9610236
9612251 9610236
9611202 9611103
9612087 9611103
9612162 9611103
9612223 9611103
9612251 9611103
9611202 9611164
9611215 9611164
9612087 9611164
9612126 9611164
9612144 9611164
9612157 9611164
9612162 9611164
9612222 9611164
9612223 9611164
9612251 9611164
9611215 9611202
9612087 9611202
9612126 9611202
9612144 9611202
9612157 9611202
9612162 9611202
9612222 9611202
9612223 9611202
9612251 9611202
9612087 9611215
9612126 9611215
9612144 9611215
9612157 9611215
9612162 9611215
9612222 9611215
9612223 9611215
9612251 9611215
9612162 9612087
9612222 9612087
9612223 9612087
9612251 9612087
9612144 9612126
9612157 9612126
9612162 9612126
9612222 9612126
9612223 9612126
9612251 9612126
9612162 9612144
9612222 9612144
9612223 9612144
9612251 9612144
9612222 9612157
9612223 9612157
9612251 9612157
9612222 9612162
9612223 9612162
9612251 9612162
9612251 9612222
9612251 9612223
3:
9601029 9510017
9601152 9510017
9602043 9510017
9602051 9510017
9602065 9510017
9602135 9510017
9603060 9510017
9603061 9510017
9603090 9510017
9603109 9510017
9603126 9510017
9604042 9510017
9604065 9510017
9604089 9510017
9604189 9510017
9605016 9510017
9605174 9510017
9605224 9510017
9605234 9510017
9605236 9510017
9606016 9510017
9606113 9510017
9607026 9510017
9607235 9510017
9609084 9510017
9609094 9510017
9609204 9510017
9610031 9510017
9610082 9510017
9610138 9510017
9610171 9510017
9611050 9510017
9611165 9510017
9611214 9510017
9612146 9510017
9601029 9510135
9601152 9510135
9602043 9510135
9602051 9510135
9602135 9510135
9603078 9510135
9603126 9510135
9604089 9510135
9607235 9510135
9610082 9510135
9601029 9205027
9601177 9205027
9604035 9205027
9604166 9205027
9608095 9205027
9609225 9205027
9611026 9205027
9612089 9205027
9612236 9205027
9601029 9512031
9601177 9512031
9602043 9512031
9602051 9512031
9603060 9512031
9603061 9512031
9603078 9512031
9603090 9512031
9603100 9512031
9603126 9512031
9603147 9512031
9604035 9512031
9604134 9512031
9604166 9512031
9604168 9512031
9605051 9512031
9605091 9512031
9605224 9512031
9605236 9512031
9606033 9512031
9606113 9512031
9606185 9512031
9606193 9512031
9607026 9512031
9607235 9512031
9608095 9512031
9609084 9512031
9609094 9512031
9609225 9512031
9610046 9512031
9610074 9512031
9610138 9512031
9610171 9512031
9610172 9512031
9611146 9512031
9611165 9512031
9612051 9512031
9601029 9309145
9601029 9504147
9601029 9511064
9601029 9512078
9601152 9601029
9601177 9601029
9602043 9601029
9602051 9601029
9602065 9601029
9602111 9601029
9602135 9601029
9603060 9601029
9603061 9601029
9603078 9601029
9603090 9601029
9603100 9601029
9603109 9601029
9603126 9601029
9603147 9601029
9603195 9601029
9604035 9601029
9604042 9601029
9604052 9601029
9604089 9601029
9604127 9601029
9604134 9601029
9604166 9601029
9604168 9601029
9604189 9601029
9605016 9601029
9605017 9601029
9605051 9601029
9605058 9601029
9605091 9601029
9605112 9601029
9605174 9601029
9605224 9601029
9605234 9601029
9605236 9601029
9606016 9601029
9606033 9601029
9606113 9601029
9606185 9601029
9606193 9601029
9607001 9601029
9607026 9601029
9607149 9601029
9607235 9601029
9608095 9601029
9608108 9601029
9609026 9601029
9609052 9601029
9609053 9601029
9609075 9601029
9609076 9601029
9609084 9601029
9609094 9601029
9609204 9601029
9609225 9601029
9610031 9601029
9610045 9601029
9610046 9601029
9610068 9601029
9610074 9601029
9610082 9601029
9610138 9601029
9610171 9601029
9610172 9601029
9611026 9601029
9611050 9601029
9611125 9601029
9611146 9601029
9611151 9601029
9611165 9601029
9611189 9601029
9611214 9601029
9612051 9601029
9612089 9601029
9612146 9601029
9612236 9601029
9601152 9309145
9602043 9309145
9602051 9309145
9602135 9309145
9604042 9309145
9605016 9309145
9605112 9309145
9606185 9309145
9607149 9309145
9607235 9309145
9609053 9309145
9609075 9309145
9609084 9309145
9610068 9309145
9611189 9309145
9612146 9309145
9601152 9504147
9602051 9504147
9602135 9504147
9604042 9504147
9605051 9504147
9606185 9504147
9607149 9504147
9607235 9504147
9609053 9504147
9611189 9504147
9601152 9511064
9601177 9511064
9602043 9511064
9602051 9511064
9602111 9511064
9603060 9511064
9603061 9511064
9603078 9511064
9603090 9511064
9603100 9511064
9603126 9511064
9603147 9511064
9604042 9511064
9604052 9511064
9604134 9511064
9604166 9511064
9604189 9511064
9605016 9511064
9605051 9511064
9605091 9511064
9605224 9511064
9605236 9511064
9606033 9511064
9606113 9511064
9606185 9511064
9606193 9511064
9607001 9511064
9607026 9511064
9607149 9511064
9607235 9511064
9609084 9511064
9610045 9511064
9610068 9511064
9610171 9511064
9610172 9511064
9611050 9511064
9611146 9511064
9611165 9511064
9612051 9511064
9602051 9512078
9602065 9512078
9603060 9512078
9603061 9512078
9603078 9512078
9603109 9512078
9603126 9512078
9604042 9512078
9604189 9512078
9605016 9512078
9605234 9512078
9605236 9512078
9607026 9512078
9607235 9512078
9611125 9512078
9602043 9601152
9602051 9601152
9602135 9601152
9604042 9601152
9604065 9601152
9604089 9601152
9604127 9601152
9604166 9601152
9604189 9601152
9605051 9601152
9605091 9601152
9605234 9601152
9606016 9601152
9606185 9601152
9607149 9601152
9607235 9601152
9608108 9601152
9609026 9601152
9609053 9601152
9609076 9601152
9609084 9601152
9610045 9601152
9610082 9601152
9610172 9601152
9611189 9601152
9612051 9601152
9612146 9601152
9602043 9601177
9603100 9601177
9603147 9601177
9604035 9601177
9604134 9601177
9604166 9601177
9604168 9601177
9605051 9601177
9605091 9601177
9605224 9601177
9606033 9601177
9606113 9601177
9606185 9601177
9606193 9601177
9608095 9601177
9609084 9601177
9609225 9601177
9610138 9601177
9610172 9601177
9611146 9601177
9612051 9601177
9612089 9601177
9612236 9601177
9602051 9602043
9602065 9602043
9602111 9602043
9602135 9602043
9603061 9602043
9603078 9602043
9603090 9602043
9603100 9602043
9603109 9602043
9603126 9602043
9603147 9602043
9603195 9602043
9604035 9602043
9604042 9602043
9604052 9602043
9604065 9602043
9604089 9602043
9604127 9602043
9604134 9602043
9604166 9602043
9604168 9602043
9604189 9602043
9605016 9602043
9605017 9602043
9605051 9602043
9605058 9602043
9605091 9602043
9605112 9602043
9605174 9602043
9605224 9602043
9605236 9602043
9606016 9602043
9606033 9602043
9606113 9602043
9606185 9602043
9607001 9602043
9607026 9602043
9607149 9602043
9607235 9602043
9608095 9602043
9608108 9602043
9608127 9602043
9609052 9602043
9609053 9602043
9609075 9602043
9609076 9602043
9609084 9602043
9609094 9602043
9609204 9602043
9609225 9602043
9610031 9602043
9610045 9602043
9610046 9602043
9610068 9602043
9610082 9602043
9610138 9602043
9610171 9602043
9610172 9602043
9611050 9602043
9611125 9602043
9611146 9602043
9611165 9602043
9611189 9602043
9611214 9602043
9612051 9602043
9612089 9602043
9612146 9602043
9612236 9602043
9602065 9602051
9602111 9602051
9602135 9602051
9603060 9602051
9603061 9602051
9603078 9602051
9603090 9602051
9603100 9602051
9603109 9602051
9603126 9602051
9603147 9602051
9603195 9602051
9604042 9602051
9604052 9602051
9604065 9602051
9604089 9602051
9604127 9602051
9604134 9602051
9604189 9602051
9605016 9602051
9605017 9602051
9605051 9602051
9605058 9602051
9605091 9602051
9605174 9602051
9605224 9602051
9605234 9602051
9605236 9602051
9606016 9602051
9606033 9602051
9606113 9602051
9606185 9602051
9607001 9602051
9607026 9602051
9607149 9602051
9607235 9602051
9608108 9602051
9608127 9602051
9609026 9602051
9609052 9602051
9609053 9602051
9609075 9602051
9609084 9602051
9610031 9602051
9610045 9602051
9610046 9602051
9610068 9602051
9610074 9602051
9610082 9602051
9610138 9602051
9610171 9602051
9610172 9602051
9611050 9602051
9611125 9602051
9611146 9602051
9611151 9602051
9611165 9602051
9611189 9602051
9611214 9602051
9612146 9602051
9602111 9602065
9602135 9602065
9603060 9602065
9603061 9602065
9603078 9602065
9603090 9602065
9603100 9602065
9603109 9602065
9603126 9602065
9603147 9602065
9603195 9602065
9604052 9602065
9604065 9602065
9604089 9602065
9604127 9602065
9604189 9602065
9605016 9602065
9605017 9602065
9605051 9602065
9605058 9602065
9605091 9602065
9605174 9602065
9605224 9602065
9605236 9602065
9606016 9602065
9606033 9602065
9606113 9602065
9606185 9602065
9607001 9602065
9607026 9602065
9607235 9602065
9609204 9602065
9610031 9602065
9610045 9602065
9610046 9602065
9610068 9602065
9610138 9602065
9610172 9602065
9611125 9602065
9611146 9602065
9611151 9602065
9611165 9602065
9611214 9602065
9603090 9602111
9604189 9602111
9611165 9602111
9603109 9602135
9604065 9602135
9604089 9602135
9604127 9602135
9605016 9602135
9605017 9602135
9605174 9602135
9606016 9602135
9606033 9602135
9606185 9602135
9607149 9602135
9607235 9602135
9609053 9602135
9610082 9602135
9611151 9602135
9611214 9602135
9612146 9602135
9603090 9603060
9603100 9603060
9603109 9603060
9603126 9603060
9603147 9603060
9603195 9603060
9604035 9603060
9604042 9603060
9604052 9603060
9604127 9603060
9604134 9603060
9604166 9603060
9604189 9603060
9605016 9603060
9605017 9603060
9605051 9603060
9605091 9603060
9605224 9603060
9605234 9603060
9605236 9603060
9606016 9603060
9606033 9603060
9606113 9603060
9607026 9603060
9607235 9603060
9608108 9603060
9609084 9603060
9610045 9603060
9610068 9603060
9610172 9603060
9611125 9603060
9611146 9603060
9611151 9603060
9611165 9603060
9611189 9603060
9603090 9603061
9603100 9603061
9603109 9603061
9603126 9603061
9603147 9603061
9603195 9603061
9604035 9603061
9604042 9603061
9604052 9603061
9604127 9603061
9604134 9603061
9604166 9603061
9604189 9603061
9605016 9603061
9605017 9603061
9605051 9603061
9605091 9603061
9605174 9603061
9605224 9603061
9605234 9603061
9605236 9603061
9606016 9603061
9606033 9603061
9606113 9603061
9606185 9603061
9607001 9603061
9607026 9603061
9607235 9603061
9608095 9603061
9608108 9603061
9609094 9603061
9609204 9603061
9609225 9603061
9610031 9603061
9610045 9603061
9610046 9603061
9610068 9603061
9610138 9603061
9610172 9603061
9611125 9603061
9611146 9603061
9611151 9603061
9611165 9603061
9611189 9603061
9611214 9603061
9603100 9603078
9603109 9603078
9603126 9603078
9603147 9603078
9603195 9603078
9604052 9603078
9604065 9603078
9604089 9603078
9604127 9603078
9604134 9603078
9605016 9603078
9605017 9603078
9605051 9603078
9605058 9603078
9605224 9603078
9605234 9603078
9605236 9603078
9606016 9603078
9606033 9603078
9606113 9603078
9606185 9603078
9607026 9603078
9607235 9603078
9610045 9603078
9610046 9603078
9610068 9603078
9610074 9603078
9610138 9603078
9610172 9603078
9611125 9603078
9611151 9603078
9611189 9603078
9611214 9603078
9603100 9603090
9603126 9603090
9604189 9603090
9605236 9603090
9609204 9603090
9610172 9603090
9611165 9603090
9603109 9603100
9603147 9603100
9604089 9603100
9605051 9603100
9605058 9603100
9605091 9603100
9605224 9603100
9606033 9603100
9606193 9603100
9610046 9603100
9610074 9603100
9610171 9603100
9610172 9603100
9612051 9603100
9603147 9603109
9603195 9603109
9604042 9603109
9604052 9603109
9604065 9603109
9604089 9603109
9604127 9603109
9605016 9603109
9605017 9603109
9605091 9603109
9605112 9603109
9605224 9603109
9605234 9603109
9605236 9603109
9606016 9603109
9606033 9603109
9606185 9603109
9607149 9603109
9607235 9603109
9608108 9603109
9608127 9603109
9609026 9603109
9609053 9603109
9609076 9603109
9609094 9603109
9610045 9603109
9610068 9603109
9610171 9603109
9610172 9603109
9611050 9603109
9611125 9603109
9611146 9603109
9611151 9603109
9611189 9603109
9611214 9603109
9612051 9603109
9612146 9603109
9603147 9603126
9603195 9603126
9604035 9603126
9604052 9603126
9604089 9603126
9604127 9603126
9604134 9603126
9604166 9603126
9604189 9603126
9605016 9603126
9605051 9603126
9605091 9603126
9605236 9603126
9606016 9603126
9606033 9603126
9606185 9603126
9607026 9603126
9607235 9603126
9609084 9603126
9609204 9603126
9610074 9603126
9611146 9603126
9611151 9603126
9603195 9603147
9605016 9603147
9605051 9603147
9606033 9603147
9606185 9603147
9606193 9603147
9607149 9603147
9607235 9603147
9609052 9603147
9609053 9603147
9610046 9603147
9610074 9603147
9604065 9603195
9605016 9603195
9605051 9603195
9605224 9603195
9605234 9603195
9605236 9603195
9606016 9603195
9606033 9603195
9606113 9603195
9606185 9603195
9607001 9603195
9607149 9603195
9607235 9603195
9609052 9603195
9609053 9603195
9610031 9603195
9610045 9603195
9610068 9603195
9611125 9603195
9611146 9603195
9611189 9603195
9611214 9603195
9604166 9604035
9604168 9604035
9604189 9604035
9605051 9604035
9606033 9604035
9608095 9604035
9609094 9604035
9609225 9604035
9610138 9604035
9611026 9604035
9611146 9604035
9611165 9604035
9612051 9604035
9612089 9604035
9612236 9604035
9604166 9604042
9604189 9604042
9605016 9604042
9605091 9604042
9605112 9604042
9605234 9604042
9605236 9604042
9606033 9604042
9606185 9604042
9607149 9604042
9607235 9604042
9608108 9604042
9609026 9604042
9609053 9604042
9609076 9604042
9609094 9604042
9610045 9604042
9610068 9604042
9610172 9604042
9611125 9604042
9611175 9604042
9611189 9604042
9612051 9604042
9604089 9604052
9604127 9604052
9605017 9604052
9606033 9604052
9610138 9604052
9611151 9604052
9605174 9604065
9605234 9604065
9606185 9604065
9607149 9604065
9607235 9604065
9608108 9604065
9608127 9604065
9611214 9604065
9604127 9604089
9605016 9604089
9605017 9604089
9605174 9604089
9606016 9604089
9606033 9604089
9606185 9604089
9607026 9604089
9607149 9604089
9607235 9604089
9609053 9604089
9610082 9604089
9610138 9604089
9611151 9604089
9611189 9604089
9612146 9604089
9605017 9604127
9611151 9604127
9612146 9604127
9604189 9604134
9605016 9604134
9605051 9604134
9605091 9604134
9605224 9604134
9606033 9604134
9606113 9604134
9606185 9604134
9607001 9604134
9609084 9604134
9610031 9604134
9610045 9604134
9610171 9604134
9604168 9604166
9604189 9604166
9605051 9604166
9605091 9604166
9605236 9604166
9606033 9604166
9606185 9604166
9608095 9604166
9608108 9604166
9609053 9604166
9609076 9604166
9609094 9604166
9609225 9604166
9610138 9604166
9610172 9604166
9611026 9604166
9611125 9604166
9611146 9604166
9611165 9604166
9611175 9604166
9612051 9604166
9612089 9604166
9612236 9604166
9606033 9604168
9609094 9604168
9609225 9604168
9611146 9604168
9612236 9604168
9605051 9604189
9605174 9604189
9605236 9604189
9606016 9604189
9606033 9604189
9606113 9604189
9606185 9604189
9611125 9604189
9611146 9604189
9611165 9604189
9611214 9604189
9605051 9605016
9605112 9605016
9605236 9605016
9606016 9605016
9607026 9605016
9607149 9605016
9609026 9605016
9609094 9605016
9610045 9605016
9610068 9605016
9610172 9605016
9612146 9605016
9605058 9605051
9606033 9605051
9606185 9605051
9606193 9605051
9607149 9605051
9609053 9605051
9610074 9605051
9605224 9605091
9606033 9605091
9606185 9605091
9609084 9605091
9610046 9605091
9610068 9605091
9610171 9605091
9611189 9605091
9607149 9605112
9610068 9605112
9611214 9605174
9606016 9605224
9606113 9605224
9607001 9605224
9609084 9605224
9610031 9605224
9610171 9605224
9606185 9605234
9607149 9605234
9607235 9605234
9608108 9605234
9608127 9605234
9609026 9605234
9609053 9605234
9609076 9605234
9610045 9605234
9610172 9605234
9611050 9605234
9611125 9605234
9611214 9605234
9612051 9605234
9606185 9606033
9606193 9606033
9607149 9606033
9609052 9606033
9609053 9606033
9609094 9606033
9610138 9606033
9610172 9606033
9611146 9606033
9611189 9606033
9612051 9606033
9607001 9606113
9609084 9606113
9610031 9606113
9610171 9606113
9607149 9606185
9607235 9606185
9608108 9606185
9608127 9606185
9609052 9606185
9609053 9606185
9609075 9606185
9609076 9606185
9609084 9606185
9610045 9606185
9610068 9606185
9610172 9606185
9611050 9606185
9611125 9606185
9611175 9606185
9611189 9606185
9611214 9606185
9612051 9606185
9610031 9607001
9611146 9607026
9607235 9607149
9608127 9607149
9609026 9607149
9609052 9607149
9609053 9607149
9609075 9607149
9610045 9607149
9610068 9607149
9611050 9607149
9611125 9607149
9611189 9607149
9611214 9607149
9608127 9607235
9609204 9607235
9610045 9607235
9611050 9607235
9611125 9607235
9611146 9607235
9611189 9607235
9612146 9607235
9609225 9608095
9611026 9608095
9612089 9608095
9612236 9608095
9608127 9608108
9609026 9608108
9609053 9608108
9609076 9608108
9610045 9608108
9610172 9608108
9611125 9608108
9611175 9608108
9611214 9608108
9612051 9608108
9611214 9608127
9609053 9609026
9609076 9609026
9610045 9609026
9610172 9609026
9611050 9609026
9611125 9609026
9611189 9609026
9611214 9609026
9612051 9609026
9609075 9609052
9611189 9609052
9610082 9609053
9610068 9609075
9611189 9609075
9610045 9609076
9610172 9609076
9611125 9609076
9611175 9609076
9611189 9609076
9612051 9609076
9610031 9609084
9610045 9609084
9610171 9609084
9610172 9609084
9611189 9609084
9611026 9609225
9612089 9609225
9612236 9609225
9611165 9610138
9611125 9610172
9611175 9610172
9612051 9610172
9612236 9611026
9611214 9611050
9612146 9611050
9611189 9611125
9612051 9611175
4:
9603136 9407087
9606199 9407087
9605215 9407087
9607202 9407087
9608060 9407087
9609104 9407087
9612231 9407087
9603136 9503115
9606199 9503115
9605215 9503115
9607202 9503115
9608060 9503115
9609104 9503115
9612231 9503115
9606199 9603136
9605215 9603136
9607202 9603136
9608060 9603136
9609104 9603136
9612231 9603136
9606199 9605215
9607202 9606199
9608060 9606199
9609104 9606199
9612231 9606199
9607202 9605215
9608060 9605215
9609104 9605215
9612231 9605215
9608060 9607202
9609104 9607202
9612231 9607202
9609104 9608060
9612231 9608060
9612231 9609104
5:
9601038 9510017
9602030 9510017
9602052 9510017
9604129 9510017
9604178 9510017
9605049 9510017
9606139 9510017
9602030 9601038
9602052 9601038
9604129 9601038
9604178 9601038
9605049 9601038
9606139 9601038
9602052 9602030
9604129 9602030
9604178 9602030
9605049 9602030
9606139 9602030
9604129 9602052
9604178 9602052
9605049 9602052
9606139 9602052
9604178 9604129
9605049 9604129
9606139 9604129
9605049 9604178
9606139 9604178
9606139 9605049
6:
9602022 9503124
9602114 9503124
9605131 9503124
9605150 9503124
9605200 9503124
9611137 9503124
9611190 9503124
9612108 9503124
9601108 9504090
9602114 9504090
9603161 9504090
9603170 9504090
9604034 9504090
9605131 9504090
9605200 9504090
9611137 9504090
9611190 9504090
9601036 9510209
9602010 9510209
9602022 9510209
9602120 9510209
9603003 9510209
9603113 9510209
9603161 9510209
9604178 9510209
9605184 9510209
9606049 9510209
9606133 9510209
9606176 9510209
9607057 9510209
9607201 9510209
9608053 9510209
9608117 9510209
9609176 9510209
9611137 9510209
9611203 9510209
9612141 9510209
9612192 9510209
9601036 9505105
9602022 9505105
9602114 9505105
9603150 9505105
9605200 9505105
9606049 9505105
9607020 9505105
9610162 9505105
9601108 9505162
9603161 9505162
9603170 9505162
9604034 9505162
9605131 9505162
9605200 9505162
9611137 9505162
9611190 9505162
9601108 9510225
9602022 9510225
9602114 9510225
9603161 9510225
9603170 9510225
9604034 9510225
9605131 9510225
9605200 9510225
9606086 9510225
9611137 9510225
9611190 9510225
9612108 9510225
9601036 9210127
9601036 9507121
9601036 9512219
9602010 9601036
9602022 9601036
9602030 9601036
9602114 9601036
9602120 9601036
9603003 9601036
9603037 9601036
9603113 9601036
9603150 9601036
9603161 9601036
9604097 9601036
9605184 9601036
9605200 9601036
9606049 9601036
9606133 9601036
9606176 9601036
9607020 9601036
9607057 9601036
9607121 9601036
9607201 9601036
9608053 9601036
9608117 9601036
9609176 9601036
9610162 9601036
9611137 9601036
9611203 9601036
9612141 9601036
9612192 9601036
9601038 9210127
9602030 9210127
9602052 9210127
9602097 9210127
9602114 9210127
9603003 9210127
9603037 9210127
9603161 9210127
9604097 9210127
9604129 9210127
9604178 9210127
9605184 9210127
9605200 9210127
9606049 9210127
9606165 9210127
9606176 9210127
9606196 9210127
9607019 9210127
9607121 9210127
9607201 9210127
9608117 9210127
9611137 9210127
9611203 9210127
9612192 9210127
9602010 9507121
9602030 9507121
9602120 9507121
9603003 9507121
9603037 9507121
9603150 9507121
9603161 9507121
9605200 9507121
9606049 9507121
9606176 9507121
9608053 9507121
9610162 9507121
9612192 9507121
9602010 9512219
9602022 9512219
9602030 9512219
9603003 9512219
9603113 9512219
9604178 9512219
9606176 9512219
9607057 9512219
9608053 9512219
9609176 9512219
9612141 9512219
9601038 0208020
9602010 9601038
9602030 9601038
9602052 9601038
9603003 9601038
9603113 9601038
9604129 9601038
9604178 9601038
9605049 9601038
9605150 9601038
9606165 9601038
9606176 9601038
9606196 9601038
9607019 9601038
9607041 9601038
9607057 9601038
9608053 9601038
9609176 9601038
9602030 0208020
9604129 0208020
9604178 0208020
9605150 0208020
9607019 0208020
9607057 0208020
9608053 0208020
9609176 0208020
9602114 9601108
9603161 9601108
9603170 9601108
9604034 9601108
9605131 9601108
9605200 9601108
9606086 9601108
9611137 9601108
9611190 9601108
9612108 9601108
9602022 9602010
9602030 9602010
9603003 9602010
9603113 9602010
9603161 9602010
9604178 9602010
9606176 9602010
9607041 9602010
9607057 9602010
9608053 9602010
9609176 9602010
9612141 9602010
9602030 9602022
9602114 9602022
9603003 9602022
9603113 9602022
9603150 9602022
9603161 9602022
9603170 9602022
9604030 9602022
9604034 9602022
9604097 9602022
9604178 9602022
9605131 9602022
9605150 9602022
9605184 9602022
9605199 9602022
9605200 9602022
9606009 9602022
9606044 9602022
9606049 9602022
9606086 9602022
9606091 9602022
9606133 9602022
9606148 9602022
9606176 9602022
9607020 9602022
9607041 9602022
9607057 9602022
9607121 9602022
9607201 9602022
9608053 9602022
9608117 9602022
9609071 9602022
9609082 9602022
9609176 9602022
9610076 9602022
9610111 9602022
9610162 9602022
9610205 9602022
9610251 9602022
9611137 9602022
9611186 9602022
9611190 9602022
9611203 9602022
9611222 9602022
9612008 9602022
9612108 9602022
9612192 9602022
9602052 9602030
9603003 9602030
9603113 9602030
9603161 9602030
9604129 9602030
9604178 9602030
9605049 9602030
9606165 9602030
9606176 9602030
9606196 9602030
9607019 9602030
9607041 9602030
9607057 9602030
9608053 9602030
9609176 9602030
9612141 9602030
9604129 9602052
9604178 9602052
9606165 9602052
9606176 9602052
9606196 9602052
9607041 9602052
9602114 9602097
9603003 9602097
9603037 9602097
9603161 9602097
9604097 9602097
9605184 9602097
9606049 9602097
9606176 9602097
9607121 9602097
9607201 9602097
9612192 9602097
9603003 9602114
9603037 9602114
9603113 9602114
9603150 9602114
9603161 9602114
9604030 9602114
9604034 9602114
9604097 9602114
9604178 9602114
9605131 9602114
9605150 9602114
9605184 9602114
9605199 9602114
9605200 9602114
9606009 9602114
9606044 9602114
9606049 9602114
9606086 9602114
9606091 9602114
9606133 9602114
9606148 9602114
9606176 9602114
9607020 9602114
9607041 9602114
9607057 9602114
9607121 9602114
9607201 9602114
9608053 9602114
9608117 9602114
9609071 9602114
9609176 9602114
9610076 9602114
9610162 9602114
9610205 9602114
9610251 9602114
9611137 9602114
9611186 9602114
9611190 9602114
9611203 9602114
9611222 9602114
9612008 9602114
9612108 9602114
9612141 9602114
9603003 9602120
9603037 9602120
9603150 9602120
9603161 9602120
9605184 9602120
9605200 9602120
9606049 9602120
9606133 9602120
9606176 9602120
9610162 9602120
9612192 9602120
9603037 9603003
9603113 9603003
9603150 9603003
9603161 9603003
9604030 9603003
9604034 9603003
9604097 9603003
9604178 9603003
9605131 9603003
9605150 9603003
9605184 9603003
9605199 9603003
9605200 9603003
9606049 9603003
9606091 9603003
9606133 9603003
9606176 9603003
9607020 9603003
9607041 9603003
9607057 9603003
9607121 9603003
9607201 9603003
9608053 9603003
9608117 9603003
9609071 9603003
9610111 9603003
9610162 9603003
9610251 9603003
9611137 9603003
9611190 9603003
9611203 9603003
9612108 9603003
9612192 9603003
9603150 9603037
9603161 9603037
9604097 9603037
9605184 9603037
9606049 9603037
9606133 9603037
9606176 9603037
9607121 9603037
9607201 9603037
9608117 9603037
9611203 9603037
9612192 9603037
9604178 9603113
9605150 9603113
9607041 9603113
9607057 9603113
9608053 9603113
9609176 9603113
9612141 9603113
9604030 9603150
9604097 9603150
9605150 9603150
9605199 9603150
9605200 9603150
9606009 9603150
9606044 9603150
9606049 9603150
9606091 9603150
9606148 9603150
9606176 9603150
9607020 9603150
9607041 9603150
9607057 9603150
9608117 9603150
9609082 9603150
9610162 9603150
9611190 9603150
9611203 9603150
9612008 9603150
9603170 9603161
9604030 9603161
9604034 9603161
9604097 9603161
9604178 9603161
9605131 9603161
9605150 9603161
9605184 9603161
9605199 9603161
9605200 9603161
9606044 9603161
9606049 9603161
9606086 9603161
9606091 9603161
9606133 9603161
9606148 9603161
9606176 9603161
9607019 9603161
9607020 9603161
9607041 9603161
9607057 9603161
9607121 9603161
9607201 9603161
9608053 9603161
9608117 9603161
9609071 9603161
9609176 9603161
9610076 9603161
9610111 9603161
9610162 9603161
9610205 9603161
9610251 9603161
9611137 9603161
9611186 9603161
9611190 9603161
9611203 9603161
9611222 9603161
9612108 9603161
9612141 9603161
9612192 9603161
9604034 9603170
9605131 9603170
9605200 9603170
9611137 9603170
9611190 9603170
9605150 9604030
9605199 9604030
9606044 9604030
9606091 9604030
9607057 9604030
9608053 9604030
9605200 9604034
9611137 9604034
9611190 9604034
9605150 9604097
9605199 9604097
9606044 9604097
9606049 9604097
9606148 9604097
9608117 9604097
9609082 9604097
9611190 9604097
9611203 9604097
9612008 9604097
9604178 9604129
9605049 9604129
9606165 9604129
9606176 9604129
9606196 9604129
9607019 9604129
9607041 9604129
9607057 9604129
9608053 9604129
9605049 9604178
9605150 9604178
9606165 9604178
9606176 9604178
9606196 9604178
9607019 9604178
9607041 9604178
9607057 9604178
9608053 9604178
9609176 9604178
9612141 9604178
9607019 9605049
9607057 9605049
9608053 9605049
9605150 9605131
9605199 9605131
9605200 9605131
9606086 9605131
9607121 9605131
9609071 9605131
9610111 9605131
9610205 9605131
9610251 9605131
9611137 9605131
9611190 9605131
9612108 9605131
9612192 9605131
9605199 9605150
9605200 9605150
9606009 9605150
9606044 9605150
9606091 9605150
9606148 9605150
9606176 9605150
9607019 9605150
9607041 9605150
9607057 9605150
9607121 9605150
9608053 9605150
9609071 9605150
9609082 9605150
9609176 9605150
9610076 9605150
9610111 9605150
9610205 9605150
9611137 9605150
9611186 9605150
9611190 9605150
9611222 9605150
9612008 9605150
9612108 9605150
9612141 9605150
9612192 9605150
9605200 9605184
9606049 9605184
9606133 9605184
9606176 9605184
9607041 9605184
9607057 9605184
9607121 9605184
9607201 9605184
9608117 9605184
9611137 9605184
9611186 9605184
9611203 9605184
9612108 9605184
9612192 9605184
9606009 9605199
9606044 9605199
9606091 9605199
9606148 9605199
9609071 9605199
9609082 9605199
9610076 9605199
9610111 9605199
9610205 9605199
9610251 9605199
9611186 9605199
9611190 9605199
9611222 9605199
9612008 9605199
9606044 9605200
9606049 9605200
9606133 9605200
9607057 9605200
9607121 9605200
9608053 9605200
9609071 9605200
9610111 9605200
9610162 9605200
9610205 9605200
9610251 9605200
9611137 9605200
9611186 9605200
9611190 9605200
9611222 9605200
9612108 9605200
9612192 9605200
9606148 9606009
9612008 9606009
9606091 9606044
9606148 9606044
9607057 9606044
9609071 9606044
9609082 9606044
9610076 9606044
9610111 9606044
9610205 9606044
9611190 9606044
9612008 9606044
9606133 9606049
9607020 9606049
9608117 9606049
9610162 9606049
9611203 9606049
9612192 9606049
9611137 9606086
9611190 9606086
9612108 9606086
9606148 9606091
9609082 9606091
9612008 9606091
9606176 9606133
9607020 9606133
9607057 9606148
9609082 9606148
9612008 9606148
9606176 9606165
9607019 9606165
9607041 9606165
9607057 9606165
9608053 9606165
9606196 9606176
9607019 9606176
9607041 9606176
9607057 9606176
9608053 9606176
9608117 9606176
9609176 9606176
9611186 9606176
9611203 9606176
9607057 9607019
9608053 9607019
9609176 9607019
9612141 9607019
9610162 9607020
9607057 9607041
9609176 9607041
9611186 9607041
9611222 9607041
9612141 9607041
9608053 9607057
9609176 9607057
9611186 9607057
9611222 9607057
9612008 9607057
9612141 9607057
9608117 9607121
9611203 9607121
9608117 9607201
9611203 9607201
9609176 9608053
9612141 9608053
9610076 9609071
9610111 9609071
9610205 9609071
9610251 9609071
9611186 9609071
9612141 9609176
9610205 9610076
9611222 9610076
9610205 9610111
9611186 9610111
9612108 9610111
9611186 9610205
9611222 9610205
9611190 9611137
9612108 9611137
9612192 9611137
9611222 9611186
9612192 9611203
7:
9602073 9407087
9603136 9407087
9605215 9407087
9607076 9407087
9607202 9407087
9608054 9407087
9608060 9407087
9609104 9407087
9610211 9407087
9602073 9408099
9603136 9408099
9605215 9408099
9607076 9408099
9607202 9408099
9608054 9408099
9608060 9408099
9609104 9408099
9610211 9408099
9602073 9503115
9603136 9503115
9605215 9503115
9607076 9503115
9607202 9503115
9608054 9503115
9608060 9503115
9609104 9503115
9610211 9503115
9603136 9602073
9605215 9602073
9607076 9602073
9607202 9602073
9608054 9602073
9608060 9602073
9609104 9602073
9610211 9602073
9605215 9603136
9607076 9603136
9607202 9603136
9608054 9603136
9608060 9603136
9609104 9603136
9610211 9603136
9607202 9605215
9608054 9605215
9608060 9605215
9609104 9605215
9610211 9605215
9607202 9607076
9608054 9607076
9608060 9607076
9609104 9607076
9610211 9607076
9608054 9607202
9608060 9607202
9609104 9607202
9610211 9607202
9609104 9608054
9610211 9608054
9609104 9608060
9610211 9608060
9610211 9609104
8:
9603158 9411149
9605108 9411149
9606184 9411149
9607021 9411149
9607210 9411149
9610139 9411149
9612207 9411149
9603158 9402044
9605108 9402044
9606184 9402044
9607021 9402044
9607210 9402044
9608147 9402044
9610139 9402044
9612207 9402044
9603158 9507169
9605108 9507169
9606184 9507169
9607021 9507169
9607210 9507169
9608147 9507169
9610139 9507169
9612207 9507169
9605108 9603158
9606184 9603158
9607021 9603158
9607210 9603158
9608147 9603158
9610139 9603158
9612207 9603158
9606184 9605108
9607021 9605108
9607210 9605108
9608147 9605108
9610139 9605108
9612207 9605108
9607021 9606184
9607210 9606184
9608147 9606184
9610139 9606184
9612207 9606184
9607210 9607021
9608147 9607021
9610139 9607021
9612207 9607021
9608147 9607210
9610139 9607210
9612207 9607210
9612207 9608147
9612207 9610139
9:
9601003 9510017
9601003 9512062
9601003 9512077
9602064 9601003
9602077 9601003
9604119 9601003
9610148 9601003
9610249 9601003
9611159 9601003
9611173 9601003
9612080 9601003
9612121 9601003
9602064 9510017
9610148 9510017
9610249 9510017
9611159 9510017
9611173 9510017
9612080 9510017
9612153 9510017
9602064 9512062
9602077 9512062
9604119 9512062
9610148 9512062
9610249 9512062
9611159 9512062
9611173 9512062
9612080 9512062
9612121 9512062
9612153 9512062
9602064 9512077
9604119 9512077
9610148 9512077
9610249 9512077
9611159 9512077
9611173 9512077
9612080 9512077
9612121 9512077
9612153 9512077
9602077 9602064
9604119 9602064
9610148 9602064
9610249 9602064
9611159 9602064
9611173 9602064
9612080 9602064
9612121 9602064
9612153 9602064
9604119 9602077
9610148 9602077
9611159 9602077
9612121 9602077
9610148 9604119
9610249 9604119
9611159 9604119
9611173 9604119
9612080 9604119
9612121 9604119
9612153 9604119
9610249 9610148
9611159 9610148
9611173 9610148
9612080 9610148
9612121 9610148
9612153 9610148
9611159 9610249
9611173 9610249
9612080 9610249
9612153 9610249
9611173 9611159
9612080 9611159
9612121 9611159
9612153 9611159
9612080 9611173
9612121 9611173
9612153 9611173
9612121 9612080
9612153 9612080
10:
9602120 9507121
9603003 9507121
9603150 9507121
9603161 9507121
9607139 9507121
9608109 9507121
9609159 9507121
9610251 9507121
9612085 9507121
9603003 9602114
9603150 9602114
9603161 9602114
9607020 9602114
9607139 9602114
9609071 9602114
9610162 9602114
9612085 9602114
9603003 9602120
9603150 9602120
9603161 9602120
9607020 9602120
9607139 9602120
9608109 9602120
9608111 9602120
9609071 9602120
9609159 9602120
9610162 9602120
9610251 9602120
9612085 9602120
9603150 9603003
9603161 9603003
9607020 9603003
9607139 9603003
9608109 9603003
9608111 9603003
9609071 9603003
9609159 9603003
9610162 9603003
9610251 9603003
9612085 9603003
9607020 9603150
9607139 9603150
9608109 9603150
9609071 9603150
9609159 9603150
9610162 9603150
9610251 9603150
9612085 9603150
9607020 9603161
9607139 9603161
9608109 9603161
9609071 9603161
9609159 9603161
9610162 9603161
9610251 9603161
9612085 9603161
9607139 9607020
9608109 9607020
9609071 9607020
9610162 9607020
9612085 9607020
9608109 9607139
9609071 9607139
9610162 9607139
9610251 9607139
9612085 9607139
9608111 9608109
9609071 9608109
9609159 9608109
9610251 9608109
9612085 9608109
9609071 9608111
9609159 9608111
9610251 9608111
9612085 9608111
9609159 9609071
9610162 9609071
9610251 9609071
9612085 9609071
9610251 9609159
9612085 9609159
9612085 9610162
9612085 9610251
11:
9605150 9408099
9605199 9408099
9606017 9408099
9607163 9408099
9607207 9408099
9608111 9408099
9610251 9408099
9611063 9408099
9612104 9408099
9605199 9605150
9606017 9605150
9607163 9605150
9607207 9605150
9608105 9605150
9608111 9605150
9611063 9605150
9611201 9605150
9612104 9605150
9606017 9605199
9607163 9605199
9607207 9605199
9608105 9605199
9608111 9605199
9610251 9605199
9611063 9605199
9611201 9605199
9611230 9605199
9612104 9605199
9607163 9606017
9607207 9606017
9608105 9606017
9608111 9606017
9610251 9606017
9611063 9606017
9611201 9606017
9611230 9606017
9612104 9606017
9607207 9607163
9608105 9607163
9608111 9607163
9610251 9607163
9611063 9607163
9611201 9607163
9611230 9607163
9612104 9607163
9608105 9607207
9608111 9607207
9610251 9607207
9611063 9607207
9611201 9607207
9611230 9607207
9612104 9607207
9611063 9608105
9611201 9608105
9611230 9608105
9610251 9608111
9611201 9608111
9612104 9608111
9612104 9610251
9611201 9611063
9611230 9611063
9612104 9611063
9611230 9611201
9612104 9611201
12:
9602073 9407087
9603136 9407087
9606199 9407087
9605096 9407087
9605215 9407087
9607076 9407087
9607202 9407087
9608054 9407087
9608060 9407087
9609041 9407087
9609145 9407087
9610026 9407087
9610156 9407087
9611016 9407087
9611123 9407087
9611190 9407087
9602073 9408099
9603136 9408099
9605096 9408099
9605215 9408099
9607202 9408099
9608060 9408099
9609041 9408099
9609145 9408099
9610156 9408099
9611016 9408099
9611123 9408099
9611190 9408099
9602073 9503115
9603136 9503115
9606199 9503115
9605096 9503115
9605215 9503115
9607076 9503115
9607202 9503115
9608054 9503115
9608060 9503115
9609041 9503115
9609145 9503115
9610026 9503115
9610156 9503115
9611016 9503115
9611123 9503115
9611190 9503115
9603136 9506102
9606199 9506102
9605215 9506102
9608060 9506102
9610026 9506102
9611016 9506102
9611123 9506102
9611190 9506102
9603136 9602073
9605215 9602073
9607202 9602073
9608054 9602073
9608060 9602073
9609041 9602073
9609145 9602073
9610026 9602073
9610156 9602073
9611123 9602073
9611190 9602073
9606199 9603136
9605096 9603136
9605215 9603136
9607076 9603136
9607202 9603136
9608054 9603136
9608060 9603136
9610026 9603136
9611016 9603136
9611123 9603136
9611190 9603136
9606199 9605215
9607076 9606199
9607202 9606199
9608054 9606199
9608060 9606199
9609041 9606199
9609145 9606199
9610026 9606199
9610156 9606199
9611016 9606199
9611123 9606199
9611190 9606199
9605215 9605096
9607202 9605096
9608054 9605096
9608060 9605096
9609041 9605096
9609145 9605096
9610026 9605096
9610156 9605096
9611123 9605096
9611190 9605096
9607202 9605215
9608054 9605215
9608060 9605215
9609041 9605215
9609145 9605215
9610026 9605215
9610156 9605215
9611016 9605215
9611123 9605215
9611190 9605215
9607202 9607076
9608060 9607076
9610026 9607076
9611016 9607076
9611190 9607076
9608054 9607202
9608060 9607202
9609041 9607202
9609145 9607202
9610026 9607202
9610156 9607202
9611016 9607202
9611123 9607202
9611190 9607202
9610026 9608054
9611123 9608054
9609041 9608060
9609145 9608060
9610026 9608060
9610156 9608060
9611016 9608060
9611123 9608060
9611190 9608060
9609145 9609041
9610026 9609041
9610156 9609041
9611016 9609041
9611190 9609041
9610026 9609145
9610156 9609145
9611190 9609145
9611016 9610026
9611123 9610026
9611123 9611016
9611190 9611016
9611190 9611123
13:
9601036 9210127
9602030 9601036
9606169 9601036
9607229 9601036
9602114 9601036
9603003 9601036
9603161 9601036
9604097 9601036
9605184 9601036
9602030 9210127
9606169 9210127
9607229 9210127
9602114 9210127
9603003 9210127
9603161 9210127
9604097 9210127
9605184 9210127
9606169 9602030
9607229 9602030
9603003 9602030
9603161 9602030
9604097 9602030
9607229 9606169
9606169 9602114
9606169 9603003
9606169 9603161
9606169 9604097
9606169 9605184
9607229 9602114
9607229 9603003
9607229 9603161
9607229 9604097
9607229 9605184
9603003 9602114
9603161 9602114
9604097 9602114
9605184 9602114
9603161 9603003
9604097 9603003
9605184 9603003
9604097 9603161
9605184 9603161
14:
9601077 9503124
9602052 9503124
9604139 9503124
9604200 9503124
9607112 9503124
9608061 9503124
9610074 9503124
9612119 9503124
9601077 9510017
9602052 9510017
9604139 9510017
9604200 9510017
9607112 9510017
9608061 9510017
9610074 9510017
9601077 9510086
9604139 9510086
9604200 9510086
9607112 9510086
9608061 9510086
9610074 9510086
9612119 9510086
9601077 9510209
9602052 9510209
9604139 9510209
9604200 9510209
9607112 9510209
9608061 9510209
9610074 9510209
9612119 9510209
9601077 9509148
9602052 9601077
9604139 9601077
9604200 9601077
9607112 9601077
9608061 9601077
9610074 9601077
9612119 9601077
9604139 9509148
9604200 9509148
9607112 9509148
9608061 9509148
9610074 9509148
9612119 9509148
9604139 9602052
9604200 9602052
9607112 9602052
9608061 9602052
9610074 9602052
9604200 9604139
9607112 9604139
9608061 9604139
9610074 9604139
9612119 9604139
9607112 9604200
9608061 9604200
9610074 9604200
9612119 9604200
9608061 9607112
9610074 9607112
9612119 9607112
9610074 9608061
9612119 9608061
9612119 9610074
15:
9602022 9503124
9602114 9503124
9603150 9503124
9604139 9503124
9607112 9503124
9608061 9503124
9610074 9503124
9612119 9503124
9602114 9602022
9603150 9602022
9604139 9602022
9607112 9602022
9608061 9602022
9610074 9602022
9612119 9602022
9603150 9602114
9604139 9602114
9607112 9602114
9608061 9602114
9610074 9602114
9612119 9602114
9607112 9603150
9608061 9603150
9610074 9603150
9612119 9603150
9607112 9604139
9608061 9604139
9610074 9604139
9612119 9604139
9608061 9607112
9610074 9607112
9612119 9607112
9610074 9608061
9612119 9608061
9612119 9610074
16:
9601003 9503124
9601003 9510017
9601057 9601003
9602052 9601003
9603081 9601003
9603127 9601003
9604065 9601003
9608024 9601003
9601057 9503124
9602052 9503124
9603081 9503124
9603127 9503124
9604065 9503124
9608024 9503124
9610082 9503124
9611214 9503124
9612064 9503124
9601057 9510017
9602052 9510017
9603081 9510017
9603127 9510017
9603194 9510017
9604065 9510017
9608024 9510017
9608127 9510017
9610082 9510017
9610250 9510017
9611214 9510017
9612064 9510017
9601057 9509132
9601057 9510200
9601057 9511043
9602052 9601057
9603081 9601057
9603127 9601057
9603194 9601057
9604065 9601057
9608024 9601057
9608127 9601057
9610082 9601057
9610250 9601057
9611214 9601057
9612064 9601057
9602052 9509132
9603127 9509132
9604065 9509132
9608024 9509132
9608127 9509132
9610082 9509132
9611214 9509132
9602052 9510200
9603081 9510200
9603127 9510200
9603194 9510200
9604065 9510200
9608024 9510200
9608127 9510200
9610082 9510200
9610250 9510200
9611214 9510200
9612064 9510200
9602052 9511043
9603081 9511043
9603127 9511043
9604065 9511043
9608024 9511043
9608127 9511043
9610082 9511043
9610250 9511043
9611214 9511043
9612064 9511043
9603081 9602052
9603127 9602052
9603194 9602052
9604065 9602052
9608024 9602052
9608127 9602052
9610082 9602052
9610250 9602052
9611214 9602052
9612064 9602052
9603127 9603081
9604065 9603081
9608024 9603081
9608127 9603081
9610082 9603081
9611214 9603081
9612064 9603081
9604065 9603127
9608024 9603127
9608127 9603127
9610082 9603127
9610250 9603127
9611214 9603127
9612064 9603127
9604065 9603194
9608127 9603194
9610250 9603194
9611214 9603194
9608024 9604065
9608127 9604065
9610082 9604065
9610250 9604065
9611214 9604065
9612064 9604065
9608127 9608024
9610082 9608024
9610250 9608024
9611214 9608024
9612064 9608024
9610082 9608127
9610250 9608127
9611214 9608127
9611214 9610250
17:
9602114 9602022
9603003 9602022
9603161 9602022
9604030 9602022
9606122 9602022
9606148 9602022
9608194 9602022
9610162 9602022
9610195 9602022
9603003 9602114
9603161 9602114
9604030 9602114
9606122 9602114
9606148 9602114
9608194 9602114
9610162 9602114
9610195 9602114
9603161 9603003
9604030 9603003
9606122 9603003
9608194 9603003
9610162 9603003
9604030 9603161
9606122 9603161
9606148 9603161
9608194 9603161
9610162 9603161
9610195 9603161
9606122 9604030
9608194 9604030
9610162 9604030
9610195 9604030
9606148 9606122
9608194 9606122
9610162 9606122
9610195 9606122
9608194 9606148
9610162 9606148
9610195 9606148
9610162 9608194
9610195 9608194
9610195 9610162
18:
9601003 9510017
9601003 9510135
9602052 9601003
9603081 9601003
9603127 9601003
9608024 9601003
9610249 9601003
9612080 9601003
9602052 9510017
9603081 9510017
9603127 9510017
9608024 9510017
9610043 9510017
9610249 9510017
9612080 9510017
9602052 9510135
9603081 9510135
9603127 9510135
9608024 9510135
9610043 9510135
9610249 9510135
9612080 9510135
9603081 9602052
9603127 9602052
9608024 9602052
9610043 9602052
9610249 9602052
9612080 9602052
9603127 9603081
9608024 9603081
9610043 9603081
9610249 9603081
9612080 9603081
9608024 9603127
9610043 9603127
9610249 9603127
9612080 9603127
9610043 9608024
9610249 9608024
9612080 9608024
9610249 9610043
9612080 9610043
9612080 9610249
19:
9602052 9503124
9603081 9503124
9603127 9503124
9608024 9503124
9610043 9503124
9610082 9503124
9611050 9503124
9612162 9503124
9602052 9510017
9603081 9510017
9603127 9510017
9608024 9510017
9610043 9510017
9610082 9510017
9611050 9510017
9602052 9510135
9603081 9510135
9603127 9510135
9608024 9510135
9610043 9510135
9610082 9510135
9611050 9510135
9612162 9510135
9603081 9602052
9603127 9602052
9608024 9602052
9610043 9602052
9610082 9602052
9611050 9602052
9612162 9602052
9603127 9603081
9608024 9603081
9610043 9603081
9610082 9603081
9611050 9603081
9612162 9603081
9608024 9603127
9610043 9603127
9610082 9603127
9611050 9603127
9612162 9603127
9610043 9608024
9610082 9608024
9611050 9608024
9612162 9608024
9610082 9610043
9611050 9610043
9612162 9610043
9611050 9610082
9612162 9610082
9612162 9611050
20:
9601038 9510017
9602030 9510017
9602052 9510017
9604129 9510017
9604178 9510017
9607041 9510017
9611119 9510017
9601038 0208020
9602030 9601038
9602052 9601038
9604129 9601038
9604178 9601038
9607041 9601038
9611119 9601038
9602030 0208020
9602052 0208020
9604129 0208020
9604178 0208020
9607041 0208020
9611119 0208020
9602052 9602030
9604129 9602030
9604178 9602030
9607041 9602030
9611119 9602030
9604129 9602052
9604178 9602052
9607041 9602052
9611119 9602052
9604178 9604129
9607041 9604129
9611119 9604129
9607041 9604178
9611119 9604178
9611119 9607041
21:
9604035 9603087
9604068 9603087
9604166 9603087
9604168 9603087
9609212 9603087
9611026 9603087
9612236 9603087
9604068 9604035
9604166 9604035
9604168 9604035
9609212 9604035
9611026 9604035
9612236 9604035
9604166 9604068
9604168 9604068
9609212 9604068
9611026 9604068
9612236 9604068
9604168 9604166
9609212 9604166
9611026 9604166
9612236 9604166
9609212 9604168
9611026 9604168
9612236 9604168
9611026 9609212
9612236 9609212
9612236 9611026
22:
9605150 9408099
9605199 9408099
9606017 9408099
9608111 9408099
9610205 9408099
9611186 9408099
9611222 9408099
9605199 9605150
9606017 9605150
9608111 9605150
9610205 9605150
9611186 9605150
9611222 9605150
9606017 9605199
9608111 9605199
9610205 9605199
9611186 9605199
9611222 9605199
9608111 9606017
9610205 9606017
9611186 9606017
9611222 9606017
9610205 9608111
9611186 9608111
9611222 9608111
9611186 9610205
9611222 9610205
9611222 9611186
23:
9603087 9512062
9604035 9512062
9604166 9512062
9606136 9512062
9607107 9512062
9609181 9512062
9610138 9512062
9603087 9512059
9604035 9512059
9604166 9512059
9606136 9512059
9607107 9512059
9609181 9512059
9610138 9512059
9604035 9603087
9604166 9603087
9606033 9603087
9606136 9603087
9607107 9603087
9609181 9603087
9610138 9603087
9604166 9604035
9606033 9604035
9606136 9604035
9607107 9604035
9609181 9604035
9610138 9604035
9606033 9604166
9606136 9604166
9607107 9604166
9609181 9604166
9610138 9604166
9606136 9606033
9607107 9606033
9609181 9606033
9610138 9606033
9607107 9606136
9609181 9606136
9610138 9606136
9609181 9607107
9610138 9607107
9610138 9609181
24:
9602052 9503124
9603081 9503124
9603127 9503124
9607050 9503124
9608024 9503124
9610041 9503124
9610082 9503124
9601029 9510017
9602052 9510017
9603081 9510017
9603127 9510017
9607050 9510017
9608024 9510017
9610041 9510017
9610082 9510017
9601029 9510135
9602052 9510135
9603081 9510135
9603127 9510135
9607050 9510135
9608024 9510135
9610041 9510135
9610082 9510135
9602052 9601029
9603081 9601029
9607050 9601029
9608024 9601029
9610041 9601029
9610082 9601029
9602052 9511043
9603081 9511043
9603127 9511043
9607050 9511043
9608024 9511043
9610041 9511043
9610082 9511043
9603081 9602052
9603127 9602052
9607050 9602052
9608024 9602052
9610041 9602052
9610082 9602052
9603127 9603081
9607050 9603081
9608024 9603081
9610041 9603081
9610082 9603081
9607050 9603127
9608024 9603127
9610041 9603127
9610082 9603127
9608024 9607050
9610041 9607050
9610082 9607050
9610041 9608024
9610082 9608024
9610082 9610041
25:
9601029 9504147
9601152 9601029
9602051 9601029
9602135 9601029
9602172 9601029
9604127 9601029
9611151 9601029
9601152 9504147
9602051 9504147
9602135 9504147
9602172 9504147
9604127 9504147
9611151 9504147
9602051 9601152
9602135 9601152
9602172 9601152
9604127 9601152
9611151 9601152
9602135 9602051
9602172 9602051
9604127 9602051
9611151 9602051
9602172 9602135
9604127 9602135
9611151 9602135
9604127 9602172
9611151 9602172
9611151 9604127
26:
9602022 9503124
9602114 9503124
9603150 9503124
9606122 9503124
9606148 9503124
9607057 9503124
9610195 9503124
9602114 9602022
9603150 9602022
9606122 9602022
9606148 9602022
9607057 9602022
9610195 9602022
9603150 9602114
9606122 9602114
9606148 9602114
9607057 9602114
9610195 9602114
9606122 9603150
9606148 9603150
9607057 9603150
9610195 9603150
9606148 9606122
9607057 9606122
9610195 9606122
9607057 9606148
9610195 9606148
9610195 9607057
