# The contained directed cliques in the directed communities at k=8
# from /Users/bogna/dev/role-mining/datasets/enron/timeslots/1-2001.edges
# at no lower link weight threshold,
# and at no upper link weight threshold.
# Links were treated as directed.
# No time limit was set for the clique search.

0: 2409 3156 2833 2850 3097 3157 3158 3159 3479 3480 3522 3523 3524 3527 3529 3530 3531 3534 3535 3540 3541 3542 3543 3583 3584 3686 3687 3688 3689 3690 3694 3695 3696 3697 3698 3699 3700 3702 3707 3708 3728 3729 3730 3780 3788 3799 3800 3801 3803 3804 3808 3809 3811 3814 3815 3820 3875 3898 3098 3444 3445 3621 3622 3703 3810 3816 3817 3544 3722 3450 3545 3546 3549 3586 3585 3588 3548 3442 3443 3446 3447 3448 3593 3701 3293 3494 3525 3528 3532 3669 3781 3787 3789 3863 3864 3865 2944 3295 2943 2945 3533 3526 3802 3093 2712 2713 3094 3782 3783 2991 2990 2644 2645 2751 2881 2985 2992 3088 3090 2752 2882 2986 3668 3661 3662 3666 3667 3660 3663 3383 3657 3380 3381 3382 3477 3580 3475 3577 3868 3579 3539 3819 3491 3493 3495 3492 3490 3623 3786 2586 2587 3659 3731 2729 3594 3732 3547 3726 2548 3273 
1: 2613 3837 3839 2962 3102 3646 2964 2965 3645 3643 3753 3644 
2: 2632 2866 3053 3324 2864 2865 2863 2869 3051 3062 3327 2868 3050 3061 3326 2870 3057 3064 3329 3056 3234 3052 3055 3058 3063 3232 3233 3328 3323 3325 3330 3333 3331 3332 3065 3511 3510 
3: 2805 2806 3219 3364 3220 3222 3607 3608 3647 3648 3650 3218 3224 3226 3223 3457 3221 3366 3365 3362 3363 3454 3606 
4: 3564 3570 
