# The directed communities at k=8
# from /Users/bogna/dev/role-mining/datasets/enron/timeslots/1-2001.edges
# at no lower link weight threshold,
# and at no upper link weight threshold.
# Links were treated as directed.
# No time limit was set for the clique search.

0: 143 129 419 425 498 452 527 125 532 1399 948 505 547 1414 1595 1223 1411 544 550 723 11680 1574 281 540 954 11695 11702 2092 30 4250 890 1211 149 1178 118 1493 1199 804 453 719 1208 1010 1197 1226 510 971 489 604 642 1236 1527 495 545 661 15016 20575 20677 20682 20683 2262 4503 4507 5688 15291 1959 17777 20668 2238 554 796 731 9931 
1: 641 786 877 851 720 489 642 663 1310 1315 1548 501 508 538 611 616 674 733 
2: 641 854 786 877 1072 1306 1307 1323 1329 1331 1335 1336 558 825 851 1552 1310 733 1312 1279 
3: 10354 10388 112 2024 216 277 32873 8336 8349 10365 276 288 8347 10465 3228 32981 29668 32923 32974 9045 
4: 807 877 851 519 720 1310 1548 674 733 
