# The links from /Users/bogna/dev/role-mining/datasets/hepth/timeslots/cit-HepTh-1992.edges
# at no lower link weight threshold,
# and at no upper link weight threshold.
# Links were treated as directed.
# No time limit was set for the clique search.
# (self-links were removed)

9201015 9207016
9201047 9205068
9202018 9202054
9202022 9202054
9202046 9205068
9202067 9205068
9203009 9201011
9203025 9205068
9203043 9201011
9203067 9203068
9203071 9205068
9203073 0003084
9203079 9202054
9204012 9205068
9204030 9205068
9204052 9201005
9204053 9201005
9204054 9201002
9204054 9203048
9204071 9201020
9205006 9201042
9205014 9202006
9205015 9701033
9205020 9201005
9205024 9201032
9205029 9205068
9205038 9202054
9205038 9202079
9205060 9205068
9205062 9201015
9205062 9204011
9205062 9209052
9205065 9201005
9205071 0209014
9205078 9204011
9205078 9205062
9205086 9204089
9205094 9205068
9205099 9201019
9205103 9201016
9205104 9204058
9206003 9206002
9206004 9205068
9206006 9205037
9206014 9201005
9206048 9205037
9206048 9206006
9206049 9202057
9206052 9201032
9206052 9202020
9206053 9204088
9206055 9201061
9206056 9301082
9206058 9202076
9206060 9201011
9206067 9205037
9206067 9206006
9206070 9201061
9206078 9205037
9206078 9205062
9206079 9205037
9206079 9206006
9206079 9206048
9206082 9201019
9206083 9205068
9206084 9202015
9206087 9201061
9206107 9201061
9207001 0209014
9207001 9211054
9207002 9201044
9207009 9201008
9207009 9202058
9207010 9201008
9207010 9202058
9207012 9206059
9207013 9206096
9207016 9201015
9207020 9201033
9207020 9202006
9207028 9201042
9207034 9201061
9207036 9202056
9207040 9201032
9207040 9202020
9207045 9202003
9207050 9203051
9207059 9204021
9207063 9201005
9207063 9201056
9207065 9203019
9207069 9202020
9207073 9202011
9207077 9201061
9207078 9201005
9207078 9201071
9207084 9201016
9207093 9206073
9207109 9201056
9207109 9201071
9207115 9202076
9207117 9201044
9207118 9205037
9208001 9205037
9208001 9206006
9208001 9206048
9208011 9201032
9208020 9201033
9208020 9202006
9208021 9206047
9208022 9201011
9208022 9201013
9208025 9205037
9208025 9206006
9208025 9206048
9208030 9204018
9208031 9201005
9208031 9201056
9208033 9202073
9208035 9201004
9208036 9204099
9208037 9201016
9208043 9207029
9208043 9207030
9208044 9201010
9208046 9201013
9208053 9203019
9208054 9201013
9208054 9201033
9208054 9202006
9208055 9201019
9208063 9202073
9208064 9201072
9208068 9202040
9208073 9202013
9208074 9205012
9208077 9202040
9208080 9201056
9208080 9201061
9208080 9202035
9208080 9203052
9208080 9203056
9208081 9201061
9208081 9202035
9208081 9203052
9208081 9203056
9208081 9207105
9209002 9201026
9209002 9202035
9209002 9202040
9209002 9206098
9209006 9201010
9209006 9203062
9209007 9205018
9209008 9201061
9209008 9203052
9209011 9201005
9209011 9201056
9209011 9201071
9209011 9201072
9209012 9201021
9209012 9201061
9209012 9203042
9209012 9203052
9209020 9205068
9209021 9201054
9209022 9204018
9209022 9206035
9209023 9201021
9209023 9205012
9209023 9205058
9209032 0208020
9209034 9201056
9209036 9201005
9209036 9204038
9209036 9207107
9209037 9203024
9209041 9204019
9209045 9202050
9209049 9203019
9209049 9207065
9209052 9201015
9209052 9201040
9209052 9204024
9209052 9205062
9209055 9201059
9209055 9201061
9209055 9202004
9209055 9203042
9209055 9203052
9209055 9203054
9209055 9203059
9209055 9203083
9209055 9204026
9209055 9204072
9209055 9205028
9209055 9205069
9209055 9205089
9209055 9206020
9209055 9206071
9209055 9206087
9209055 9207006
9209055 9207034
9209055 9207077
9209055 9207095
9209055 9207105
9209058 9201059
9209058 9201061
9209058 9203012
9209058 9203059
9209068 9201015
9209068 9205046
9209070 9202004
9209075 9202058
9209075 9202060
9209075 9203024
9209075 9205013
9209081 9202050
9209084 9206076
9209085 9203066
9209092 9207029
9209092 9207030
9209098 9203029
9209099 9201056
9209100 9201010
9209105 9204097
9209105 9206075
9209105 9207032
9209107 9202061
9209107 9203051
9209107 9204071
9209107 9207050
9209108 9201025
9209111 9201056
9209113 9201021
9209113 9201061
9209113 9202004
9209113 9202075
9209113 9203042
9209113 9203052
9209113 9203054
9209113 9203059
9209113 9204072
9209113 9205028
9209113 9205069
9209113 9205089
9209113 9206020
9209113 9206070
9209113 9207034
9209113 9209012
9209113 9209058
9209115 9201020
9209116 9201029
9209116 9201061
9209116 9202004
9209116 9202075
9209116 9205027
9209117 9201007
9209117 9204031
9209118 9201061
9209118 9204026
9209118 9205069
9209120 9203074
9209122 9201072
9210006 9201007
9210006 9204031
9210012 9204046
9210012 9206055
9210012 9209055
9210012 9209070
9210017 9201061
9210017 9202004
9210019 9209063
9210029 9203062
9210032 9202074
9210033 9202022
9210033 9202054
9210033 9202063
9210033 9203079
9210036 9203056
9210047 9202003
9210047 9207103
9210050 9201015
9210050 9201029
9210050 9201040
9210050 9202087
9210050 9204024
9210050 9204046
9210050 9612197
9210061 9201019
9210066 9201013
9210066 9203028
9210066 9206060
9210066 9208065
9210066 9209041
9210066 9210037
9210072 9201013
9210075 9204089
9210079 9205037
9210079 9206006
9210079 9206048
9210080 9203062
9210080 9204019
9210080 9207013
9210080 9210029
9210081 9207117
9210082 9207117
9210085 9201054
9210088 9201061
9210090 9201040
9210101 9201061
9210101 9201074
9210101 9203042
9210101 9203052
9210101 9203054
9210101 9205069
9210105 9201005
9210105 9201034
9210105 9201056
9210105 9201065
9210105 9201066
9210105 9201072
9210105 9202021
9210105 9204052
9210105 9205020
9210105 9205065
9210105 9205101
9210105 9206111
9210105 9209034
9210109 9202057
9210110 9204069
9210111 9202052
9210113 9206007
9210119 9202092
9210119 9204046
9210119 9204099
9210119 9206006
9210119 9206016
9210119 9206048
9210119 9206055
9210119 9207053
9210119 9209055
9210119 9210012
9210119 9210050
9210120 9209055
9210120 9209058
9210121 9201015
9210121 9204011
9210121 9204024
9210121 9204046
9210123 9201007
9210123 9202037
9210123 9204031
9210123 9205027
9210123 9206004
9210123 9209116
9210127 0208020
9210150 9206024
9210150 9206029
9210156 9205026
9210157 9205001
9210157 9205087
9210159 9204051
9210165 9201061
9210165 9206006
9211007 9201059
9211007 9202014
9211009 9201016
9211009 9204089
9211009 9207084
9211011 9201061
9211011 9203042
9211011 9203052
9211011 9203054
9211013 9201017
9211015 9202014
9211015 9202037
9211015 9205027
9211015 9208078
9211015 9210012
9211015 9210123
9211019 9201008
9211019 9202058
9211019 9207010
9211025 9201004
9211027 9202046
9211030 9201061
9211030 9201074
9211030 9202004
9211030 9203083
9211030 9204090
9211030 9209058
9211031 9211002
9211033 9201067
9211033 9205045
9211033 9207073
9211034 9202020
9211034 9206034
9211034 9207040
9211036 9202040
9211036 9204092
9211036 9208077
9211036 9209002
9211036 9210010
9211036 9210155
9211040 9201071
9211040 9204085
9211040 9206063
9211040 9207067
9211041 9201015
9211041 9204046
9211047 9201014
9211047 9202039
9211047 9204060
9211047 9205004
9211047 9209059
9211047 9210053
9211049 9203060
9211049 9209033
9211049 9209045
9211049 9209081
9211051 9201056
9211054 0209014
9211054 9205071
9211054 9207001
9211056 9205051
9211056 9205081
9211056 9207053
9211056 9209016
9211058 9205100
9211059 9203074
9211061 9201021
9211061 9204002
9211061 9205012
9211061 9205058
9211061 9206006
9211068 9203035
9211070 9203074
9211070 9208058
9211070 9210029
9211072 9201056
9211073 9209042
9211077 9201002
9211077 9203048
9211077 9204054
9211078 9211016
9211081 9204046
9211081 9209052
9211081 9210015
9211082 9201021
9211082 9201061
9211082 9201074
9211084 0208020
9211084 9210127
9211087 9205002
9211088 9203039
9211088 9207027
9211092 9201054
9211092 9205043
9211093 9204089
9211095 9201061
9211096 9205018
9211096 9210091
9211097 9203066
9211098 9204019
9211100 9202011
9211100 9204020
9211102 9210129
9211102 9211034
9211109 9203077
9211110 9202046
9211110 9202059
9211110 9203071
9211110 9205068
9211114 9206047
9211115 9201032
9211119 9202011
9211120 9206034
9211120 9211034
9211120 9211102
9211126 9211111
9211130 9209029
9211130 9209030
9211130 9210040
9211134 9202034
9211134 9203003
9211135 9201021
9211135 9201061
9211135 9201074
9211135 9203042
9211135 9203052
9211135 9203054
9211135 9204002
9211135 9205069
9211138 9204020
9212002 9201061
9212002 9201074
9212002 9203056
9212002 9205028
9212002 9205030
9212002 9205089
9212002 9206020
9212002 9206071
9212002 9207095
9212002 9209064
9212004 9204088
9212004 9206053
9212005 9202056
9212005 9204074
9212006 9201056
9212006 9201059
9212006 9205068
9212010 9209046
9212013 9208037
9212017 9201050
9212017 9209111
9212020 9201007
9212020 9204031
9212021 9209046
9212021 9212010
9212023 9207064
9212025 9205085
9212026 9205051
9212026 9205052
9212027 9204028
9212027 9207011
9212027 9210120
9212029 9205052
9212033 9201069
9212035 9201029
9212035 9202014
9212037 9201019
9212044 9203054
9212045 9202046
9212045 9204030
9212045 9205068
9212055 9207029
9212057 9203012
9212057 9206077
9212057 9207103
9212061 9201005
9212061 9201017
9212067 9201031
9212067 9203035
9212068 9201058
9212069 9201037
9212069 9205056
9212070 9201001
9212070 9204019
9212074 9207086
9212076 9210089
9212076 9211111
9212076 9211126
9212080 9201068
9212081 9201024
9212081 9203024
9212081 9204016
9212085 9201054
9212086 9207061
9212086 9208057
9212089 9202046
9212091 9210158
9212093 9206029
9212095 9203039
9212095 9205046
9212095 9206077
9212095 9206078
9212097 9201054
9212099 9205046
9212099 9206078
9212100 9201003
9212100 9203028
9212100 9208058
9212100 9208065
9212100 9210066
9212103 9201027
9212104 9206031
9212113 9201013
9212113 9204063
9212113 9204085
9212113 9206049
9212113 9207032
9212114 9201037
9212114 9205006
9212114 9205073
9212114 9207028
9212114 9212069
9212117 9201050
9212117 9201056
9212117 9202060
9212117 9209111
9212120 9206070
9212124 9206047
9212125 9206047
9212126 9206033
9212136 9201061
9212136 9201074
9212136 9202004
9212136 9202075
9212136 9203042
9212136 9203052
9212136 9203054
9212136 9205069
9212136 9205089
9212136 9206020
9212136 9207034
9212136 9207105
9212136 9209008
9212136 9209055
9212136 9211030
9212137 9202018
9212139 9201061
9212139 9201074
9212139 9203052
9212139 9204026
9212139 9204072
9212141 9205103
9212143 9202070
9212143 9205040
9212143 9206052
9212143 9206112
9212146 9202004
9212146 9202014
9212150 9211034
9212150 9211137
9212150 9212094
9212157 9204089
9212158 9208002
