# The contained directed cliques in the directed communities at k=10
# from /Users/bogna/dev/role-mining/datasets/hepth/timeslots/cit-HepTh-2000.edges
# at no lower link weight threshold,
# and at no upper link weight threshold.
# Links were treated as directed.
# No time limit was set for the clique search.

0: 9027 
1: 10032 10033 10035 10036 
2: 11046 11047 11049 13061 24252 27145 11050 13062 24279 27180 13065 15802 24280 27179 27181 13064 15801 24253 27146 27170 12864 13666 13673 16957 16966 16967 16971 19212 19214 19217 19243 19300 19501 19504 19515 19535 21044 21045 21046 21048 21101 22592 22605 22606 22614 22619 22623 22632 22633 22635 23757 23762 23763 23766 24204 24209 24210 24211 24212 24217 24218 24221 24225 24226 24230 24231 24235 24236 24237 24238 24240 24241 24244 24245 24246 24249 24255 24256 24257 24258 24259 24260 24262 24266 24267 24268 24269 24270 24276 24278 24283 24285 24315 24316 24318 24320 24321 24965 25007 25008 25934 27136 27140 27141 27142 27147 27148 27149 27150 27151 27152 27153 27175 28176 12860 12861 12863 12865 12868 12870 25006 12869 22588 22589 22590 22594 22603 22624 22644 22604 13664 13665 13667 16955 16956 22581 22598 22599 22610 22612 22621 22628 23547 23570 23571 23581 24205 13661 13670 13674 13662 13663 22602 16958 22601 22616 22639 16959 16960 16962 16972 16980 16982 19348 20980 22583 22587 22641 22642 22643 16973 16977 16981 16968 16974 16969 16970 16978 24213 24219 24239 16975 16979 24214 24220 28167 28170 28173 27123 28166 28168 28169 28172 28275 28285 13669 24206 24215 24223 24982 25027 27122 27124 27125 27128 27129 27131 27143 27157 28224 13668 13671 13672 22608 22618 22620 27132 22607 22626 27126 28274 20968 20969 22577 27154 28642 19352 20950 20951 20952 20958 20959 20964 20970 20971 20976 20977 20978 20999 21001 21005 21038 21070 21072 21073 21074 21075 21076 21078 21079 21117 21146 22609 22615 27156 28181 19215 19227 19233 19234 19241 19242 19244 19245 19246 19266 19335 19346 19349 19350 19353 19354 19355 19381 20965 20966 21017 22593 19206 19207 19210 19213 19216 19220 19253 19257 19258 19259 19271 19304 19305 19306 19309 19315 21095 21099 21102 21106 21133 21134 21168 19254 19262 19272 19275 19356 21093 21096 21162 24963 19263 19267 19276 19496 19508 19528 19539 19536 20991 19505 20993 21129 20987 21127 20986 20995 21014 24958 20992 21013 19240 20989 19211 19226 19235 19237 19238 19239 19249 19250 19252 19328 19329 19331 19337 19343 19347 21018 19209 19221 19288 19208 19219 19284 19218 19236 19248 19283 19285 19287 19321 19327 24275 24277 24282 19247 19251 19323 19339 24281 19326 19332 19338 19340 19341 24964 19330 19333 19334 19344 19345 19366 19264 19336 19342 21042 19255 19268 19269 19260 19547 19516 19544 19546 21067 19513 19512 19514 19502 19533 19543 19500 27135 28297 19503 19517 28570 19518 26181 26169 26173 20281 26152 28005 20279 20284 20300 26656 20294 26657 21317 21314 26651 26625 26637 26635 26636 26655 27988 27969 26155 27960 27964 27968 28017 25154 26162 25131 25147 27959 25124 25902 25966 27971 25123 25151 25144 21118 22629 22634 25903 25904 25906 25908 25912 25949 20981 21100 21107 21119 21169 20983 20961 20967 20979 20982 22645 20953 20960 21020 22595 20955 21008 22578 22586 20954 20957 20973 22580 20956 20972 22579 20962 20974 20963 22591 22582 22613 20975 22611 22617 22627 22630 22636 22622 25951 25936 25952 25953 19301 21103 25928 25937 25944 19303 19316 19322 19286 19299 19302 19380 19367 25929 25897 23579 25896 25905 23561 19298 19314 19378 25935 19313 19377 19277 19317 19318 19387 19278 19279 19362 27171 19280 19363 25926 19274 19319 19365 25927 19273 19308 19359 25924 19307 19358 28184 19311 19383 28175 19312 19320 19293 24263 19289 24250 19291 21043 24207 24232 24233 24242 24251 28152 28154 28155 28177 24208 24216 24224 28149 28150 24234 28151 28153 28171 28174 24989 28276 28277 28287 24987 25032 24983 24985 25031 24940 24984 25028 24934 24939 24941 24942 28180 20997 24932 24935 24936 28178 20998 21000 21002 21003 21004 21071 21140 24933 27155 19357 21006 21077 21141 19382 21037 21094 19384 19388 21022 19386 19390 19310 19361 19385 25939 25925 25938 28185 25907 25941 28296 25869 25910 28284 25851 25868 25870 25873 25849 25852 28641 25850 24937 28179 24943 25871 25874 25909 25940 25875 25911 28229 28230 28225 28235 27977 28234 25967 21104 21036 21105 21171 27169 21172 21150 21161 21167 21174 21145 21149 21152 21144 21147 21055 21166 21040 21056 21061 21057 21062 21039 21058 21063 21041 21049 21050 21052 21068 24227 21019 21047 21054 21069 21092 24273 21032 21033 25009 25010 24322 24292 24286 24284 21064 21108 21114 21059 21109 21097 19324 21124 24272 24265 21051 24222 24978 24980 25036 27130 25025 25030 25034 25019 25026 23569 25020 19379 25017 24973 25016 27160 21160 21143 21142 21163 21151 21173 27163 27164 27167 27168 27176 27178 27963 27982 23745 23743 23765 23759 23756 23760 24248 22597 22631 28286 27133 27137 28298 28299 19196 28300 19183 19169 28290 28303 28278 28302 28251 20289 20290 19360 25029 19389 19364 25021 28209 28200 28203 28212 28160 28186 25950 22585 21007 21081 21080 19351 22584 17617 12526 12527 20028 19194 19195 19526 19494 19545 21028 21029 19231 19225 19229 19230 19224 19222 19223 19228 21015 19232 20988 21016 20990 21025 21024 24957 19538 19507 23195 23184 23222 23190 23186 23200 28660 20356 20340 16961 12874 19497 19529 23772 24271 28312 26791 
3: 11278 
4: 11279 
5: 11390 11393 11396 25561 25764 25571 25765 21683 21695 21707 23398 23979 25472 25551 25569 25572 25573 25590 25603 25766 21677 21684 21685 21687 21678 21679 25763 21708 25552 21696 21709 21710 25591 21697 21698 21700 21724 25474 25592 21699 21712 23984 21711 23980 23966 23976 23978 23985 23943 23959 23963 23964 23965 23923 23941 23942 25589 23921 23922 28075 23920 23956 28072 23940 23955 28071 23962 25471 23961 23982 25473 23954 25462 23957 28094 23958 23974 28098 23975 28099 28074 28089 28095 28100 28846 25570 25749 28061 25742 25750 25470 25743 25785 25488 25448 25489 25490 25588 25449 25451 25547 25741 25447 25452 25548 27736 25437 25546 27734 25494 26227 26228 26226 27735 26222 26223 26224 26225 27730 27728 27729 27731 27732 27733 27745 27737 27746 28062 25748 27743 27742 25783 28096 25786 22567 25784 28364 28367 16087 22554 22555 22561 22562 22568 23390 23828 16082 16088 16098 16083 22545 16095 22546 24731 23821 23820 23833 28366 23818 23831 23827 23826 28844 23830 25463 28843 25563 28845 25562 28761 23396 28365 28760 28766 23388 16073 28362 28368 16071 16074 28361 28360 27283 28090 27280 27281 27282 27275 27278 25760 27744 28088 25461 25492 23983 25453 25491 25553 22537 22541 22540 22571 22572 21686 25605 21722 25767 
6: 11810 11812 11811 
7: 13105 13106 13107 13109 13110 13112 13119 20447 20449 20457 20466 20467 20468 13108 13113 20448 20450 20458 20465 13111 13114 13116 13115 
8: 13646 13647 
9: 13821 13839 13858 15009 16416 13878 15029 16412 
10: 14469 
11: 15447 15448 15456 15459 15453 15450 15486 15483 
12: 17257 17268 
13: 17264 17265 
14: 18814 18815 18816 18817 18831 18832 18833 18834 18835 19135 19136 19156 19157 19158 19159 19160 19161 20063 20064 20065 20066 20067 20068 20069 20070 20071 20072 20073 20074 20075 20076 20092 20093 22416 22417 19137 19138 19139 19140 19127 19131 19132 19144 20077 20079 20080 20120 22526 19152 20081 20083 19133 19143 20098 20112 20118 20126 22518 19134 19148 20161 19149 20166 19150 19166 20168 19145 19147 19167 19142 19164 19162 19165 20139 20143 20141 20145 20042 20142 22425 20041 20044 20054 22424 20043 20053 22420 20045 20055 22434 20046 20059 20060 22462 20061 20062 22474 20056 20058 20108 20157 20167 22468 22480 22481 20146 22426 22436 22440 20144 22441 20140 22437 22423 22421 22422 22427 22414 22435 19684 22415 22418 22428 22432 22433 22442 22528 19685 22419 22429 22443 22529 22430 22431 22447 22449 22527 22471 22486 22490 20104 22467 22469 22470 22483 22503 20102 20103 20109 20101 20107 20155 20106 20110 20117 20154 22466 20111 20122 22478 20078 20097 20113 20127 22485 22491 22482 22525 22514 20124 22502 22510 22512 22515 20119 20125 20162 20160 20163 22500 20165 22496 22508 22476 22509 22464 22477 22465 22497 22499 22501 22498 22511 22516 19686 22444 22484 22517 22524 19687 19688 19689 22519 22487 22479 20096 22445 22446 22448 22522 18818 22523 18836 20123 22513 20158 20099 20095 20094 22439 22438 22453 20057 22457 19163 20130 20128 20131 20129 
15: 19439 19467 
