# The directed communities at k=10
# from /Users/bogna/dev/role-mining/datasets/hepth/timeslots/cit-HepTh-2000.edges
# at no lower link weight threshold,
# and at no upper link weight threshold.
# Links were treated as directed.
# No time limit was set for the clique search.

0: 0002072 0002161 0002190 0003020 0003045 0003054 0004028 0006030 0011138 0011141 
1: 0005204 0007043 0007078 0007204 0008204 0009142 0010060 0010221 0010251 0011099 0011205 0012266 
2: 9811237 9812135 9902105 9911116 9912249 9805019 9805170 0001084 9503099 0001201 0002117 9402113 9404008 0002211 0002237 0003031 0003101 0003122 0003124 0003220 0003278 0004015 0005006 0005031 0005036 0005085 0009148 0006052 0006071 0006240 0007153 0007158 0007226 0007235 0008013 0008033 0008053 0008101 0008127 0008227 0008242 0008252 0009038 0009061 0009090 0009105 0009189 0009191 0009213 0009246 0009252 0010016 0010021 0010034 0010060 0010108 0010190 0010240 0010247 0011002 0011029 0011094 0011226 0012080 0012081 0012251 0101002 
3: 0005006 0005031 0006071 0007226 0008013 0008064 0009038 0009101 0009189 0011029 
4: 0003160 0005006 0005031 0006071 0007226 0008013 0008064 0009038 0009101 0011057 
5: 9908142 0001027 9903077 9903107 9903187 9911098 9912072 9912167 0001215 0002067 0002075 0002186 0003113 0003145 0004147 0003176 0003180 0003215 0003227 0004013 0004038 0004080 0004085 0004115 0004183 0005129 0005048 0005208 0006014 0006209 0006210 0008002 0008090 0008205 0010027 0011003 0011019 0011119 0011233 
6: 9906064 9910219 0005032 0005239 0009010 0009056 0010063 0004160 0004166 0005025 0006007 0010133 0012044 
7: 9906064 9510017 9612128 9910093 9611213 0002072 0002161 0002190 0003020 0003045 0003054 0005016 0009199 0004057 0005217 0006059 0006215 0008041 0008054 0008128 0009022 0011111 0011245 0012049 
8: 9909134 0001197 0002121 0002164 0004125 0006139 0004133 0005001 0007029 0012029 0012265 
9: 0009148 9208027 0009103 9210065 9303143 9311177 0009191 0010021 0010028 0010108 0010218 0011002 0011226 0012080 
10: 0005006 0005031 0007043 0007078 0008204 0009142 0010060 0010221 0010251 0011244 
11: 9906064 0002072 0002161 0002190 0003020 0003045 0003054 0003076 0004028 0005016 0006044 0010093 0003162 0005206 
12: 9906064 0001197 0002164 0003067 0004125 0006139 0004133 0004206 0007029 0012029 0012265 
13: 9906064 0001197 0001206 0002164 0004125 0006139 0006226 0007029 0011006 0012029 0012265 
14: 9908142 0005015 0005129 0005040 0005046 0005048 0005073 0006013 0006023 0006062 0006112 0006225 0006085 0006193 0006236 0006202 0007052 0007089 0007106 0007147 0007168 0007215 0008119 0008213 0009095 0009141 0009182 0011282 0012239 
15: 9912072 0002186 0003113 0003180 0004183 0005048 0008205 0009196 0010275 0011140 0012009 
