# The links inside the directed communities at k=7
# from /Users/bogna/dev/role-mining/datasets/hepth/timeslots/cit-HepTh-1997.edges
# at no lower link weight threshold,
# and at no upper link weight threshold.
# Links were treated as directed.
# No time limit was set for the clique search.

0:
9702103 9504090
9704147 9504090
9705169 9504090
9708065 9504090
9708103 9504090
9710046 9504090
9702010 9508072
9702103 9508072
9703101 9508072
9704147 9508072
9705169 9508072
9708065 9508072
9708103 9508072
9710046 9508072
9702010 9602136
9702103 9602136
9703101 9602136
9704095 9602136
9704147 9602136
9705169 9602136
9708065 9602136
9708103 9602136
9710046 9602136
9702010 9607077
9702103 9607077
9703101 9607077
9704147 9607077
9705169 9607077
9708065 9607077
9708103 9607077
9710046 9607077
9702010 9608059
9702103 9608059
9703101 9608059
9704095 9608059
9704147 9608059
9705169 9608059
9708065 9608059
9708103 9608059
9710046 9608059
9702103 9608099
9703101 9608099
9704095 9608099
9705169 9608099
9708065 9608099
9708103 9608099
9710046 9608099
9702010 9610105
9702103 9610105
9703101 9610105
9704095 9610105
9704147 9610105
9705169 9610105
9708065 9610105
9708103 9610105
9710046 9610105
9712221 9610105
9702010 9610232
9702103 9610232
9703101 9610232
9704147 9610232
9705169 9610232
9708103 9610232
9710046 9610232
9702010 9611210
9703101 9702010
9704147 9702010
9705169 9702010
9708103 9702010
9710046 9702010
9703101 9611210
9704147 9611210
9705169 9611210
9708103 9611210
9710046 9611210
9703101 9702103
9704095 9702103
9704147 9702103
9705169 9702103
9708065 9702103
9708103 9702103
9710046 9702103
9704095 9703101
9704147 9703101
9705169 9703101
9708065 9703101
9708103 9703101
9710046 9703101
9712221 9703101
9705169 9704095
9708065 9704095
9708103 9704095
9705169 9704147
9708065 9704147
9708103 9704147
9710046 9704147
9712221 9704147
9708065 9705169
9708103 9705169
9710046 9705169
9712221 9705169
9708103 9708065
9710046 9708065
9712221 9708065
9710046 9708103
9712221 9708103
1:
9706108 9504006
9706169 9504006
9706216 9504006
9709088 9504006
9709129 9504006
9710212 9504006
9711025 9504006
9711038 9504006
9706108 9512143
9706108 9609016
9706108 9612203
9706169 9706108
9706216 9706108
9709088 9706108
9709129 9706108
9710212 9706108
9711025 9706108
9711038 9706108
9706169 9512143
9706216 9512143
9709129 9512143
9710212 9512143
9711025 9512143
9706169 9609016
9706216 9609016
9709088 9609016
9709129 9609016
9710212 9609016
9711038 9609016
9706169 9612203
9706216 9612203
9709088 9612203
9709129 9612203
9710212 9612203
9711025 9612203
9711038 9612203
9706216 9706169
9709088 9706169
9709129 9706169
9710212 9706169
9711025 9706169
9711038 9706169
9709088 9706216
9709129 9706216
9710212 9706216
9711025 9706216
9711038 9706216
9709129 9709088
9710212 9709088
9711025 9709088
9711038 9709088
9710212 9709129
9711025 9709129
9711025 9710212
9711038 9710212
2:
9702043 9309023
9703150 9309023
9705035 9309023
9706221 9309023
9708046 9309023
9709022 9309023
9710188 9309023
9702043 9509074
9703150 9509074
9705035 9509074
9706221 9509074
9708046 9509074
9710188 9509074
9711027 9509074
9702043 9510117
9703150 9510117
9706221 9510117
9708046 9510117
9710188 9510117
9711027 9510117
9702043 9611039
9703150 9611039
9705035 9611039
9706221 9611039
9708046 9611039
9709022 9611039
9710188 9611039
9711027 9611039
9702043 9211021
9703150 9211021
9705035 9211021
9706221 9211021
9708046 9211021
9709022 9211021
9710188 9211021
9711027 9211021
9702043 9406216
9703150 9406216
9705035 9406216
9706221 9406216
9708046 9406216
9710188 9406216
9711027 9406216
9702043 9507017
9703150 9507017
9706221 9507017
9708046 9507017
9709022 9507017
9710188 9507017
9703150 9702043
9705035 9702043
9706221 9702043
9708046 9702043
9709022 9702043
9710188 9702043
9711027 9702043
9705035 9703150
9706221 9703150
9708046 9703150
9709022 9703150
9710188 9703150
9711027 9703150
9706221 9705035
9708046 9705035
9709022 9705035
9710188 9705035
9711027 9705035
9708046 9706221
9709022 9706221
9710188 9706221
9711027 9706221
9709022 9708046
9710188 9708046
9711027 9708046
9710188 9709022
9711027 9710188
3:
9703060 9602022
9703123 9602022
9703214 9602022
9704054 9602022
9704057 9602022
9705205 9602022
9707215 9602022
9708064 9602022
9709025 9602022
9710066 9602022
9710141 9602022
9711127 9602022
9703060 9602049
9703123 9602049
9703214 9602049
9704054 9602049
9704057 9602049
9705205 9602049
9707215 9602049
9708064 9602049
9709025 9602049
9710066 9602049
9710141 9602049
9711127 9602049
9703060 9603116
9703214 9603116
9704054 9603116
9705205 9603116
9707215 9603116
9710066 9603116
9711127 9603116
9703060 9604139
9703123 9604139
9704054 9604139
9704057 9604139
9705205 9604139
9707215 9604139
9708064 9604139
9710066 9604139
9710141 9604139
9711127 9604139
9703060 9607112
9703123 9607112
9704054 9607112
9704057 9607112
9705205 9607112
9707215 9607112
9708064 9607112
9709025 9607112
9710066 9607112
9710141 9607112
9711127 9607112
9703060 9607185
9703123 9607185
9703214 9607185
9704054 9607185
9704057 9607185
9705205 9607185
9707215 9607185
9708064 9607185
9709025 9607185
9710066 9607185
9710141 9607185
9711127 9607185
9703060 9612119
9703123 9612119
9704054 9612119
9704057 9612119
9705205 9612119
9707215 9612119
9708064 9612119
9709025 9612119
9710066 9612119
9710141 9612119
9711127 9612119
9703060 9604200
9703123 9703060
9703214 9703060
9704054 9703060
9704057 9703060
9705205 9703060
9707215 9703060
9708064 9703060
9710066 9703060
9710141 9703060
9711127 9703060
9704054 9604200
9705205 9604200
9707215 9604200
9710066 9604200
9710141 9604200
9703214 9703123
9704054 9703123
9704057 9703123
9705205 9703123
9707215 9703123
9708064 9703123
9709025 9703123
9710066 9703123
9710141 9703123
9711127 9703123
9704057 9703214
9705205 9703214
9707215 9703214
9708064 9703214
9709025 9703214
9710066 9703214
9710141 9703214
9711127 9703214
9705205 9704054
9707215 9704054
9708064 9704054
9710066 9704054
9710141 9704054
9711127 9704054
9705205 9704057
9707215 9704057
9708064 9704057
9709025 9704057
9710066 9704057
9711127 9704057
9707215 9705205
9708064 9705205
9709025 9705205
9710066 9705205
9710141 9705205
9711127 9705205
9708064 9707215
9709025 9707215
9710066 9707215
9710141 9707215
9711127 9707215
9709025 9708064
9710066 9708064
9710141 9708064
9711127 9708064
9710141 9710066
9711127 9710066
9711127 9710141
4:
9704177 9510209
9705037 9510209
9706171 9510209
9707143 9510209
9707208 9510209
9709043 9510209
9710208 9510209
9711158 9510209
9711197 9510209
9712022 9510209
9712214 9510209
9705037 9602070
9707143 9602070
9707208 9602070
9707223 9602070
9709043 9602070
9710208 9602070
9711158 9602070
9711197 9602070
9712022 9602070
9712214 9602070
9704177 9603142
9705037 9603142
9707143 9603142
9707208 9603142
9707223 9603142
9709023 9603142
9709043 9603142
9710208 9603142
9711080 9603142
9711158 9603142
9711197 9603142
9712022 9603142
9712214 9603142
9704177 9605136
9706171 9605136
9707143 9605136
9707223 9605136
9709043 9605136
9710208 9605136
9711158 9605136
9711197 9605136
9712022 9605136
9712214 9605136
9704177 9609209
9705037 9609209
9707143 9609209
9707208 9609209
9707223 9609209
9709023 9609209
9709043 9609209
9711080 9609209
9712022 9609209
9704177 9608019
9705037 9608019
9707143 9608019
9707208 9608019
9707223 9608019
9709023 9608019
9709043 9608019
9711080 9608019
9711158 9608019
9711197 9608019
9712022 9608019
9712214 9608019
9705037 9704177
9706171 9704177
9707143 9704177
9707208 9704177
9707223 9704177
9709023 9704177
9709043 9704177
9710208 9704177
9711080 9704177
9711158 9704177
9711197 9704177
9712022 9704177
9712214 9704177
9707143 9705037
9707208 9705037
9707223 9705037
9709023 9705037
9709043 9705037
9711158 9705037
9712022 9705037
9712214 9705037
9707143 9706171
9710208 9706171
9711158 9706171
9712022 9706171
9707208 9707143
9707223 9707143
9709023 9707143
9709043 9707143
9710208 9707143
9711080 9707143
9711158 9707143
9711197 9707143
9712022 9707143
9712214 9707143
9707223 9707208
9709023 9707208
9709043 9707208
9710208 9707208
9711080 9707208
9711158 9707208
9711197 9707208
9712022 9707208
9712214 9707208
9709023 9707223
9709043 9707223
9710208 9707223
9711080 9707223
9711158 9707223
9711197 9707223
9712022 9707223
9712214 9707223
9711080 9709023
9710208 9709043
9711080 9709043
9711158 9709043
9711197 9709043
9712022 9709043
9711158 9710208
9711197 9710208
9712022 9710208
9711197 9711158
9712022 9711158
9712214 9711158
9712214 9711197
5:
9709027 9708147
9710097 9708147
9710181 9708147
9711094 9708147
9711097 9708147
9711130 9708147
9711202 9708147
9712050 9708147
9710097 9709027
9710181 9709027
9711094 9709027
9711097 9709027
9711130 9709027
9711202 9709027
9712050 9709027
9710181 9710097
9711094 9710097
9711097 9710097
9711130 9710097
9711202 9710097
9712050 9710097
9711094 9710181
9711097 9710181
9711130 9710181
9712050 9710181
9711130 9711094
9711202 9711094
9712050 9711094
9711130 9711097
9711202 9711097
9712050 9711097
9711202 9711130
9712050 9711130
9712050 9711202
6:
9707217 9410167
9707250 9410167
9708037 9410167
9708085 9410167
9709139 9410167
9709220 9410167
9710005 9410167
9710027 9410167
9710231 9410167
9711179 9410167
9712047 9410167
9712075 9410167
9701139 9503124
9702101 9503124
9703030 9503124
9704041 9503124
9704123 9503124
9704158 9503124
9705055 9503124
9705113 9503124
9705132 9503124
9705175 9503124
9705188 9503124
9706168 9503124
9707099 9503124
9707164 9503124
9710231 9503124
9711082 9503124
9712012 9503124
9704089 9507121
9705162 9507121
9707042 9507121
9707079 9507121
9707093 9507121
9707123 9507121
9707250 9507121
9708085 9507121
9709118 9507121
9709139 9507121
9710005 9507121
9710027 9507121
9710065 9507121
9711001 9507121
9712071 9507121
9701125 9611050
9703039 9611050
9703217 9611050
9704029 9611050
9704127 9611050
9705110 9611050
9705116 9611050
9705221 9611050
9706196 9611050
9707217 9611050
9707250 9611050
9707259 9611050
9708037 9611050
9708085 9611050
9709087 9611050
9709123 9611050
9710027 9611050
9712179 9611050
9702108 9501068
9704087 9501068
9707259 9501068
9709139 9501068
9709220 9501068
9712049 9501068
9702187 9510135
9703030 9510135
9704018 9510135
9707079 9510135
9709107 9510135
9710231 9510135
9703031 9601029
9703211 9601029
9704018 9601029
9704134 9601029
9705053 9601029
9705078 9601029
9705107 9601029
9709114 9601029
9712253 9601029
9702108 9608024
9702203 9608024
9703031 9608024
9703039 9608024
9703211 9608024
9704018 9608024
9704127 9608024
9705053 9608024
9705091 9608024
9705110 9608024
9705120 9608024
9705188 9608024
9706072 9608024
9707102 9608024
9708022 9608024
9708063 9608024
9709087 9608024
9709099 9608024
9709114 9608024
9709122 9608024
9709123 9608024
9710009 9608024
9710174 9608024
9710178 9608024
9710217 9608024
9710219 9608024
9710226 9608024
9710231 9608024
9711005 9608024
9711010 9608024
9711046 9608024
9711078 9608024
9712013 9608024
9712077 9608024
9712159 9608024
9712185 9608024
9712253 9608024
9701025 9610043
9701139 9610043
9702006 9610043
9702099 9610043
9702101 9610043
9702108 9610043
9702136 9610043
9702187 9610043
9702203 9610043
9703030 9610043
9703052 9610043
9703077 9610043
9703102 9610043
9703133 9610043
9703163 9610043
9703211 9610043
9703217 9610043
9703218 9610043
9704018 9610043
9704029 9610043
9704030 9610043
9704041 9610043
9704080 9610043
9704086 9610043
9704087 9610043
9704089 9610043
9704123 9610043
9704127 9610043
9704134 9610043
9704158 9610043
9705053 9610043
9705055 9610043
9705078 9610043
9705091 9610043
9705107 9610043
9705110 9610043
9705113 9610043
9705116 9610043
9705117 9610043
9705120 9610043
9705132 9610043
9705188 9610043
9705190 9610043
9705221 9610043
9706072 9610043
9706073 9610043
9706130 9610043
9706168 9610043
9706194 9610043
9706196 9610043
9707019 9610043
9707042 9610043
9707079 9610043
9707093 9610043
9707099 9610043
9707134 9610043
9707158 9610043
9707164 9610043
9707179 9610043
9707200 9610043
9707217 9610043
9707228 9610043
9707250 9610043
9707259 9610043
9708022 9610043
9708037 9610043
9708063 9610043
9708083 9610043
9708085 9610043
9708117 9610043
9708123 9610043
9709038 9610043
9709087 9610043
9709091 9610043
9709099 9610043
9709107 9610043
9709108 9610043
9709114 9610043
9709118 9610043
9709122 9610043
9709123 9610043
9709138 9610043
9709139 9610043
9709199 9610043
9709220 9610043
9709225 9610043
9710005 9610043
9710009 9610043
9710027 9610043
9710057 9610043
9710104 9610043
9710122 9610043
9710165 9610043
9710174 9610043
9710178 9610043
9710217 9610043
9710219 9610043
9710226 9610043
9710228 9610043
9710231 9610043
9710247 9610043
9711003 9610043
9711005 9610043
9711010 9610043
9711029 9610043
9711031 9610043
9711037 9610043
9711046 9610043
9711078 9610043
9711082 9610043
9711138 9610043
9711162 9610043
9711165 9610043
9711179 9610043
9711200 9610043
9712012 9610043
9712013 9610043
9712047 9610043
9712049 9610043
9712055 9610043
9712071 9610043
9712072 9610043
9712075 9610043
9712077 9610043
9712084 9610043
9712105 9610043
9712117 9610043
9712142 9610043
9712159 9610043
9712168 9610043
9712179 9610043
9712185 9610043
9712202 9610043
9712223 9610043
9712236 9610043
9712238 9610043
9712253 9610043
9704041 9510209
9705055 9510209
9705113 9510209
9707099 9510209
9707164 9510209
9710231 9510209
9701025 9611042
9702101 9701025
9702187 9701025
9703030 9701025
9703077 9701025
9703102 9701025
9703133 9701025
9703163 9701025
9703209 9701025
9703211 9701025
9703218 9701025
9704018 9701025
9704030 9701025
9704041 9701025
9704080 9701025
9704086 9701025
9704089 9701025
9704123 9701025
9704134 9701025
9705107 9701025
9705113 9701025
9705188 9701025
9706073 9701025
9706130 9701025
9706168 9701025
9706194 9701025
9707019 9701025
9707079 9701025
9707093 9701025
9707164 9701025
9707179 9701025
9707217 9701025
9708034 9701025
9708037 9701025
9708083 9701025
9708085 9701025
9709107 9701025
9709114 9701025
9709139 9701025
9709220 9701025
9710057 9701025
9710122 9701025
9710165 9701025
9710231 9701025
9711001 9701025
9711082 9701025
9711179 9701025
9712049 9701025
9712071 9701025
9712072 9701025
9712075 9701025
9712179 9701025
9702099 9611042
9702101 9611042
9702108 9611042
9702136 9611042
9702187 9611042
9702203 9611042
9703030 9611042
9703077 9611042
9703102 9611042
9703209 9611042
9703211 9611042
9703217 9611042
9703218 9611042
9704018 9611042
9704030 9611042
9704080 9611042
9704086 9611042
9704087 9611042
9704123 9611042
9704127 9611042
9704134 9611042
9705053 9611042
9705055 9611042
9705107 9611042
9705116 9611042
9705120 9611042
9705175 9611042
9705188 9611042
9705221 9611042
9706168 9611042
9706194 9611042
9706196 9611042
9707019 9611042
9707093 9611042
9707099 9611042
9707179 9611042
9707217 9611042
9707228 9611042
9707259 9611042
9708034 9611042
9708037 9611042
9708083 9611042
9708085 9611042
9709087 9611042
9709107 9611042
9709122 9611042
9709123 9611042
9709139 9611042
9709220 9611042
9710005 9611042
9710009 9611042
9710027 9611042
9710057 9611042
9710065 9611042
9710165 9611042
9710231 9611042
9711001 9611042
9711082 9611042
9711162 9611042
9711179 9611042
9712047 9611042
9712049 9611042
9712071 9611042
9712072 9611042
9712075 9611042
9712084 9611042
9712168 9611042
9712179 9611042
9704089 9512059
9705117 9512059
9705162 9512059
9705221 9512059
9707042 9512059
9707079 9512059
9707123 9512059
9707158 9512059
9707250 9512059
9708085 9512059
9709107 9512059
9709118 9512059
9709139 9512059
9710005 9512059
9710009 9512059
9710027 9512059
9710065 9512059
9711001 9512059
9712049 9512059
9712071 9512059
9703031 9602051
9703211 9602051
9704018 9602051
9704134 9602051
9705053 9602051
9705078 9602051
9705107 9602051
9709114 9602051
9712253 9602051
9703030 9603126
9704089 9603126
9705221 9603126
9707079 9603126
9707217 9603126
9707250 9603126
9708037 9603126
9708085 9603126
9709139 9603126
9710005 9603126
9710027 9603126
9710165 9603126
9711179 9603126
9712075 9603126
9704018 9604055
9704089 9604055
9705221 9604055
9707079 9604055
9707093 9604055
9707217 9604055
9707250 9604055
9708037 9604055
9708085 9604055
9709107 9604055
9709139 9604055
9710005 9604055
9710027 9604055
9710165 9604055
9710231 9604055
9711179 9604055
9712047 9604055
9712075 9604055
9703031 9603109
9703211 9603109
9704018 9603109
9704134 9603109
9705053 9603109
9705078 9603109
9705107 9603109
9709114 9603109
9712253 9603109
9709091 9612146
9709108 9612146
9710217 9612146
9711003 9612146
9711138 9612146
9712253 9612146
9703039 9701125
9703217 9701125
9705116 9701125
9709087 9701125
9709123 9701125
9702006 9510169
9703052 9510169
9703218 9510169
9704041 9510169
9704158 9510169
9705055 9510169
9705132 9510169
9707099 9510169
9707164 9510169
9709118 9510169
9710231 9510169
9710247 9510169
9711082 9510169
9711098 9510169
9712086 9510169
9701139 9610082
9701139 9611164
9702136 9701139
9703052 9701139
9703218 9701139
9704041 9701139
9704123 9701139
9704158 9701139
9705055 9701139
9705113 9701139
9705132 9701139
9705175 9701139
9705188 9701139
9707099 9701139
9707164 9701139
9707200 9701139
9708123 9701139
9710057 9701139
9710122 9701139
9712012 9701139
9712055 9701139
9702006 9610082
9703052 9610082
9703218 9610082
9704041 9610082
9704158 9610082
9705055 9610082
9705113 9610082
9705132 9610082
9705175 9610082
9706168 9610082
9707099 9610082
9707164 9610082
9707200 9610082
9709015 9610082
9709118 9610082
9710057 9610082
9710122 9610082
9710231 9610082
9710247 9610082
9711082 9610082
9712012 9610082
9712086 9610082
9704018 9610236
9707079 9610236
9707093 9610236
9710005 9610236
9711001 9610236
9712071 9610236
9702101 9611164
9702108 9611164
9702136 9611164
9702187 9611164
9703030 9611164
9703102 9611164
9704018 9611164
9704080 9611164
9704087 9611164
9704123 9611164
9705055 9611164
9705113 9611164
9705188 9611164
9705221 9611164
9706168 9611164
9707019 9611164
9707099 9611164
9707164 9611164
9707217 9611164
9707228 9611164
9707259 9611164
9708034 9611164
9708037 9611164
9708083 9611164
9709139 9611164
9709220 9611164
9710027 9611164
9710231 9611164
9712012 9611164
9712072 9611164
9712084 9611164
9702099 9611202
9702101 9611202
9702108 9611202
9702136 9611202
9702187 9611202
9703030 9611202
9703039 9611202
9703102 9611202
9703211 9611202
9703217 9611202
9704018 9611202
9704030 9611202
9704080 9611202
9704087 9611202
9704089 9611202
9704123 9611202
9704127 9611202
9705055 9611202
9705107 9611202
9705116 9611202
9705120 9611202
9705188 9611202
9705221 9611202
9706073 9611202
9706168 9611202
9706196 9611202
9707019 9611202
9707099 9611202
9707217 9611202
9707228 9611202
9708034 9611202
9708037 9611202
9708083 9611202
9709087 9611202
9709107 9611202
9709122 9611202
9709123 9611202
9709138 9611202
9709139 9611202
9709220 9611202
9710027 9611202
9710231 9611202
9711001 9611202
9711078 9611202
9711082 9611202
9711162 9611202
9712012 9611202
9712049 9611202
9712071 9611202
9712072 9611202
9712084 9611202
9712168 9611202
9712185 9611202
9702108 9611215
9703039 9611215
9704029 9611215
9704127 9611215
9705091 9611215
9705110 9611215
9705120 9611215
9705188 9611215
9706072 9611215
9706196 9611215
9708037 9611215
9709087 9611215
9709122 9611215
9709123 9611215
9710174 9611215
9710231 9611215
9711010 9611215
9711031 9611215
9711046 9611215
9711078 9611215
9712159 9611215
9712179 9611215
9712185 9611215
9702108 9612087
9703039 9612087
9704029 9612087
9704127 9612087
9705091 9612087
9705110 9612087
9705120 9612087
9705188 9612087
9706072 9612087
9706196 9612087
9708022 9612087
9708037 9612087
9709087 9612087
9709099 9612087
9709122 9612087
9709123 9612087
9710174 9612087
9710231 9612087
9711010 9612087
9711031 9612087
9711046 9612087
9711078 9612087
9712159 9612087
9712179 9612087
9712185 9612087
9702099 9612157
9702108 9612157
9702136 9612157
9702187 9612157
9703030 9612157
9703102 9612157
9703217 9612157
9704018 9612157
9704029 9612157
9704087 9612157
9704089 9612157
9704127 9612157
9705055 9612157
9705110 9612157
9705116 9612157
9705120 9612157
9705221 9612157
9706073 9612157
9706168 9612157
9706196 9612157
9707019 9612157
9707217 9612157
9708037 9612157
9709087 9612157
9709107 9612157
9709122 9612157
9709123 9612157
9709138 9612157
9710231 9612157
9711078 9612157
9712012 9612157
9712179 9612157
9712185 9612157
9704029 9612223
9704127 9612223
9705091 9612223
9705110 9612223
9705188 9612223
9706072 9612223
9706196 9612223
9708037 9612223
9709087 9612223
9709122 9612223
9710231 9612223
9711010 9612223
9711031 9612223
9711078 9612223
9712185 9612223
9702006 9612162
9703052 9702006
9703218 9702006
9704041 9702006
9705055 9702006
9705175 9702006
9706168 9702006
9707099 9702006
9709015 9702006
9709118 9702006
9710057 9702006
9710231 9702006
9710247 9702006
9711082 9702006
9711098 9702006
9712012 9702006
9712086 9702006
9702136 9612162
9703052 9612162
9703218 9612162
9704041 9612162
9704123 9612162
9704158 9612162
9705055 9612162
9705113 9612162
9705132 9612162
9705175 9612162
9705188 9612162
9706168 9612162
9707099 9612162
9707164 9612162
9709015 9612162
9709118 9612162
9710057 9612162
9710231 9612162
9710247 9612162
9711082 9612162
9711098 9612162
9712012 9612162
9712086 9612162
9702108 9702099
9703217 9702099
9705116 9702099
9709087 9702099
9709123 9702099
9702136 9702101
9702187 9702101
9703030 9702101
9703102 9702101
9703209 9702101
9704018 9702101
9704030 9702101
9704080 9702101
9704086 9702101
9704087 9702101
9705055 9702101
9705113 9702101
9705117 9702101
9705175 9702101
9705188 9702101
9705221 9702101
9706168 9702101
9706194 9702101
9707099 9702101
9707164 9702101
9708037 9702101
9708083 9702101
9708085 9702101
9710005 9702101
9710231 9702101
9712012 9702101
9712071 9702101
9712072 9702101
9702136 9702108
9703217 9702108
9704087 9702108
9704089 9702108
9704127 9702108
9705116 9702108
9705120 9702108
9706072 9702108
9706196 9702108
9707259 9702108
9709087 9702108
9709122 9702108
9709123 9702108
9709139 9702108
9709220 9702108
9711010 9702108
9711078 9702108
9712049 9702108
9712185 9702108
9702187 9702136
9703102 9702136
9704018 9702136
9704030 9702136
9704087 9702136
9704089 9702136
9704123 9702136
9705055 9702136
9705107 9702136
9705113 9702136
9705117 9702136
9705175 9702136
9705188 9702136
9705221 9702136
9706168 9702136
9707079 9702136
9707164 9702136
9707217 9702136
9707259 9702136
9708034 9702136
9708037 9702136
9709107 9702136
9709118 9702136
9709139 9702136
9709220 9702136
9710009 9702136
9710027 9702136
9710165 9702136
9710174 9702136
9710231 9702136
9711082 9702136
9711162 9702136
9711179 9702136
9712012 9702136
9712047 9702136
9712049 9702136
9712071 9702136
9712075 9702136
9712084 9702136
9712117 9702136
9712142 9702136
9712168 9702136
9703030 9702187
9703077 9702187
9703102 9702187
9703133 9702187
9703163 9702187
9703209 9702187
9703211 9702187
9703218 9702187
9704018 9702187
9704030 9702187
9704041 9702187
9704080 9702187
9704086 9702187
9704087 9702187
9704089 9702187
9704123 9702187
9704134 9702187
9705055 9702187
9705107 9702187
9705113 9702187
9705117 9702187
9705175 9702187
9705188 9702187
9705221 9702187
9706073 9702187
9706130 9702187
9706168 9702187
9706194 9702187
9707019 9702187
9707079 9702187
9707093 9702187
9707099 9702187
9707164 9702187
9707179 9702187
9707217 9702187
9707228 9702187
9708034 9702187
9708037 9702187
9708083 9702187
9708085 9702187
9708123 9702187
9709107 9702187
9709114 9702187
9709138 9702187
9709139 9702187
9709220 9702187
9710005 9702187
9710057 9702187
9710122 9702187
9710165 9702187
9710231 9702187
9711001 9702187
9711082 9702187
9711179 9702187
9712012 9702187
9712049 9702187
9712071 9702187
9712072 9702187
9712075 9702187
9712179 9702187
9712253 9702187
9704123 9702203
9705091 9702203
9705175 9702203
9705188 9702203
9707228 9702203
9710178 9702203
9710231 9702203
9711078 9702203
9712049 9702203
9712077 9702203
9712159 9702203
9712185 9702203
9703077 9703030
9703102 9703030
9703133 9703030
9703163 9703030
9703209 9703030
9703211 9703030
9703218 9703030
9704018 9703030
9704030 9703030
9704041 9703030
9704080 9703030
9704086 9703030
9704089 9703030
9704123 9703030
9704134 9703030
9704158 9703030
9705055 9703030
9705107 9703030
9705113 9703030
9705188 9703030
9705221 9703030
9706072 9703030
9706073 9703030
9706130 9703030
9706168 9703030
9706194 9703030
9707019 9703030
9707079 9703030
9707093 9703030
9707099 9703030
9707164 9703030
9707179 9703030
9707217 9703030
9707228 9703030
9708034 9703030
9708037 9703030
9708083 9703030
9708085 9703030
9708123 9703030
9709038 9703030
9709087 9703030
9709107 9703030
9709114 9703030
9709123 9703030
9709138 9703030
9709139 9703030
9709220 9703030
9710057 9703030
9710122 9703030
9710165 9703030
9710174 9703030
9710178 9703030
9710231 9703030
9711001 9703030
9711082 9703030
9711179 9703030
9712047 9703030
9712049 9703030
9712071 9703030
9712072 9703030
9712075 9703030
9712077 9703030
9712179 9703030
9703211 9703031
9704018 9703031
9704127 9703031
9705053 9703031
9705078 9703031
9705107 9703031
9705120 9703031
9707102 9703031
9709087 9703031
9709114 9703031
9709122 9703031
9709123 9703031
9711010 9703031
9712253 9703031
9703217 9703039
9704029 9703039
9704127 9703039
9705091 9703039
9705110 9703039
9705116 9703039
9706072 9703039
9706196 9703039
9708022 9703039
9709087 9703039
9709122 9703039
9709123 9703039
9711010 9703039
9712159 9703039
9712179 9703039
9712185 9703039
9703218 9703052
9704041 9703052
9705055 9703052
9705132 9703052
9705188 9703052
9706168 9703052
9707099 9703052
9709118 9703052
9710231 9703052
9710247 9703052
9711082 9703052
9712086 9703052
9703133 9703077
9703209 9703077
9703211 9703077
9704086 9703077
9705107 9703077
9709114 9703077
9712179 9703077
9703209 9703102
9703211 9703102
9704018 9703102
9704030 9703102
9704080 9703102
9704086 9703102
9704087 9703102
9704089 9703102
9704123 9703102
9704134 9703102
9705055 9703102
9705107 9703102
9705113 9703102
9705175 9703102
9705221 9703102
9706194 9703102
9707019 9703102
9707164 9703102
9707217 9703102
9707259 9703102
9708034 9703102
9708037 9703102
9708083 9703102
9709107 9703102
9709138 9703102
9709139 9703102
9709220 9703102
9709225 9703102
9710165 9703102
9710231 9703102
9711179 9703102
9712012 9703102
9712072 9703102
9712075 9703102
9712084 9703102
9712168 9703102
9712179 9703102
9703209 9703133
9712179 9703133
9704018 9703163
9704030 9703163
9712179 9703209
9704018 9703211
9704134 9703211
9705053 9703211
9705078 9703211
9705107 9703211
9705120 9703211
9706073 9703211
9708022 9703211
9709087 9703211
9709114 9703211
9709123 9703211
9709225 9703211
9711078 9703211
9712253 9703211
9704127 9703217
9705116 9703217
9706196 9703217
9709087 9703217
9709122 9703217
9709123 9703217
9704041 9703218
9704086 9703218
9704123 9703218
9704158 9703218
9705055 9703218
9705113 9703218
9705132 9703218
9705175 9703218
9705188 9703218
9706073 9703218
9706130 9703218
9706168 9703218
9706194 9703218
9707099 9703218
9707164 9703218
9707200 9703218
9708123 9703218
9709015 9703218
9709118 9703218
9709138 9703218
9710057 9703218
9710122 9703218
9710231 9703218
9710247 9703218
9711082 9703218
9711098 9703218
9712012 9703218
9712086 9703218
9704030 9704018
9704134 9704018
9705053 9704018
9705055 9704018
9705078 9704018
9705107 9704018
9705120 9704018
9706073 9704018
9707019 9704018
9707079 9704018
9707093 9704018
9707250 9704018
9707259 9704018
9708022 9704018
9708037 9704018
9709087 9704018
9709107 9704018
9709114 9704018
9709138 9704018
9709139 9704018
9709225 9704018
9710005 9704018
9710165 9704018
9710231 9704018
9711001 9704018
9711078 9704018
9711179 9704018
9712012 9704018
9712071 9704018
9712075 9704018
9712168 9704018
9712253 9704018
9704080 9704029
9704127 9704029
9705091 9704029
9705110 9704029
9705188 9704029
9705190 9704029
9706072 9704029
9706196 9704029
9708022 9704029
9708037 9704029
9709038 9704029
9709087 9704029
9709099 9704029
9709122 9704029
9710174 9704029
9710219 9704029
9710231 9704029
9711010 9704029
9711031 9704029
9711046 9704029
9711078 9704029
9712077 9704029
9712159 9704029
9712179 9704029
9704087 9704030
9705107 9704030
9705188 9704030
9704086 9704041
9704123 9704041
9704158 9704041
9705055 9704041
9705113 9704041
9705132 9704041
9705175 9704041
9705188 9704041
9706130 9704041
9706168 9704041
9706194 9704041
9707099 9704041
9707164 9704041
9707200 9704041
9708123 9704041
9709015 9704041
9709118 9704041
9710057 9704041
9710122 9704041
9710231 9704041
9710247 9704041
9711082 9704041
9711098 9704041
9712012 9704041
9712055 9704041
9704123 9704080
9705053 9704080
9705091 9704080
9705107 9704080
9705188 9704080
9706072 9704080
9706196 9704080
9707079 9704080
9707099 9704080
9707179 9704080
9707228 9704080
9708022 9704080
9708063 9704080
9708083 9704080
9709038 9704080
9709087 9704080
9709091 9704080
9709099 9704080
9709108 9704080
9709114 9704080
9709122 9704080
9709123 9704080
9709139 9704080
9709199 9704080
9709220 9704080
9710009 9704080
9710104 9704080
9710174 9704080
9710178 9704080
9710217 9704080
9710231 9704080
9711001 9704080
9711003 9704080
9711029 9704080
9711031 9704080
9711037 9704080
9711046 9704080
9711078 9704080
9711162 9704080
9711165 9704080
9711179 9704080
9712013 9704080
9712047 9704080
9712049 9704080
9712063 9704080
9712072 9704080
9712075 9704080
9712077 9704080
9712084 9704080
9712105 9704080
9712117 9704080
9712159 9704080
9712168 9704080
9712179 9704080
9712185 9704080
9712223 9704080
9712238 9704080
9712253 9704080
9704123 9704086
9704134 9704086
9705107 9704086
9706168 9704086
9704089 9704087
9707164 9704087
9707259 9704087
9708037 9704087
9708085 9704087
9709139 9704087
9709220 9704087
9710005 9704087
9710165 9704087
9711179 9704087
9712012 9704087
9712047 9704087
9712049 9704087
9712084 9704087
9712168 9704087
9704123 9704089
9704134 9704089
9704158 9704089
9705055 9704089
9705107 9704089
9705113 9704089
9705117 9704089
9705175 9704089
9705188 9704089
9705221 9704089
9706168 9704089
9707019 9704089
9707079 9704089
9707164 9704089
9707217 9704089
9707250 9704089
9707259 9704089
9708034 9704089
9708037 9704089
9708117 9704089
9709099 9704089
9709107 9704089
9709118 9704089
9709139 9704089
9709220 9704089
9710009 9704089
9710027 9704089
9710165 9704089
9710174 9704089
9710231 9704089
9711010 9704089
9711082 9704089
9711162 9704089
9711179 9704089
9712012 9704089
9712047 9704089
9712049 9704089
9712071 9704089
9712075 9704089
9712084 9704089
9712117 9704089
9712142 9704089
9712168 9704089
9712179 9704089
9712253 9704089
9705055 9704123
9705113 9704123
9705175 9704123
9707019 9704123
9707164 9704123
9707228 9704123
9708085 9704123
9710231 9704123
9711082 9704123
9712012 9704123
9712049 9704123
9705110 9704127
9705120 9704127
9706072 9704127
9706196 9704127
9708037 9704127
9709087 9704127
9709122 9704127
9709123 9704127
9710231 9704127
9711010 9704127
9711031 9704127
9711078 9704127
9712179 9704127
9712185 9704127
9705053 9704134
9705078 9704134
9705107 9704134
9705120 9704134
9706073 9704134
9708022 9704134
9709087 9704134
9709114 9704134
9709123 9704134
9709225 9704134
9711078 9704134
9712253 9704134
9705055 9704158
9705113 9704158
9705132 9704158
9705188 9704158
9706130 9704158
9706168 9704158
9707099 9704158
9707164 9704158
9707200 9704158
9708123 9704158
9709015 9704158
9709118 9704158
9710057 9704158
9710122 9704158
9710231 9704158
9710247 9704158
9711082 9704158
9711098 9704158
9712055 9704158
9712086 9704158
9705078 9705053
9705107 9705053
9705120 9705053
9707102 9705053
9709087 9705053
9709114 9705053
9709122 9705053
9709123 9705053
9711078 9705053
9712077 9705053
9712185 9705053
9712253 9705053
9705113 9705055
9705188 9705055
9706073 9705055
9706130 9705055
9706168 9705055
9706194 9705055
9707099 9705055
9707164 9705055
9707200 9705055
9708083 9705055
9708123 9705055
9709015 9705055
9709138 9705055
9710057 9705055
9710122 9705055
9710231 9705055
9710247 9705055
9711082 9705055
9711098 9705055
9712012 9705055
9712086 9705055
9712253 9705078
9705188 9705091
9705190 9705091
9706072 9705091
9706196 9705091
9708022 9705091
9708063 9705091
9709038 9705091
9709087 9705091
9709099 9705091
9709122 9705091
9709123 9705091
9709199 9705091
9709220 9705091
9710104 9705091
9711010 9705091
9711031 9705091
9711046 9705091
9711078 9705091
9712013 9705091
9712072 9705091
9712077 9705091
9712159 9705091
9712179 9705091
9712185 9705091
9712238 9705091
9705120 9705107
9709087 9705107
9709114 9705107
9709123 9705107
9709225 9705107
9706072 9705110
9706196 9705110
9708037 9705110
9709087 9705110
9709122 9705110
9709123 9705110
9710231 9705110
9711031 9705110
9712179 9705110
9705175 9705113
9705221 9705113
9706168 9705113
9707099 9705113
9707164 9705113
9707228 9705113
9707259 9705113
9709220 9705113
9710231 9705113
9712012 9705113
9712049 9705113
9706196 9705116
9709087 9705116
9709123 9705116
9705175 9705117
9705221 9705117
9706168 9705117
9707079 9705117
9707217 9705117
9708085 9705117
9709139 9705117
9710005 9705117
9710027 9705117
9710231 9705117
9711001 9705117
9712012 9705117
9712071 9705117
9709087 9705120
9709122 9705120
9709123 9705120
9711010 9705120
9711078 9705120
9712185 9705120
9705188 9705132
9706168 9705132
9707099 9705132
9707164 9705132
9707200 9705132
9708123 9705132
9710231 9705132
9712055 9705132
9705212 9705162
9706117 9705162
9707042 9705162
9707123 9705162
9707259 9705162
9708037 9705162
9708085 9705162
9710005 9705162
9710027 9705162
9705188 9705175
9705221 9705175
9706168 9705175
9707019 9705175
9707099 9705175
9707164 9705175
9707228 9705175
9707259 9705175
9709015 9705175
9709118 9705175
9709220 9705175
9710231 9705175
9711082 9705175
9712012 9705175
9712049 9705175
9712084 9705175
9706072 9705188
9706196 9705188
9707164 9705188
9708063 9705188
9709038 9705188
9709087 9705188
9709122 9705188
9709123 9705188
9710231 9705188
9711031 9705188
9711078 9705188
9712013 9705188
9712077 9705188
9712159 9705188
9712179 9705188
9712185 9705188
9706072 9705190
9706196 9705190
9709099 9705190
9709122 9705190
9711010 9705190
9712077 9705190
9706144 9705212
9707042 9705212
9707123 9705212
9707250 9705212
9707259 9705212
9708085 9705212
9710005 9705212
9706168 9705221
9706194 9705221
9707019 9705221
9707079 9705221
9707093 9705221
9707158 9705221
9707164 9705221
9707217 9705221
9707250 9705221
9707259 9705221
9708034 9705221
9708037 9705221
9708085 9705221
9708117 9705221
9709099 9705221
9709107 9705221
9709118 9705221
9709139 9705221
9709220 9705221
9710005 9705221
9710009 9705221
9710027 9705221
9710065 9705221
9710165 9705221
9710228 9705221
9711001 9705221
9711010 9705221
9711082 9705221
9711179 9705221
9712012 9705221
9712047 9705221
9712049 9705221
9712071 9705221
9712075 9705221
9712084 9705221
9712168 9705221
9712223 9705221
9712253 9705221
9707134 9706072
9708022 9706072
9708037 9706072
9708063 9706072
9709038 9706072
9709087 9706072
9709099 9706072
9709122 9706072
9709123 9706072
9709199 9706072
9709220 9706072
9710009 9706072
9710104 9706072
9710174 9706072
9710178 9706072
9710219 9706072
9710231 9706072
9711010 9706072
9711031 9706072
9711037 9706072
9711046 9706072
9711078 9706072
9711200 9706072
9712013 9706072
9712077 9706072
9712159 9706072
9712179 9706072
9712185 9706072
9712238 9706072
9712253 9706072
9709138 9706073
9706144 9706117
9707042 9706117
9707123 9706117
9707259 9706117
9708037 9706117
9708085 9706117
9710005 9706117
9707042 9706144
9707123 9706144
9707259 9706144
9708085 9706144
9710005 9706144
9707164 9706168
9707217 9706168
9707259 9706168
9710057 9706168
9710165 9706168
9711179 9706168
9712075 9706168
9707217 9706194
9709139 9706194
9709220 9706194
9710122 9706194
9710231 9706194
9711179 9706194
9709087 9706196
9709122 9706196
9709123 9706196
9710231 9706196
9711010 9706196
9711078 9706196
9712179 9706196
9712185 9706196
9707164 9707019
9708037 9707019
9708085 9707019
9712049 9707019
9707123 9707042
9707250 9707042
9707259 9707042
9708037 9707042
9708085 9707042
9710005 9707042
9710027 9707042
9707093 9707079
9707158 9707079
9707250 9707079
9707259 9707079
9708037 9707079
9708085 9707079
9709107 9707079
9709118 9707079
9709139 9707079
9710005 9707079
9710027 9707079
9710065 9707079
9710231 9707079
9711001 9707079
9712071 9707079
9712084 9707079
9712117 9707079
9712168 9707079
9707158 9707093
9707250 9707093
9708037 9707093
9708085 9707093
9709107 9707093
9709118 9707093
9709139 9707093
9710005 9707093
9710065 9707093
9710231 9707093
9711001 9707093
9712071 9707093
9712168 9707093
9707164 9707099
9709138 9707099
9710231 9707099
9710247 9707099
9711082 9707099
9712012 9707099
9712055 9707099
9712086 9707099
9709087 9707102
9709123 9707102
9712253 9707102
9707250 9707123
9707259 9707123
9708037 9707123
9708085 9707123
9710005 9707123
9710027 9707123
9708063 9707134
9709122 9707134
9712013 9707134
9712077 9707134
9712238 9707134
9707250 9707158
9708037 9707158
9708085 9707158
9709107 9707158
9710005 9707158
9710231 9707164
9711082 9707164
9707217 9707179
9707259 9707179
9711162 9707179
9711179 9707179
9712047 9707179
9712075 9707179
9712084 9707179
9712168 9707179
9707250 9707217
9707259 9707217
9708037 9707217
9708085 9707217
9709139 9707217
9709220 9707217
9710005 9707217
9710027 9707217
9710122 9707217
9710231 9707217
9711010 9707217
9711179 9707217
9712047 9707217
9712075 9707217
9712084 9707217
9712142 9707217
9712179 9707217
9712223 9707217
9710178 9707228
9710231 9707228
9712049 9707228
9707259 9707250
9708037 9707250
9708085 9707250
9709107 9707250
9709118 9707250
9709139 9707250
9709220 9707250
9710005 9707250
9710009 9707250
9710027 9707250
9710165 9707250
9710228 9707250
9710231 9707250
9711010 9707250
9711179 9707250
9712047 9707250
9712049 9707250
9712075 9707250
9712084 9707250
9712142 9707250
9712223 9707250
9708085 9707259
9709139 9707259
9709220 9707259
9710005 9707259
9710009 9707259
9710027 9707259
9710165 9707259
9710231 9707259
9711179 9707259
9712047 9707259
9712049 9707259
9712075 9707259
9712142 9707259
9712223 9707259
9708063 9708022
9709087 9708022
9709122 9708022
9709123 9708022
9710231 9708022
9711010 9708022
9711031 9708022
9711078 9708022
9712179 9708022
9712185 9708022
9709220 9708034
9710231 9708034
9711179 9708034
9708085 9708037
9709139 9708037
9709220 9708037
9710005 9708037
9710009 9708037
9710027 9708037
9710165 9708037
9710228 9708037
9710231 9708037
9711010 9708037
9711179 9708037
9712047 9708037
9712049 9708037
9712075 9708037
9712084 9708037
9712142 9708037
9712223 9708037
9709122 9708063
9709199 9708063
9710104 9708063
9710231 9708063
9711031 9708063
9712013 9708063
9712077 9708063
9712238 9708063
9709107 9708085
9709139 9708085
9709220 9708085
9710005 9708085
9710027 9708085
9712071 9708085
9712142 9708085
9709118 9708117
9709139 9708117
9710027 9708117
9709118 9709015
9711082 9709015
9709123 9709038
9709099 9709087
9709122 9709087
9709123 9709087
9710174 9709087
9711010 9709087
9711031 9709087
9711046 9709087
9711078 9709087
9712013 9709087
9712077 9709087
9712159 9709087
9712185 9709087
9712253 9709087
9709108 9709091
9710217 9709091
9710226 9709091
9711003 9709091
9711005 9709091
9711078 9709091
9711138 9709091
9712063 9709091
9712072 9709091
9712202 9709091
9712236 9709091
9712253 9709091
9709123 9709099
9710009 9709099
9710219 9709099
9711010 9709099
9711046 9709099
9711078 9709099
9712185 9709099
9712253 9709099
9710231 9709107
9710217 9709108
9710226 9709108
9711003 9709108
9711005 9709108
9711078 9709108
9711138 9709108
9712063 9709108
9712072 9709108
9712202 9709108
9712236 9709108
9712253 9709108
9712072 9709114
9712253 9709114
9709139 9709118
9710005 9709118
9710027 9709118
9711082 9709118
9712084 9709118
9712117 9709118
9711010 9709122
9712013 9709122
9712077 9709122
9712185 9709122
9712253 9709123
9709220 9709139
9710009 9709139
9710027 9709139
9712047 9709139
9712049 9709139
9712084 9709139
9710104 9709199
9711031 9709199
9711046 9709199
9712013 9709199
9712159 9709199
9710009 9709220
9710178 9709220
9710217 9709220
9710219 9709220
9710226 9709220
9710228 9709220
9710231 9709220
9711001 9709220
9711005 9709220
9711010 9709220
9711031 9709220
9711037 9709220
9711078 9709220
9711165 9709220
9711179 9709220
9711200 9709220
9712012 9709220
9712013 9709220
9712047 9709220
9712049 9709220
9712071 9709220
9712072 9709220
9712075 9709220
9712077 9709220
9712084 9709220
9712142 9709220
9712159 9709220
9712168 9709220
9712179 9709220
9712185 9709220
9712223 9709220
9712236 9709220
9712253 9709220
9710027 9710005
9710065 9710005
9711001 9710005
9712071 9710005
9712168 9710005
9710174 9710009
9710178 9710009
9710217 9710009
9710219 9710009
9710226 9710009
9710228 9710009
9710231 9710009
9711001 9710009
9711005 9710009
9711010 9710009
9711029 9710009
9711031 9710009
9711037 9710009
9711046 9710009
9711078 9710009
9711165 9710009
9711179 9710009
9711200 9710009
9712012 9710009
9712013 9710009
9712047 9710009
9712049 9710009
9712071 9710009
9712072 9710009
9712075 9710009
9712077 9710009
9712084 9710009
9712105 9710009
9712117 9710009
9712142 9710009
9712159 9710009
9712168 9710009
9712185 9710009
9712223 9710009
9712236 9710009
9712253 9710009
9712075 9710027
9712142 9710027
9711001 9710065
9712071 9710065
9712168 9710065
9711179 9710165
9710178 9710174
9710217 9710174
9710219 9710174
9710226 9710174
9710231 9710174
9711005 9710174
9711029 9710174
9711031 9710174
9711037 9710174
9711078 9710174
9712013 9710174
9712072 9710174
9712077 9710174
9712117 9710174
9712159 9710174
9712185 9710174
9712238 9710174
9712253 9710174
9710217 9710178
9710219 9710178
9710231 9710178
9711005 9710178
9711029 9710178
9711031 9710178
9711037 9710178
9711078 9710178
9712013 9710178
9712049 9710178
9712077 9710178
9712117 9710178
9712159 9710178
9712185 9710178
9712223 9710178
9712238 9710178
9712253 9710178
9710226 9710217
9711003 9710217
9711005 9710217
9711078 9710217
9711138 9710217
9712063 9710217
9712072 9710217
9712202 9710217
9712236 9710217
9712253 9710217
9711031 9710219
9711037 9710219
9711046 9710219
9711078 9710219
9712013 9710219
9712077 9710219
9712159 9710219
9712185 9710219
9711005 9710226
9711078 9710226
9711138 9710226
9712063 9710226
9712202 9710226
9712236 9710226
9712253 9710226
9712142 9710228
9711001 9710231
9711029 9710231
9711031 9710231
9711078 9710231
9711162 9710231
9711179 9710231
9712013 9710231
9712047 9710231
9712049 9710231
9712084 9710231
9712117 9710231
9712159 9710231
9712168 9710231
9712185 9710231
9712253 9710231
9711098 9710247
9712086 9710247
9712071 9711001
9712168 9711001
9711138 9711003
9712063 9711003
9712236 9711003
9712253 9711003
9711078 9711005
9711138 9711005
9712063 9711005
9712072 9711005
9712202 9711005
9712236 9711005
9712253 9711005
9712253 9711010
9712013 9711031
9712077 9711031
9712238 9711031
9711078 9711037
9711200 9711037
9712013 9711037
9712072 9711037
9712077 9711037
9712105 9711037
9712117 9711037
9712159 9711037
9712185 9711037
9712223 9711037
9712238 9711037
9712253 9711037
9712159 9711046
9712185 9711046
9712105 9711078
9712117 9711078
9712159 9711078
9712185 9711078
9712086 9711098
9712253 9711138
9711165 9711162
9712047 9711162
9712075 9711162
9712084 9711162
9712117 9711162
9712168 9711162
9712047 9711165
9712075 9711165
9712168 9711165
9712047 9711179
9712075 9711179
9712084 9711179
9712168 9711179
9712077 9711200
9712253 9712012
9712077 9712013
9712159 9712013
9712179 9712013
9712185 9712013
9712238 9712013
9712075 9712047
9712084 9712047
9712168 9712047
9712202 9712063
9712236 9712063
9712253 9712063
9712117 9712071
9712168 9712071
9712159 9712072
9712185 9712072
9712253 9712072
9712084 9712075
9712168 9712075
9712159 9712077
9712185 9712077
9712238 9712077
9712117 9712084
9712168 9712084
9712185 9712105
9712168 9712117
9712185 9712159
9712236 9712202
9712253 9712236
7:
9705074 9611230
9705084 9611230
9705130 9611230
9706142 9611230
9708137 9611230
9709065 9611230
9710218 9611230
9711098 9611230
9711117 9611230
9711177 9611230
9712086 9611230
9705130 9705074
9706142 9705074
9708137 9705074
9709065 9705074
9710218 9705074
9711098 9705074
9711117 9705074
9711177 9705074
9712086 9705074
9705130 9705084
9706142 9705084
9708137 9705084
9709065 9705084
9710218 9705084
9711098 9705084
9711117 9705084
9711177 9705084
9712086 9705084
9706142 9705130
9708137 9705130
9709065 9705130
9710218 9705130
9711098 9705130
9711117 9705130
9711177 9705130
9712086 9705130
9708137 9706142
9709065 9706142
9710218 9706142
9711098 9706142
9711117 9706142
9711177 9706142
9712086 9706142
9709065 9708137
9710218 9708137
9711117 9708137
9711177 9708137
9712086 9708137
9710218 9709065
9711098 9710218
9711117 9710218
9711177 9710218
9712086 9710218
9712086 9711098
8:
9701023 9603161
9701023 9606122
9701147 9701023
9701162 9701023
9703007 9701023
9705197 9701023
9709222 9701023
9701147 9603161
9701162 9603161
9703007 9603161
9705197 9603161
9709222 9603161
9701147 9606122
9701162 9606122
9703007 9606122
9705197 9606122
9709222 9606122
9701162 9701147
9703007 9701147
9705197 9701147
9709222 9701147
9703007 9701162
9705197 9701162
9709222 9701162
9705197 9703007
9709222 9703007
9709222 9705197
9:
9704167 9511222
9705138 9511222
9706225 9511222
9707118 9511222
9709178 9511222
9710082 9511222
9705138 9704167
9706225 9704167
9707118 9704167
9709178 9704167
9710082 9704167
9710168 9704167
9706225 9705138
9707118 9705138
9709178 9705138
9710082 9705138
9710168 9705138
9707118 9706225
9709178 9706225
9710082 9706225
9710168 9706225
9709178 9707118
9710082 9707118
9710168 9707118
9710082 9709178
9710168 9709178
9710168 9710082
10:
9702180 9407087
9703166 9407087
9703210 9407087
9704104 9407087
9704170 9407087
9704198 9407087
9705199 9407087
9705232 9407087
9706050 9407087
9706082 9407087
9706087 9407087
9706109 9407087
9706131 9407087
9706155 9407087
9707244 9407087
9707247 9407087
9707251 9407087
9707258 9407087
9708044 9407087
9708068 9407087
9708118 9407087
9708122 9407087
9708127 9407087
9708134 9407087
9708168 9407087
9709010 9407087
9709096 9407087
9709211 9407087
9710116 9407087
9711083 9407087
9711102 9407087
9711143 9407087
9712005 9407087
9712172 9407087
9703210 9408099
9704104 9408099
9704170 9408099
9704198 9408099
9705199 9408099
9705232 9408099
9706050 9408099
9706082 9408099
9706087 9408099
9706131 9408099
9707192 9408099
9707244 9408099
9707247 9408099
9707251 9408099
9708044 9408099
9708118 9408099
9708122 9408099
9708168 9408099
9709010 9408099
9711083 9408099
9711102 9408099
9711143 9408099
9712005 9408099
9712172 9408099
9701015 9411149
9702014 9411149
9702180 9411149
9703051 9411149
9703110 9411149
9703172 9411149
9703210 9411149
9703215 9411149
9704043 9411149
9704044 9411149
9704061 9411149
9704104 9411149
9704170 9411149
9704198 9411149
9705003 9411149
9705004 9411149
9705106 9411149
9705148 9411149
9705199 9411149
9706082 9411149
9706127 9411149
9707027 9411149
9707192 9411149
9707258 9411149
9708015 9411149
9708082 9411149
9708127 9411149
9708168 9411149
9709096 9411149
9712005 9411149
9701015 9503179
9702180 9503179
9703210 9503179
9704061 9503179
9704104 9503179
9704198 9503179
9705004 9503179
9705106 9503179
9707027 9503179
9708082 9503179
9708168 9503179
9709096 9503179
9703166 9505075
9705199 9505075
9706050 9505075
9706082 9505075
9707244 9505075
9707251 9505075
9707258 9505075
9708044 9505075
9708118 9505075
9708168 9505075
9711143 9505075
9712005 9505075
9703166 9505100
9705199 9505100
9706082 9505100
9707244 9505100
9707251 9505100
9707258 9505100
9708044 9505100
9708118 9505100
9708168 9505100
9711143 9505100
9712005 9505100
9703210 9509175
9705199 9509175
9705220 9509175
9705232 9509175
9706087 9509175
9708118 9509175
9708127 9509175
9708168 9509175
9709096 9509175
9711083 9509175
9712005 9509175
9712149 9509175
9712172 9509175
9702014 9509066
9704104 9509066
9705199 9509066
9706109 9509066
9708015 9509066
9708168 9509066
9703166 9411048
9705199 9411048
9706050 9411048
9706082 9411048
9707244 9411048
9708044 9411048
9708118 9411048
9712005 9411048
9703166 9411057
9705199 9411057
9706050 9411057
9706082 9411057
9707244 9411057
9708044 9411057
9708118 9411057
9708122 9411057
9712005 9411057
9701015 9505006
9701015 9611090
9701015 9612052
9702014 9701015
9702180 9701015
9703051 9701015
9704044 9701015
9704061 9701015
9704104 9701015
9705003 9701015
9705004 9701015
9705022 9701015
9705106 9701015
9705220 9701015
9705232 9701015
9706047 9701015
9706127 9701015
9707244 9701015
9708015 9701015
9708041 9701015
9708082 9701015
9708122 9701015
9712143 9701015
9702180 9505006
9704061 9505006
9704104 9505006
9704198 9505006
9705004 9505006
9705106 9505006
9707027 9505006
9708082 9505006
9708127 9505006
9703210 9611050
9704104 9611050
9704198 9611050
9705199 9611050
9706109 9611050
9707247 9611050
9708015 9611050
9708082 9611050
9708118 9611050
9708168 9611050
9702154 9611090
9704044 9611090
9704061 9611090
9705004 9611090
9705106 9611090
9706047 9611090
9706127 9611090
9707027 9611090
9707192 9611090
9707244 9611090
9708015 9611090
9708082 9611090
9708122 9611090
9702014 9612052
9702180 9612052
9703051 9612052
9704044 9612052
9704061 9612052
9704104 9612052
9705003 9612052
9705004 9612052
9705106 9612052
9705199 9612052
9705220 9612052
9705232 9612052
9706047 9612052
9706127 9612052
9707027 9612052
9707244 9612052
9708015 9612052
9708041 9612052
9708082 9612052
9708122 9612052
9711030 9612052
9703166 9501068
9705199 9501068
9705232 9501068
9706082 9501068
9707244 9501068
9708044 9501068
9708118 9501068
9712005 9501068
9712149 9501068
9712172 9501068
9702180 9510225
9704061 9510225
9704198 9510225
9705004 9510225
9705106 9510225
9707027 9510225
9702014 9512059
9703166 9512059
9704044 9512059
9705199 9512059
9706109 9512059
9707192 9512059
9707244 9512059
9711083 9512059
9703166 9507158
9705031 9507158
9705232 9507158
9706082 9507158
9706109 9507158
9707192 9507158
9708168 9507158
9702180 9604034
9703166 9604034
9704044 9604034
9705199 9604034
9705232 9604034
9706082 9604034
9707192 9604034
9707244 9604034
9708044 9604034
9708082 9604034
9708118 9604034
9710020 9604034
9711030 9604034
9711083 9604034
9711143 9604034
9712193 9604034
9702014 9505004
9704043 9505004
9704044 9505004
9704061 9505004
9704104 9505004
9704198 9505004
9705004 9505004
9705106 9505004
9707027 9505004
9707247 9505004
9708044 9505004
9704043 9506148
9704061 9506148
9704104 9506148
9704198 9506148
9705004 9506148
9705106 9506148
9706047 9506148
9707027 9506148
9702014 9503086
9704043 9503086
9704044 9503086
9704061 9503086
9704104 9503086
9704198 9503086
9705004 9503086
9705106 9503086
9707027 9503086
9707247 9503086
9708044 9503086
9704061 9505088
9704104 9505088
9704198 9505088
9705004 9505088
9705106 9505088
9707027 9505088
9703166 9506011
9706082 9506011
9706109 9506011
9708044 9506011
9708168 9506011
9711143 9506011
9702014 9607207
9702014 9611230
9702154 9702014
9702180 9702014
9703051 9702014
9703100 9702014
9703110 9702014
9703166 9702014
9703172 9702014
9703210 9702014
9703215 9702014
9704043 9702014
9704044 9702014
9704061 9702014
9704104 9702014
9704170 9702014
9704198 9702014
9705003 9702014
9705004 9702014
9705022 9702014
9705106 9702014
9705148 9702014
9705199 9702014
9705220 9702014
9705232 9702014
9706047 9702014
9706050 9702014
9706082 9702014
9706109 9702014
9706127 9702014
9706131 9702014
9706155 9702014
9707027 9702014
9707192 9702014
9707197 9702014
9707244 9702014
9707247 9702014
9707258 9702014
9708015 9702014
9708041 9702014
9708044 9702014
9708082 9702014
9708118 9702014
9708122 9702014
9708127 9702014
9708134 9702014
9708168 9702014
9709096 9702014
9709146 9702014
9709211 9702014
9710020 9702014
9710116 9702014
9711030 9702014
9711083 9702014
9711102 9702014
9711143 9702014
9712005 9702014
9712029 9702014
9712135 9702014
9712143 9702014
9712149 9702014
9712172 9702014
9712184 9702014
9712193 9702014
9702154 9607207
9703100 9607207
9703110 9607207
9703172 9607207
9703215 9607207
9704104 9607207
9704170 9607207
9705220 9607207
9711143 9607207
9702154 9611230
9702180 9611230
9703051 9611230
9703100 9611230
9703110 9611230
9703166 9611230
9703172 9611230
9703210 9611230
9703215 9611230
9704043 9611230
9704044 9611230
9704061 9611230
9704104 9611230
9704170 9611230
9704198 9611230
9705004 9611230
9705022 9611230
9705031 9611230
9705106 9611230
9705148 9611230
9705199 9611230
9705220 9611230
9705232 9611230
9706047 9611230
9706050 9611230
9706082 9611230
9706087 9611230
9706109 9611230
9706127 9611230
9706131 9611230
9706155 9611230
9707027 9611230
9707120 9611230
9707192 9611230
9707244 9611230
9707247 9611230
9707258 9611230
9708015 9611230
9708041 9611230
9708044 9611230
9708082 9611230
9708118 9611230
9708122 9611230
9708127 9611230
9708134 9611230
9708168 9611230
9709010 9611230
9709096 9611230
9709146 9611230
9709211 9611230
9709228 9611230
9710020 9611230
9710116 9611230
9711030 9611230
9711083 9611230
9711102 9611230
9711143 9611230
9712005 9611230
9712029 9611230
9712135 9611230
9712143 9611230
9712145 9611230
9712149 9611230
9712172 9611230
9712184 9611230
9712193 9611230
9703051 9606139
9703110 9606139
9704043 9606139
9704104 9606139
9704170 9606139
9706047 9606139
9708041 9606139
9708134 9606139
9708168 9606139
9702154 9611063
9704044 9611063
9704104 9611063
9705220 9611063
9706050 9611063
9708127 9611063
9709096 9611063
9711143 9611063
9712005 9611063
9712149 9611063
9703100 9702154
9703110 9702154
9703166 9702154
9703172 9702154
9703215 9702154
9704043 9702154
9704044 9702154
9704104 9702154
9704170 9702154
9705199 9702154
9705220 9702154
9706047 9702154
9706050 9702154
9706082 9702154
9706109 9702154
9706127 9702154
9706131 9702154
9707192 9702154
9707244 9702154
9707247 9702154
9708015 9702154
9708044 9702154
9708082 9702154
9708122 9702154
9708127 9702154
9708134 9702154
9708168 9702154
9709096 9702154
9711030 9702154
9711102 9702154
9711143 9702154
9712005 9702154
9712149 9702154
9712184 9702154
9702180 9612131
9703051 9702180
9703172 9702180
9703215 9702180
9704043 9702180
9704044 9702180
9704061 9702180
9704104 9702180
9704170 9702180
9704198 9702180
9705003 9702180
9705004 9702180
9705022 9702180
9705106 9702180
9705199 9702180
9705220 9702180
9705232 9702180
9706047 9702180
9706050 9702180
9706082 9702180
9706127 9702180
9707027 9702180
9707192 9702180
9707244 9702180
9708015 9702180
9708041 9702180
9708044 9702180
9708082 9702180
9708122 9702180
9708127 9702180
9708168 9702180
9709096 9702180
9710020 9702180
9711083 9702180
9712005 9702180
9712149 9702180
9703166 9612131
9704043 9612131
9704044 9612131
9704104 9612131
9705199 9612131
9705220 9612131
9706047 9612131
9706082 9612131
9707192 9612131
9708041 9612131
9708044 9612131
9708127 9612131
9708168 9612131
9709096 9612131
9711030 9612131
9711143 9612131
9712005 9612131
9712149 9612131
9703110 9703051
9703210 9703051
9704043 9703051
9704044 9703051
9704104 9703051
9704170 9703051
9704198 9703051
9705003 9703051
9705022 9703051
9705106 9703051
9705148 9703051
9706047 9703051
9706050 9703051
9706109 9703051
9706127 9703051
9706131 9703051
9707027 9703051
9707192 9703051
9707244 9703051
9707247 9703051
9707258 9703051
9708015 9703051
9708041 9703051
9708044 9703051
9708082 9703051
9708118 9703051
9708122 9703051
9708127 9703051
9708134 9703051
9708168 9703051
9709211 9703051
9711030 9703051
9711102 9703051
9712005 9703051
9712029 9703051
9712135 9703051
9712149 9703051
9712172 9703051
9703110 9703100
9703172 9703100
9704104 9703100
9705220 9703100
9707192 9703100
9711143 9703100
9703172 9703110
9703215 9703110
9704043 9703110
9704104 9703110
9704170 9703110
9705220 9703110
9707192 9703110
9707244 9703110
9708041 9703110
9703210 9703166
9704043 9703166
9704044 9703166
9704104 9703166
9704170 9703166
9704198 9703166
9705022 9703166
9705031 9703166
9705199 9703166
9705220 9703166
9705232 9703166
9706047 9703166
9706050 9703166
9706082 9703166
9706087 9703166
9706109 9703166
9706127 9703166
9706131 9703166
9706155 9703166
9707027 9703166
9707120 9703166
9707192 9703166
9707197 9703166
9707244 9703166
9707247 9703166
9707251 9703166
9707258 9703166
9708015 9703166
9708041 9703166
9708044 9703166
9708068 9703166
9708082 9703166
9708118 9703166
9708122 9703166
9708127 9703166
9708134 9703166
9708168 9703166
9709010 9703166
9709096 9703166
9709146 9703166
9709211 9703166
9709228 9703166
9710020 9703166
9710116 9703166
9711030 9703166
9711083 9703166
9711102 9703166
9711143 9703166
9712005 9703166
9712029 9703166
9712135 9703166
9712143 9703166
9712145 9703166
9712149 9703166
9712172 9703166
9712184 9703166
9712193 9703166
9703215 9703172
9704043 9703172
9704104 9703172
9704170 9703172
9704043 9703210
9704044 9703210
9704061 9703210
9704104 9703210
9704170 9703210
9704198 9703210
9705003 9703210
9705004 9703210
9705022 9703210
9705106 9703210
9705148 9703210
9705199 9703210
9705220 9703210
9705232 9703210
9706047 9703210
9706082 9703210
9706109 9703210
9706127 9703210
9706131 9703210
9706155 9703210
9707027 9703210
9707192 9703210
9707244 9703210
9707247 9703210
9708015 9703210
9708041 9703210
9708044 9703210
9708082 9703210
9708118 9703210
9708122 9703210
9708127 9703210
9708134 9703210
9708168 9703210
9709010 9703210
9709096 9703210
9710020 9703210
9711102 9703210
9712005 9703210
9712135 9703210
9712143 9703210
9712145 9703210
9712149 9703210
9712172 9703210
9712193 9703210
9704043 9703215
9704104 9703215
9704170 9703215
9704061 9704043
9704104 9704043
9704170 9704043
9704198 9704043
9705003 9704043
9705004 9704043
9705022 9704043
9705106 9704043
9705199 9704043
9705220 9704043
9705232 9704043
9706047 9704043
9706082 9704043
9706109 9704043
9706127 9704043
9706131 9704043
9707027 9704043
9707192 9704043
9707244 9704043
9707247 9704043
9708015 9704043
9708041 9704043
9708044 9704043
9708082 9704043
9708118 9704043
9708122 9704043
9708127 9704043
9708134 9704043
9708168 9704043
9709096 9704043
9710020 9704043
9711102 9704043
9712005 9704043
9712135 9704043
9712143 9704043
9712149 9704043
9712193 9704043
9704061 9704044
9704104 9704044
9704170 9704044
9704198 9704044
9705003 9704044
9705004 9704044
9705022 9704044
9705106 9704044
9705199 9704044
9705220 9704044
9705232 9704044
9706047 9704044
9706050 9704044
9706082 9704044
9706109 9704044
9706127 9704044
9706131 9704044
9707027 9704044
9707120 9704044
9707192 9704044
9707197 9704044
9707244 9704044
9708015 9704044
9708041 9704044
9708044 9704044
9708082 9704044
9708118 9704044
9708122 9704044
9708127 9704044
9708134 9704044
9708168 9704044
9709096 9704044
9710020 9704044
9711030 9704044
9711083 9704044
9711102 9704044
9712005 9704044
9712143 9704044
9712149 9704044
9704104 9704061
9704170 9704061
9704198 9704061
9705004 9704061
9705106 9704061
9705220 9704061
9705232 9704061
9706047 9704061
9706082 9704061
9706127 9704061
9707027 9704061
9707192 9704061
9707244 9704061
9708015 9704061
9708044 9704061
9708082 9704061
9708122 9704061
9708127 9704061
9709096 9704061
9710020 9704061
9712005 9704061
9712149 9704061
9704170 9704104
9704198 9704104
9705003 9704104
9705004 9704104
9705022 9704104
9705106 9704104
9705148 9704104
9705199 9704104
9705220 9704104
9705232 9704104
9706047 9704104
9706050 9704104
9706082 9704104
9706109 9704104
9706127 9704104
9706131 9704104
9707027 9704104
9707192 9704104
9707244 9704104
9707247 9704104
9708015 9704104
9708041 9704104
9708044 9704104
9708082 9704104
9708118 9704104
9708122 9704104
9708127 9704104
9708134 9704104
9708168 9704104
9709010 9704104
9709096 9704104
9709228 9704104
9710020 9704104
9710116 9704104
9711030 9704104
9711083 9704104
9711102 9704104
9711143 9704104
9712005 9704104
9712135 9704104
9712143 9704104
9712149 9704104
9712172 9704104
9712193 9704104
9704198 9704170
9705003 9704170
9705004 9704170
9705022 9704170
9705031 9704170
9705106 9704170
9705199 9704170
9705220 9704170
9706047 9704170
9706050 9704170
9706082 9704170
9706109 9704170
9706127 9704170
9706131 9704170
9707027 9704170
9707120 9704170
9707192 9704170
9707244 9704170
9708015 9704170
9708041 9704170
9708044 9704170
9708082 9704170
9708118 9704170
9708122 9704170
9708127 9704170
9708168 9704170
9709010 9704170
9709096 9704170
9709228 9704170
9710116 9704170
9711102 9704170
9712005 9704170
9712145 9704170
9712149 9704170
9705004 9704198
9705106 9704198
9705232 9704198
9706047 9704198
9706082 9704198
9706109 9704198
9706127 9704198
9706131 9704198
9707027 9704198
9707192 9704198
9707244 9704198
9707247 9704198
9708015 9704198
9708044 9704198
9708082 9704198
9708118 9704198
9708122 9704198
9708127 9704198
9708134 9704198
9708168 9704198
9709096 9704198
9710020 9704198
9711102 9704198
9712005 9704198
9712143 9704198
9712149 9704198
9705106 9705003
9705106 9705004
9705220 9705004
9705232 9705004
9706047 9705004
9706082 9705004
9706127 9705004
9707027 9705004
9707192 9705004
9707244 9705004
9708015 9705004
9708082 9705004
9708122 9705004
9708127 9705004
9709096 9705004
9710020 9705004
9712005 9705004
9712149 9705004
9705106 9705022
9706047 9705022
9706082 9705022
9706109 9705022
9706127 9705022
9706131 9705022
9707027 9705022
9707192 9705022
9707244 9705022
9708044 9705022
9708127 9705022
9708168 9705022
9709010 9705022
9709096 9705022
9709228 9705022
9710116 9705022
9711102 9705022
9712005 9705022
9712143 9705022
9712145 9705022
9712149 9705022
9705106 9705031
9706047 9705031
9706050 9705031
9706082 9705031
9706109 9705031
9706127 9705031
9707027 9705031
9707192 9705031
9707244 9705031
9708044 9705031
9708127 9705031
9708168 9705031
9709010 9705031
9709096 9705031
9710116 9705031
9711102 9705031
9712005 9705031
9712149 9705031
9705232 9705106
9706047 9705106
9706050 9705106
9706082 9705106
9706127 9705106
9707027 9705106
9707192 9705106
9707244 9705106
9708015 9705106
9708044 9705106
9708082 9705106
9708122 9705106
9708127 9705106
9708168 9705106
9709096 9705106
9710020 9705106
9712005 9705106
9712143 9705106
9712149 9705106
9705199 9705148
9706155 9705148
9707027 9705148
9708118 9705148
9708127 9705148
9709096 9705148
9712005 9705148
9712149 9705148
9706047 9705199
9706050 9705199
9706082 9705199
9706087 9705199
9706109 9705199
9706127 9705199
9706131 9705199
9707027 9705199
9707192 9705199
9707244 9705199
9707247 9705199
9707251 9705199
9708015 9705199
9708041 9705199
9708044 9705199
9708068 9705199
9708082 9705199
9708118 9705199
9708122 9705199
9708127 9705199
9708134 9705199
9708168 9705199
9709010 9705199
9709096 9705199
9710020 9705199
9711102 9705199
9712005 9705199
9712149 9705199
9712172 9705199
9712193 9705199
9706082 9705220
9707027 9705220
9708118 9705220
9708127 9705220
9709096 9705220
9710020 9705220
9711143 9705220
9712005 9705220
9712149 9705220
9712184 9705220
9706047 9705232
9706050 9705232
9706082 9705232
9706087 9705232
9706109 9705232
9706127 9705232
9706131 9705232
9707027 9705232
9707192 9705232
9707244 9705232
9707247 9705232
9708015 9705232
9708041 9705232
9708044 9705232
9708068 9705232
9708082 9705232
9708122 9705232
9708127 9705232
9708134 9705232
9708168 9705232
9709010 9705232
9709096 9705232
9710020 9705232
9711102 9705232
9712005 9705232
9712149 9705232
9712172 9705232
9712193 9705232
9706082 9706047
9706127 9706047
9707027 9706047
9707192 9706047
9707244 9706047
9708041 9706047
9708044 9706047
9708118 9706047
9708127 9706047
9708134 9706047
9708168 9706047
9709096 9706047
9710020 9706047
9712005 9706047
9712143 9706047
9712145 9706047
9712149 9706047
9706109 9706050
9706127 9706050
9706131 9706050
9707027 9706050
9707244 9706050
9708044 9706050
9708127 9706050
9708168 9706050
9711102 9706050
9712005 9706050
9712149 9706050
9706109 9706082
9706127 9706082
9706131 9706082
9707027 9706082
9707120 9706082
9707192 9706082
9707197 9706082
9707244 9706082
9707247 9706082
9707258 9706082
9708015 9706082
9708041 9706082
9708044 9706082
9708082 9706082
9708118 9706082
9708122 9706082
9708127 9706082
9708134 9706082
9708168 9706082
9709096 9706082
9709146 9706082
9709211 9706082
9710020 9706082
9710116 9706082
9711030 9706082
9711083 9706082
9711102 9706082
9711143 9706082
9712005 9706082
9712029 9706082
9712149 9706082
9712172 9706082
9712184 9706082
9712193 9706082
9707027 9706087
9707244 9706087
9707251 9706087
9708044 9706087
9708068 9706087
9708118 9706087
9708127 9706087
9708168 9706087
9709010 9706087
9709096 9706087
9711083 9706087
9711143 9706087
9712005 9706087
9712149 9706087
9706131 9706109
9707027 9706109
9707120 9706109
9707192 9706109
9707197 9706109
9707244 9706109
9707247 9706109
9707258 9706109
9708015 9706109
9708041 9706109
9708044 9706109
9708082 9706109
9708118 9706109
9708122 9706109
9708127 9706109
9708134 9706109
9708168 9706109
9709096 9706109
9709146 9706109
9709211 9706109
9710020 9706109
9710116 9706109
9711030 9706109
9711083 9706109
9711102 9706109
9711143 9706109
9712005 9706109
9712029 9706109
9712135 9706109
9712149 9706109
9712172 9706109
9712184 9706109
9712193 9706109
9707027 9706127
9707192 9706127
9707244 9706127
9707247 9706127
9708015 9706127
9708041 9706127
9708044 9706127
9708082 9706127
9708118 9706127
9708122 9706127
9708127 9706127
9708134 9706127
9708168 9706127
9709010 9706127
9709096 9706127
9709211 9706127
9710020 9706127
9711030 9706127
9711083 9706127
9711143 9706127
9712005 9706127
9712149 9706127
9712193 9706127
9707027 9706131
9708127 9706131
9709096 9706131
9712005 9706131
9712149 9706131
9707027 9706155
9707244 9706155
9708127 9706155
9708168 9706155
9709096 9706155
9712005 9706155
9712149 9706155
9707192 9707027
9707244 9707027
9708015 9707027
9708044 9707027
9708082 9707027
9708122 9707027
9708127 9707027
9708134 9707027
9708168 9707027
9709096 9707027
9711083 9707027
9712005 9707027
9712149 9707027
9708044 9707192
9708127 9707192
9708168 9707192
9709096 9707192
9709146 9707192
9709228 9707192
9710020 9707192
9711143 9707192
9712005 9707192
9712149 9707192
9707244 9707197
9708168 9707197
9708015 9707244
9708041 9707244
9708044 9707244
9708082 9707244
9708118 9707244
9708122 9707244
9708127 9707244
9708134 9707244
9708168 9707244
9709096 9707244
9711030 9707244
9711083 9707244
9712005 9707244
9712135 9707244
9712149 9707244
9712193 9707244
9708015 9707247
9708044 9707247
9708082 9707247
9708118 9707247
9708122 9707247
9708127 9707247
9708134 9707247
9708168 9707247
9709096 9707247
9711083 9707247
9712005 9707247
9712149 9707247
9712172 9707247
9708044 9707251
9708068 9707251
9708118 9707251
9708127 9707251
9708168 9707251
9709010 9707251
9709096 9707251
9711143 9707251
9712005 9707251
9712149 9707251
9712172 9707251
9708015 9707258
9708082 9707258
9708118 9707258
9708122 9707258
9708127 9707258
9708134 9707258
9708168 9707258
9709096 9707258
9711143 9707258
9712005 9707258
9712029 9707258
9712149 9707258
9712172 9707258
9712193 9707258
9708044 9708015
9708082 9708015
9708118 9708015
9708122 9708015
9708127 9708015
9708134 9708015
9708168 9708015
9709096 9708015
9711083 9708015
9711143 9708015
9712005 9708015
9712029 9708015
9712149 9708015
9712172 9708015
9712193 9708015
9711030 9708041
9712135 9708041
9708082 9708044
9708122 9708044
9708127 9708044
9708168 9708044
9709096 9708044
9711030 9708044
9711083 9708044
9711143 9708044
9712005 9708044
9712149 9708044
9712172 9708044
9712193 9708044
9708118 9708068
9708127 9708068
9708168 9708068
9709096 9708068
9711143 9708068
9712005 9708068
9712149 9708068
9708118 9708082
9708122 9708082
9708127 9708082
9708134 9708082
9708168 9708082
9709096 9708082
9711083 9708082
9711143 9708082
9712005 9708082
9712149 9708082
9712172 9708082
9712193 9708082
9708168 9708118
9709096 9708118
9712005 9708118
9712143 9708118
9712149 9708118
9712193 9708118
9708168 9708122
9709096 9708122
9711030 9708122
9712005 9708122
9712149 9708122
9708168 9708127
9709096 9708127
9711083 9708127
9711143 9708127
9712005 9708127
9712149 9708127
9712172 9708127
9712193 9708127
9708168 9708134
9709096 9708134
9711143 9708134
9712005 9708134
9712149 9708134
9712193 9708134
9709096 9708168
9711143 9708168
9712005 9708168
9712149 9708168
9712193 9708168
9709096 9709010
9710116 9709010
9712005 9709010
9712149 9709010
9711083 9709096
9711143 9709096
9712005 9709096
9712149 9709096
9712172 9709096
9712193 9709096
9711083 9709211
9711143 9709211
9712005 9709211
9712149 9709211
9712193 9709211
9712005 9710020
9712149 9710020
9712005 9710116
9712149 9710116
9711143 9711030
9712135 9711030
9711143 9711083
9712005 9711083
9712149 9711083
9712005 9711143
9712149 9711143
9712172 9711143
9712184 9711143
9712193 9711143
9712149 9712005
9712172 9712005
9712193 9712005
9712149 9712029
9712149 9712143
9712149 9712145
9712172 9712149
11:
9706089 9612128
9706109 9612128
9706141 9612128
9706217 9612128
9710123 9612128
9712046 9612128
9706109 9706089
9706141 9706089
9706217 9706089
9710123 9706089
9712046 9706089
9706141 9706109
9706217 9706109
9710123 9706109
9712046 9706109
9706217 9706141
9710123 9706141
9712046 9706141
9710123 9706217
9712046 9706217
9712046 9710123
12:
9701093 9612127
9704145 9612127
9707018 9612127
9707126 9612127
9708062 9612127
9709058 9612127
9709062 9612127
9710078 9612127
9712155 9612127
9704145 9701093
9706175 9701093
9707018 9701093
9707126 9701093
9707134 9701093
9707222 9701093
9707241 9701093
9708062 9701093
9709058 9701093
9709062 9701093
9709116 9701093
9710023 9701093
9710078 9701093
9710151 9701093
9712155 9701093
9712164 9701093
9712195 9701093
9706175 9611205
9707018 9611205
9707126 9611205
9708062 9611205
9709058 9611205
9709062 9611205
9706175 9704145
9707018 9704145
9707126 9704145
9707134 9704145
9707222 9704145
9707241 9704145
9708062 9704145
9709058 9704145
9710023 9704145
9710078 9704145
9710151 9704145
9712155 9704145
9712164 9704145
9712195 9704145
9707018 9706175
9707126 9706175
9707134 9706175
9707241 9706175
9708062 9706175
9709058 9706175
9709062 9706175
9710023 9706175
9710078 9706175
9710151 9706175
9712155 9706175
9712164 9706175
9712195 9706175
9707126 9707018
9707222 9707018
9707241 9707018
9708062 9707018
9709058 9707018
9709062 9707018
9709116 9707018
9710023 9707018
9710078 9707018
9710151 9707018
9712155 9707018
9712164 9707018
9712195 9707018
9707222 9707126
9708062 9707126
9709058 9707126
9709062 9707126
9710078 9707126
9710151 9707126
9712155 9707126
9712195 9707126
9707241 9707134
9710023 9707134
9712164 9707134
9707241 9707222
9708062 9707222
9709058 9707222
9709116 9707222
9710023 9707222
9710078 9707222
9712155 9707222
9712164 9707222
9712195 9707222
9710023 9707241
9712164 9707241
9709058 9708062
9709062 9708062
9709062 9709058
9710151 9709058
9712195 9709058
9710023 9709116
9710078 9709116
9712155 9709116
9712164 9709116
9710078 9710023
9710151 9710023
9712155 9710023
9712164 9710023
9712195 9710023
9712155 9710078
9712164 9710078
9712155 9710151
9712164 9710151
9712195 9710151
13:
9702076 9510017
9703040 9510017
9708005 9510017
9709091 9510017
9709160 9510017
9712253 9510017
9701187 9601029
9702015 9601029
9702045 9601029
9702076 9601029
9703040 9601029
9703146 9601029
9703216 9601029
9704112 9601029
9704156 9601029
9704195 9601029
9705078 9601029
9705165 9601029
9705192 9601029
9706071 9601029
9706100 9601029
9706204 9601029
9708005 9601029
9708090 9601029
9708099 9601029
9709091 9601029
9709160 9601029
9709206 9601029
9712253 9601029
9701187 9602043
9702015 9602043
9702045 9602043
9702076 9602043
9702109 9602043
9702153 9602043
9703040 9602043
9703146 9602043
9703216 9602043
9704156 9602043
9704195 9602043
9705078 9602043
9705165 9602043
9705192 9602043
9706071 9602043
9706100 9602043
9706204 9602043
9707157 9602043
9708005 9602043
9708090 9602043
9708099 9602043
9709160 9602043
9709172 9602043
9709206 9602043
9712253 9602043
9701187 9603109
9702045 9603109
9702109 9603109
9702153 9603109
9703216 9603109
9704112 9603109
9705192 9603109
9706071 9603109
9706100 9603109
9707157 9603109
9709172 9603109
9712253 9603109
9701187 9610172
9702015 9610172
9702076 9610172
9702109 9610172
9702153 9610172
9703040 9610172
9703146 9610172
9703216 9610172
9704112 9610172
9704156 9610172
9704195 9610172
9705078 9610172
9705165 9610172
9705192 9610172
9706071 9610172
9706100 9610172
9706204 9610172
9707157 9610172
9708005 9610172
9708099 9610172
9709160 9610172
9709206 9610172
9712118 9610172
9712253 9610172
9702015 9604042
9702045 9604042
9703216 9604042
9704112 9604042
9704195 9604042
9705078 9604042
9706100 9604042
9707157 9604042
9709160 9604042
9709206 9604042
9712253 9604042
9702076 9604089
9703040 9604089
9708005 9604089
9709091 9604089
9709160 9604089
9712253 9604089
9702076 9602135
9703040 9602135
9708005 9602135
9709091 9602135
9709160 9602135
9712253 9602135
9701187 9609026
9702015 9609026
9702045 9609026
9702076 9609026
9702109 9609026
9702153 9609026
9703040 9609026
9703146 9609026
9703216 9609026
9704112 9609026
9704156 9609026
9704195 9609026
9705078 9609026
9705165 9609026
9705192 9609026
9706071 9609026
9706100 9609026
9706204 9609026
9707157 9609026
9708005 9609026
9708090 9609026
9708099 9609026
9709160 9609026
9709172 9609026
9709206 9609026
9712118 9609026
9712253 9609026
9701187 9612051
9702076 9612051
9702109 9612051
9703040 9612051
9703146 9612051
9703216 9612051
9704112 9612051
9704195 9612051
9705078 9612051
9706100 9612051
9707157 9612051
9708005 9612051
9708099 9612051
9709160 9612051
9709206 9612051
9712253 9612051
9701187 9601152
9701187 9606185
9701187 9607149
9701187 9608108
9701187 9608126
9701187 9609052
9701187 9609076
9702109 9701187
9702153 9701187
9703040 9701187
9703146 9701187
9703216 9701187
9704112 9701187
9704156 9701187
9705165 9701187
9705192 9701187
9706071 9701187
9706100 9701187
9706204 9701187
9707157 9701187
9708005 9701187
9709160 9701187
9709206 9701187
9712118 9701187
9712253 9701187
9702109 9601152
9703146 9601152
9704156 9601152
9705165 9601152
9709206 9601152
9702015 9606185
9702045 9606185
9702076 9606185
9702109 9606185
9702153 9606185
9703040 9606185
9703146 9606185
9703216 9606185
9704112 9606185
9704156 9606185
9704195 9606185
9705078 9606185
9705165 9606185
9705192 9606185
9706071 9606185
9706100 9606185
9706204 9606185
9707157 9606185
9708005 9606185
9708090 9606185
9709160 9606185
9709172 9606185
9709206 9606185
9712118 9606185
9712253 9606185
9702076 9607149
9703040 9607149
9703146 9607149
9704112 9607149
9704156 9607149
9704195 9607149
9705165 9607149
9709206 9607149
9712253 9607149
9702015 9608108
9702045 9608108
9702076 9608108
9702109 9608108
9703040 9608108
9703146 9608108
9703216 9608108
9704112 9608108
9704156 9608108
9704195 9608108
9705192 9608108
9706071 9608108
9706100 9608108
9706204 9608108
9707157 9608108
9708005 9608108
9709160 9608108
9709172 9608108
9709206 9608108
9712253 9608108
9703040 9608126
9703216 9608126
9704112 9608126
9706100 9608126
9707157 9608126
9708005 9608126
9709160 9608126
9709206 9608126
9712253 9608126
9702015 9609052
9702045 9609052
9703040 9609052
9703146 9609052
9704156 9609052
9705165 9609052
9705192 9609052
9706071 9609052
9706100 9609052
9707157 9609052
9709160 9609052
9709206 9609052
9712118 9609052
9712253 9609052
9702015 9609076
9702045 9609076
9702076 9609076
9702109 9609076
9703040 9609076
9703146 9609076
9703216 9609076
9704112 9609076
9704195 9609076
9705078 9609076
9705165 9609076
9706071 9609076
9706100 9609076
9706204 9609076
9708005 9609076
9709160 9609076
9709206 9609076
9712253 9609076
9702109 9702015
9703040 9702015
9703146 9702015
9703216 9702015
9704112 9702015
9704156 9702015
9704195 9702015
9705078 9702015
9705165 9702015
9705192 9702015
9706071 9702015
9706100 9702015
9706204 9702015
9707157 9702015
9708005 9702015
9708090 9702015
9708099 9702015
9712118 9702015
9712253 9702015
9702109 9702045
9702153 9702045
9703040 9702045
9703216 9702045
9704112 9702045
9704195 9702045
9705192 9702045
9706071 9702045
9706100 9702045
9706204 9702045
9707157 9702045
9708005 9702045
9708099 9702045
9709160 9702045
9709172 9702045
9712253 9702045
9702076 9605234
9703040 9702076
9704112 9702076
9704195 9702076
9706204 9702076
9708005 9702076
9709091 9702076
9709160 9702076
9709206 9702076
9712253 9702076
9702109 9605234
9703040 9605234
9703146 9605234
9703216 9605234
9704112 9605234
9704156 9605234
9704195 9605234
9705078 9605234
9705165 9605234
9706204 9605234
9708005 9605234
9708099 9605234
9709160 9605234
9709206 9605234
9712253 9605234
9702153 9702109
9703040 9702109
9703146 9702109
9703216 9702109
9704112 9702109
9704156 9702109
9704195 9702109
9705165 9702109
9705192 9702109
9706071 9702109
9706100 9702109
9706204 9702109
9707157 9702109
9708005 9702109
9708099 9702109
9709160 9702109
9709172 9702109
9709206 9702109
9705192 9702153
9706071 9702153
9706204 9702153
9707157 9702153
9709172 9702153
9712118 9702153
9703146 9703040
9704112 9703040
9704156 9703040
9704195 9703040
9705165 9703040
9706204 9703040
9708005 9703040
9708099 9703040
9709091 9703040
9709160 9703040
9709206 9703040
9712253 9703040
9704156 9703146
9705165 9703146
9708005 9703146
9709160 9703146
9709206 9703146
9704112 9703216
9704195 9703216
9705078 9703216
9706100 9703216
9706204 9703216
9707157 9703216
9708005 9703216
9708099 9703216
9709160 9703216
9709206 9703216
9712253 9703216
9704195 9704112
9705078 9704112
9706100 9704112
9706204 9704112
9707157 9704112
9708005 9704112
9708099 9704112
9709160 9704112
9709206 9704112
9712253 9704112
9704195 9704156
9705078 9704156
9705165 9704156
9705192 9704156
9706071 9704156
9706204 9704156
9708005 9704156
9708090 9704156
9708099 9704156
9709160 9704156
9709206 9704156
9712118 9704156
9712253 9704156
9705078 9704195
9705192 9704195
9706071 9704195
9706204 9704195
9707157 9704195
9708005 9704195
9708090 9704195
9708099 9704195
9709160 9704195
9709206 9704195
9712118 9704195
9712253 9704195
9708099 9705078
9712118 9705078
9712253 9705078
9706204 9705165
9709206 9705165
9712253 9705165
9706071 9705192
9706100 9705192
9706204 9705192
9707157 9705192
9708005 9705192
9708090 9705192
9709160 9705192
9709172 9705192
9712118 9705192
9712253 9705192
9706100 9706071
9706204 9706071
9707157 9706071
9708005 9706071
9708090 9706071
9709172 9706071
9712118 9706071
9712253 9706071
9707157 9706100
9708005 9706100
9708099 9706100
9709172 9706100
9712118 9706100
9712253 9706100
9708005 9706204
9709160 9706204
9709206 9707157
9712118 9707157
9712253 9707157
9709091 9708005
9709160 9708005
9712253 9708005
9712253 9708099
9709160 9709091
9712253 9709091
9709206 9709160
9712253 9709160
9712253 9709206
9712253 9712118
14:
9701151 9610043
9701168 9610043
9703038 9610043
9703078 9610043
9705120 9610043
9705128 9610043
9706187 9610043
9709098 9610043
9711073 9610043
9701151 9612115
9701168 9612115
9703038 9612115
9703078 9612115
9705120 9612115
9705128 9612115
9706187 9612115
9709098 9612115
9711073 9612115
9701151 9612222
9701168 9701151
9703038 9701151
9703078 9701151
9705120 9701151
9705128 9701151
9706187 9701151
9709098 9701151
9711073 9701151
9701168 9612222
9703038 9612222
9703078 9612222
9705120 9612222
9705128 9612222
9706187 9612222
9709098 9612222
9711073 9612222
9703038 9701168
9703078 9701168
9705120 9701168
9705128 9701168
9706187 9701168
9709098 9701168
9711073 9701168
9705120 9703038
9705128 9703038
9706187 9703038
9709098 9703038
9711073 9703038
9705128 9703078
9706187 9703078
9711073 9703078
9706187 9705120
9709098 9705120
9711073 9705120
9706187 9705128
9711073 9705128
9711073 9706187
9711073 9709098
15:
9702163 9504081
9702205 9504081
9703041 9504081
9703204 9504081
9705011 9504081
9705079 9504081
9706153 9504081
9702163 9611174
9702205 9611174
9703041 9611174
9703204 9611174
9705079 9611174
9706153 9611174
9702205 9702163
9703041 9702163
9703204 9702163
9705011 9702163
9705079 9702163
9706153 9702163
9703041 9702205
9703204 9702205
9705011 9702205
9705079 9702205
9706153 9702205
9703204 9703041
9705011 9703041
9705079 9703041
9706153 9703041
9705011 9703204
9705079 9703204
9706153 9703204
9705079 9705011
9706153 9705079
16:
9702038 9612108
9705030 9702038
9705044 9702038
9705104 9702038
9708117 9702038
9712143 9702038
9712145 9702038
9712233 9702038
9705030 9612108
9705044 9612108
9705104 9612108
9708117 9612108
9712143 9612108
9712145 9612108
9712233 9612108
9705104 9705030
9708117 9705030
9712143 9705030
9712145 9705030
9712233 9705030
9705104 9705044
9708117 9705044
9712143 9705044
9712145 9705044
9712233 9705044
9708117 9705104
9712143 9705104
9712145 9705104
9712233 9705104
9712143 9708117
9712145 9708117
9712233 9708117
9712233 9712143
9712233 9712145
17:
9701008 9611065
9701149 9701008
9701166 9701008
9702008 9701008
9703062 9701008
9703127 9701008
9705093 9701008
9707110 9701008
9710127 9701008
9701037 9611065
9701149 9611065
9701166 9611065
9702008 9611065
9702111 9611065
9703062 9611065
9703127 9611065
9705093 9611065
9707110 9611065
9710127 9611065
9701037 9512062
9701149 9512062
9702008 9512062
9703127 9512062
9705093 9512062
9707110 9512062
9701037 9607227
9701037 9610249
9701037 9611008
9701037 9611159
9701037 9611173
9701127 9701037
9701149 9701037
9701166 9701037
9702008 9701037
9703062 9701037
9703099 9701037
9703127 9701037
9705040 9701037
9705064 9701037
9705093 9701037
9705118 9701037
9707110 9701037
9709069 9701037
9709202 9701037
9710127 9701037
9711007 9701037
9711203 9701037
9701127 9607227
9701149 9607227
9702008 9607227
9702111 9607227
9703099 9607227
9703127 9607227
9705040 9607227
9705064 9607227
9705093 9607227
9705118 9607227
9707110 9607227
9711007 9607227
9711203 9607227
9701149 9610249
9701166 9610249
9702008 9610249
9705040 9610249
9709069 9610249
9709202 9610249
9701127 9611008
9701149 9611008
9701166 9611008
9702008 9611008
9702111 9611008
9703099 9611008
9703127 9611008
9705040 9611008
9705064 9611008
9705093 9611008
9705118 9611008
9707110 9611008
9709069 9611008
9709202 9611008
9711007 9611008
9711203 9611008
9701149 9611159
9701166 9611159
9702008 9611159
9705040 9611159
9709069 9611159
9709202 9611159
9701149 9611173
9701166 9611173
9702008 9611173
9705040 9611173
9709069 9611173
9709202 9611173
9701149 9701127
9703127 9701127
9705064 9701127
9707110 9701127
9711007 9701127
9702008 9701149
9702111 9701149
9703062 9701149
9703099 9701149
9703127 9701149
9705040 9701149
9705064 9701149
9705093 9701149
9705118 9701149
9707110 9701149
9709069 9701149
9709202 9701149
9710127 9701149
9711007 9701149
9711203 9701149
9702008 9701166
9702111 9701166
9703062 9701166
9703099 9701166
9703127 9701166
9705040 9701166
9705064 9701166
9705118 9701166
9707110 9701166
9709069 9701166
9709202 9701166
9710127 9701166
9711007 9701166
9711203 9701166
9702111 9702008
9703062 9702008
9703099 9702008
9703127 9702008
9705040 9702008
9705064 9702008
9705093 9702008
9705118 9702008
9707110 9702008
9709069 9702008
9709202 9702008
9710127 9702008
9711007 9702008
9711203 9702008
9703127 9702111
9705040 9702111
9705093 9702111
9705118 9702111
9707110 9702111
9711203 9702111
9703127 9703062
9707110 9703062
9710127 9703062
9707110 9703099
9711203 9703099
9705040 9703127
9705064 9703127
9705093 9703127
9705118 9703127
9707110 9703127
9709069 9703127
9709202 9703127
9710127 9703127
9711007 9703127
9705118 9705040
9707110 9705040
9709069 9705040
9709202 9705040
9705118 9705064
9707110 9705064
9711007 9705064
9711203 9705064
9707110 9705093
9711007 9705093
9711203 9705093
9711203 9705118
9711203 9707110
9709202 9709069
18:
9703228 9607163
9704029 9607163
9704197 9607163
9705057 9607163
9705117 9607163
9710098 9607163
9704029 9703228
9704197 9703228
9705057 9703228
9705117 9703228
9710098 9703228
9704197 9704029
9705057 9704029
9705117 9704029
9710098 9704029
9705057 9704197
9705117 9704197
9710098 9704197
9705117 9705057
9710098 9705057
9710098 9705117
19:
9702014 9411149
9703051 9411149
9703210 9411149
9705148 9411149
9711069 9411149
9712020 9411149
9702014 9611230
9703051 9702014
9703166 9702014
9703210 9702014
9705148 9702014
9706155 9702014
9711069 9702014
9712020 9702014
9703051 9611230
9703166 9611230
9703210 9611230
9705148 9611230
9706155 9611230
9711069 9611230
9712020 9611230
9703210 9703051
9705148 9703051
9711069 9703051
9712020 9703051
9703210 9703166
9706155 9703166
9711069 9703166
9712020 9703166
9705148 9703210
9706155 9703210
9711069 9703210
9712020 9703210
9706155 9705148
9711069 9705148
9712020 9705148
9711069 9706155
9712020 9706155
9712020 9711069
20:
9702136 9612126
9704123 9612126
9705113 9612126
9705175 9612126
9707164 9612126
9710124 9612126
9704123 9702136
9705113 9702136
9705175 9702136
9707164 9702136
9710124 9702136
9705113 9704123
9705175 9704123
9707164 9704123
9710124 9704123
9705175 9705113
9707164 9705113
9710124 9705113
9707164 9705175
9710124 9705175
9710124 9707164
21:
9701015 9411149
9702014 9411149
9702173 9411149
9702180 9411149
9703051 9411149
9711069 9411149
9701015 9612052
9702014 9701015
9702173 9701015
9702180 9701015
9703051 9701015
9711069 9701015
9702014 9612052
9702173 9612052
9702180 9612052
9703051 9612052
9711069 9612052
9702173 9702014
9702180 9702014
9703051 9702014
9711069 9702014
9702173 9702180
9703051 9702173
9711069 9702173
9703051 9702180
9711069 9702180
9711069 9703051
22:
9701025 9610043
9702101 9610043
9702187 9610043
9703030 9610043
9705225 9610043
9707261 9610043
9701025 9611042
9702101 9701025
9702187 9701025
9703030 9701025
9705225 9701025
9707261 9701025
9702101 9611042
9702187 9611042
9703030 9611042
9705225 9611042
9707261 9611042
9702187 9702101
9703030 9702101
9705225 9702101
9707261 9702101
9703030 9702187
9705225 9702187
9707261 9702187
9705225 9703030
9707261 9703030
9707261 9705225
23:
9702205 9604035
9703041 9604035
9703204 9604035
9704143 9604035
9705011 9604035
9705079 9604035
9706153 9604035
9709033 9604035
9702205 9606139
9703041 9606139
9703204 9606139
9704143 9606139
9705011 9606139
9705079 9606139
9706153 9606139
9709033 9606139
9703041 9702205
9703204 9702205
9704143 9702205
9705011 9702205
9705079 9702205
9706153 9702205
9709033 9702205
9703204 9703041
9704143 9703041
9705011 9703041
9705079 9703041
9706153 9703041
9709033 9703041
9704143 9703204
9705011 9703204
9705079 9703204
9706153 9703204
9709033 9703204
9705011 9704143
9705079 9704143
9706153 9704143
9709033 9704143
9705079 9705011
9709033 9705011
9706153 9705079
24:
9702198 9608111
9704170 9608111
9705022 9608111
9709010 9608111
9710116 9608111
9710239 9608111
9704170 9702198
9705022 9702198
9709010 9702198
9710116 9702198
9710239 9702198
9705022 9704170
9709010 9704170
9710116 9704170
9710239 9704170
9709010 9705022
9710116 9705022
9710239 9705022
9710116 9709010
9710239 9709010
9710239 9710116
25:
9702198 9608111
9703098 9608111
9705022 9608111
9709010 9608111
9710239 9608111
9711156 9608111
9703098 9702198
9705022 9702198
9709010 9702198
9710239 9702198
9711156 9702198
9705022 9703098
9709010 9703098
9710239 9703098
9711156 9703098
9709010 9705022
9710239 9705022
9711156 9705022
9710239 9709010
9711156 9709010
9711156 9710239
26:
9702187 9611202
9703030 9611202
9704018 9611202
9709138 9611202
9711001 9611202
9712071 9611202
9703030 9702187
9704018 9702187
9709138 9702187
9711001 9702187
9712071 9702187
9704018 9703030
9709138 9703030
9711001 9703030
9712071 9703030
9709138 9704018
9711001 9704018
9712071 9704018
9711001 9709138
9712071 9709138
9712071 9711001
27:
9707079 9507121
9707093 9507121
9709015 9507121
9709118 9507121
9710005 9507121
9711001 9507121
9712117 9507121
9707079 9705221
9707093 9705221
9709015 9705221
9709118 9705221
9710005 9705221
9711001 9705221
9707093 9707079
9709015 9707079
9709118 9707079
9710005 9707079
9711001 9707079
9712117 9707079
9709015 9707093
9709118 9707093
9710005 9707093
9711001 9707093
9712117 9707093
9709118 9709015
9710005 9709015
9711001 9709015
9712117 9709015
9710005 9709118
9711001 9709118
9712117 9709118
9711001 9710005
9712117 9711001
