# The directed communities at k=7
# from /Users/bogna/dev/role-mining/datasets/hepth/timeslots/cit-HepTh-1997.edges
# at no lower link weight threshold,
# and at no upper link weight threshold.
# Links were treated as directed.
# No time limit was set for the clique search.

0: 9504090 9508072 9602136 9607077 9608059 9608099 9610105 9610232 9702010 9611210 9702103 9703101 9704095 9704147 9705169 9708065 9708103 9710046 9712221 
1: 9504006 9706108 9512143 9609016 9612203 9706169 9706216 9709088 9709129 9710212 9711025 9711038 
2: 9309023 9509074 9510117 9611039 9211021 9406216 9507017 9702043 9703150 9705035 9706221 9708046 9709022 9710188 9711027 
3: 9602022 9602049 9603116 9604139 9607112 9607185 9612119 9703060 9604200 9703123 9703214 9704054 9704057 9705205 9707215 9708064 9709025 9710066 9710141 9711127 
4: 9510209 9602070 9603142 9605136 9609209 9608019 9704177 9705037 9706171 9707143 9707208 9707223 9709023 9709043 9710208 9711080 9711158 9711197 9712022 9712214 
5: 9708147 9709027 9710097 9710181 9711094 9711097 9711130 9711202 9712050 
6: 9410167 9503124 9507121 9611050 9501068 9510135 9601029 9608024 9610043 9510209 9701025 9611042 9512059 9602051 9603126 9604055 9603109 9612146 9701125 9510169 9701139 9610082 9610236 9611164 9611202 9611215 9612087 9612157 9612223 9702006 9612162 9702099 9702101 9702108 9702136 9702187 9702203 9703030 9703031 9703039 9703052 9703077 9703102 9703133 9703163 9703209 9703211 9703217 9703218 9704018 9704029 9704030 9704041 9704080 9704086 9704087 9704089 9704123 9704127 9704134 9704158 9705053 9705055 9705078 9705091 9705107 9705110 9705113 9705116 9705117 9705120 9705132 9705162 9705175 9705188 9705190 9705212 9705221 9706072 9706073 9706117 9706130 9706144 9706168 9706194 9706196 9707019 9707042 9707079 9707093 9707099 9707102 9707123 9707134 9707158 9707164 9707179 9707200 9707217 9707228 9707250 9707259 9708022 9708034 9708037 9708063 9708083 9708085 9708117 9708123 9709015 9709038 9709087 9709091 9709099 9709107 9709108 9709114 9709118 9709122 9709123 9709138 9709139 9709199 9709220 9709225 9710005 9710009 9710027 9710057 9710065 9710104 9710122 9710165 9710174 9710178 9710217 9710219 9710226 9710228 9710231 9710247 9711001 9711003 9711005 9711010 9711029 9711031 9711037 9711046 9711078 9711082 9711098 9711138 9711162 9711165 9711179 9711200 9712012 9712013 9712047 9712049 9712055 9712063 9712071 9712072 9712075 9712077 9712084 9712086 9712105 9712117 9712142 9712159 9712168 9712179 9712185 9712202 9712223 9712236 9712238 9712253 
7: 9611230 9705074 9705084 9705130 9706142 9708137 9709065 9710218 9711098 9711117 9711177 9712086 
8: 9701023 9603161 9606122 9701147 9701162 9703007 9705197 9709222 
9: 9511222 9704167 9705138 9706225 9707118 9709178 9710082 9710168 
10: 9407087 9408099 9411149 9503179 9505075 9505100 9509175 9509066 9411048 9411057 9701015 9505006 9611050 9611090 9612052 9501068 9510225 9512059 9507158 9604034 9505004 9506148 9503086 9505088 9506011 9702014 9607207 9611230 9606139 9611063 9702154 9702180 9612131 9703051 9703100 9703110 9703166 9703172 9703210 9703215 9704043 9704044 9704061 9704104 9704170 9704198 9705003 9705004 9705022 9705031 9705106 9705148 9705199 9705220 9705232 9706047 9706050 9706082 9706087 9706109 9706127 9706131 9706155 9707027 9707120 9707192 9707197 9707244 9707247 9707251 9707258 9708015 9708041 9708044 9708068 9708082 9708118 9708122 9708127 9708134 9708168 9709010 9709096 9709146 9709211 9709228 9710020 9710116 9711030 9711083 9711102 9711143 9712005 9712029 9712135 9712143 9712145 9712149 9712172 9712184 9712193 
11: 9612128 9706089 9706109 9706141 9706217 9710123 9712046 
12: 9612127 9701093 9611205 9704145 9706175 9707018 9707126 9707134 9707222 9707241 9708062 9709058 9709062 9709116 9710023 9710078 9710151 9712155 9712164 9712195 
13: 9510017 9601029 9602043 9603109 9610172 9604042 9604089 9602135 9609026 9612051 9701187 9601152 9606185 9607149 9608108 9608126 9609052 9609076 9702015 9702045 9702076 9605234 9702109 9702153 9703040 9703146 9703216 9704112 9704156 9704195 9705078 9705165 9705192 9706071 9706100 9706204 9707157 9708005 9708090 9708099 9709091 9709160 9709172 9709206 9712118 9712253 
14: 9610043 9612115 9701151 9612222 9701168 9703038 9703078 9705120 9705128 9706187 9709098 9711073 
15: 9504081 9611174 9702163 9702205 9703041 9703204 9705011 9705079 9706153 
16: 9702038 9612108 9705030 9705044 9705104 9708117 9712143 9712145 9712233 
17: 9701008 9611065 9512062 9701037 9607227 9610249 9611008 9611159 9611173 9701127 9701149 9701166 9702008 9702111 9703062 9703099 9703127 9705040 9705064 9705093 9705118 9707110 9709069 9709202 9710127 9711007 9711203 
18: 9607163 9703228 9704029 9704197 9705057 9705117 9710098 
19: 9411149 9702014 9611230 9703051 9703166 9703210 9705148 9706155 9711069 9712020 
20: 9612126 9702136 9704123 9705113 9705175 9707164 9710124 
21: 9411149 9701015 9612052 9702014 9702173 9702180 9703051 9711069 
22: 9610043 9701025 9611042 9702101 9702187 9703030 9705225 9707261 
23: 9604035 9606139 9702205 9703041 9703204 9704143 9705011 9705079 9706153 9709033 
24: 9608111 9702198 9704170 9705022 9709010 9710116 9710239 
25: 9608111 9702198 9703098 9705022 9709010 9710239 9711156 
26: 9611202 9702187 9703030 9704018 9709138 9711001 9712071 
27: 9507121 9705221 9707079 9707093 9709015 9709118 9710005 9711001 9712117 
