# The contained directed cliques in the directed communities at k=7
# from /Users/bogna/dev/role-mining/datasets/hepth/timeslots/cit-HepTh-1997.edges
# at no lower link weight threshold,
# and at no upper link weight threshold.
# Links were treated as directed.
# No time limit was set for the clique search.

0: 1505 3316 4427 7389 9247 9248 9249 3318 4429 7392 10964 10965 10966 5829 12350 5828 7391 10959 10960 9553 
1: 1967 1968 2737 3228 2738 3229 2375 
2: 2494 5088 5089 5090 5091 5092 5093 5094 5786 
3: 3102 3966 6838 7123 7125 7126 7127 3967 6836 6837 7122 7124 7128 7129 7130 7131 10318 3969 6840 7119 7120 7121 10692 
4: 3306 3307 3308 5207 5208 3309 7695 7699 7700 7701 7706 7697 7698 5203 5671 5204 5664 5666 5667 5669 5672 5674 5731 7376 7694 7704 5662 5663 5665 5733 5727 5729 7374 7662 
5: 3880 3881 4831 4832 
6: 3926 3927 12094 12108 12109 12133 10574 10575 10578 10579 12053 12056 12054 12058 12057 12123 12055 12125 12063 12065 12088 12091 12096 12098 12099 17399 17400 12064 12107 12111 12142 11812 12086 12087 12120 12140 12141 12145 17422 17645 17646 17647 17650 19590 11806 11808 11809 11810 11813 11817 11821 11822 16756 16851 17444 17488 17490 17591 18248 19244 19582 19591 19932 11807 11811 11816 11818 14020 14021 14033 14045 14046 15007 15008 15720 16826 16848 16850 17439 17440 17441 17450 17451 17452 17530 19574 19610 19916 11815 14044 14058 15004 15010 15027 15736 17455 17555 17559 18296 18636 19117 19577 19611 19721 19725 19925 20278 20394 11819 12119 14007 14024 14049 14052 15740 17454 19578 20331 11820 16784 19580 16788 19581 16779 16787 16853 16721 16767 16770 16771 16774 16775 16777 16778 16790 16804 16813 16825 16829 16835 16836 16838 19730 20171 16718 16719 16722 16725 16728 16745 16746 16766 16776 16789 16828 19685 16768 16796 16803 19701 19708 14025 15725 16769 16772 16783 16785 16795 16798 16800 16830 19621 20378 14002 14003 14004 14005 14022 14027 14028 14029 14030 14031 14032 14034 14036 14040 14050 14053 14059 15724 15729 15731 19575 19609 19625 19627 9519 12102 14006 14008 14009 14023 14042 14043 14054 14061 14064 14067 14070 15009 15723 15728 15730 15783 16781 17398 17401 17402 17404 17409 17412 17421 17423 17424 17443 17446 17447 17534 17537 17615 17616 17617 17618 17620 17621 17628 17629 17634 17636 17641 17642 17649 18925 18930 19243 19414 19576 19583 19584 19596 9517 9520 9522 9525 9518 9521 9523 9524 18938 9526 9530 14041 18940 9532 19558 9531 19554 19556 9529 19552 18908 11211 17549 18910 18911 18912 18915 18922 18926 19567 11212 11213 11214 8641 15784 17550 8629 9528 9527 17552 17414 17551 17408 17410 17413 17417 17538 18921 15727 17415 17531 18924 18929 15726 15743 14026 15722 15742 17445 12085 14051 12084 12117 12116 17442 17453 17456 14048 15738 15739 19678 19681 19682 19683 19684 19927 20401 20459 14019 10567 10582 14614 14654 15719 18575 19720 19915 20178 20179 20181 20205 20207 20396 20398 10565 10568 10583 14047 10560 10563 10566 10580 10561 10564 10581 14060 14035 17418 17411 12132 17419 12101 12122 12126 12127 12131 17405 17639 12118 17403 17635 17457 17631 17458 18931 17416 18932 18948 18949 14057 18928 17570 17637 18923 17536 17560 17566 17568 17571 17572 12095 16723 16780 16845 17475 17533 17539 17542 17590 18937 12092 12100 12124 12144 19841 12093 12097 19840 17619 17605 17626 17627 19064 19066 19646 19647 20212 20219 15854 17630 18122 18939 19648 19651 20194 20213 14069 15856 15857 15867 15870 15871 15872 18124 18128 19068 14066 15873 18131 18132 18113 18129 19553 19557 19570 18110 18111 19569 18108 20203 19376 19566 19755 19837 19844 19848 19951 19956 20075 20175 20202 20210 20217 20400 20402 15868 18914 19078 19378 19380 19652 20076 15847 15869 15846 15848 20196 20198 19923 15849 19917 19093 19114 19115 19834 19911 19918 19921 19926 20214 20221 20481 19094 19107 19108 19095 19096 19098 19733 19849 20399 19097 19850 19103 19853 19864 17598 19843 19863 16786 17529 17541 17558 17576 17588 17593 17597 17599 19579 20186 16726 16849 16855 16724 16752 16755 16759 17564 16720 16753 16782 16846 18950 16847 16852 16837 19588 15919 16831 16832 16842 16862 16865 16866 18244 19679 19696 15922 15934 15937 14944 15938 15939 15941 15950 15951 15953 16738 16744 16747 16750 16827 14909 14913 14914 14923 14937 14941 14943 14945 16736 16810 16811 7239 10685 14777 14906 14910 14911 14912 14936 14938 15940 15943 16801 16808 16814 16815 16819 16841 18351 18717 18718 18720 18721 7226 7234 7237 7238 7241 7224 7225 7228 7210 7223 7209 7212 7217 7211 7216 7218 7227 7219 7240 7233 7236 14916 14917 15904 15905 15906 15909 16325 16326 16327 16328 16324 16337 18211 10675 14915 10676 10677 10687 10690 9844 10673 10681 11766 12381 15018 15024 16794 16799 18238 19485 19486 9810 9843 9848 11760 15017 15022 18283 19490 9809 9813 9812 9833 9864 18270 18294 9834 9868 18277 8785 14617 18576 18577 20449 8782 8784 8781 16964 16965 11741 16663 16953 18573 16655 16661 16668 16670 16697 16652 16653 16656 16657 16683 16692 16654 16689 18571 16679 16685 16688 16682 16691 16696 16693 16701 16703 16638 16660 16694 16639 16645 16647 16642 16646 16648 16702 16704 16667 16669 9349 18572 18574 16132 16950 20447 18633 18634 7141 7146 15021 18635 18643 18645 19724 19736 20270 20393 7144 7157 7159 7149 7158 7160 15023 19716 15029 19717 15030 15032 18245 19718 19719 19746 19750 15028 18246 19491 19492 18297 19498 17553 18305 17524 17526 17540 17554 17556 17574 17592 19737 16843 17525 17527 16751 16844 16856 17578 17563 17580 17565 18264 17567 17569 20337 17535 17562 17573 20216 17622 19922 20215 20222 19920 19953 19919 19936 19952 19677 19931 19935 14656 16861 17470 17481 17484 19680 19695 20457 14598 14616 14658 14663 14600 14604 17471 19249 19265 19266 19261 19267 19268 19688 17640 19254 19262 18934 18933 18935 18942 18941 19586 14055 18913 19585 14056 18916 19571 19573 19572 19784 20078 19603 19783 19600 19602 19777 19847 19599 19608 19649 19587 19650 19657 19658 19660 19858 19074 19659 19073 19101 14808 19109 12159 12113 12137 12154 14807 19110 12104 19846 20073 12129 19099 19854 19786 19852 19758 19756 19757 19765 19729 19763 20177 15746 19728 19731 20182 15747 15737 15741 15721 15745 15744 15031 19687 20180 15003 15002 15005 15013 19568 19422 20176 17557 18276 20174 17528 17575 18275 19762 19764 19732 19838 19836 19845 19835 19842 19955 19954 19965 19967 20170 19934 19964 18249 19933 19938 17489 17596 18256 18280 18299 20463 20504 16764 17493 18255 17491 17492 17494 20462 17473 19245 17483 19242 17482 17485 19250 17486 19690 19689 19594 19595 19597 19589 19620 20188 20460 19722 20295 19723 19726 20183 20292 14664 19727 20185 20404 14625 14657 14624 20029 14619 14631 17129 14629 19752 16793 16809 19744 19745 20375 20377 16797 16791 16802 16792 16807 16824 18713 18719 16839 18236 16748 16858 16739 16760 16740 16817 16763 16765 16860 16743 16863 15952 16821 15914 15949 14925 15912 15913 14920 14924 14926 14918 14921 14942 15915 15907 16329 16330 14939 15910 15944 15948 15954 19489 18263 15935 16820 16823 16859 16840 16864 15942 18322 18714 18715 18716 19790 15930 15945 15947 18323 15931 18209 15933 18212 14935 18215 18216 14907 18217 18213 18210 18326 12379 14773 18325 18334 18348 12378 10674 12382 14772 16403 11770 16404 14778 18350 18347 18349 14940 15946 16833 18722 18239 18237 18284 20379 18262 20376 20330 20325 20503 19706 19707 19686 19697 19698 19747 19739 19751 19738 19743 19742 19740 19741 16735 16737 20272 20271 20279 17111 8771 5525 5535 20461 17594 18646 19121 20395 18644 20294 20187 20403 20290 20397 20211 18298 18287 20184 19937 20458 14424 11728 14414 14419 11724 11726 11723 14416 19628 19626 19966 17589 17595 20172 18259 19961 19958 15426 19656 19704 17472 19703 17474 17496 17497 20329 19256 19257 19253 19614 17633 17632 20218 17546 17545 17548 17836 11483 11490 11527 17833 6764 7818 7822 7823 7824 7825 7831 9018 9019 9022 9023 9027 9032 11470 11471 11472 11478 11479 11481 11482 11484 11491 11516 11523 11525 11528 16177 6763 6765 6776 6723 6761 6766 6767 6768 6775 6782 11474 11522 11526 11539 11540 15284 15285 15286 6725 6721 5737 6720 8923 8934 8940 8941 11475 11476 5738 5739 5740 11477 12864 7819 12865 12934 7821 7832 7827 11544 11543 11545 11542 11550 11555 16133 18464 11549 11554 12875 15154 16148 11531 11548 11551 11514 11530 11533 11536 11480 11509 11513 11468 8922 11469 11473 11508 11512 11535 11515 7826 11532 11537 6762 7828 6774 6778 7829 15288 11538 11556 12935 15271 15314 15324 15339 8540 12659 12874 12931 15045 15061 15118 15779 16113 18160 19160 19310 20062 20277 8525 8523 20060 12657 12654 12671 15781 15802 6789 15799 18465 6771 6781 6770 11552 11553 11547 11529 15791 11534 15310 15320 15055 15319 15325 15768 16125 15041 15051 15054 15056 15035 15037 15038 15040 15043 15069 15070 15798 15034 15033 15042 15062 15778 15036 15039 15044 15060 15774 15775 15049 15788 15789 15046 15050 15053 15057 15111 15305 15307 15047 15065 15109 15292 15066 15089 15075 15087 15090 15076 15077 16509 15093 15097 15127 15067 15608 15072 15073 15182 15603 15604 15790 15605 12905 15602 15806 12878 12885 12895 12906 12879 12886 12896 15597 15598 15599 15600 15808 15173 15188 15614 15615 15309 15601 15270 15268 15767 15266 15269 15280 15317 15763 15267 15278 15315 15328 15762 15279 15293 15306 15316 15329 15107 15281 15113 15115 15318 15308 15796 15797 15764 15606 15609 15078 15082 15088 15100 15079 15083 15101 16888 16889 16890 16891 15063 15071 15068 15052 15074 15121 15059 15112 15117 15108 15114 15126 15340 15080 15110 15143 15048 15145 15123 18161 12907 12887 12897 12898 16135 15275 15326 15276 6773 16117 16158 12876 16119 16156 8935 12877 18456 18454 12932 15177 8930 11487 11488 11507 11518 11517 11519 11520 11510 15287 12933 16179 9033 9017 9030 16174 16173 16175 8998 16405 8613 8995 8997 9008 8610 8612 8618 8617 9006 4865 4863 9002 9007 4864 4867 4870 4872 8611 8614 9001 4868 11957 11959 8662 11958 11963 9003 16413 16180 9029 16419 11169 9028 8924 12923 9020 6269 9031 11524 16176 18253 19493 9847 18273 10680 19487 16732 15936 10688 10691 16812 3935 17586 19116 13421 13404 13423 8433 13406 13408 13409 13410 5562 8434 5563 9332 9334 13414 13416 13417 19070 19379 19551 19555 19407 14012 17407 15864 18919 19063 11900 12138 17462 15758 17461 15757 17512 18927 17625 14655 7742 17584 15735 15734 15751 15753 15749 16183 
7: 3931 3932 5149 5151 5153 5150 5152 5154 5156 5155 
8: 4190 4191 
9: 4259 5220 
10: 4541 9158 9162 9705 11291 11295 13579 17159 17160 17161 17162 17163 17164 17165 17166 17167 17168 17169 17170 17171 17172 17173 17174 17175 17176 17177 17178 17179 17180 17181 17182 17203 17204 17205 17206 17207 17208 17209 17210 17211 17212 17213 17214 17215 17216 17217 17218 17219 17220 9159 9163 11292 11296 14427 14430 14443 14445 17183 17184 17185 17186 17187 17188 17189 17190 17191 17192 17193 17194 17195 17196 17197 17198 17199 17201 17221 17222 17223 17224 17225 17226 17227 17228 17229 17230 17231 17232 17233 17234 17235 17236 17237 17239 18965 18967 18983 18984 18987 18989 18999 19001 19017 19018 19021 19023 19039 19043 19047 19049 19504 19506 19508 19510 19513 19515 19517 19519 19521 19523 19525 19527 19530 19532 19534 19536 9160 16602 16604 16606 16608 16610 16612 16614 16616 18968 18970 18971 18972 18975 18976 18985 18986 18988 18990 18991 19002 19004 19005 19006 19009 19010 19019 19020 19022 19024 19025 19505 19507 19509 19511 19514 19516 19518 19520 19522 19524 19526 19528 19814 20145 20147 20157 20159 20228 20237 11293 15655 15656 15659 15660 15663 15664 15667 15668 7887 7889 10333 10334 10336 10337 10338 10340 10341 10342 10344 10614 10727 11023 11025 11029 11034 11037 11069 11071 12815 12816 12817 12818 12819 12820 12821 12822 12823 12825 12826 12827 12828 12829 12831 12837 12840 12842 13390 13477 13478 13483 13517 13518 13523 13524 13526 13529 13727 13729 13730 13738 13740 13741 13743 13744 13745 13938 13939 13940 13941 13942 13943 13944 13945 13946 13947 13948 13949 13950 13951 13952 13953 13954 13955 13956 13957 13958 13963 14363 14364 14365 14367 14369 14428 14429 14431 14432 14433 14434 14435 14436 14437 14438 14439 14440 14441 14442 14444 14446 14849 14850 14851 14852 14853 14854 14855 14856 14857 14858 14859 14860 14861 14862 15223 15228 15231 15232 15233 15234 15235 15236 15237 15238 15245 15246 15247 15248 15249 15250 15251 15653 15654 15657 15658 15661 15662 15665 15666 15669 15670 15671 15672 15673 15674 15675 15676 15677 15678 15679 15680 15681 15682 15683 15684 15685 15686 15687 15688 15689 15691 15692 15693 15694 15695 15696 15697 15698 15699 15701 15702 15703 15704 15705 15706 15707 15708 16166 16449 16454 16455 16603 16605 16607 16609 16611 16613 16615 16617 16619 16620 16621 16622 16623 16624 16625 16626 16627 16628 16629 16630 16631 16632 16635 17200 17202 17240 17350 17351 17352 17353 17354 17355 17356 17357 17358 17359 17360 17361 17362 17363 17364 17365 17366 17367 17368 17369 17370 17371 17372 17373 17374 17375 17376 17377 17378 17671 18374 18375 18376 18378 18386 18393 18394 18809 18810 18811 18814 18815 18816 18818 18961 18962 18963 18964 18966 18969 18973 18974 18977 18978 18979 18980 18981 18982 18992 18993 18994 18995 18996 18997 18998 19000 19003 19007 19008 19011 19012 19013 19014 19015 19016 19026 19027 19028 19029 19030 19031 19032 19033 19034 19035 19036 19037 19038 19040 19041 19042 19044 19045 19046 19048 19050 19336 19512 19529 19531 19533 19537 19797 19798 19799 19800 19801 19802 19803 19804 19806 19807 19808 19809 19810 19811 19812 19813 19815 19816 19817 19818 19819 20037 20038 20039 20040 20041 20042 20043 20044 20045 20143 20144 20146 20148 20149 20150 20151 20152 20153 20154 20155 20156 20158 20160 20161 20162 20163 20164 20165 20166 20167 20168 20169 20229 20230 20231 20232 20233 20234 20235 20238 20239 20240 20241 20242 20243 20244 20245 20246 20250 20251 20252 20253 20254 20255 20256 20259 20260 20261 20262 20356 20357 20358 20464 20506 20509 20536 20587 7888 7890 13525 13527 15220 15221 15222 15226 15227 15229 15230 16636 13520 13528 13530 13521 15213 15214 15219 15224 15225 16618 17238 18504 18505 18508 18509 18510 18511 17241 17244 18503 19051 19535 19538 13576 13596 13597 13612 17242 17243 19540 13610 13611 13606 19539 19541 19542 6974 18541 6975 6976 6977 6981 6015 15957 6016 6017 6018 6021 6030 18540 6029 6033 18542 18543 18544 10335 11024 11035 12824 17670 20257 10347 20258 20584 10348 14366 14375 10608 10613 11091 11092 10609 10611 10612 10615 10616 11070 11072 11075 11086 11087 11088 18377 18387 18401 18402 19332 11076 11073 11074 12841 18379 18395 13479 13395 18817 13732 18819 9281 9283 9282 15700 18812 16450 20535 18403 16452 18404 19333 16451 19335 19334 14370 11077 11078 11079 11080 18380 18381 18388 20507 20384 13961 13962 14391 16281 18083 20588 20247 20236 13964 13959 13960 14368 16167 19805 20583 20586 20505 14376 10339 19820 10346 12834 16280 17901 18082 19430 20385 12833 12845 12844 18086 16284 11082 17900 18080 19429 20568 11081 17899 19427 16453 13731 13728 13739 13742 13531 13532 13519 15252 15253 15240 15239 18841 17379 10343 20083 10726 13484 13490 13491 14121 14120 7111 13522 18828 19300 19301 14843 14845 18813 18827 19296 19298 19299 14844 14846 20130 14451 20131 20133 14453 14454 14456 20136 15811 19374 19326 20537 20589 18824 19053 10183 12412 16463 
11: 4707 
12: 4920 4922 11064 12339 12338 5041 9541 7813 7293 7767 7292 7295 4921 7294 7298 5690 7299 5601 5691 5693 5602 5603 5694 7300 
13: 4993 4994 4998 9196 13123 13200 15535 15537 15539 15541 4999 9197 13124 13201 15551 15553 15555 15557 4997 9203 13129 13205 15552 15554 15556 15558 4995 9201 10431 10434 10436 10437 4996 9199 10461 10465 10476 10483 10484 9200 13127 13203 15505 15508 15510 15513 9190 9202 9189 9192 13116 13194 15516 15518 15521 9191 10514 10520 10527 10539 10540 9193 9215 10443 10445 10447 10448 9187 9218 13118 13196 15560 15562 15564 9185 9186 9214 13114 13192 15559 15561 15563 9184 13112 13190 17315 17316 17318 17319 13111 13189 17300 17301 17302 17303 13113 13115 13120 13125 13138 13178 13257 16902 16914 16918 16923 17299 13117 13139 13156 13157 13173 13191 13195 13225 13259 15448 15450 15453 15527 15529 15530 15531 15532 15533 15534 13128 13141 13226 13265 15449 15451 15454 15528 16903 13165 13204 15536 15538 15540 15542 9230 10496 13148 13164 13166 13168 13174 13185 13232 13233 13279 15445 15464 15465 15468 15469 15470 15472 15473 15498 18557 9208 9216 9231 9209 9212 13175 13240 13241 13242 13253 13254 13255 15446 15447 15452 15455 15466 15467 15471 15474 15483 15485 15488 15490 16545 11696 16546 17270 13183 13273 17260 17269 17271 17273 17274 17275 17310 13126 13179 13182 11347 17309 17311 17312 17313 11343 11345 11342 17314 11675 13913 13914 13916 13917 13918 11679 13906 13907 13909 13910 13911 9710 13188 13256 13894 13928 13258 13262 13260 13261 17276 17277 17278 13177 13244 13266 15492 15494 15496 13180 10450 13245 15493 15495 15497 10440 10444 10446 10449 10552 10556 9229 10432 10433 10435 10439 10492 10466 15486 10467 10468 10477 10486 10522 11859 15478 10469 10478 10487 10493 10523 11860 15509 10473 10463 10472 10480 10489 10497 10517 10535 10549 10557 10530 10534 11895 15520 10529 10544 10553 11892 15519 10543 11891 15461 10548 15463 10488 10479 11868 11845 11864 11867 11869 11894 11841 11844 11846 9228 11839 11842 11843 11848 11872 13220 15442 15443 15476 11840 11857 11862 15475 11847 11858 11863 17264 11850 11875 17265 11861 11866 10098 10099 10106 10115 10096 10100 10101 10107 10108 10116 10117 10119 13151 16041 16058 16061 16068 16070 16073 10097 10104 10110 10111 16067 10105 10109 10112 10113 10118 10120 10128 10452 10462 10485 10521 16008 10130 10482 10528 16010 10131 10526 10538 10501 10513 10519 10541 10547 16055 10503 10508 16050 10507 10512 10515 10542 16016 10456 10506 10525 10532 10546 10555 16017 10455 10460 10495 16006 10459 10494 10481 10490 10498 10511 16062 10536 16071 10531 10533 10537 10550 10558 16044 10524 10545 10554 16043 16046 13119 13140 13143 13159 13181 13215 14360 15462 16025 16033 16035 16036 16037 16040 16042 16045 16047 16909 16917 16922 16924 16925 16926 16927 16929 16931 16932 16933 13122 13130 16032 16904 16915 16919 13137 13144 13162 16019 16021 16024 13154 13170 16002 16005 16013 16003 16009 16011 16014 16004 16007 16012 16015 16059 16018 16023 16026 16028 16022 16030 16020 13163 16029 16031 16081 10559 10499 10518 10551 10464 10491 10500 10516 16080 16077 16082 16051 16054 16056 16053 16052 16074 13167 18741 17250 18738 18739 18740 13186 17246 17247 17248 17249 17263 17291 13131 17287 17288 17289 17290 16057 16898 17294 16060 16069 16072 16897 16901 16900 15444 16908 16916 16921 16928 17259 15456 16899 16905 13211 15457 15458 15460 13213 13217 15459 13214 13221 16930 13142 13222 13227 15517 15522 13149 13158 15506 15511 15514 15507 13234 15512 15515 15523 11865 15480 15479 15482 13145 15477 15481 17267 13147 17266 17268 17261 13272 17262 17296 17297 17295 17298 11888 11887 11885 11886 11889 11890 11893 16906 13160 16907 16920 16034 16544 18743 13228 14334 14339 14353 13896 17305 13899 13902 13905 13897 13931 13900 13903 13932 13933 17306 17307 17308 13249 13280 15484 15487 15489 15491 16384 6935 9689 16383 
14: 5437 5438 5439 5572 5575 6947 6948 5441 5573 5576 5574 5577 
15: 5902 13771 13769 
16: 5928 5929 5932 5933 
17: 5959 5960 5962 8268 5961 5963 8383 5964 8393 11252 7196 11245 11253 7191 7197 7198 7199 7192 7193 7194 8269 9938 11246 8271 8273 8265 8270 8272 8277 8266 11242 11243 11247 8384 9944 11254 8380 8394 8276 8381 11249 11256 11251 11244 8267 9935 8278 5975 5966 5976 5965 5967 7322 9936 7318 7319 7326 10927 7327 10931 10932 10928 9937 8274 
18: 6989 
19: 11031 11039 13401 11038 
20: 12276 
21: 13342 13343 
22: 13464 13467 
23: 13760 13761 13762 13765 13763 13766 
24: 14373 
25: 14385 
26: 14406 
27: 17806 17807 17808 
