# The links inside the directed communities at k=9
# from /Users/bogna/dev/role-mining/datasets/enron/timeslots/10-2000.edges
# at no lower link weight threshold,
# and at no upper link weight threshold.
# Links were treated as directed.
# No time limit was set for the clique search.

0:
1070 786
1070 641
1300 1070
1310 1070
508 1070
625 1070
713 1070
642 1070
756 1070
1589 1070
786 1336
786 558
786 641
786 1323
1593 786
928 786
1310 786
786 1331
786 1335
1077 786
786 1552
786 508
625 786
713 786
786 825
786 714
786 489
786 1329
786 498
642 786
786 663
756 786
786 851
2398 786
1589 786
28948 786
730 641
730 1066
730 1079
1323 730
730 1310
730 1548
508 730
625 730
730 713
730 1334
730 448
730 642
730 720
730 733
756 730
1589 730
558 1336
641 1336
1323 1336
1593 1336
1068 1336
1310 1336
1331 1336
1335 1336
1552 1336
508 1336
625 1336
713 1336
825 1336
1329 1336
756 1336
851 1336
2398 1336
1589 1336
28948 1336
558 641
558 1323
1593 558
1310 558
558 1331
558 1335
1548 558
558 1552
508 558
625 558
713 558
558 825
714 558
558 1329
756 558
558 851
558 854
2398 558
1589 558
28948 558
641 1066
641 1323
641 1593
641 519
928 641
641 1067
1068 641
1300 641
1310 641
641 1331
641 1335
641 1077
641 1548
641 1552
641 508
625 641
713 641
641 825
641 714
641 1315
641 1329
641 1334
641 448
641 509
641 600
641 642
756 641
641 851
641 854
641 864
2398 641
1589 641
28948 641
1079 1066
1066 928
1310 1066
508 1066
625 1066
713 1066
1492 1066
733 1066
756 1066
1589 1066
1079 519
1079 928
1079 1067
1079 1068
1310 1079
1079 936
1079 1548
1079 1552
1079 508
1079 625
1079 713
1492 1079
733 1079
756 1079
1589 1079
1593 1323
1323 1331
1335 1323
1548 1323
1323 1552
508 1323
625 1323
1323 713
1323 825
1323 714
1323 1329
1323 1334
1323 448
756 1323
851 1323
1323 854
2398 1323
1589 1323
28948 1323
1593 1331
1593 1335
1593 713
928 519
1310 519
508 519
625 519
713 519
501 519
519 489
491 519
498 519
519 720
733 519
756 519
1589 519
1310 928
928 1552
508 928
928 625
713 928
928 489
928 1492
928 509
928 538
928 600
928 720
928 733
756 928
928 835
1589 928
1068 1067
1310 1067
508 1067
625 1067
713 1067
756 1067
1589 1067
1068 1300
1068 1310
1068 1331
1068 1335
1068 936
508 1068
625 1068
713 1068
756 1068
1589 1068
1310 1300
508 1300
625 1300
713 1300
501 1300
663 1300
756 1300
1589 1300
1310 1331
1310 1335
1310 936
1310 1077
1310 1548
1310 1552
1310 508
1310 625
1310 713
1310 501
1310 714
1310 617
1310 674
1310 489
1310 1315
1310 1329
1310 1334
1310 1492
1310 448
1310 491
1310 498
1310 509
1310 538
1310 572
1310 600
1310 611
1310 642
1310 663
1310 720
1310 733
1310 756
1310 835
1310 851
1310 854
1310 864
2398 1310
1589 1310
1331 1335
508 1331
625 1331
713 1331
1331 825
1331 1329
756 1331
851 1331
1331 854
1589 1331
28948 1331
625 1335
713 1335
1335 825
1335 1329
756 1335
851 1335
1335 854
1589 1335
28948 1335
508 936
625 936
713 936
756 936
1589 936
508 1077
625 1077
713 1077
714 1077
756 1077
1589 1077
508 1548
625 1548
713 1548
1548 825
756 1548
1589 1548
508 1552
625 1552
713 1552
1329 1552
733 1552
1589 1552
508 625
508 713
508 825
508 501
508 714
508 617
508 674
508 489
508 1315
508 1329
508 1334
508 1492
508 448
508 491
508 498
508 509
508 538
508 572
508 600
508 611
508 642
508 663
508 720
508 733
508 756
508 835
508 851
508 854
508 864
508 1589
625 713
625 825
625 501
625 714
625 617
625 674
625 489
625 1315
625 1329
625 1334
625 1492
625 448
625 491
625 498
625 509
625 538
625 572
625 600
625 611
625 642
625 663
625 720
625 733
625 756
625 835
625 851
625 854
625 864
2398 625
625 1589
713 825
713 501
713 714
713 617
713 674
713 489
713 1315
713 1329
713 1334
713 1492
713 448
713 491
713 498
713 509
713 538
713 572
713 600
713 611
713 642
713 663
713 720
733 713
713 756
713 835
713 851
713 854
713 864
2398 713
713 1589
714 825
825 1329
825 498
756 825
825 851
2398 825
1589 825
28948 825
501 617
501 674
501 489
501 572
501 611
501 663
756 501
501 835
501 1589
489 714
714 1315
714 1329
714 498
714 509
714 600
756 714
714 864
2398 714
1589 714
489 617
617 663
756 617
1589 617
489 674
663 674
756 674
1589 674
489 448
489 491
489 498
489 538
489 572
489 600
489 611
489 663
756 489
489 835
1589 489
756 1315
1589 1315
1329 498
756 1329
1329 851
1329 854
1589 1329
28948 1329
1334 720
733 1334
756 1334
1589 1334
1589 1492
498 448
756 448
1589 448
491 498
611 491
1589 491
498 509
538 498
572 498
611 498
498 642
498 663
756 498
498 835
1589 498
756 509
1589 509
756 538
1589 538
756 572
1589 572
642 600
756 600
1589 600
756 611
1589 611
756 642
1589 642
756 663
663 835
1589 663
733 720
756 720
1589 720
1589 733
756 835
756 854
756 864
1589 756
1589 835
851 854
2398 851
1589 851
1589 854
1589 864
1:
68245 68307
68245 14634
68245 68262
68245 68384
68245 68687
68245 68693
68245 68694
68245 68741
68245 68753
68245 68756
68245 68927
68245 69112
68245 69351
68245 69380
68245 69895
68245 70189
68245 70216
68245 70289
68245 70292
68245 70293
68245 70298
68245 70300
68245 70307
68245 70310
69139 68245
70452 68245
68307 14634
68307 68262
68307 68384
68307 68687
68693 68307
68307 68694
68307 68741
68307 68753
68307 68756
68307 68927
68307 69112
68307 69351
68307 69380
69895 68307
68307 70189
70216 68307
68307 70289
68307 70292
68307 70293
68307 70298
68307 70300
68307 70307
68307 70310
68307 69139
70452 68307
68262 14634
68693 14634
68753 14634
69895 14634
70216 14634
70292 14634
70310 14634
69139 14634
70452 14634
68693 68262
68753 68262
69895 68262
70216 68262
70292 68262
70310 68262
69139 68262
70452 68262
68753 68384
69895 68384
70216 68384
70292 68384
70310 68384
69139 68384
70452 68384
68753 68687
69895 68687
70216 68687
70292 68687
70310 68687
69139 68687
70452 68687
68693 68753
68693 69895
68693 70292
68693 70310
68753 68694
69895 68694
70216 68694
70292 68694
70310 68694
69139 68694
70452 68694
68753 68741
69895 68741
70216 68741
70292 68741
70310 68741
69139 68741
70452 68741
68753 68756
68753 68927
68753 69112
68753 69351
68753 69380
68753 69895
68753 70189
68753 70216
68753 70289
68753 70292
68753 70293
68753 70298
68753 70300
68753 70307
68753 70310
68753 69139
70452 68753
69895 68756
70216 68756
70292 68756
70310 68756
69139 68756
70452 68756
69895 68927
70216 68927
70292 68927
70310 68927
69139 68927
70452 68927
69895 69112
70216 69112
70292 69112
70310 69112
69139 69112
70452 69112
69895 69351
70216 69351
70292 69351
70310 69351
69139 69351
70452 69351
69895 69380
70216 69380
70292 69380
70310 69380
69139 69380
70452 69380
69895 70189
69895 70216
69895 70289
69895 70292
69895 70293
69895 70298
69895 70300
69895 70307
69895 70310
69895 69139
70452 69895
70216 70189
70292 70189
70310 70189
69139 70189
70452 70189
70216 70289
70216 70292
70216 70293
70216 70298
70216 70300
70216 70307
70216 70310
69139 70216
70452 70216
70292 70289
70310 70289
69139 70289
70452 70289
70292 70293
70292 70298
70292 70300
70292 70307
70292 70310
70292 69139
70452 70292
70310 70293
69139 70293
70452 70293
70310 70298
69139 70298
70452 70298
70310 70300
69139 70300
70452 70300
70310 70307
69139 70307
70452 70307
69139 70310
70452 70310
2:
216 112
9045 112
10354 112
277 112
401 112
8351 112
276 112
68 112
272 112
288 112
216 9045
10354 216
216 2024
216 277
401 216
216 8336
216 8349
216 8351
216 251
276 216
174 216
68 216
272 216
288 216
9045 10354
9045 2024
9045 277
9045 401
9045 8336
9045 8349
9045 8351
9045 251
9045 276
174 9045
9045 68
9045 272
9045 288
10354 2024
10354 277
10354 401
10354 8336
10354 8349
10354 8351
276 10354
68 10354
272 10354
277 2024
401 2024
8351 2024
251 2024
276 2024
174 2024
68 2024
272 2024
288 2024
277 401
277 8336
277 8349
277 8351
277 251
276 277
174 277
68 277
272 277
277 288
401 8336
401 8349
401 8351
251 401
276 401
174 401
68 401
272 401
288 401
8351 8336
251 8336
276 8336
174 8336
68 8336
272 8336
288 8336
8351 8349
251 8349
276 8349
174 8349
68 8349
272 8349
288 8349
251 8351
276 8351
174 8351
68 8351
272 8351
288 8351
276 251
174 251
68 251
272 251
288 251
174 276
276 68
276 272
276 288
68 272
68 288
272 288
3:
1310 1076
1076 603
1076 823
508 1076
625 1076
713 1076
501 1076
756 1076
1589 1076
1310 603
1310 823
1310 508
1310 625
1310 713
1310 501
1310 756
1589 1310
508 603
625 603
713 603
501 603
756 603
1589 603
508 823
625 823
713 823
501 823
756 823
1589 823
508 625
508 713
508 501
508 756
508 1589
625 713
625 501
625 756
625 1589
713 501
713 756
713 1589
756 501
501 1589
1589 756
4:
118 540
118 452
118 527
118 505
118 547
118 723
118 30
118 604
174 118
540 544
540 452
540 527
540 419
540 505
540 547
540 1411
540 550
540 723
954 540
540 30
540 604
1199 540
540 804
540 1527
174 540
540 4508
540 2022
20668 540
890 540
2092 540
731 540
9931 540
544 452
544 527
544 419
544 547
544 1411
544 550
544 723
544 954
544 30
544 604
544 1199
544 804
1527 544
544 2022
544 20668
544 890
2092 544
544 731
9931 544
452 527
505 452
452 547
452 723
954 452
452 30
452 604
1199 452
452 804
452 1527
174 452
2022 452
20668 452
890 452
9931 452
527 419
527 505
527 547
527 550
527 723
527 954
527 30
604 527
527 804
1527 527
174 527
4508 527
2022 527
20668 527
890 527
9931 527
419 547
419 723
954 419
804 419
890 419
547 505
505 30
505 604
505 1527
174 505
4508 505
2022 505
20668 505
890 505
2092 505
547 1411
547 550
547 723
954 547
547 30
547 604
547 1199
547 804
547 1527
174 547
2022 547
20668 547
890 547
2092 547
731 547
723 1411
954 1411
604 1411
1199 1411
804 1411
1527 1411
2022 1411
20668 1411
890 1411
731 1411
550 723
954 550
550 804
2022 550
20668 550
890 550
731 550
954 723
723 30
723 604
723 1199
723 804
1527 723
174 723
2022 723
20668 723
890 723
2092 723
731 723
9931 723
954 30
954 804
20668 954
890 954
604 30
30 804
1527 30
174 30
4508 30
2022 30
20668 30
890 30
2092 30
30 731
9931 30
604 804
1527 604
174 604
4508 604
2022 604
20668 604
890 604
2092 604
804 1199
20668 1199
890 1199
1527 804
174 804
20668 804
804 890
2092 804
731 804
9931 804
174 1527
890 1527
2092 1527
2022 4508
20668 4508
890 4508
2092 4508
20668 2022
890 2022
2092 2022
20668 890
20668 2092
20668 731
20668 9931
890 2092
890 731
5:
540 544
540 125
540 452
540 527
540 532
540 723
20668 540
9931 540
544 125
544 452
544 527
544 532
544 723
544 20668
9931 544
452 125
125 527
125 532
723 125
20668 125
9931 125
452 527
452 532
452 723
20668 452
9931 452
527 532
527 723
20668 527
9931 527
723 532
20668 532
9931 532
20668 723
9931 723
20668 9931
