# The directed communities at k=9
# from /Users/bogna/dev/role-mining/datasets/enron/timeslots/10-2000.edges
# at no lower link weight threshold,
# and at no upper link weight threshold.
# Links were treated as directed.
# No time limit was set for the clique search.

0: 1070 786 730 1336 558 641 1066 1079 1323 1593 519 928 1067 1068 1300 1310 1331 1335 936 1077 1548 1552 508 625 713 825 501 714 617 674 489 1315 1329 1334 1492 448 491 498 509 538 572 600 611 642 663 720 733 756 835 851 854 864 2398 1589 28948 
1: 68245 68307 14634 68262 68384 68687 68693 68694 68741 68753 68756 68927 69112 69351 69380 69895 70189 70216 70289 70292 70293 70298 70300 70307 70310 69139 70452 
2: 112 216 9045 10354 2024 277 401 8336 8349 8351 251 276 174 68 272 288 
3: 1076 1310 603 823 508 625 713 501 756 1589 
4: 118 540 544 452 527 419 505 547 1411 550 723 954 30 604 1199 804 1527 174 4508 2022 20668 890 2092 731 9931 
5: 540 544 125 452 527 532 723 20668 9931 
