# The contained directed cliques in the directed communities at k=9
# from /Users/bogna/dev/role-mining/datasets/enron/timeslots/10-2000.edges
# at no lower link weight threshold,
# and at no upper link weight threshold.
# Links were treated as directed.
# No time limit was set for the clique search.

0: 2560 3813 3807 3471 4266 3474 4165 3184 3747 4159 4168 4405 4419 4585 3337 3350 3639 3746 4418 4423 4486 3637 3645 3744 4227 4449 3750 3756 3850 4369 4456 4586 3856 3844 4150 4379 4464 4546 4572 4149 3738 4238 4378 4463 4571 3473 4465 4564 4314 4452 4315 4453 4233 4417 4219 4231 4232 4218 4075 4217 4074 3843 4082 4290 3840 4285 4084 4186 4183 4255 4402 4403 4181 4182 4184 4187 4189 4190 4252 4257 4404 4407 4254 4253 4268 4406 4256 4484 4416 3406 4401 4424 4291 4292 
1: 2751 2752 2753 2758 2930 2933 2936 2939 2942 2945 2948 2951 2954 2957 2960 2963 3162 2754 2759 2931 2934 2937 2940 2943 2946 2949 2952 2955 2958 2961 2964 3163 3161 
2: 3450 3452 3456 4011 3451 3457 3458 3897 3898 4012 4047 
3: 3486 4001 
4: 3592 3594 4272 3595 4273 4275 4327 4328 4278 4348 4277 3984 3986 4276 4347 3982 3983 3987 3981 4279 4269 4270 4281 4282 4283 4346 3731 3730 4274 
5: 3792 
