# The directed communities at k=9
# from /Users/bogna/dev/role-mining/datasets/enron/timeslots/1-2001.edges
# at no lower link weight threshold,
# and at no upper link weight threshold.
# Links were treated as directed.
# No time limit was set for the clique search.

0: 948 1411 544 954 890 15016 20575 20682 20683 2262 4503 4507 5688 20668 
1: 143 129 419 425 452 527 125 532 948 505 547 1414 1223 544 550 723 1574 540 954 11695 11702 2092 30 4250 890 1211 149 1178 1493 1199 804 453 719 1010 1197 1226 510 971 489 604 642 1236 1527 545 661 15291 2238 796 731 9931 
2: 10354 10388 2024 216 277 32873 8336 8349 10365 276 288 8347 3228 32981 29668 32974 9045 
3: 641 854 786 877 1072 1307 1323 1329 1331 1335 1336 558 825 851 1552 1310 733 
4: 877 851 489 642 663 1310 501 616 674 733 
