# The links inside the directed communities at k=9
# from /Users/bogna/dev/role-mining/datasets/enron/timeslots/1-2001.edges
# at no lower link weight threshold,
# and at no upper link weight threshold.
# Links were treated as directed.
# No time limit was set for the clique search.

0:
948 1411
948 544
948 954
948 890
948 15016
948 20575
948 20682
948 20683
948 2262
948 4503
948 4507
948 5688
948 20668
544 1411
954 1411
890 1411
15016 1411
20682 1411
20683 1411
4503 1411
4507 1411
20668 1411
544 954
544 890
15016 544
544 20575
20682 544
20683 544
544 4503
544 5688
544 20668
954 890
954 15016
954 20575
954 20682
954 20683
954 2262
954 4503
954 4507
954 5688
954 20668
890 15016
890 20575
890 20682
890 20683
890 2262
890 4503
890 4507
890 5688
15016 20575
15016 20682
15016 20683
15016 2262
15016 4503
15016 4507
15016 5688
20668 15016
20682 20575
20683 20575
4503 20575
20575 20668
20682 20683
20682 2262
20682 4503
20682 4507
20682 5688
20682 20668
20683 2262
20683 4503
20683 4507
20683 5688
20683 20668
4503 2262
2262 4507
20668 2262
4503 4507
4503 5688
4503 20668
20668 4507
20668 5688
1:
143 129
143 425
527 143
125 143
547 143
540 143
2092 143
890 143
1211 143
143 719
129 425
527 129
125 129
547 129
2092 129
890 129
129 1211
129 149
129 719
527 419
125 419
547 419
544 419
723 419
540 419
954 419
890 419
419 804
604 419
545 419
661 419
796 419
731 419
527 425
125 425
547 425
540 425
2092 425
890 425
425 1211
425 149
425 719
452 527
125 452
948 452
505 452
547 452
452 544
452 550
452 723
452 1574
452 540
954 452
11695 452
11702 452
452 30
4250 452
890 452
149 452
1199 452
452 804
719 452
661 452
15291 452
2238 452
796 452
731 452
9931 452
527 125
527 532
948 527
505 527
527 547
527 1414
527 1223
527 544
527 550
527 723
527 1574
527 540
527 954
11695 527
11702 527
2092 527
527 30
527 4250
527 890
527 1211
527 149
527 1178
1493 527
527 1199
527 804
527 453
527 719
527 1010
527 1226
527 971
527 604
527 1236
527 545
527 661
15291 527
2238 527
796 527
731 527
9931 527
125 532
948 125
125 547
125 1414
125 1223
125 544
125 550
125 723
125 1574
125 540
2092 125
125 30
890 125
125 1211
125 149
125 1178
125 1199
125 804
125 453
125 719
125 1010
125 1197
125 971
125 489
125 604
125 642
125 1236
125 545
125 661
15291 125
2238 125
731 125
9931 125
948 532
547 532
1574 532
540 532
954 532
2092 532
890 532
1199 532
731 532
948 505
948 547
948 544
948 550
948 723
948 1574
948 540
948 954
948 11695
948 11702
948 2092
948 30
948 4250
948 890
948 1178
948 1493
948 1199
948 804
948 604
948 1527
948 15291
948 2238
948 731
948 9931
505 547
505 540
954 505
505 30
890 505
505 1199
505 604
547 1414
547 1223
547 544
547 550
547 723
547 1574
547 540
954 547
547 2092
547 30
547 4250
890 547
547 1211
547 149
547 1178
547 1199
547 804
547 453
547 719
547 1010
547 1197
547 510
547 971
547 489
547 604
547 642
547 1236
547 1527
547 545
547 661
547 796
731 547
9931 547
544 1414
723 1414
540 1414
890 1414
731 1414
544 1223
723 1223
1223 540
954 1223
890 1223
731 1223
9931 1223
544 550
544 723
544 1574
544 540
544 954
544 11695
544 11702
2092 544
544 30
544 4250
544 890
544 1211
544 149
544 1178
544 1493
544 1199
544 804
544 453
544 719
544 1010
544 1197
544 1226
544 510
544 971
544 489
544 604
544 1236
544 1527
544 545
661 544
15291 544
2238 544
796 544
731 544
9931 544
550 723
550 540
954 550
2092 550
4250 550
890 550
550 1199
804 550
550 453
550 1010
550 1197
550 1226
550 971
604 550
661 550
15291 550
2238 550
796 550
731 550
9931 550
723 1574
723 540
954 723
2092 723
723 30
4250 723
723 890
723 1211
723 149
723 1178
1493 723
723 1199
723 804
723 453
723 719
723 1010
723 1197
723 1226
723 510
723 971
723 489
723 604
723 642
723 1236
723 1527
723 545
723 661
15291 723
2238 723
731 723
9931 723
1574 540
954 1574
1574 11702
1574 2092
1574 30
1574 4250
890 1574
604 1574
15291 1574
2238 1574
731 1574
954 540
11695 540
2092 540
540 30
540 4250
540 890
540 1211
540 149
540 1178
540 1493
540 1199
540 804
540 453
540 719
540 1010
540 1197
540 1226
540 510
540 971
540 489
540 604
540 642
540 1236
540 1527
540 545
540 661
15291 540
2238 540
540 796
731 540
9931 540
954 11695
954 11702
954 2092
954 30
954 4250
954 890
954 1178
954 1493
954 1199
954 804
954 453
954 719
954 1226
954 971
954 604
954 1236
954 1527
954 15291
954 731
954 9931
11695 11702
11695 30
11695 4250
11695 890
4250 11702
890 11702
890 2092
2092 1211
2092 149
2092 1178
2092 804
2092 453
2092 719
2092 604
4250 30
890 30
30 1178
604 30
661 30
731 30
9931 30
890 4250
4250 804
4250 604
4250 1527
890 1211
890 149
890 1178
890 1493
890 1199
890 804
890 453
890 719
890 1010
890 1197
890 510
890 971
890 489
890 604
890 642
890 1236
890 1527
890 545
890 661
890 796
890 731
453 1211
719 1211
731 1211
719 149
604 1178
661 1178
731 1178
1493 1199
1493 804
661 1493
1199 804
453 1199
1226 1199
661 1199
731 1199
661 804
731 804
9931 804
453 719
453 1010
453 1226
453 510
453 971
642 453
545 453
661 453
796 453
731 453
1226 719
719 971
719 661
731 719
731 1197
1226 971
510 971
510 642
661 510
731 510
796 971
731 971
604 489
489 642
545 489
661 489
796 489
731 489
604 1527
604 545
731 604
545 642
661 642
731 642
545 1236
796 1236
731 1236
661 545
796 545
731 545
796 661
731 661
2238 15291
9931 2238
731 796
9931 731
2:
10354 10388
10354 2024
10354 216
10354 277
10354 32873
10354 8336
10354 8349
32981 10354
32974 10354
10388 2024
10388 216
10388 277
10388 32873
10388 8336
10388 8349
10365 10388
10388 288
10388 8347
32981 10388
29668 10388
32974 10388
9045 10388
216 2024
2024 277
32873 2024
8336 2024
8349 2024
10365 2024
276 2024
288 2024
8347 2024
3228 2024
32981 2024
29668 2024
32974 2024
9045 2024
216 277
32873 216
216 8336
216 8349
216 10365
276 216
288 216
8347 216
216 3228
32981 216
29668 216
32974 216
9045 216
32873 277
277 8336
277 8349
10365 277
276 277
288 277
8347 277
3228 277
277 32981
29668 277
32974 277
9045 277
32873 8336
32873 8349
29668 32873
32974 32873
8336 8349
10365 8336
276 8336
288 8336
8347 8336
3228 8336
32981 8336
29668 8336
32974 8336
9045 8336
10365 8349
276 8349
288 8349
8347 8349
8349 3228
32981 8349
29668 8349
32974 8349
9045 8349
10365 276
32981 10365
32974 10365
9045 10365
32981 276
32974 276
9045 276
288 3228
29668 288
32974 288
9045 288
29668 8347
32974 8347
32974 3228
9045 3228
32974 32981
32974 29668
32974 9045
3:
641 854
641 786
641 877
1072 641
641 1307
641 1323
641 1329
641 1331
641 1335
641 1336
641 558
641 825
641 851
1552 641
1310 641
733 641
854 786
877 854
1072 854
1323 854
1329 854
1331 854
1335 854
854 1336
558 854
851 854
1552 854
1310 854
733 854
877 786
1072 786
786 1307
786 1323
786 1329
786 1331
786 1335
786 1336
786 558
786 825
786 851
1552 786
1310 786
733 786
877 1323
877 1329
877 1336
877 558
877 851
877 1552
877 1310
877 733
1072 1307
1072 1323
1072 1329
1072 1331
1072 1335
1072 1336
1072 558
1072 825
1072 851
1323 1307
1329 1307
1331 1307
1335 1307
558 1307
851 1307
1552 1307
733 1307
1323 1329
1323 1331
1323 1335
1323 1336
1323 558
1323 825
1323 851
1552 1323
733 1323
1329 1331
1329 1335
1329 1336
1329 558
1329 825
1329 851
1329 1552
1310 1329
733 1329
1331 1335
1331 1336
1331 558
1331 825
1552 1331
1310 1331
733 1331
1335 1336
1335 558
1335 825
1335 851
1552 1335
1310 1335
733 1335
558 1336
851 1336
1552 1336
1310 1336
733 1336
558 825
558 851
558 1552
1310 558
558 733
1552 825
733 825
851 1552
851 1310
851 733
1310 1552
1310 733
4:
877 851
877 489
877 642
877 663
877 1310
877 501
877 616
877 674
877 733
851 489
851 642
851 663
851 1310
851 501
851 616
851 674
851 733
489 642
663 489
1310 489
616 489
674 489
733 489
642 663
1310 642
501 642
616 642
674 642
733 642
1310 663
501 663
616 663
674 663
733 663
1310 501
1310 616
1310 674
1310 733
501 616
501 674
733 501
674 616
733 616
733 674
