# The contained directed cliques in the directed communities at k=9
# from /Users/bogna/dev/role-mining/datasets/enron/timeslots/1-2001.edges
# at no lower link weight threshold,
# and at no upper link weight threshold.
# Links were treated as directed.
# No time limit was set for the clique search.

0: 2644 2645 2990 3088 2992 3090 2986 2882 2985 2881 
1: 2712 2713 3525 3093 3527 3532 3621 3158 3522 3523 3524 3526 3528 3529 3530 3531 3534 3535 3542 3543 3622 3667 3689 3690 3694 3695 3696 3697 3698 3699 3700 3701 3703 3708 3781 3787 3788 3789 3799 3801 3803 3804 3809 3810 3811 3820 3875 3156 3159 2833 3157 3540 3541 3584 3686 3687 3688 3707 3728 3800 3815 2850 3097 3444 3445 3547 3583 3702 3808 3814 3816 3442 3443 3446 3447 3448 3730 3729 3731 3732 3594 3593 3479 3480 3580 3780 3817 3477 3475 3577 3868 3661 3786 3660 3662 3666 3668 3863 3864 3865 3533 3802 2943 3544 3545 3722 3293 3295 
2: 2806 3220 3608 3222 3224 3650 3457 3648 3454 3647 3607 
3: 3055 3056 3057 3058 3063 3233 3234 3328 3329 3330 3333 3324 3326 3327 3323 3325 3332 3331 3064 3065 
4: 3645 3646 
