# The links inside the directed communities at k=3
# from /Users/bogna/dev/role-mining/datasets/enron/timeslots/05-filtered3.edges
# at no lower link weight threshold,
# and at no upper link weight threshold.
# Links were treated as directed.
# No time limit was set for the clique search.

0:
00048 00044
00048 00091
00044 00091
00044 00100
00091 00100
1:
00007 00011
00007 00075
00007 00076
00011 00075
00076 00011
00011 00017
00011 00038
00142 00011
00075 00076
00075 00038
00075 00033
00076 00057
00076 00033
00076 00142
00057 00142
00017 00038
00017 00033
00017 00059
00053 00017
00061 00017
00038 00033
00053 00038
00078 00038
00118 00038
00033 00142
00053 00059
00059 00118
00053 00044
00078 00044
00053 00061
00053 00078
00053 00107
00053 00118
00078 00107
00078 00150
00069 00107
00150 00107
00150 00069
2:
00069 00073
00151 00069
00073 00151
3:
00053 00063
00053 00114
00063 00114
4:
00052 00027
00107 00027
00107 00052
5:
00009 00048
00009 00050
00009 00057
00009 00067
00009 00147
00048 00050
00048 00067
00048 00147
00027 00048
00050 00057
00050 00067
00050 00147
00057 00067
00067 00147
00147 00027
