# The directed communities at k=6
# from /Users/bogna/dev/role-mining/datasets/hepth/timeslots/cit-HepTh-1995.edges
# at no lower link weight threshold,
# and at no upper link weight threshold.
# Links were treated as directed.
# No time limit was set for the clique search.

0: 9211102 9301046 9305114 9312043 9403073 9411009 9412030 9412154 9408136 9501088 9501134 9502118 9410033 9505083 9507072 9508050 9508079 9510168 9512182 
1: 9502072 9210068 9503022 9505097 9510186 9512139 
2: 9209076 9210021 9308112 9401139 9303038 9402031 9302033 9309039 9403155 9406206 9502122 9308154 9401006 9409011 9411003 9503226 9507014 9509095 9509123 9512025 9512040 9512124 
3: 9203071 9204030 9402032 9407087 9412209 9402002 9501030 9207053 9305142 9305185 9306052 9406105 9406198 9407111 9408083 9408099 9409021 9410167 9412184 9302103 9401139 9501068 9309140 9205027 9207016 9411048 9411057 9411187 9411178 9412158 9502072 9206016 9408036 9502077 9308083 9503029 9404151 9503124 9503157 9503163 9504006 9504027 9504034 9504047 9504081 9504090 9504095 9504102 9308122 9504129 9504145 9504147 9505023 9505025 9505035 9505053 9505054 9505062 9505073 9505075 9505100 9505105 9505123 9505150 9505162 9506024 9506048 9506057 9506075 9506091 9506102 9506106 9506110 9506112 9506113 9506126 9506144 9506150 9506160 9506181 9506194 9506200 9507008 9507011 9507012 9507022 9507027 9507032 9507048 9507050 9507090 9507113 9507115 9507121 9507144 9507151 9507153 9507158 9507160 9507168 9508043 9508044 9508046 9508056 9508058 9508064 9508071 9508091 9508094 9508096 9508132 9508143 9508144 9508154 9508155 9509009 9509042 9509050 9509070 9509102 9509106 9509108 9509132 9509145 9509146 9509148 9509160 9509161 9509162 9509175 9509176 9510017 9510023 9510079 9510086 9510093 9510097 9510098 9510101 9510129 9510134 9510135 9510142 9510143 9510169 9510178 9510182 9510183 9510190 9510200 9510204 9510207 9510209 9510224 9510225 9510234 9511017 9511030 9511048 9511052 9511053 9511058 9511064 9511079 9511098 9511108 9511115 9511126 9511157 9511159 9511162 9511171 9511180 9511213 9511228 9512017 9512031 9512043 9512046 9512053 9512060 9512089 9512127 9512129 9512138 9512139 9512145 9512152 9512153 9512155 9512161 9512177 9512181 9512188 9512196 9512203 9512226 
4: 9309110 9503212 9506104 9509170 9510055 9510241 
5: 9311185 9503030 9506071 9508068 9508078 9509043 
6: 9411099 9411198 9502038 9506071 9508068 9508078 9510041 
7: 9407031 9510017 9510135 9510161 9510200 9511043 9511173 9512042 
8: 9412162 9506106 9507022 9507160 9509108 9510097 
9: 9402032 9407087 9408074 9408099 9502013 9402044 9408013 9408155 9411048 9411057 9411149 9412158 9503086 9403198 9503115 9407106 9503121 9503163 9503179 9504080 9504113 9505004 9505006 9505051 9505062 9505067 9505075 9505088 9505100 9506077 9506084 9506139 9506148 9506196 9507013 9507018 9507169 9509066 9509130 9510148 9510222 9510228 9511065 9512004 9512063 9512140 
10: 9402002 9304154 9402016 9502001 9503057 9503078 9503127 9503154 9505170 9506037 9506076 9507005 
11: 9401070 9303048 9401072 9401125 9503016 9504022 9506066 9506206 9512184 
12: 9401139 9410104 9502065 9406206 9410230 9504148 9507112 9510028 9510034 9510103 
13: 9411187 9503082 9507090 9508058 9512031 9512127 
14: 9408074 9410167 9503124 9504090 9508143 9509148 9510017 9510086 9510135 9510161 9510225 9510229 9511026 9511030 9511043 9511088 9511157 9511159 9511173 9511222 9512059 9512062 9512077 9512078 9512121 9512203 
