# The contained directed cliques in the directed communities at k=6
# from /Users/bogna/dev/role-mining/datasets/hepth/timeslots/cit-HepTh-1995.edges
# at no lower link weight threshold,
# and at no upper link weight threshold.
# Links were treated as directed.
# No time limit was set for the clique search.

0: 941 2206 2210 2699 2809 2810 1391 1396 1703 2204 2207 2700 2811 2812 2031 2030 2032 2983 
1: 1483 
2: 1800 2003 2518 2778 2816 3256 3261 3460 3852 4228 4232 4919 4939 2519 2961 2962 2963 2585 2582 2586 2583 2584 2819 3258 3263 3462 3854 3898 3899 3900 3901 
3: 1898 3664 3665 3666 3667 3671 5280 5281 5284 5286 6112 6113 3672 5283 6115 3673 5289 5290 4770 5285 5287 5288 4728 4738 4755 4764 4766 4768 4771 4692 4710 4720 4722 4724 4726 4729 4684 4686 4688 4690 4693 3718 4680 4682 4685 4702 3700 3709 3710 3712 3719 3721 3722 3724 3727 4730 3701 3703 3704 3728 3707 3713 3731 4760 2873 3706 3716 3725 4707 4752 2866 2870 2874 2875 2863 2867 2868 2862 2864 2865 4735 2869 4733 2871 2872 4750 4754 4691 4701 4705 4709 4711 4737 4739 4753 4756 4769 5293 3715 4681 4683 4687 4689 4696 4727 4694 4699 4703 4717 4731 4833 4940 4695 4697 4712 4742 4713 4743 4714 4715 4761 3394 4333 4744 4759 4762 4763 3382 3388 3393 3400 3381 4313 3077 3387 3399 4312 3079 3081 4321 4322 4323 4332 4340 4341 4745 4746 3730 4314 4334 4342 6547 3668 6548 6549 3669 3670 4748 4747 4698 4700 4704 4716 4708 4718 4706 4751 4734 4749 4732 4736 4719 4721 5278 5279 5131 5276 4840 4942 5130 5132 5133 6102 6103 6105 4839 4841 4941 4943 3694 4723 6101 3129 3419 3695 3696 3127 3128 6100 5277 6099 6104 3420 5325 4725 4765 4767 5282 3067 5292 3066 3068 3073 3071 3075 5291 5294 4842 4944 6116 5621 4887 6813 6815 7170 7179 4893 4482 4483 4486 4487 4489 4852 5352 6436 6437 6692 6705 6878 6882 6885 6886 6953 6955 6956 7108 7169 4282 4484 4485 4490 4493 4498 4499 4500 4502 4507 5916 6424 6425 6650 6689 6704 6874 6879 6941 6954 6961 7137 7178 4281 4272 4278 4283 4263 4271 4273 6346 6347 6881 4264 5169 6920 6933 6915 6926 6931 6932 5167 6390 6913 6914 5163 5168 5170 5171 5173 5184 5186 5188 5189 5201 6033 6214 7071 5164 5165 5166 5182 5183 5192 5199 6011 6029 6215 6684 7064 5172 5191 5193 5185 5194 5200 5202 5958 6031 6032 6041 6042 6043 6044 7277 7368 3958 3973 4410 4417 4421 4422 4427 4429 4430 5180 5181 5187 5245 5252 5265 5270 5272 5274 5890 5897 5904 5905 5957 5959 5962 5990 6010 6012 6013 6014 6030 6034 6035 6037 6204 6212 6337 6338 6339 6340 6341 6352 6654 6822 7022 7101 7273 7297 7374 7375 3956 3957 3959 3960 3961 3970 5513 6202 6343 6652 6812 3953 3955 3975 3976 4411 4414 4419 4519 4523 5222 5224 5227 5228 5230 5232 5233 5246 5405 5408 5892 5908 5909 5911 5914 6007 6015 6016 6017 6018 6019 6849 3954 3962 4525 4531 5220 3964 4526 4532 5221 4528 4536 5249 5267 5273 6026 4516 4517 4521 4527 4529 4530 4533 4535 4537 4548 4929 5240 5241 5243 5244 5248 5250 5263 5266 6039 4518 4520 4522 4524 4539 4541 4534 4538 4540 4542 4544 4930 4931 4933 5259 4932 5970 6047 5264 5254 5268 5269 5271 5777 5891 5989 5991 5225 5896 4547 4791 5226 5229 5231 5234 5503 5893 5894 5236 6843 5237 5238 6948 6949 5670 5672 5919 6024 6162 6163 6356 6358 6385 6388 6700 6701 6702 6703 6711 6712 6939 6940 6942 6943 6944 6945 6946 6947 6950 6951 7289 7295 7296 7299 7303 7310 5382 5506 5524 5528 5662 5663 5664 5665 5666 5667 5668 5671 5673 5674 5679 5683 5688 5913 5917 5918 5921 5923 6164 6165 6166 6167 6168 6169 6170 6171 6172 6173 6186 6187 6706 6929 6957 7140 5346 5349 4099 4108 4787 4994 4996 4997 5001 5002 5004 5005 5006 5009 5013 5018 5020 5340 5341 5342 5343 5345 5347 5348 5350 5351 5353 5354 5362 5366 5374 5378 5486 5498 5693 5868 5900 6208 6211 6345 6371 6397 6402 6404 6429 6682 6688 6690 6691 6708 6719 6723 6724 6726 6732 6873 6877 6883 6884 6891 7080 7117 7127 7292 7301 7318 7345 4098 4100 4101 4104 4105 4106 4107 4109 4110 4113 4353 4596 4598 4995 4999 5007 5019 5036 5043 6193 6199 6414 6428 6431 6433 6438 6698 6707 6710 6714 6718 6721 2713 4112 4352 4595 4597 4998 5003 5014 5021 5035 5041 5377 6192 6198 6207 6210 6403 6413 6430 6432 6683 6687 6697 6709 6713 6720 6725 6731 6872 7300 2714 2712 4354 6870 4780 4786 5016 5618 5696 6362 6363 6372 6386 6398 6399 6400 6405 6415 6417 6664 6693 6694 6695 6696 6715 6729 6730 6857 6860 6861 6862 6863 6865 6866 6871 6888 6901 7109 7115 7128 7129 7130 7141 7182 7284 7285 7286 4366 4368 4370 4371 4776 4778 4779 4781 4788 4348 4350 4351 4362 4364 4365 4367 4372 4374 4375 4378 6479 4349 4356 4376 4380 4355 4357 4369 4373 4377 4381 6481 4359 4379 4358 4789 4784 4785 7119 4363 4775 4777 4783 4790 5898 5899 5915 4360 4361 5684 5910 5912 6191 4116 5685 5686 5687 4114 4115 4117 5375 5690 6422 5669 5691 5381 6189 6440 6685 6699 6722 7145 5120 5123 5124 5371 5373 5376 5379 5380 6195 6201 6423 6435 6728 6736 5119 5370 5372 6188 6194 6200 6434 6686 6727 6735 5121 5122 6419 5125 6382 6383 6441 6365 6373 6374 6378 6380 6381 6439 6868 6909 5357 6364 6369 6416 6864 7260 5356 5361 5365 5355 5360 5364 7259 5359 5363 5344 5358 5367 6367 5037 5676 6418 6733 7111 5038 5677 6420 6734 5015 5678 6716 4287 4497 5017 5675 5884 6366 4279 4285 4288 4286 7291 4275 6375 5881 6359 6376 6379 7092 7110 7116 7118 7120 7131 7287 5869 5878 5880 5887 5865 5870 5872 5143 5864 5866 5137 5142 5146 5136 5140 5139 5149 5145 5150 5147 5877 5151 5617 5616 5692 5694 4501 4496 5000 5011 7168 5022 6406 6384 6387 6401 6412 7183 4488 6370 6409 7180 7304 4492 4491 7314 7306 6665 7305 7312 4850 6025 7037 7309 7381 4851 4855 4859 7302 6021 7265 6022 6023 6038 6040 7266 7021 7270 7271 4030 4413 5647 6086 6226 6606 6742 7014 7015 7017 7020 7023 7029 7031 7038 7272 4028 4428 6227 6522 6740 7019 7028 7030 7046 7150 4029 4031 4040 4044 4431 6224 6225 6524 6589 6597 6602 6604 6605 7018 7045 7146 7148 7280 3088 5100 5101 5102 5103 3089 3090 3091 5768 6117 6118 6993 6996 6997 6998 7007 5769 6994 5770 5771 5801 6079 6123 6991 7358 6119 6125 6122 6124 6141 6144 5968 6120 6121 6128 6133 6139 6140 6142 6143 6990 7096 7209 7212 7224 5967 5969 5966 6077 6078 6314 2721 4622 6999 6995 5702 6992 5701 7000 7001 4607 5643 5645 5799 6962 6963 6967 6970 7002 7003 7225 4599 4618 4611 4613 7202 7226 7198 6671 6974 7195 4127 6672 4123 6457 6456 3172 6443 6445 6449 5068 6444 6450 5065 5069 5082 5063 5064 5067 4136 5066 5072 5079 6472 4135 4146 4133 4138 4140 4145 4142 4148 6965 6564 6471 5083 5081 6562 6463 6462 5563 5070 5085 6451 5080 6446 4802 3646 5632 5644 5646 5633 5634 5630 5631 5637 5639 5932 5928 5939 6975 6971 5648 6743 7047 7049 6092 6093 3471 3472 6098 6095 6096 6968 6964 7026 7027 5626 6301 6523 7058 4576 4571 4575 4577 6048 6066 6220 6221 6222 6302 6305 6308 6309 6310 6505 6525 5829 5831 5832 6049 6050 6051 6062 6063 6064 6065 6067 6068 6069 6303 5825 5827 5828 6052 6072 6053 6073 6071 6297 6070 6763 6762 6295 6502 6306 4166 6311 6503 4165 4164 6304 6300 6307 5766 6506 6510 6518 6521 5757 5764 5765 5767 5755 5756 6520 6508 6238 6504 6507 6509 6231 6237 6240 6519 7147 5212 6661 7166 7210 7162 6818 7098 7221 6203 6819 7097 4408 5501 5907 7139 4409 4412 4416 5906 6344 3531 6006 6911 6912 3529 6008 6009 6027 6389 6930 6206 6889 5483 5484 5487 5494 5496 5509 5511 5515 5922 6175 6179 6190 6205 6209 6348 6880 6890 7079 7081 5485 5497 5510 5512 5517 5529 6174 6178 6185 6197 6217 6653 6681 6814 7298 5488 5516 5499 5500 5504 6935 5489 5490 5901 5902 5903 6952 7086 7294 7082 7083 7085 7089 7091 7094 7324 5008 5010 6180 7113 7319 7349 5042 7114 7317 5039 5044 7093 7123 5040 7087 7256 7257 4383 6183 6482 6867 7090 7126 7255 7258 7261 7262 7323 4382 4384 4385 6261 6265 6260 6252 6256 6262 6281 6253 6254 6271 6255 6272 6263 6274 6257 6264 6284 6276 5126 6275 6282 6285 6283 6273 6286 6287 5925 6177 6182 5924 6176 6480 6906 6908 6923 7088 7254 5695 6907 7084 7112 7293 5697 5886 5883 6924 7124 7251 7252 7253 7121 7125 7122 7250 5368 6377 5369 6368 7132 7133 3615 3614 3611 3802 3610 3799 6810 3798 3803 6655 2917 3739 5964 7186 5965 5960 6651 7347 6426 6427 6717 6919 6357 6360 6361 6876 6875 6897 7288 7373 7033 7039 7032 7013 7036 4420 7012 7016 4415 4418 6738 7044 7048 6196 6181 6184 7104 6960 6925 7187 6213 5920 7241 6887 6349 5505 5895 5507 5525 5987 5988 6934 6216 6219 7073 6823 4782 5491 5492 5521 5518 7371 7372 4118 6028 4864 4505 4863 4504 4510 4494 4506 4509 4503 4511 4512 6844 6845 6846 7194 7059 4580 6758 2663 2664 6136 6137 6138 7043 7040 7151 6228 5792 3543 7004 7229 7230 7248 7283 5820 6126 5818 5821 5819 6127 6129 6134 5946 4042 6085 6609 7274 7275 7276 7376 6598 7267 3563 6611 3564 3565 6896 6407 6408 6410 6411 7177 7181 5871 5682 5681 5680 5689 6393 6392 5727 5724 6421 6657 6667 4594 4388 4387 6910 6859 6858 4103 4102 4111 6850 6837 5223 5251 5992 4543 4546 4545 4935 6046 5514 6342 
4: 2161 
5: 2482 
6: 2490 3197 
7: 2675 2676 2677 
8: 2825 
9: 2944 2945 2947 2951 3922 3923 2948 2952 3570 3571 3572 4294 4295 4956 4957 5339 3578 3579 3580 4026 4299 4882 4883 4962 4963 3363 3370 3568 3575 3576 3577 3581 3927 4298 4301 4303 4675 4867 4868 4869 4871 4873 4874 4875 4877 4881 4884 4885 4886 4952 4959 4968 4969 3364 3367 3371 3372 3373 3365 3366 3368 3369 3377 4666 4673 4674 4870 4872 3374 4878 3375 3378 5337 4954 3285 4237 4816 4920 4921 4950 4951 4953 4958 4960 4966 3284 3286 3287 3288 3289 4970 3507 4648 4652 4676 4679 4876 3505 3511 4645 4646 4647 4213 4641 4642 4643 4649 4650 4203 4212 4214 4215 4216 4217 4218 4204 4205 4206 4207 4208 4209 4210 4211 4238 4239 4292 4300 4644 4922 4961 6148 4240 4293 3569 3921 4241 4248 4305 3926 3928 3929 3930 3934 3933 3931 4302 4668 3582 4296 4297 4304 4306 4307 4667 4669 4923 3574 3573 4677 4880 4651 4879 4924 4925 4949 4965 4235 4815 4821 4822 4964 5474 5477 5479 5480 6330 6546 4236 4245 4955 5473 5476 4254 2969 4255 4256 4814 2965 2968 2971 2973 2979 2964 2967 2966 2972 2978 2970 2974 2976 2975 2977 4819 4818 4820 4824 4823 4825 5478 4663 5475 4662 6542 5742 6149 6543 6544 6545 6150 6151 6153 6155 6152 6154 4022 4024 
10: 3032 3034 3035 4908 3038 4466 3037 3331 3325 3332 3340 3326 3334 3335 3341 4914 4467 
11: 3045 3047 3049 3051 
12: 3217 3536 3537 3538 3410 3411 3412 
13: 3485 
14: 3757 3758 3759 3763 5045 3764 5062 3765 5383 3762 4975 5050 3761 4974 5048 5047 5298 3995 3999 5049 5054 5056 3984 3991 3994 3778 3784 3981 3983 3985 3785 3775 3783 3982 3782 4435 4973 4971 4976 5046 4972 5053 5055 4436 4000 4001 4002 5835 4007 4006 5297 5842 5300 5057 5301 
