# The links inside the directed communities at k=4
# from /Users/bogna/dev/role-mining/datasets/enron/timeslots/07-filtered2.edges
# at no lower link weight threshold,
# and at no upper link weight threshold.
# Links were treated as directed.
# No time limit was set for the clique search.

0:
00002 00019
00002 00020
00002 00070
00019 00020
00019 00070
00018 00019
00028 00019
00020 00070
00018 00020
00028 00020
00020 00032
00018 00070
00028 00070
00018 00028
00018 00032
00028 00032
1:
00020 00032
00020 00068
00137 00020
00032 00068
00137 00032
00137 00068
2:
00010 00017
00010 00038
00073 00010
00107 00010
00017 00038
00073 00017
00107 00017
00038 00073
00038 00107
00073 00107
3:
00073 00023
00049 00023
00023 00069
00023 00107
00051 00023
00049 00073
00073 00069
00073 00107
00073 00092
00073 00083
00073 00051
00049 00069
00049 00124
00049 00092
00049 00083
00069 00107
00092 00069
00051 00069
00107 00092
00107 00083
00092 00124
00083 00124
00092 00083
4:
00057 00076
00057 00033
00057 00075
00076 00033
00076 00075
00033 00075
