# The graph of directed at k=3
# from /Users/bogna/dev/role-mining/datasets/hepth/timeslots/cit-HepTh-1999.edges
# at no lower link weight threshold,
# and at no upper link weight threshold.
# Links were treated as directed.
# No time limit was set for the clique search.

0 4 1
0 5 2
0 8 1
0 13 1
0 19 7
0 24 1
0 26 3
0 28 1
0 29 1
0 30 2
0 32 25
0 35 3
0 36 7
0 38 3
0 39 4
0 47 1
0 48 1
0 62 4
0 67 2
0 69 3
0 70 1
0 76 1
0 78 2
0 79 1
0 84 1
0 85 3
0 86 2
0 88 1
0 91 8
0 92 19
0 95 2
0 97 1
0 106 1
0 107 2
0 116 8
0 118 2
0 119 2
0 121 2
0 124 2
0 128 2
0 129 1
0 130 2
0 136 2
0 141 4
0 144 2
0 145 2
0 148 1
0 149 2
0 152 1
0 153 1
0 157 1
0 159 1
0 161 1
0 162 2
0 165 1
0 168 1
0 169 1
0 170 3
0 172 1
0 174 1
0 177 1
0 178 1
0 180 3
0 181 5
0 183 11
0 185 2
0 186 4
0 189 1
0 190 6
0 191 1
0 192 1
0 194 1
0 195 3
0 196 1
0 197 4
0 198 2
0 199 3
0 200 3
0 203 1
0 204 2
0 205 2
0 207 3
0 208 4
0 209 3
0 210 2
0 211 2
0 212 1
0 213 2
0 214 3
0 215 2
0 216 2
0 217 3
0 218 2
0 219 4
0 220 7
0 221 4
0 223 3
0 224 1
0 225 2
0 226 2
0 227 2
0 228 7
0 229 3
0 230 2
0 231 2
1 127 1
1 167 1
4 195 1
5 106 1
5 141 1
5 169 1
5 172 1
6 62 3
7 52 1
7 145 1
8 9 1
13 29 1
13 115 1
13 214 1
16 40 1
19 92 1
19 176 1
21 111 2
21 115 1
21 140 1
22 58 1
23 103 11
25 147 1
26 190 1
30 32 1
30 35 1
30 62 1
30 79 1
30 144 1
30 162 1
30 181 1
30 185 1
30 214 1
32 35 2
32 62 2
32 79 1
32 91 2
32 144 1
32 162 2
32 170 1
32 181 2
32 185 2
32 214 2
32 217 1
33 41 1
35 62 2
35 79 1
35 144 1
35 162 2
35 170 1
35 181 2
35 185 2
35 214 2
36 92 3
36 141 1
36 204 1
36 228 3
38 213 1
38 225 1
40 56 1
41 99 4
42 115 1
44 59 1
47 219 1
49 63 1
50 147 1
52 145 1
52 216 1
55 204 1
58 90 1
58 132 6
58 156 1
62 79 1
62 144 1
62 162 2
62 170 1
62 181 2
62 185 2
62 214 2
68 87 1
69 180 1
71 223 1
72 89 1
73 94 1
77 150 1
77 222 1
79 144 1
79 162 1
79 181 1
79 185 1
79 214 1
84 99 1
86 178 1
86 207 1
86 222 1
90 132 1
90 134 1
90 176 1
90 206 1
91 92 1
92 141 1
92 190 2
92 204 1
92 221 2
100 166 1
106 141 1
106 169 1
106 172 1
110 177 1
110 202 7
116 212 1
120 157 1
134 176 1
134 206 1
141 169 1
141 172 1
141 204 1
141 221 1
144 162 1
144 181 1
144 185 1
144 214 1
145 219 1
150 222 1
151 187 2
162 170 1
162 181 2
162 185 2
162 214 2
165 186 1
169 172 1
170 181 1
170 185 1
170 214 1
176 206 1
178 222 1
181 185 2
181 197 1
181 214 2
181 231 1
185 214 2
188 189 2
190 224 1
198 220 1
211 227 1
217 227 1
221 228 1
225 226 1
