# The contained directed cliques in the directed communities at k=4
# from /Users/bogna/dev/role-mining/datasets/hepth/timeslots/cit-HepTh-1998.edges
# at no lower link weight threshold,
# and at no upper link weight threshold.
# Links were treated as directed.
# No time limit was set for the clique search.

0: 314 793 794 795 1252 1253 1254 1768 1766 581 1564 2795 
1: 340 341 810 1799 1800 
2: 365 2786 3325 3815 3821 4360 4987 1247 1310 1760 1764 1895 2329 2330 2331 2332 2333 2334 2335 2336 2339 2340 2341 2342 2787 2788 2789 3326 3327 3328 3816 3817 3822 3823 3824 3825 3826 4361 4362 4363 4364 4365 4988 4989 4990 4991 4992 1248 1249 1761 672 1762 3089 3087 846 847 1307 1765 1896 2337 2343 3818 2338 2344 3819 3827 4231 
3: 379 873 382 
4: 381 875 
5: 414 912 1396 1397 1964 2948 3368 6154 7058 10075 12405 14502 15317 15318 15319 15320 1359 6152 7624 7625 9524 1360 7626 7627 7628 7629 7630 7631 6153 7632 7633 4244 6155 4241 4242 6157 7060 2950 7059 7368 2949 7369 
6: 432 433 925 927 5663 5664 5665 9352 9354 9355 9353 20774 4059 7992 13921 17771 18297 18309 20773 4060 4061 4062 4063 5499 5502 7039 7040 7043 7990 7991 7993 8953 8954 8955 8959 8960 8961 8964 8965 8967 8969 8973 8979 10535 10536 10538 10541 10544 10555 10556 10557 10560 10561 10562 10565 10566 10568 10570 10574 10575 10581 10790 10791 10794 10795 11172 11173 11174 11177 11178 11179 11182 11183 11185 11187 11191 11192 11198 11405 11406 11407 11408 11409 11410 11411 11412 11417 11418 11419 11420 11426 11427 11428 11429 11430 11711 12824 12825 12826 12827 12828 12830 12832 12833 12846 12847 12848 12850 12851 12853 12855 12861 13122 13917 13918 13919 13922 13923 13925 13927 14442 14447 15290 15291 15292 15297 15301 15463 15464 15467 15469 15470 16029 16030 16032 16157 16158 17338 17769 17770 17772 18078 5489 5500 5505 5509 7041 7045 8956 8962 8966 8972 8974 8982 9987 9991 10539 10542 10546 10558 10563 10567 10573 10576 10584 10590 10801 10802 10805 11175 11180 11184 11190 11193 11203 11209 11413 11414 11415 11443 11444 11445 11446 11708 11710 12849 12852 12858 12859 12864 13100 13114 13115 13116 13118 13123 13124 13126 13127 13836 13844 13920 13924 13930 13932 14443 14449 15295 15296 15315 15316 15462 16033 16034 16161 16703 17336 17337 17339 5491 5493 9986 14445 15465 5490 5492 5495 8894 8976 8987 9982 9989 9990 10554 10578 10589 11195 11208 11431 11432 11433 11434 12869 13120 13936 14444 14455 15308 16035 8892 10537 16031 16990 18303 8893 8901 18307 8896 8902 8975 8983 8984 10551 10552 10577 10585 10586 11194 11204 11205 11421 11422 11423 11424 11425 12837 12865 12866 13933 13934 14451 14452 15298 15299 16702 16704 2300 8957 9504 9505 9506 9507 9508 9509 9510 9511 9512 8968 5501 7169 7174 7887 8970 8971 8978 8980 8985 8986 10543 10545 10569 10571 10572 10580 10587 10788 10789 11186 11188 11189 11197 11206 12854 12856 12857 12860 12867 13487 13926 13928 13929 13935 14446 14448 14450 14453 15077 15080 15289 15300 15303 15309 15310 16701 5503 5504 5506 5507 5508 10548 10582 11199 11200 12734 12736 12862 13931 15293 5511 7168 7170 7171 7172 8981 10549 10583 11201 12863 15294 15304 2959 2960 5038 5510 5512 13102 13105 13117 13125 2958 7046 7047 7049 10798 10800 10807 10809 10810 10811 10812 11021 11024 11028 11030 11031 12829 12835 12836 13104 13111 13113 13119 13121 16155 16159 16160 16165 2956 7048 10591 10796 10803 10804 10806 11210 11954 13101 13103 2599 10808 11020 11956 13359 10797 10799 10814 10817 10818 11023 11969 13106 13360 10792 11022 11416 11435 12839 3507 3512 6051 7173 7175 7176 7177 7178 7179 7180 7186 7187 7188 7189 7190 7890 11439 12726 12730 13937 14458 14459 15078 15079 15081 15305 3508 3509 3510 3511 3513 3514 14454 14456 15306 15307 15311 15312 3515 7181 7182 7183 7184 7185 7191 7192 10588 11202 11207 12727 12735 12834 12838 12868 14457 15314 7193 7194 7195 7196 7197 7198 6052 15313 12870 11025 11026 7044 11019 11027 11029 11032 7050 11013 11017 11018 11014 11015 15853 17773 11016 10819 16164 10793 10815 10816 6064 6507 6908 13110 6063 6506 6907 12831 11447 11953 16153 11400 11448 11450 7699 7700 8958 10559 11176 11401 11402 11403 11404 13290 13294 16441 16448 18402 18743 18754 18765 18768 18779 18780 18795 18810 18811 18824 18825 18839 18849 18850 18860 18873 18874 18901 18902 6675 7681 7682 7685 7686 7689 7690 7691 7692 7697 7698 7701 8662 8664 8666 8670 8674 8677 8680 8685 10350 10358 11591 11594 11595 12436 12437 12441 12442 12443 12444 12445 12446 12448 12450 12451 12452 12454 12455 12456 12458 12459 12461 12462 12466 12470 12471 12608 12609 12615 12616 12618 12621 12625 12627 12629 13282 13283 13284 13287 13289 13292 13293 13325 13341 13732 13739 13749 13758 15689 15690 15691 15692 16433 16434 16435 16440 16442 16443 16444 16446 16447 18084 18086 18098 18384 18385 18386 18387 18389 18390 18392 18393 18396 18397 18398 18399 18501 18676 18677 18750 18755 18756 18784 18785 18798 18800 18801 18812 18813 18814 18815 18816 18822 18823 18829 18830 18843 18844 18864 18865 18878 18879 18887 18907 18908 19113 19115 19116 19448 19458 19469 19472 20686 20689 20713 20715 20716 20719 20720 20722 20724 20728 20730 20836 20843 20849 20852 20855 20860 20864 20867 20872 20877 20880 20881 20885 20888 20891 20895 20900 20916 20917 20925 20926 20928 20929 20931 20934 20935 20957 20958 20972 20973 20983 20997 20998 21000 21001 21003 21009 21010 21031 21032 21033 21034 21045 21046 21067 21068 21093 21094 21126 21127 21146 21147 21200 21201 21230 21231 21375 21379 21386 21387 21395 21396 21398 21399 21401 21403 21404 21424 21438 21439 21451 21457 21469 21470 21481 21493 21494 21496 21497 21499 21505 21506 21518 21530 21531 21533 21534 21545 21546 21572 21573 21620 21631 21632 21640 21665 21666 21683 21684 21753 21755 21760 21766 21768 21770 21771 21786 21798 21809 21811 21821 21829 21838 21840 21842 21846 21865 21919 21943 22111 22123 22124 22133 22134 22136 22137 22138 22140 22142 22143 22171 22182 22183 22197 22202 22211 22212 22224 22237 22238 22240 22241 22242 22244 22250 22251 22304 22308 22315 22316 22317 22318 22320 22322 22323 22325 22326 22327 22347 22358 22359 22365 22371 22379 22380 22385 22393 22394 22396 22398 22399 22401 22405 22406 22412 22420 22421 22425 22426 22430 22431 22455 22456 22519 22520 22548 22549 22567 22568 22585 22594 22595 22605 22628 22629 22639 22640 22701 22707 22714 22716 22717 22719 22720 22736 22745 22757 22761 22771 22780 22790 22792 22793 22795 22799 22827 22829 22832 22833 22835 22837 22839 22840 22848 22856 22862 22864 22870 22874 22881 22883 22885 22887 22890 22902 22920 22921 22931 22932 22934 22936 22937 22939 22942 22943 22969 22970 22985 22986 22997 23012 23013 23015 23017 23018 23020 23026 23027 23064 23065 23066 23067 23069 23071 23072 23074 23075 23076 23081 23082 23089 23090 23094 23102 23103 23105 23107 23108 23110 23114 23115 23122 23123 23124 23125 23129 23130 23138 23139 23162 23163 23200 23201 23221 23222 23262 23263 23274 23275 23285 23286 23504 23507 23510 23513 23586 23606 23761 23763 23765 23766 23771 23772 23773 23844 23845 23846 23847 23848 23849 23850 23851 23852 23853 23854 23855 23856 23857 23858 23859 23860 23861 23862 23863 23868 23870 23927 23943 23956 23964 24055 24061 24069 24081 6670 6674 6676 6679 6680 6681 6683 6687 7693 7695 12453 12472 12610 19114 19117 1684 5327 5823 5824 5825 5826 6293 6294 6295 6666 6667 6668 6669 6671 6672 6673 6677 6678 6682 6684 6685 6686 6744 6851 7265 7266 7267 7268 7272 7273 7358 7361 7395 7396 7397 7398 7399 7400 7407 7771 7772 7773 7776 7777 7778 7779 7786 8105 8113 8115 8117 8663 8675 8736 8737 8738 8739 8740 8741 8742 8743 8745 8747 8759 8760 9164 9165 9172 9173 9174 9175 9176 9177 9178 9179 9180 9188 9189 9190 9193 9194 9195 9208 9340 9700 9702 9703 9704 10344 10351 10352 10353 10354 10880 10905 10907 11636 11638 11641 11643 11777 12156 12157 12165 12167 12168 12169 12170 12172 12173 12174 12175 12180 12184 12185 12190 12191 12192 12193 12218 12219 12513 12514 12515 12516 12585 12586 12587 12597 12598 12599 12600 12601 12602 12603 12604 12605 12606 12607 12611 12612 12613 12614 12617 12619 12620 12626 12628 12630 12631 13153 13326 13327 13328 13329 13330 13332 13526 13527 13531 13532 13535 13725 13733 13734 13735 13736 13750 13751 13752 13753 13754 13755 13759 13787 13788 13789 13790 14351 14576 14582 14583 14585 14635 14649 14650 14651 14652 14660 14661 14662 14663 14671 15394 15408 16095 16436 16536 16541 16608 16740 16757 16760 16868 17465 17473 17813 17825 17826 17829 17830 17831 17832 17835 17836 17843 17851 17852 17886 17887 17888 17889 17890 17891 17892 17899 17901 17902 17905 17935 17940 17941 17942 17943 17944 17945 17946 17947 17948 17949 17958 17959 17960 18085 18090 18146 18148 18149 18150 18159 18160 18161 18162 18163 18165 18167 18192 18197 18198 18199 18200 18206 18246 19109 19110 19112 19191 19226 19287 19302 19851 20927 20930 20932 20933 21108 21109 21202 21203 21204 21306 21307 21397 21400 21402 21712 21767 21769 21894 21920 21921 21972 22056 22057 22135 22139 22141 22319 22321 22324 22669 22715 22718 22834 22836 22838 22933 22935 22938 22940 22941 23068 23070 23073 23146 23179 23180 23181 23266 23267 23268 23327 23328 23522 23529 23703 23710 23716 23730 23736 23837 23839 23928 23929 23957 23958 23982 23983 24033 24035 24036 24038 24045 24056 24057 24070 24071 24113 24157 24161 24255 1685 2741 3668 3721 3722 3723 4297 4847 4853 4854 4881 5822 6711 6780 6796 6797 6798 6850 7202 7203 7204 7359 7360 7362 7363 7364 7401 7402 7403 7404 7408 7409 7410 7734 7827 8101 8109 8111 8114 8116 8118 8119 8665 8668 8676 8678 8682 8690 8746 8749 8757 8761 8762 9267 9271 10255 10359 10360 10361 10362 10363 10364 10848 11489 11494 11579 11582 11592 11593 11601 11602 11621 11622 11628 11633 11637 11639 11642 11645 11759 11762 11764 11765 12431 12434 12438 12583 12591 12592 12593 13136 13251 13252 13331 13336 13337 13343 13344 13345 13346 13347 13348 13737 13738 13740 13741 13742 13743 13744 13745 13761 13762 13763 13764 13765 14056 14057 14084 14244 14245 14252 14341 14575 14578 14579 14580 14581 14586 14587 14636 14637 14657 14664 14665 14673 14674 14755 14756 14759 14760 14761 14780 14781 14782 14819 15087 15088 15128 15130 15131 16003 16099 16101 16102 16377 16378 16568 16609 16610 16611 16618 16754 16755 16758 16765 16860 16869 17073 17074 17075 17117 17118 17119 17120 17121 17132 17133 17197 17204 17446 17799 17807 17952 17956 17957 17961 17962 17963 18057 18081 18187 18188 18189 18190 18191 18201 18202 18203 18204 18205 18278 19189 19190 19192 19224 19225 19227 19259 19260 19261 19303 19838 19854 19855 19861 19862 19866 19867 19871 19872 19884 19885 19897 19898 19911 19912 19928 19929 19941 19942 19946 19947 19959 20045 20046 20047 20048 20049 20050 20051 20052 20053 20054 20055 20056 20057 20058 20166 20167 20168 20169 20170 20171 20172 20173 20174 20233 20234 20235 20236 20237 20238 20239 20240 20314 20315 20316 20317 20318 20319 20320 20321 20322 20323 20324 20325 20326 20327 20328 20329 20513 20514 20515 20516 20517 20518 20519 20520 20521 20522 20523 20524 20525 20526 20585 20586 20587 20588 20617 20618 20619 20620 20621 20622 20623 20624 20651 20652 20687 20699 20700 20733 20734 20918 20919 20920 20921 20922 20936 20937 20938 20939 20940 20941 20942 21104 21105 21106 21107 21110 21111 21195 21196 21197 21198 21199 21205 21206 21207 21208 21209 21210 21303 21304 21308 21309 21310 21388 21389 21390 21391 21392 21393 21405 21406 21407 21408 21409 21410 21710 21711 21713 21714 21715 21761 21762 21763 21764 21765 21772 21773 21774 21775 21776 21877 21878 21882 21883 21892 21893 21895 21896 21897 21915 21916 21917 21918 21922 21923 21924 21970 21971 21973 21974 21975 22005 22053 22054 22058 22059 22060 22125 22126 22127 22128 22129 22130 22131 22144 22145 22146 22147 22148 22149 22150 22328 22329 22330 22667 22668 22670 22671 22672 22708 22709 22710 22711 22712 22713 22721 22722 22723 22724 22725 22726 22841 22842 22843 22922 22923 22924 22925 22926 22927 22928 22944 22945 22946 22947 22948 22949 22950 22951 22952 23077 23078 23145 23147 23175 23176 23177 23178 23182 23183 23184 23315 23323 23324 23325 23326 23329 23330 23331 23332 23333 23334 23503 23505 23509 23511 23521 23523 23585 23632 23634 23636 23638 23640 23702 23704 23800 23804 23806 23924 23925 23926 23930 23931 23932 23955 23959 24054 24058 24066 24067 24068 24072 24073 24074 24166 24218 24278 3671 3673 3725 3726 3727 4301 4801 4802 4803 4849 4858 4886 6712 6782 6804 6805 6806 7207 7208 7209 7270 7271 7365 7411 7412 7413 7414 7415 7416 7737 7775 7781 7832 7833 8102 8107 8110 8112 8120 8672 8683 8687 8692 8732 8748 8750 8758 8770 8772 8773 9191 9192 9210 9269 9277 10257 10260 10261 10262 10263 10355 10849 11491 11495 11496 11580 11584 11597 11598 11599 11604 11605 11624 11626 11630 11634 11646 11647 11760 11761 11763 11768 11769 11770 11771 12432 12433 12435 12439 12440 12582 12588 12594 12595 12622 13147 13148 13149 13245 13246 13256 13271 13272 13273 13349 13350 13354 13355 13356 13528 13529 13533 13534 13536 13746 13747 13748 14060 14061 14062 14063 14067 14068 14083 14257 14259 14266 14342 14577 14584 14633 14634 14640 14641 14653 14654 14668 14675 14676 14677 14763 14764 14767 14768 14769 14770 14783 14789 14790 14791 14792 14828 15096 15097 15098 15099 15100 15101 15102 15103 15129 15132 16007 16369 16370 16371 16372 16373 16381 16382 16397 16398 16401 16402 16405 16406 16407 16408 16409 16410 16445 16449 16469 16470 16471 16564 16615 16619 16620 16621 16622 16623 16624 16762 16763 16766 16848 16853 16857 16863 16871 16872 17071 17072 17078 17112 17113 17114 17115 17116 17124 17125 17126 17134 17135 17136 17137 17138 17139 17140 17141 17200 17206 17449 17800 17810 17811 17863 17864 18059 18079 18080 18083 18087 18088 18089 18097 18227 18228 18229 18230 18231 18238 18239 18240 18241 18242 18243 18244 18245 18247 18248 18249 18250 18251 18260 18261 18282 18388 18391 18394 18395 18400 18401 18403 18404 18405 18408 18409 18410 18411 18412 18413 18414 18417 18418 18419 18420 18421 18422 18423 18424 18425 18426 18427 18428 18429 18430 18431 18432 18433 18434 18435 18436 18437 18438 18439 18440 18441 18442 18443 18444 18445 18446 18447 18448 18449 18450 18451 18452 18453 18454 18455 18456 18457 18458 18459 18460 18461 18462 18463 18464 18465 18466 18467 18468 18469 18470 18471 18472 18473 18474 18475 18476 18477 18478 18479 18480 18481 18482 18483 18484 18485 18486 18487 18488 18489 18498 18499 18500 18652 18653 18654 18655 18656 18657 18658 18672 18673 18674 18675 18678 18679 18680 18781 18782 18783 18793 18796 18797 18799 18826 18827 18828 18958 19132 19133 19134 19142 19143 19144 19153 19156 19157 19158 19166 19167 19168 19169 19182 19183 19184 19200 19201 19202 19203 19212 19214 19215 19216 19217 19218 19235 19236 19237 19238 19248 19250 19251 19252 19253 19254 19269 19270 19271 19280 19282 19283 19284 19285 19288 19299 19304 19305 19306 19307 19308 19839 19844 19845 19849 19852 19858 19859 19865 19868 19869 19873 19874 19880 19891 19893 19904 19907 19920 19924 19937 19943 19944 19949 19950 19961 19965 19974 19975 19976 19977 19997 19998 19999 20000 20001 20002 20003 20004 20005 20006 20037 20038 20039 20040 20075 20076 20077 20078 20079 20080 20081 20082 20083 20084 20085 20086 20087 20088 20089 20090 20091 20149 20150 20198 20199 20200 20201 20202 20203 20204 20205 20206 20207 20245 20246 20247 20248 20249 20250 20251 20252 20253 20254 20255 20256 20279 20281 20282 20283 20284 20285 20286 20287 20288 20295 20296 20297 20298 20299 20357 20358 20359 20360 20361 20362 20363 20364 20365 20366 20367 20368 20369 20370 20371 20372 20373 20374 20496 20497 20498 20499 20500 20556 20557 20558 20559 20560 20561 20562 20563 20564 20565 20566 20567 20568 20569 20570 20584 20589 20590 20591 20630 20631 20632 20633 20634 20635 20636 20637 20638 20639 20640 20655 20656 20677 20678 20679 20691 20701 20702 20704 20705 20706 20707 20725 20726 20737 20738 20740 20741 20742 20743 20744 20745 20777 20778 20779 20780 20807 20809 20811 20813 20814 20868 20869 20870 20871 20873 20874 20875 20876 20878 20879 20882 20883 20884 20904 20905 20907 20908 20974 20975 20976 20977 20984 20985 20986 20987 20988 20989 20999 21002 21011 21012 21013 21014 21015 21083 21158 21159 21162 21164 21165 21168 21169 21172 21173 21215 21216 21217 21218 21219 21222 21223 21224 21225 21226 21232 21233 21234 21237 21238 21239 21240 21241 21284 21286 21287 21288 21289 21290 21291 21292 21327 21329 21331 21332 21364 21367 21471 21472 21473 21474 21475 21482 21483 21484 21485 21486 21495 21498 21507 21508 21509 21510 21511 21697 21698 21699 21726 21727 21728 21729 21742 21745 21822 21823 21824 21825 21830 21831 21832 21833 21839 21841 21847 21848 21849 21850 21876 21879 21884 21887 21902 21903 21904 21905 21906 21907 21908 21929 21930 21931 21932 21937 21938 21939 21944 21945 21948 21949 21950 21982 21983 21984 21985 21986 21987 21988 22009 22037 22038 22039 22040 22041 22078 22080 22082 22083 22100 22103 22213 22214 22215 22216 22217 22218 22225 22226 22227 22228 22229 22230 22239 22243 22252 22253 22254 22255 22256 22257 22386 22387 22395 22397 22400 22407 22656 22657 22658 22681 22682 22683 22684 22691 22694 22772 22773 22774 22775 22776 22781 22782 22783 22784 22785 22791 22794 22800 22801 22802 22803 22804 22875 22876 22882 22884 22886 22891 22908 22909 22911 22912 22987 22988 22989 22990 22991 22998 22999 23000 23001 23002 23003 23004 23014 23016 23019 23028 23029 23030 23031 23032 23033 23034 23095 23096 23104 23106 23109 23148 23149 23150 23151 23235 23236 23237 23238 23243 23244 23245 23249 23250 23251 23255 23256 23257 23297 23298 23299 23314 23346 23347 23348 23349 23350 23351 23352 23353 23354 23355 23356 23357 23358 23359 23383 23384 23385 23405 23407 23408 23410 23411 23413 23414 23415 23506 23508 23512 23514 23524 23525 23526 23527 23530 23595 23597 23604 23616 23620 23623 23626 23633 23635 23637 23639 23641 23695 23696 23697 23698 23705 23706 23707 23708 23711 23712 23713 23714 23715 23717 23718 23719 23720 23802 23803 23805 23807 23808 23828 23866 23867 23869 23933 23934 23935 23938 23939 23940 23944 23945 23948 23949 23950 23960 23962 23965 23966 23968 23994 23995 23996 23998 24004 24005 24006 24007 24008 24009 24010 24011 24012 24051 24052 24053 24059 24060 24062 24063 24064 24075 24076 24077 24078 24079 24080 24082 24083 24084 24085 24086 24158 24162 24189 24190 24191 24197 24220 24256 3669 3672 3674 6807 6799 8106 8184 9205 4799 8108 9571 9584 13334 15068 4800 8186 9206 9209 9211 9212 9572 9573 9574 9585 9586 9587 12633 13352 13353 14562 14563 15069 16452 18166 18626 18627 20703 20739 7200 8104 8269 8275 8279 11606 13339 13340 13351 13357 13358 14235 14236 14237 14241 14243 14258 14261 14262 14263 14267 14268 18223 18259 20708 20709 20735 20746 20747 20749 7199 7206 7211 7212 7213 8239 8248 8250 8252 8253 8254 8528 8533 9660 9711 9712 9725 9726 11792 11794 13978 13980 13981 13983 13995 14246 14248 14249 14250 14251 14253 14254 14260 14264 14265 14269 14270 15928 16389 16390 16413 16414 16747 16748 16749 16750 16764 16770 17579 17580 17581 17582 17583 17584 17585 17586 17587 17588 17589 17590 17591 17592 17593 17594 17595 17596 17716 17717 17718 17719 17720 17721 17722 17723 17724 17725 17726 17727 17728 17729 17730 17731 17732 17733 17734 17735 17736 17737 17738 17739 17740 17812 17856 17857 17858 17859 17860 18209 18211 18216 18218 18221 18224 18233 18234 18235 18236 18254 18255 18256 18257 18262 18266 18267 18268 18270 18272 18661 18662 18663 18682 18683 18684 18685 18695 18696 18697 18708 18709 18729 18737 18738 18757 18788 18790 18791 18842 18845 18846 18851 18852 18854 18857 18861 18863 18875 18877 18890 18891 18896 18903 18906 18943 18944 18945 19135 19145 19146 19150 19154 19159 19170 19171 19175 19179 19185 19204 19205 19209 19219 19239 19240 19244 19255 19272 19273 19277 19289 19295 19416 19419 19771 19772 19773 19774 19775 19776 19811 19812 19813 19814 19815 19816 19817 19818 19819 19820 19821 19822 19972 19978 19979 19981 19982 19983 19986 19987 19988 19990 19991 19992 19993 20007 20008 20009 20010 20011 20012 20013 20014 20015 20016 20017 20018 20019 20020 20023 20024 20041 20042 20062 20063 20069 20092 20093 20094 20095 20096 20097 20098 20099 20100 20106 20107 20113 20114 20115 20122 20123 20178 20179 20186 20187 20191 20192 20208 20209 20210 20211 20214 20217 20220 20244 20257 20258 20259 20260 20261 20265 20269 20270 20271 20278 20280 20289 20291 20292 20300 20301 20302 20334 20335 20336 20345 20346 20348 20349 20350 20375 20376 20377 20378 20379 20380 20381 20382 20383 20389 20390 20396 20397 20398 20399 20400 20408 20409 20410 20461 20462 20463 20470 20471 20475 20476 20492 20493 20501 20502 20503 20527 20528 20529 20541 20542 20547 20548 20571 20572 20573 20574 20575 20576 20577 20578 20592 20625 20626 20641 20642 20643 20644 20645 20646 20647 20654 20657 20658 20660 20680 20683 20783 20784 20818 20820 20826 20827 20834 20845 20846 20857 20858 20859 20862 20863 20865 20866 20886 20887 20889 20890 20892 20893 20894 20896 20897 20898 20899 20901 20902 20903 20910 20911 20948 20949 20960 20978 20979 21021 21022 21023 21024 21025 21026 21027 21035 21036 21047 21048 21057 21058 21059 21072 21073 21115 21116 21133 21134 21148 21149 21160 21176 21177 21178 21180 21183 21187 21191 21214 21220 21244 21245 21246 21247 21249 21250 21251 21253 21258 21260 21265 21266 21267 21275 21280 21285 21295 21296 21336 21338 21348 21349 21358 21359 21370 21415 21416 21417 21441 21442 21458 21476 21477 21478 21521 21522 21523 21524 21525 21526 21527 21535 21536 21547 21548 21561 21562 21563 21567 21576 21577 21578 21652 21653 21654 21670 21671 21685 21686 21702 21703 21736 21737 21748 21778 21779 21780 21800 21801 21812 21826 21827 21828 21858 21859 21860 21861 21862 21863 21864 21866 21867 21868 21886 21889 21911 21912 21926 21927 21935 21936 21957 21958 21959 21960 21961 21962 21963 21964 21990 21991 21998 21999 22008 22012 22029 22031 22032 22042 22043 22085 22086 22092 22093 22105 22154 22155 22156 22185 22186 22198 22199 22219 22220 22221 22264 22265 22266 22267 22268 22269 22270 22271 22275 22276 22277 22280 22381 22382 22383 22417 22418 22422 22448 22468 22470 22534 22535 22536 22553 22554 22569 22570 22659 22660 22685 22686 22696 22727 22728 22729 22747 22748 22758 22759 22777 22778 22779 22809 22810 22811 22812 22813 22814 22815 22816 22871 22872 22873 22899 22900 22901 22914 22915 22958 22959 22972 22992 22993 23040 23041 23042 23043 23044 23045 23046 23047 23050 23051 23091 23092 23119 23120 23188 23189 23207 23208 23223 23224 23240 23241 23290 23291 23304 23316 23360 23361 23367 23368 23369 23370 23386 23387 23417 23418 23449 23450 23451 23452 23453 23454 23456 23458 23460 23461 23462 23463 23464 23465 23466 23468 23469 23470 23479 23480 23481 23482 23483 23484 23485 23486 23515 23558 23767 23768 23812 23813 23816 23817 23864 23865 23886 23897 23937 23961 23970 23971 23973 23976 23984 23985 23999 24002 24003 24014 24021 24041 24065 24192 7155 8240 8241 8263 9659 9697 9698 9705 9706 11467 11791 13041 14240 14247 14255 14256 15927 16745 16746 16756 17846 17847 17848 17849 17850 17964 17965 18183 18184 18185 18193 18194 18195 18196 18210 18212 18940 18941 19193 19228 19262 19291 19292 19297 19414 19417 20059 20060 20061 20064 20065 20066 20154 20155 20159 20160 20241 20242 20243 20305 20306 20307 20308 20309 20310 20330 20331 20332 20333 20337 20338 20339 20444 20445 20446 20450 20451 20506 20507 20508 20509 20530 20531 20532 20533 20534 20627 20628 20629 20653 20682 20945 20946 20947 20950 20951 21087 21088 21095 21096 21211 21212 21213 21317 21318 21380 21381 21382 21383 21413 21414 21418 21419 21625 21626 21627 21633 21634 21718 21719 21756 21757 21758 21781 21782 21900 21901 21928 21980 21981 22062 22063 22112 22113 22114 22115 22116 22117 22152 22153 22157 22158 22159 22161 22337 22512 22513 22514 22521 22522 22673 22674 22702 22703 22704 22705 22730 22731 22732 22955 22956 22957 22960 22961 22962 23155 23156 23164 23165 23337 23338 23339 23340 23455 23457 23459 23467 23880 23892 23980 23981 24032 7158 8534 9144 9145 9151 11468 14041 14042 14045 14053 15071 17869 17893 17919 18273 18274 18275 18276 20127 20128 20131 20132 20684 20923 20924 20952 20953 21078 21079 21193 21283 22929 22930 22963 22964 23142 23143 23312 23560 23978 23991 9666 11793 11795 14040 14043 14044 14046 14047 14048 14050 14051 14052 14055 16751 16752 17815 17827 17833 17870 17896 17897 17910 17930 17970 18176 18177 18178 18179 18269 18277 18911 18918 18919 18947 19210 19211 19278 19279 19286 19331 19332 19369 19370 19395 19413 19456 19463 19547 19652 19727 19738 20119 20120 20121 20124 20125 20126 20147 20148 20221 20222 20275 20276 20277 20290 20668 20669 21069 21070 21071 21074 21075 21076 21077 21080 21081 21082 21192 21194 21276 21277 21278 21279 21281 21282 21586 21587 21588 21873 21874 21875 21891 21968 21969 22036 22460 22461 22462 22903 22904 22905 23140 23141 23144 23311 23313 23430 23433 23518 23547 23814 23819 23977 23993 24025 24030 8258 8259 8519 14039 14054 8243 8256 8260 3700 3701 3703 8242 8244 9657 9658 9661 3699 3702 4698 7706 8187 9663 9694 9699 9701 9823 9824 9825 10150 10889 10891 10899 10901 10903 10922 11034 11035 11036 11054 12484 12485 12509 12547 12548 13773 13774 13791 13792 13793 13794 13795 14757 14758 15404 15409 16004 16192 16193 16194 16195 16196 16197 16198 16199 16200 16379 16380 16695 17487 17920 17921 20416 20417 20599 21305 21394 22055 22132 23423 24034 707 3158 4699 5098 6498 6759 6760 6761 7708 8193 8693 9665 9695 9713 9714 9715 9716 9826 9827 9828 10158 10881 10890 10892 10900 10902 10904 10909 10923 11042 11043 11044 11056 12490 12491 12511 12525 12526 12553 12554 13777 13778 13799 13800 13801 13802 13803 13804 13805 13806 13807 14765 14766 15405 15415 15416 16008 16009 16201 16202 16203 16204 16205 16206 16207 16208 16209 16399 16400 16537 16538 16544 16699 16741 17495 17814 17861 17862 17900 17903 17904 17925 17926 17927 18232 18237 18714 18715 18716 18786 18787 18789 18792 19311 19321 19333 19340 19349 19359 19444 19447 19450 19457 19468 19471 19539 19548 19556 19574 19580 19589 19609 19646 19656 19666 19675 19685 19691 19697 19706 19726 20030 20135 20136 20426 20427 20609 20672 20808 20906 20980 20981 20982 21161 21221 21326 21365 21366 21479 21480 21743 21744 21885 21933 21934 22010 22011 22077 22101 22102 22222 22223 22295 22296 22384 22692 22693 22820 22821 22910 22994 22995 22996 23060 23093 23239 23242 23292 23406 23424 23535 23540 23811 23815 23936 23986 23987 23988 24013 24042 24043 3262 7704 7709 7710 7711 8790 8795 9203 9204 9350 9579 9596 9599 9602 9611 9613 9616 9618 10264 11118 11120 11780 12038 12596 12644 12646 13280 13562 13583 13588 13592 13661 14281 14384 14385 14560 14571 15084 15105 16411 16412 16546 16548 16626 16714 16720 16735 16737 16769 16931 16932 17131 17335 18092 18625 19106 19390 19422 20674 23827 24050 3258 3261 8775 8798 8799 8861 9787 10378 13729 16534 16542 16543 16545 16547 16549 8764 8796 8797 8853 9200 9782 10377 13726 16540 3694 3696 3733 5326 5358 5364 5709 5790 7283 7288 8188 8751 8752 8753 8754 8755 8763 8767 8771 8774 8813 8818 10256 10951 10952 11490 12045 12152 12155 12171 12634 12700 16096 16100 16499 16503 16509 16510 16612 16730 17198 19120 3695 2745 3736 5330 5366 5711 5793 8189 8765 8766 10332 10953 12043 12182 12702 23745 2236 2746 3138 8839 3137 3737 5328 5361 5371 5712 5794 7285 7292 7780 8194 8815 8826 10258 10954 10955 11492 12047 12153 12158 12186 12187 12189 12635 12704 13728 14353 14672 14784 16501 16505 16517 16518 16519 16616 16625 16731 17201 17207 19118 19123 23699 23838 23840 3738 3739 3734 4249 4251 8830 8858 10393 12752 12756 12758 13544 13545 13546 15974 15975 15977 17096 17099 17104 17105 17110 3735 4246 4247 8829 8850 10384 12739 12743 12745 13542 13543 15957 15958 15960 17094 17098 17106 17111 5390 8852 9780 9781 9790 9791 9792 5389 5392 5393 6693 8860 9799 9800 10933 10935 12225 12227 13704 13707 17182 17183 17199 3706 4791 5387 6692 6694 6696 8849 8856 9788 9793 9794 13691 13694 3704 3705 3707 3708 3709 3710 6695 6697 8845 10380 12231 12232 13695 13714 13715 17080 17082 17181 17188 4294 5305 7115 7119 8306 8309 8841 8843 8846 9090 9093 10180 10326 16322 16324 16327 16886 16888 16890 16892 16895 17055 17081 17085 17090 17790 17982 19431 23681 4295 4296 8308 9091 10379 13697 13698 16328 16889 16893 16909 16923 23688 3190 3194 4299 4300 5306 7117 7121 8842 8844 9094 10181 10327 10386 10388 10938 10939 12230 12234 13711 13717 13720 13721 16323 16326 16887 16891 16896 16911 16924 17057 17084 17087 17792 17984 19433 23682 23689 3191 3192 3193 3195 3196 4783 4784 4785 4793 4797 5303 5310 5335 7109 7120 10174 10336 12229 13710 13712 13713 16119 16325 16332 16334 3197 4788 4789 5308 5311 5307 5309 4795 5302 5304 5337 7110 8304 8315 10200 10387 10389 10778 10779 10780 10781 13690 13692 16115 16116 16117 16118 16120 16121 16330 16331 17083 17086 17088 17089 4790 4796 4798 5333 5827 7108 8318 8857 13693 4792 8847 4794 8310 8848 8851 10328 17091 17092 17097 17102 19432 23686 8303 8305 8307 8311 8312 8313 8314 8320 8321 9460 10844 10845 10846 12795 13960 14475 14921 14922 15965 15968 16333 16898 16900 16901 16902 17093 17095 17100 17101 17103 17107 17108 19429 23683 23684 23685 23691 7116 8316 11692 11701 12738 12751 12793 13696 13718 13719 15218 15240 16797 16798 16799 16809 16810 16905 16906 16907 16908 16910 16912 16914 16915 16916 16921 16922 16927 17056 17235 17294 17983 18921 18922 18924 19430 23690 7111 7112 7113 7114 7118 7129 11695 12569 15797 16122 16123 16124 16125 16800 16811 17233 17292 17791 17980 17985 17987 17990 17991 17992 17993 17999 5270 7122 12568 15237 15796 15798 15799 5269 5271 5272 5274 10735 5882 7123 10595 10736 10737 10738 10739 10741 5877 5885 4724 5876 5878 5879 10740 10742 10743 10744 10745 10746 4723 4725 7128 7130 10727 10732 10725 10726 23678 23679 24123 13249 13250 17234 17237 18964 18965 18969 18971 19015 19016 19017 19018 20044 20303 20313 20504 20512 20594 20598 20914 21374 21385 21752 21759 22109 22122 22700 22706 22918 23680 13236 13242 13248 13253 13254 13260 13261 13262 13267 13270 14069 14073 14074 14659 16374 16375 16376 17453 17552 17554 17557 17687 17690 17694 19188 19222 19223 19258 19290 19296 19300 19883 19896 19910 19927 20043 20068 20072 20074 20153 20158 20164 20165 20304 20311 20312 20340 20344 20354 20356 20443 20449 20455 20456 20505 20510 20511 20535 20540 20545 20553 20555 20913 20915 20955 20967 20970 21086 21090 21098 21099 21297 21298 21299 21300 21301 21302 21373 21422 21431 21463 21466 21624 21629 21636 21637 21704 21705 21706 21707 21708 21709 21751 21784 21791 21807 21815 21818 22045 22046 22047 22048 22049 22050 22108 22167 22177 22205 22208 22311 22312 22511 22517 22525 22526 22661 22662 22663 22664 22665 22666 22699 22734 22742 22755 22765 22768 22830 22831 22917 22919 22967 22979 22983 23063 23154 23159 23169 23170 13237 13238 13239 13255 13258 13268 15987 16358 16360 16361 16362 16363 16364 16365 16366 16367 17377 5288 5785 5786 7274 7782 7783 8167 8179 8569 9811 10971 12204 12205 13247 13259 13269 13276 13277 13610 13611 13621 13622 13623 13626 14145 14146 14147 14148 14159 14160 14161 14162 14165 14166 14369 15005 15006 15009 15010 15014 15017 15018 15986 15988 15989 15990 15992 15994 15996 16359 16368 17142 17143 17144 17145 17148 17149 17156 17157 17158 17378 17379 17380 5286 5289 5292 5285 5287 8123 4530 5293 8130 10228 10297 10402 13274 14951 15048 16403 16404 17460 18510 18511 18512 18567 18568 18569 18570 18594 18595 19125 20031 20032 20137 20138 20139 20140 20428 20429 20430 20431 20810 20812 20815 20995 20996 21007 21008 21019 21020 21328 21330 21333 21492 21504 21516 22079 22081 22084 22236 22249 22262 23009 23011 23023 23025 23037 23039 23409 23412 23416 23738 23913 8769 10223 10226 10227 10229 10230 11117 11123 12589 1650 6745 6746 6747 6748 6752 6753 6754 7792 8669 8684 8756 8768 8785 8786 8792 8794 9196 9348 9349 9594 9605 10348 11114 11119 11477 11635 11640 11648 12164 12195 12196 12469 12476 12590 12632 13146 13295 13296 13299 13300 13301 13730 13766 13767 14340 14352 14588 14794 16438 16439 16451 16468 16617 16736 16767 16768 16862 16870 17448 17475 17478 17479 17854 17855 18082 18164 18252 18624 18770 18771 18772 18831 18832 18833 18834 18835 18836 18837 19071 19072 19073 19074 19075 19076 19077 19078 19079 19080 19081 19082 19083 19084 19085 19111 19324 19343 19362 19379 19446 19449 19452 19459 19470 19473 19541 19561 19577 19595 19612 19648 19658 19669 19678 20611 20673 20692 20727 21016 21017 21018 21174 21175 21242 21243 21512 21513 21514 21515 21851 21852 21853 21951 21952 22015 22258 22259 22260 22261 22408 22409 22410 22805 22806 22807 22892 22893 23035 23036 23038 23116 23117 23118 23258 23259 23260 23302 23303 23538 23543 23951 23952 23969 24019 24020 24024 24027 24046 24047 6732 6733 6734 6735 6737 6738 6739 6740 6741 6742 6743 6749 6750 6755 8626 8627 8629 9185 9873 9874 9882 9883 9884 11731 11733 12201 12202 12203 12206 12207 12208 12212 12213 12214 12215 12216 12217 12220 12449 13297 13298 14786 14788 14793 18504 18505 18506 18507 18508 18509 19440 19441 19442 19443 19445 19451 19455 19462 19465 19467 19476 19479 19481 20695 21259 23517 23600 6730 6731 5768 6729 7835 8185 1435 5767 1434 5752 5750 5751 7829 7828 8183 4298 5409 7205 7705 7834 8573 8831 9142 9272 10151 10366 10381 10382 10397 10929 10930 10931 10932 10943 11068 11069 11469 11470 11480 11481 11482 12113 12117 12118 12119 12138 12223 12224 12740 12741 12742 13538 13547 13553 13602 13605 13606 13613 13701 13702 13703 14109 14110 14115 14116 14117 14118 14151 14288 14631 14647 14901 14905 14909 14911 14923 14932 14935 14942 14945 15932 15937 15938 15945 15951 15959 15993 16437 16450 16453 17795 17975 17976 17978 18002 18039 18046 18616 18930 19435 24039 24174 4302 5414 7210 8574 8834 8859 9283 9785 10159 10372 10390 10391 10403 10940 10941 10942 10944 11060 11061 11088 11089 11090 12139 12140 12238 12239 12753 12754 12755 13539 13549 13555 14289 14291 14630 14648 14902 14907 14910 14912 14917 14925 14933 14937 14944 14947 15934 15941 15942 15948 15952 15976 15999 16852 17184 17202 17974 18041 18047 18049 18618 18928 18933 18935 18951 19439 23829 24048 24178 5410 5415 10945 12240 12242 14916 14929 14931 14940 17067 18042 18056 5411 5412 9219 10147 10843 11725 13559 14928 14939 17063 17246 18036 18037 18048 24130 5413 9135 5407 9133 9132 9134 5334 9136 10173 14645 5336 5338 9137 8319 9138 10177 10182 10936 15964 18044 9143 3140 8337 8855 10175 10176 10179 10184 10188 10193 14436 16050 16560 16904 3139 14646 18043 14435 23871 14434 4882 4883 4884 7279 7961 8832 9456 10367 10383 11070 11071 11073 11720 11723 12069 12071 12412 12416 12737 12744 13554 13580 13700 13705 13706 13962 14478 14906 14913 14915 14924 14930 14934 14974 15939 16666 16668 16669 16670 16671 16672 16903 16983 17065 17066 17068 17069 17128 17279 17803 17994 18040 18061 18617 18927 18929 18931 18932 23833 23872 4887 4888 9218 12091 12092 12176 12177 14820 15991 16097 16103 16104 9786 10373 10392 11062 11063 11065 11091 11092 11093 12065 12066 12081 12750 12757 13556 14831 14908 14914 14926 14936 15940 15943 15972 17186 18062 18619 18952 5837 7280 7852 7859 7860 7862 8828 8835 9783 9784 9796 9797 9801 10221 10368 10369 10370 10374 10375 10376 10394 10946 12226 12241 12250 13558 13560 13689 14918 14927 15936 16628 17179 17185 17187 17189 17190 17192 17194 17196 18038 18352 18949 18950 19437 23997 24049 5836 7855 7856 7857 7866 7867 7868 8827 9459 10385 10842 13557 13686 13708 13716 14904 14919 14920 15452 15455 15456 15935 15961 16917 17178 17191 17193 17195 18948 7277 7278 7850 7851 8833 12247 7281 7276 7282 5788 5789 7275 7784 7785 8168 8180 9812 10972 10973 10974 13206 13207 13208 13209 13210 13211 13612 13624 13625 13627 14149 14150 14163 14164 14167 14168 14292 14370 14371 14372 15016 17389 17390 17391 4248 4250 4268 5787 5795 8560 8632 8644 8645 8648 8649 8650 8654 9849 9850 9851 9852 9857 9859 9860 9869 9870 9871 9872 9875 9876 9877 9878 9879 9880 9881 9885 9886 9887 10927 10928 11471 11472 11474 11478 11479 11483 11484 11487 11488 11738 11751 11752 11753 12221 12222 13195 13196 13197 13198 13199 13200 13201 13202 13203 13204 13205 13212 13213 13214 13218 13219 13220 13302 13303 13304 13305 13306 13310 13311 13603 13604 13607 13618 14111 14112 14113 14114 14119 14120 14125 14126 14127 14128 14131 14132 14135 14136 14139 14156 14169 14279 14280 14290 14293 14294 14295 14296 14297 14298 14299 14300 14301 14302 14377 14378 16930 17382 17383 17385 17386 17388 17392 18531 18532 18539 18540 18541 18542 18546 18551 18552 18555 18556 18560 18561 18562 18563 19103 19104 19438 19908 19925 19945 19951 21746 21834 21835 21836 21837 21843 21844 21845 21854 21940 21941 21942 21946 21947 21953 22695 22786 22787 22788 22789 22796 22797 22798 22808 22822 22877 22878 22879 22880 22888 22889 22894 23656 23657 23660 23661 23728 23990 24015 24016 24017 24018 24022 24023 4239 4245 8558 8562 8572 8580 8630 8633 8634 8635 8638 8639 8640 8646 8647 8651 8652 8653 9576 9606 9607 9608 9753 9755 9760 9769 9858 9861 9888 10924 10979 11473 11475 11476 11486 11734 11739 11743 11744 11754 12502 12503 12504 12505 13215 13216 13217 13548 13563 13608 14121 14122 14373 14374 14379 14380 14381 14382 14383 14558 14572 15022 15024 15997 15998 16010 16529 16530 17146 17151 17152 17153 17169 17170 17171 17281 18494 18496 18513 18514 18515 18516 18517 18520 18521 18528 18529 18530 18533 18534 18535 18536 18537 18538 18543 18544 18545 18547 18548 18549 18550 18553 18571 18572 18573 18574 18575 18576 18577 18578 18579 18580 18581 18582 18583 18586 18587 18719 18720 18802 18803 18804 18805 18806 18807 18808 18809 19102 19105 19107 19313 19322 19335 19341 19351 19360 19376 19377 19383 19384 19387 19388 19389 19391 19393 19394 19424 19540 19549 19557 19575 19581 19590 19610 19647 19657 19667 19676 19722 19723 19724 19725 19732 19753 19754 19758 19759 19762 19764 19769 19770 19782 19785 19853 19860 19870 19875 19878 19881 19894 19905 19906 19919 19921 19922 19923 19936 19952 19953 19962 19966 20494 20495 20546 20549 20550 20554 20610 20721 20909 20990 20991 20992 20993 20994 21166 21167 21227 21228 21229 21368 21487 21488 21489 21490 21491 21700 21722 21723 21730 21734 21735 21739 21740 21741 21806 21808 21810 21814 21819 21820 21855 21856 21857 21909 21954 21955 22013 22104 22231 22232 22233 22234 22235 22297 22388 22389 22390 22391 22392 22677 22678 22688 22689 22690 22754 22756 22762 22763 22764 22769 22770 22817 22818 22861 22863 22868 22869 22895 22896 22897 22898 22913 23005 23006 23007 23008 23010 23061 23097 23098 23099 23100 23101 23246 23247 23248 23295 23296 23322 23536 23541 23643 23654 23655 23658 23941 23942 23963 23989 2742 4263 8557 8559 8561 8624 8625 8628 8631 8636 8637 8641 8642 8643 9853 9854 9855 9856 9862 9863 9864 9865 9866 9867 9868 11730 11732 11735 11742 11745 12198 12199 12200 12209 12210 13307 13308 13609 13615 14123 14124 14129 14130 14137 14153 14275 14276 14375 14376 16527 16528 18055 19101 19382 19386 23321 23729 2743 2744 13640 13650 9228 13639 9319 13642 13648 13649 16507 17462 17463 17464 17466 17933 17934 17936 17937 17938 17939 17950 17951 17953 17954 17955 9318 9327 3172 5363 9321 9322 9323 15380 3173 3174 3175 5370 8819 13167 15357 15366 15374 15381 15969 16707 17327 17775 18074 23666 23667 24175 24195 5362 5367 5372 5359 5360 5365 7286 7287 15351 15352 15363 15372 15379 16502 16830 16831 16832 16833 7284 15350 15356 16816 16817 7289 7290 7291 7294 7295 12099 15365 15367 15368 15369 15370 15371 24172 24173 24279 7296 12094 12101 12103 12108 7293 12096 12097 12098 12102 12104 12105 12106 12109 12111 12112 16627 7774 7791 8731 12154 12159 12160 12188 12194 12263 14551 14552 14795 16520 16845 16850 16854 16858 7790 7793 7794 8667 8681 9347 10347 12166 13291 13342 13760 16454 18817 18818 18819 18820 18821 19323 19342 19361 19378 19576 19585 19594 19598 19611 19668 19671 19677 19680 20690 20723 21004 21005 21006 21170 21171 21235 21236 21500 21501 21502 21503 22014 22245 22246 22247 22248 22402 22403 22404 23021 23022 23024 23111 23112 23113 23252 23253 23254 23300 23301 23537 23542 23946 23947 23967 24026 24044 24114 7787 7789 8161 8162 8164 8166 8173 8174 8177 8178 8182 8655 9202 9598 9600 9601 9614 9615 9617 9619 9820 11485 11493 11740 11741 11755 11756 11757 11758 12244 12248 12249 12261 12666 12667 12675 12676 12677 12678 12679 12694 12695 13586 13587 13589 13591 13600 13614 13619 13620 14107 14108 14140 14142 14152 14157 14158 14273 14274 14277 14568 14569 14570 14573 14752 14753 14754 14771 15013 15023 16929 17147 17172 17173 17353 17360 17361 17362 18091 18093 18094 18095 18096 18356 18524 18525 18558 18564 18934 18936 19100 19124 19421 19423 19425 19495 19527 22090 22263 22285 22286 23374 23662 23700 23887 23888 6751 7788 8159 8160 8163 8165 8171 8172 8175 8176 8181 8784 8791 8793 9199 9341 9589 9590 9604 9816 10345 11115 11736 11737 11746 11747 11748 11749 12163 12178 12243 12245 12246 12258 12664 12665 12668 12669 12670 12671 12672 12688 12689 13333 13585 13590 13597 13616 13617 13727 13756 13757 14105 14106 14134 14138 14141 14154 14155 14271 14272 14339 14658 14749 14750 14751 16664 16759 16761 16928 17348 17351 17354 18937 19099 19876 20129 20130 20418 20419 20600 20943 20944 21311 21411 22061 22068 22151 22164 22165 22488 22492 22493 22523 22524 22528 22529 22530 22953 22954 23166 23167 23168 23173 23174 23344 23832 23883 23884 24037 9813 9814 9815 12252 12253 12256 12257 12262 12486 12487 12549 12550 12684 12685 12686 12687 12701 14133 14143 14638 16879 4264 4266 7452 7453 7454 7455 7457 7459 7461 8143 8144 8146 8147 8149 8150 8155 8156 8158 8169 8170 9250 9750 9817 9818 9819 10968 10970 10975 10976 10977 10978 10981 10982 10983 12237 12254 12255 12259 12260 12264 12680 12681 12683 12690 12691 12692 12693 12696 12697 12699 12705 14144 14343 15995 4265 4267 8157 10984 5791 9821 10225 12181 13309 6310 7456 9752 9754 9759 9822 9829 11038 11046 12197 13797 13814 13815 15396 16001 16218 16744 4221 6256 6311 6313 4175 4222 4223 4224 4174 4173 4226 4228 4227 6258 4715 5233 15007 15008 3586 4710 4711 4714 4720 5234 5235 5236 15011 15012 15019 15020 17154 17161 17163 17165 17168 4712 14278 4713 13944 3270 3587 4718 5238 8145 8148 3268 3271 7460 3588 4719 4722 4721 4717 10967 10969 9767 9768 14762 9575 9748 9757 9762 9763 9766 9771 15648 15793 18363 19006 19960 19967 19968 9577 9578 9580 9583 9588 9595 9597 9603 9609 9610 9612 11067 12639 15696 16681 19301 19309 19310 19380 19381 19385 8789 9351 10265 11087 11121 12039 12049 12645 13278 13471 13582 13584 13659 14553 14555 14556 14557 14559 14561 14567 14773 15695 15761 16473 16682 16713 16738 17129 17130 17333 17561 17568 17648 17658 17865 17867 18359 18687 18689 18717 18853 18866 18880 18946 19148 19149 19173 19174 19207 19208 19213 19242 19243 19249 19275 19276 19281 19312 19326 19328 19329 19334 19344 19346 19347 19350 19364 19366 19367 20675 20710 23425 23559 4283 8787 8788 10346 10349 11111 11113 11122 11124 4280 4282 4279 4893 2247 4281 4899 4900 9243 9244 9248 10270 10275 10276 10280 10286 10287 10292 11653 11669 11672 11673 11674 11676 11680 11682 11718 11721 11724 12760 12761 13677 13680 13683 16674 2248 2249 4901 4902 4906 4907 7849 9240 9242 9246 9253 10224 10269 11099 11654 11656 11660 11665 12640 13598 14975 15339 17277 4897 4898 7308 11658 4903 4904 4905 6227 10278 10279 10281 10282 10284 10288 10290 11096 11726 12656 12659 12660 12661 13678 13679 13681 13682 12767 15344 12766 18364 12759 12763 12765 12768 13655 18963 18966 18973 18995 19004 19518 19638 19639 19730 19940 23440 23442 8038 10146 10149 11095 12662 13024 13027 13028 13035 13646 14070 15640 15643 15653 15655 15662 15666 15673 15675 15678 15681 15838 16427 17600 17601 17602 17603 17604 17605 17606 17607 17611 17612 17613 17615 17616 17617 17634 17635 17637 17638 17639 17641 17642 17643 17652 17653 17654 17659 17660 17661 17663 17664 17665 18982 18984 18985 18987 18988 18989 18990 18999 19002 19499 19505 19506 19625 19631 19763 19767 19777 19778 19783 19784 19882 19895 20414 20415 20440 20441 20442 20595 20596 20601 20714 21312 21313 21376 21377 21378 21384 21452 21453 21454 21455 21591 21592 21596 21597 21621 21623 22066 22110 22118 22119 22120 22121 22303 22305 22306 22307 22309 22310 22331 22336 22366 22367 22368 22369 22370 22465 22485 22486 22494 22510 22531 22586 22587 22588 22592 22602 22603 22652 23878 24111 24112 24115 8035 8039 8028 8029 8031 8032 8033 8034 8036 8037 15579 15581 15582 15583 15585 15587 15588 15589 15590 15598 15600 15606 15607 15608 15609 15610 15611 15612 15614 15616 15617 15618 15619 15620 15621 15622 15623 15627 15631 15633 15636 15639 15641 15642 15644 15646 15651 15652 15654 15656 15657 15658 15660 15663 15664 15665 15667 15668 15669 15670 15671 15672 15674 15676 15677 15679 15680 15682 15683 15713 15714 15715 15716 15734 15735 15738 15739 15744 15745 15746 15748 15755 15756 15757 15759 15760 15762 15763 15764 15765 15766 15767 15773 15774 15777 15778 15779 15780 15781 15782 15784 15787 17504 17505 17506 17507 17511 17512 17513 17514 17515 17516 17519 17520 17521 17529 17533 17540 17546 17555 17556 17558 17562 17566 17569 17570 17571 17574 17575 17576 17577 17578 17609 17619 17620 17621 17622 17623 17631 17632 17640 17656 17668 17670 17671 17672 17673 17674 17675 17676 17691 17692 17710 17714 17754 17758 17762 18559 18962 18967 18968 18970 18979 18980 18981 18983 18986 18993 18994 18996 18997 18998 19000 19001 19003 19019 19020 19021 19022 19023 19025 19029 19042 19044 19045 19046 19047 19048 19051 19053 19055 19057 19058 19059 19060 19061 19064 19256 19257 19298 19374 19375 19483 19487 19488 19501 19502 19504 19621 19622 19629 19630 19684 19752 19757 19863 19864 19879 19886 19887 19890 19892 19899 19900 19901 19902 19903 19909 19926 19930 19931 19932 19956 20067 20070 20071 20073 20101 20102 20103 20104 20105 20108 20109 20110 20111 20112 20116 20117 20118 20151 20152 20156 20157 20161 20162 20163 20293 20294 20341 20342 20343 20347 20351 20352 20353 20355 20384 20385 20386 20387 20388 20391 20392 20393 20394 20395 20401 20402 20403 20404 20405 20406 20407 20411 20412 20413 20420 20421 20422 20423 20447 20448 20452 20453 20454 20536 20537 20538 21314 21315 21316 21319 21356 21357 21360 21361 21362 21363 21412 21420 21421 21423 21425 21426 21427 21428 21449 21450 21456 21459 21460 21461 21462 21754 22051 22052 22064 22065 22067 22094 22095 22096 22097 22098 22099 22160 22162 22163 22166 22168 22169 22170 22172 22173 22174 22194 22195 22196 22200 22201 22203 22204 22289 22290 22291 22292 22293 22294 22298 22299 22300 22301 22302 22313 22314 22332 22333 22334 22335 22338 22339 22340 22341 22342 22343 22344 22345 22346 22348 22349 22350 22351 22352 22353 22354 22355 22356 22357 22360 22361 22362 22363 22364 22372 22373 22374 22375 22376 22377 22378 22411 22413 22414 22415 22416 22419 22423 22424 22427 22428 22429 22432 22433 22434 22435 22436 22437 22438 22439 22440 22441 22442 22443 22444 22445 22446 22447 22449 22450 22451 22452 22453 22454 22457 22458 22459 22463 22466 22589 22590 22591 22593 22596 22597 22598 22599 22600 22601 22604 22819 22828 22844 22845 22846 22847 22849 22865 23062 23079 23080 23083 23084 23085 23086 23087 23088 23121 23126 23127 23128 23131 23132 23133 23134 23135 23136 23137 23264 23265 23519 23531 23646 23648 23650 23651 23721 23722 23723 23786 23787 23789 23891 23893 23894 23895 23896 8030 8071 8567 8577 13674 14066 14075 14076 15546 15547 15548 15549 15550 15551 15552 15553 15554 15555 15556 15557 15558 15559 15560 15561 15562 15563 15564 15565 15566 15567 15573 15574 15575 15576 15577 15645 15649 15694 15754 15783 15786 15789 15844 15845 16430 17547 17548 17549 17550 17551 17597 17598 17599 17624 17625 17626 17627 17628 17629 17630 17649 17650 17651 17681 17682 17683 18406 18407 18415 18416 18492 18493 18497 18519 18527 18585 18590 18592 18725 18726 18727 18728 18730 19136 19137 19138 19139 19140 19141 19147 19155 19180 19181 19498 19624 19632 19633 19713 19714 19715 19733 19749 19750 19751 19755 19756 19760 19761 19765 19766 19768 19779 19780 19781 19786 19787 19788 19789 19792 19793 19796 19797 19799 19801 19803 19805 19806 19807 19808 19809 19810 19824 19826 19828 19830 19841 19843 19846 19847 19848 19973 19980 19984 19985 19989 19994 19995 19996 20025 20833 20835 20837 20838 20848 20850 20851 20853 20854 23618 23619 23621 23622 23624 23625 23627 23628 23629 23630 23631 23733 23734 23735 23760 23774 23775 23776 23782 23783 24000 24001 9696 9717 9718 9719 9720 9721 9722 9723 9724 12492 12493 12494 12495 12496 12497 12527 12528 12529 12530 12531 12532 12555 12556 12557 12558 12559 12560 17906 17907 17908 18522 18523 18565 23261 23293 23294 23663 9707 9708 9709 9710 9727 9728 9729 9730 9749 9751 9758 11767 12498 12499 12519 12520 12521 12522 12533 12534 12561 12562 14064 14065 14077 14078 14079 14080 14081 14082 17468 17481 17482 17894 17895 17909 17966 17967 17968 17969 18151 18152 18155 18217 18219 18222 18225 18258 18263 18554 18557 18566 20175 20180 20183 20188 20193 20194 20212 20215 20218 20262 20266 20272 20457 20458 20464 20467 20472 20477 20478 20539 20543 20551 20552 22645 22648 23724 23725 23726 23727 9216 12478 12480 12481 12482 12488 12489 12500 12501 12507 12510 12512 12517 12518 12523 12524 12535 12537 12538 12539 12541 12543 12544 12545 12551 12552 12563 12564 13512 13516 13982 13991 14058 14059 14071 14072 15400 15406 15410 15411 15417 15613 15615 15717 15718 15721 15722 15840 17524 17534 17535 17537 17538 17539 17693 17695 17700 17702 17743 17744 17745 17746 17748 17750 17756 17757 17759 17765 17767 17768 17922 17971 18156 18168 18174 18175 18181 18207 18220 18271 18665 18702 18704 18722 18723 18724 18739 18774 18847 18848 18856 18892 18893 18894 18895 18913 18916 19011 19033 19034 19035 19036 19039 19040 19041 19043 19049 19050 19052 19151 19152 19186 19220 19263 19264 19265 19266 19267 19268 19274 19314 19325 19330 19352 19354 19357 19363 19368 19492 19494 19503 19507 19509 19510 19511 19512 19515 19522 19523 19525 19526 19530 19531 19533 19534 19536 19542 19543 19544 19545 19546 19550 19551 19552 19553 19554 19555 19558 19559 19560 19562 19563 19564 19565 19566 19567 19568 19569 19570 19571 19572 19573 19578 19582 19583 19586 19591 19592 19596 19599 19600 19603 19604 19605 19613 19615 19616 19619 19620 19627 19649 19650 19651 19653 19654 19655 19659 19660 19661 19662 19663 19664 19665 19670 19679 19686 19687 19688 19689 19690 19692 19693 19694 19695 19696 19698 19701 19707 19823 19827 20021 20022 20027 20033 20036 20133 20141 20142 20143 20145 20176 20177 20181 20182 20184 20185 20189 20195 20196 20216 20219 20223 20224 20225 20227 20229 20231 20263 20264 20267 20268 20273 20274 20424 20432 20433 20434 20436 20438 20459 20460 20465 20466 20468 20469 20473 20479 20480 20482 20483 20484 20486 20488 20490 20579 20580 20581 20582 20583 20593 20612 20615 20648 20649 20650 20659 20661 20662 20663 20664 20665 20666 20667 20681 20790 20801 20819 20829 20830 20912 20966 20968 21028 21029 21060 21061 21084 21085 21089 21091 21100 21113 21120 21121 21248 21268 21269 21320 21337 21351 21353 21371 21372 21464 21528 21532 21564 21565 21566 21581 21584 21598 21599 21601 21609 21628 21658 21660 21720 21732 21749 21750 21816 21871 21913 21966 22001 22003 22020 22030 22033 22044 22069 22070 22071 22075 22087 22088 22089 22091 22106 22107 22206 22272 22273 22274 22278 22469 22471 22472 22473 22475 22476 22480 22481 22482 22483 22484 22487 22489 22490 22495 22496 22497 22498 22499 22500 22503 22506 22508 22515 22516 22537 22541 22543 22621 22622 22623 22624 22625 22626 22627 22630 22633 22634 22636 22642 22643 22650 22675 22676 22697 22698 22766 22825 22826 22866 22867 22906 22907 22916 22978 22980 22982 23048 23049 23052 23053 23055 23152 23153 23157 23158 23160 23171 23185 23190 23194 23195 23197 23202 23225 23269 23270 23271 23272 23273 23276 23279 23280 23282 23287 23305 23320 23341 23342 23343 23345 23362 23363 23364 23365 23371 23372 23373 23375 23377 23378 23379 23380 23381 23382 23388 23399 23419 23471 23472 23473 23474 23475 23476 23487 23642 23653 23709 23818 23879 23881 23898 23899 23901 23902 23972 23974 23975 9217 9223 9224 16105 16108 7352 7353 13984 13989 13992 14667 14670 15540 15541 15543 15544 15545 15568 15572 15578 15584 15592 15593 15594 15597 15602 15603 15624 15625 15626 15628 15629 15630 15632 15634 15635 15637 15638 15684 15699 15706 15719 15720 15723 15733 15737 15743 16002 16106 16107 16109 16395 18490 18667 18668 18669 18688 18698 18699 18862 18897 19161 19162 19165 19196 19199 19230 19231 19234 19579 19584 19587 19593 19597 19606 19607 19614 19673 19682 20793 20794 20795 20803 20804 20822 20861 20969 21037 21062 21063 21128 21129 21131 21132 21135 21184 21254 21270 21271 21322 21323 21340 21350 21537 21568 21612 21613 21614 21667 21669 21672 21992 22000 22072 22073 22074 22175 22176 22184 22209 22210 22281 22282 22283 22284 22491 22501 22502 22504 22505 22527 22532 22538 22550 22551 22552 22555 22556 22557 22558 22559 22560 22561 22562 22563 22564 22565 22571 22572 22631 22679 22680 22740 22741 22746 22749 22965 22966 22971 22981 22984 23056 23057 23058 23059 23172 23186 23191 23203 23204 23205 23206 23209 23210 23211 23212 23213 23214 23215 23216 23217 23218 23219 23226 23227 23277 23318 23389 23391 23392 23393 23394 23395 23396 23397 23400 23401 23402 23403 23404 23528 23539 23614 23615 23617 23764 23953 23954 7340 7342 7343 7345 7346 7347 7348 7349 7350 7351 7354 7355 7356 8570 8571 8578 9468 9471 13993 14574 14643 14669 15542 15569 15570 15571 15580 15586 15591 15596 15599 15601 15605 15647 15650 15659 15661 15685 15686 15687 15688 15693 15698 15700 15702 15704 15707 15708 15709 15711 15724 15726 15729 15731 15732 15736 15741 15742 15747 15749 15750 15751 15752 15753 15758 15769 15770 15771 15772 15775 15776 15785 15788 15791 15792 15794 16011 16388 16394 16396 16855 17162 17166 17553 17559 17560 17563 17633 17636 17644 17645 17646 17647 17667 17679 17680 17696 18214 18253 18264 18491 18495 18502 18518 18584 18659 18681 18691 18692 18706 18712 18761 18762 18766 19294 19464 19478 19482 19486 19623 19628 19790 19791 19794 19795 19842 19856 19857 19888 19889 19913 19914 19916 19917 19957 19963 19971 20190 20474 20693 20697 20781 20785 20786 20816 20856 21038 21039 21064 21130 21136 21252 21255 21272 21293 21334 21344 21345 21538 21539 21557 21569 21604 21605 21641 21642 21668 21673 21989 21994 21995 22017 22023 22187 22533 22539 22566 22573 22574 22606 22607 22608 22609 22733 22737 22738 22750 22973 23187 23192 23220 23228 23229 23516 23520 23532 23647 23777 23778 23779 4885 7341 15595 15604 15697 16005 18182 18208 19948 20688 21593 21594 21622 21716 21717 21777 21898 21899 21925 21976 21977 21978 21979 22006 22007 23644 23788 4889 4890 10160 10850 14644 16006 16351 16576 17079 17174 18215 18265 18357 18660 18686 18690 18693 18694 18735 18751 18840 18841 18876 19172 19206 19241 19489 19491 19508 19514 19529 19535 19634 19636 19642 19644 20213 20694 20729 20782 20788 20789 20817 20824 20841 20842 21049 21050 21051 21181 21188 21261 21262 21294 21335 21342 21346 21347 21434 21435 21519 21520 21549 21550 21551 21607 21608 21701 21731 21794 21795 21910 21993 21996 21997 22018 22019 22467 22615 22616 22823 22852 22853 23317 23319 23534 23548 23592 23645 23649 23762 23781 23784 10155 10156 10157 10161 10162 16274 16275 17175 17176 19474 19475 19490 19513 19516 19517 19521 19524 19601 19602 19635 19637 19640 19641 19712 19716 19717 19718 19719 20435 20437 20613 20614 21339 21341 21343 21369 21436 21437 21529 21540 21541 21542 21543 21544 21552 21553 21554 21555 21556 21558 21559 21560 21606 21643 21644 21645 21646 21647 21648 21649 22464 22474 22477 22478 22479 22610 22611 22612 22613 22614 22617 22618 22619 22620 22654 22655 24104 13032 13033 13644 15768 16978 17564 17573 18707 18767 19485 19497 19500 19731 20602 21787 24177 24237 8579 13023 13025 13026 13034 13036 15701 15703 15705 15710 15712 15730 18710 18711 18713 18741 18742 18744 18745 18747 18748 18763 18764 18972 19178 19247 19293 19336 19371 19372 19373 19493 19496 19519 19608 19700 19705 19915 20425 20603 20839 20847 21324 21429 21430 21432 21433 21440 21443 21444 21445 21446 21447 21448 21467 21615 21616 21617 21619 21674 21690 21695 21738 21783 21785 21788 21789 21792 22178 22179 22180 22181 22188 22189 22190 22191 22192 22193 22507 22575 22582 22687 22735 22739 22743 23732 24163 24196 8568 8575 8581 16392 17352 17358 17359 17387 18355 19877 19918 22744 22751 22752 22753 22760 22968 22974 22975 22976 22977 23769 23770 8564 8565 8566 10283 10296 14090 16426 16428 17565 17567 17572 17608 17610 17614 17618 17655 17657 17662 17666 17669 17677 17678 8563 9478 15004 9473 9475 9255 9472 9247 9251 9256 9257 7300 7301 7302 7303 7304 7305 9241 9245 10277 11102 11103 11650 11651 11652 11655 11661 11663 6224 6225 7306 7307 7800 7801 7814 7853 10272 10273 11100 11101 11657 11659 11664 11670 11671 11675 11679 15917 15918 15919 6226 6230 10274 10285 10289 11678 11719 12655 12658 12663 10271 12657 13672 13673 10291 10295 16425 23737 16429 23907 15042 19121 23905 15039 15059 15038 15050 12371 15025 15040 15041 15043 15044 15045 15046 15047 15049 12372 13505 15052 15053 15054 15056 15060 15061 15062 15063 15065 15066 13504 5549 13498 15026 15027 15028 15031 15033 15034 15035 15036 15037 2482 3480 4598 5630 8412 10063 12389 12873 13500 15477 15506 17000 18648 19741 24088 24095 24106 24181 24206 24222 24233 24248 24263 24314 24316 24319 24322 1976 8467 8919 9480 11302 11878 11912 12931 13457 14860 15255 15500 16068 16954 17414 18135 18637 19126 19742 20766 23435 23561 23750 23756 24087 24090 24094 24097 24180 24182 24207 24232 24234 24240 24265 24268 24273 24284 24290 24304 24305 24306 24311 1978 14865 18139 18643 19128 19745 20768 23568 24092 24100 24185 24208 24266 24269 24274 24277 24280 24285 6998 8923 14853 14866 14871 16960 19832 24108 24244 24259 24271 24282 6996 8465 11910 14861 16961 23438 23569 23753 24101 24133 24136 24138 24144 24146 24155 9536 15197 15261 16958 23437 23564 23752 23758 24098 24132 24135 24137 24143 24145 24151 24154 15196 6077 8918 11294 11919 16956 20761 24179 24231 24238 24289 24301 24302 24303 842 1292 3434 3438 4521 5083 5092 5587 7544 8458 10034 11161 12377 13445 13485 13910 15260 17420 18130 19129 23434 13486 24257 24262 24251 5105 23562 24250 16592 12879 15513 16593 16594 16595 16596 16597 16598 16599 16600 16601 12883 4806 4807 4808 4809 4810 11503 11504 11505 11506 11509 11510 11511 11512 11513 11514 11515 11516 11517 11518 11520 11521 11522 11523 11524 11525 11526 11529 11530 12875 12880 12881 12882 13669 13670 14185 14187 14192 14194 14698 14699 14700 14701 14702 14703 14704 14705 14706 14707 14708 14709 14710 14711 14712 14713 14714 14715 14716 14717 14728 15900 15901 15902 4275 4276 11519 11531 11532 11533 11534 11535 11536 11537 11538 11539 11540 11542 11544 11547 11550 11552 11553 11554 11555 11556 11557 11558 11559 11560 11561 11562 11563 11564 11565 11566 11568 13671 14688 14689 14690 14691 14692 14693 14719 14720 14721 14722 14723 14724 14725 14727 4274 4277 12884 13666 13668 4278 10074 11377 12402 12877 13667 14694 14695 14696 10067 6969 12393 15106 15107 15108 15109 15110 15111 6609 1353 6601 6602 6603 6604 6605 6606 6607 6608 6595 15388 17429 5377 6596 6597 6598 6599 6600 15135 5373 5374 5378 5380 5381 5382 5375 15136 15148 15150 15153 15156 15147 15146 15149 15152 15155 3316 3788 8913 11573 15389 15390 3313 3784 3925 7580 8909 9440 10477 17430 17431 17432 3783 3394 3785 3787 3924 4427 7579 8379 8908 9439 11571 11574 11575 3395 2837 3396 3397 3398 4428 8382 8910 11569 11572 11576 11577 2838 2839 9054 10718 13453 23489 23490 23492 23493 23494 13454 8911 16066 17001 23495 23496 23498 23499 23500 23501 15911 11551 15509 15903 15904 15905 15906 15907 15908 15909 15910 11527 11528 11541 11543 11545 11546 11548 11549 11567 14683 14684 14685 14686 14687 14726 15113 15864 15865 11507 11508 14183 13162 14182 15898 15899 13158 13160 13169 13176 13182 13188 13193 4625 13157 13166 13173 13179 13185 16314 4624 4623 4628 13165 13172 13178 13184 3800 4627 10212 10215 10216 10217 10218 10222 10214 13194 13541 16712 10213 13161 13540 16706 10934 16614 9933 12124 12125 12228 9938 6493 9926 9934 9935 9936 10947 10948 12128 12130 6490 3956 4738 5148 5150 5584 6489 6491 6492 6494 7598 9927 9929 9930 9939 11074 11075 11076 11078 11080 11082 11083 11084 11085 11086 11094 12131 12132 12134 12135 12136 12145 12151 12803 12805 13480 13482 15226 15227 15243 15245 4737 4740 5581 5586 7601 7614 11220 12802 12806 13479 13483 15224 15229 15246 15252 4734 4739 5583 9457 12804 13481 15217 15238 15244 18926 4735 15235 15242 16678 9592 15253 9593 9591 15228 1302 5580 7613 13473 13581 17127 5585 11081 13475 5582 12072 12080 12083 12063 12068 12075 12077 12079 12062 5149 7596 11218 12067 12074 12076 12078 12791 3944 5146 5147 7593 7597 9917 9924 9925 11077 11216 12142 12144 12147 12149 12414 12415 16665 16667 17061 3942 3941 10597 12126 1335 1478 3940 7592 9922 9923 10596 11215 12141 12146 12148 12410 12411 1334 1879 5144 5515 7589 9921 11214 12413 1880 12419 12417 13684 13685 13688 7863 7864 9213 11257 11713 13537 13687 13709 15248 15946 15947 15953 15955 15962 15963 15967 16796 16808 16894 16897 16899 16913 16918 16920 16925 17230 17232 17247 18614 18620 4601 7872 7874 12651 12798 13552 13561 18615 4600 4603 4602 13961 14477 7870 14476 7873 9491 13530 13551 7214 7712 10851 13550 23731 23831 7707 18099 16049 16044 9221 12150 9798 12143 18923 18925 8317 9092 11704 14938 16574 17251 18000 23836 12233 10937 11702 12235 12236 13722 16565 17060 18053 10949 10950 17203 17205 18953 17123 16570 17077 17122 18054 16569 16571 17076 16562 16566 16575 4786 13699 4787 7822 7823 10333 7815 7818 15973 15954 15966 16558 15944 11688 14946 15247 15933 17977 11686 11687 11689 11691 11697 17295 10192 11700 8854 10195 10199 11707 10196 11706 15249 11698 11705 15241 17996 3958 11072 17995 17997 17998 18001 3959 9931 11064 11079 12120 12797 17794 17796 17798 17801 17802 17804 9918 9916 12792 17793 17797 17979 17981 9107 9920 12790 15801 15802 15803 20757 9096 9102 9105 9106 9108 9095 9097 9098 9099 9932 9100 17229 23687 9101 10183 10185 10186 20758 16989 17062 17236 17238 16532 16977 16987 16988 16531 16533 16535 6690 16539 19068 6691 6698 6700 7854 11722 6699 6701 5448 5449 23420 24131 23427 8518 10882 10884 10885 10887 10893 10895 10897 11040 11041 11048 11049 13776 13781 13817 13818 13819 13820 14777 15397 16227 17493 17932 20616 20676 23992 8516 8517 14776 8514 8515 8527 12035 23602 4828 4829 4830 4833 8522 9273 9275 11116 11623 11644 12030 12036 23587 23826 4831 4832 4834 11625 8103 8679 8688 11583 11585 11587 11588 11603 11607 1209 2758 8268 9274 18186 20732 9279 4850 6709 7427 8264 8270 8271 8276 8277 8523 9278 9280 9281 10247 10248 10249 10250 10252 11631 11632 11649 12031 12032 12034 12037 13979 14785 16277 16866 16867 23589 23593 23594 23598 23601 23701 4848 4855 8265 8278 8816 14779 14787 6707 8267 8814 10245 16864 16865 6708 6713 6705 6706 6710 11629 11772 11775 12042 13830 16715 17346 17347 17349 5329 6703 9166 9167 11619 11667 11773 11779 12046 12161 12179 12698 16000 16504 16511 16718 17350 17483 5325 5331 5332 9765 10980 11620 11666 11668 12044 12048 12162 12183 12682 13833 13943 14772 14796 15015 15341 15395 16506 16717 16719 17278 17280 18351 23979 5323 5324 6287 6281 6781 7735 13137 14823 16846 18279 19119 23744 13996 14824 13990 13998 13985 13986 13994 15413 15725 15727 15728 16387 17459 17684 17685 17686 17688 17689 17697 17698 17699 17704 18157 18158 18226 18664 18666 18670 18671 18731 18732 18746 18749 18773 18775 18776 18777 18778 19108 19160 19163 19164 19176 19177 19187 19194 19195 19197 19198 19221 19229 19232 19233 19245 19246 19315 19316 19317 19318 19319 19320 19327 19337 19338 19339 19345 19353 19355 19356 19358 19365 19588 19617 19618 19672 19674 19681 19683 19699 19704 19933 19934 20026 20028 20029 20034 20035 20134 20144 20146 20197 20228 20230 20232 20481 20487 20489 20491 20544 20604 20605 20606 20607 20608 20670 20671 20736 20748 20791 20792 20796 20797 20798 20799 20800 20802 20805 20806 20821 20823 20825 20828 20831 20832 20840 20844 20954 20956 20959 20961 20962 20963 20964 20971 21040 21041 21042 21043 21052 21053 21054 21055 21065 21066 21097 21101 21112 21114 21117 21118 21119 21122 21123 21124 21137 21138 21139 21140 21141 21142 21143 21144 21150 21151 21152 21153 21154 21155 21156 21163 21179 21182 21185 21186 21189 21190 21256 21257 21263 21264 21273 21274 21321 21325 21352 21354 21465 21468 21517 21570 21571 21574 21579 21600 21602 21610 21611 21618 21635 21638 21650 21651 21655 21656 21657 21659 21661 21662 21663 21675 21676 21677 21678 21679 21680 21681 21687 21688 21689 21691 21692 21693 21696 21721 21724 21725 21733 21790 21793 21799 21802 21803 21804 21805 21817 21880 21881 21888 21914 22002 22004 22016 22021 22022 22076 22207 22540 22542 22544 22545 22546 22577 22578 22579 22584 22632 22635 22637 22638 22641 22644 22646 22651 22767 22850 22851 22857 22858 22859 22860 23193 23196 23198 23230 23231 23232 23233 23278 23281 23283 23284 23288 23289 23306 23307 23308 23309 23310 23390 23398 23544 23545 23546 23668 24040 9344 12457 12463 12468 12473 12623 12624 13288 13987 13988 15072 15414 15740 16039 16040 16042 17476 17709 17713 17753 17761 17853 17866 18147 18169 18589 18591 18718 18758 18759 18760 18794 18838 18855 18858 18859 18867 18868 18869 18870 18871 18872 18881 18882 18883 18884 18885 18886 18898 18899 18900 19348 19453 19454 19460 19461 19466 19480 19520 19528 19798 19800 19802 19804 19825 19829 19935 20226 20965 21030 21044 21056 21092 21102 21103 21125 21145 21157 21582 21583 21585 21589 21603 21664 21682 21694 21872 21890 21967 22034 22035 22279 22287 22509 22518 22547 22576 22580 22581 22583 23054 23161 23199 23234 23376 23596 23889 24028 24031 9346 3171 9187 9339 9343 14234 14238 14239 16515 18154 22647 3170 3621 7423 7425 7424 9170 9171 9182 9186 9197 9198 19537 22288 22649 23890 23900 5816 9169 12447 12584 16038 20485 20597 21639 5810 5811 5812 5817 8660 11589 12714 5813 8661 8689 11586 5818 8673 8686 11581 11590 12715 7688 8671 11596 11600 12474 20696 20731 23605 7684 7687 7702 7683 12467 23607 12464 12465 17706 18752 18769 18889 19958 21796 21813 22824 22854 22855 23549 23659 23664 23665 23780 23785 23903 12460 17523 17525 17526 17527 17528 17530 17531 17532 17541 17542 17544 17545 17701 17703 17705 17707 17708 17711 17712 17715 17741 17742 17747 17749 17751 17752 17755 17760 17763 17764 17766 18733 18734 18740 19014 19626 19710 21747 21797 6432 8387 17150 17155 17160 17164 17167 17503 17508 17509 17510 17517 17518 17536 17543 18526 18961 18977 18978 18991 18992 19009 19010 19012 19013 19024 19026 19027 19028 19030 19031 19037 19038 19054 19056 19062 19063 19066 19477 19532 19538 19643 19645 19702 19703 19711 19938 21575 23882 23885 6431 17320 17322 17323 17324 10728 17317 18974 10729 10730 10733 10734 18976 14092 16393 17522 18975 19005 19007 19008 19032 19970 20717 23441 23443 18888 19954 19955 22025 22026 16012 16880 17928 17929 18588 18593 18721 18736 18753 19484 19964 20698 20787 21956 22024 22027 22028 22653 23336 23366 23652 19720 19721 5732 15418 17356 17923 19708 19709 23335 4866 4868 4870 5724 5725 5727 5728 5731 15401 15402 15403 4867 15407 3218 4864 4869 13772 13813 8234 12506 12508 13768 13769 13770 13779 13812 14354 17494 4126 10883 10886 10888 10894 10896 10898 10908 10910 10912 10913 10920 10921 11045 11047 11973 11974 12479 12483 12536 12540 12542 12546 13780 13808 13809 13810 13811 13816 15398 15399 16210 16211 16212 16213 16214 16215 16216 16217 16219 16220 16221 16222 16223 16224 16225 16226 16739 16743 17496 17837 17839 17840 17841 17842 17911 17912 17913 17914 17915 17916 17917 18170 18171 18172 18173 19412 19728 19729 21355 21965 23429 23820 23841 24029 24109 4127 4128 11901 13518 11904 11905 11906 11902 17467 11903 13955 17480 13956 16821 16822 16305 11895 13947 15511 16301 16304 16306 16307 16308 16300 16302 16303 16315 16705 13159 16577 16709 16710 16711 13152 13174 13180 13186 13191 6483 13154 6486 13155 18153 13175 13168 13181 13187 13192 14186 16588 14184 16578 16586 14188 14189 14190 16580 16589 16316 16579 16581 16582 16317 16587 15382 16512 16584 16585 16590 16591 23915 15364 15383 15384 15385 15386 5045 5049 15353 15354 15355 17035 620 5048 15346 15347 15348 15358 15359 15360 15361 15362 23797 15349 16552 16553 15373 16551 15375 15376 15377 15378 16500 16550 18344 23799 15858 15859 15860 15861 15862 15863 18345 14196 14976 14977 14978 14979 14980 15855 15872 15873 3795 7497 9953 9957 12985 12986 12987 13879 13903 14195 14197 14198 14199 14205 14210 14882 18647 23801 23914 23918 3791 3793 3794 3789 3790 5430 7491 9944 13868 13892 14206 14207 2772 5428 7489 9942 13866 13890 14881 14883 14884 7495 9952 13877 13902 14885 14886 14878 7406 5429 7490 9943 13867 13891 14201 14202 5431 7492 9945 13869 13893 14209 14211 14212 7499 7498 9955 13880 13905 14213 14214 9954 13878 13904 14203 14204 9958 12988 12989 12990 12991 12992 7493 9949 13899 15484 16487 18646 23916 9950 9956 5513 13875 13900 15485 16488 16772 16776 16778 5516 867 8266 8820 8821 8822 8824 13907 15490 16491 16777 8273 9282 12050 8272 4198 4196 4197 10246 12028 12041 12051 12052 10251 10253 16721 16722 10266 12040 16724 23599 13279 13660 16474 17334 17868 18360 23426 13243 13257 13275 23422 24116 24117 24124 17845 23421 13785 11037 11051 11052 13783 13784 13796 13821 13822 18003 11039 11053 13775 13782 14357 14364 14368 8502 10914 11050 13771 14358 8500 9549 11978 11980 11981 11987 13798 18114 7679 8501 18013 18180 19399 7674 7680 1729 7671 7672 7675 8503 19401 10090 17408 17410 18008 18126 18137 18288 19402 19403 9676 9677 10083 10084 10085 10086 10087 10088 10089 10092 10093 10094 10095 10096 10117 6836 6842 9301 9667 9668 9671 9672 9673 9674 9675 9680 9681 9682 9683 9684 9689 9690 9691 9692 10091 10097 10109 10110 10112 12289 12292 12293 12295 12296 15530 15533 16419 16424 18112 18213 19396 6583 6837 6838 6843 6845 14359 6584 6585 6840 6844 23557 6321 6289 6296 6322 6323 6327 6328 9303 11466 14224 17492 18105 18113 23428 23431 23555 6288 6290 6291 6297 9148 9147 9152 10756 11976 7882 11975 11977 11985 7877 6536 7053 7875 9497 17488 17490 1727 4926 5866 6340 7876 9892 9894 10418 10419 13064 18100 434 435 1726 4928 6857 9899 10423 10438 16232 17396 18101 18102 18103 3742 6853 6856 9890 10416 10436 13849 14603 14614 14615 14617 17027 17394 18124 1217 1714 2373 2378 2817 3291 3740 3741 3743 3744 3747 3749 3750 3754 3756 4913 5467 5840 6852 6854 6855 6858 6859 6861 6864 8864 9357 9359 9361 9889 9891 9893 9895 9897 10098 10114 10415 10417 10421 10459 11823 12769 12771 12774 12816 13361 13363 13365 13847 13848 13850 13851 13853 14602 14604 14605 14606 14607 14608 14609 14612 14613 14616 14620 14621 14622 14623 14626 16133 16134 16135 16231 16233 16788 16791 17026 17028 17029 17393 17395 17397 17399 18122 18123 18125 18286 18291 1216 1218 1713 3290 3748 3755 4912 6863 8863 9358 9898 10422 12770 13362 13852 16234 16631 17400 18284 18285 1712 3289 4911 6860 6862 8862 9896 10420 14618 14619 17398 18283 18290 4914 4915 4330 4968 9390 9391 9392 9393 9394 9395 9396 9397 9398 4332 3354 4335 16138 3357 3356 16139 1715 3292 3359 3360 3751 3758 4334 4916 4971 5991 6415 6924 7756 7761 8868 9362 10451 10465 12775 12817 13370 16243 17340 17341 17342 17343 3293 3296 4917 5468 10444 10452 12776 13371 14952 14954 14956 14958 14959 14961 16787 16793 12784 13368 16238 16633 16789 16792 16794 1732 7249 7250 7251 7886 10119 13364 13366 13367 13857 14593 14595 14597 14599 16795 19088 1731 10442 11825 13379 13856 14589 14590 14591 14592 14594 14596 14598 10441 14625 8889 10102 10435 10443 10445 10446 10449 10458 13377 8883 8890 8891 8884 8885 8886 8887 8888 5867 6341 8898 9900 9901 9903 10099 10101 10115 10424 10425 10439 10440 12294 13065 13067 16237 17403 4927 6867 9495 9902 12290 16236 17402 18287 20770 4929 8866 13854 18289 18629 5841 6865 6866 8865 8867 10116 11824 13066 13378 16235 16632 17401 18293 18294 9360 10460 12772 18292 18628 19740 10118 10461 10113 10120 10111 13070 14601 14962 16635 8903 8904 8900 9411 6080 6345 8897 8899 9409 18010 6079 6083 17409 17491 18006 18007 8905 14355 14356 8895 14367 9907 10430 9904 9905 9906 10427 10428 10429 15531 18104 10431 10012 10013 10015 10020 10432 10618 10619 10621 10628 10629 10644 10660 10661 10663 10670 10691 10692 10694 10701 11268 11269 11271 11278 11925 11926 11928 11936 11937 12899 12900 12902 12910 15425 15428 15436 15528 15529 15532 15534 15535 15536 15537 15539 15897 20685 10014 10016 10017 10021 10620 10623 10638 10662 10664 10693 10695 11270 11272 11927 11930 12901 12903 14989 14996 15538 17018 17808 17809 4674 10022 10023 10028 10630 10645 10671 10702 11279 11938 12911 14992 4677 3521 3526 3912 4675 4678 6171 7374 7377 10018 10019 10024 10025 10026 10027 10029 10030 10031 10032 10622 10624 10625 10626 10632 10633 10639 10640 10641 10646 10648 10649 10650 10651 10652 10653 10654 10655 10656 10665 10666 10667 10672 10674 10675 10676 10677 10678 10679 10680 10681 10682 10696 10697 10698 10703 10705 10706 10707 10708 10709 10710 10711 10712 10713 11273 11274 11275 11280 11282 11283 11284 11285 11286 11287 11288 11289 11290 11388 11391 11392 11929 11931 11932 11933 11940 11941 12904 12905 12906 12912 12914 12915 12916 12917 12918 12919 12920 12921 12922 14987 14990 14991 14993 14994 14997 15331 15333 15334 15336 17013 17014 17015 2088 2596 3525 3910 3918 4505 6169 12379 13384 14998 15335 17016 17017 3911 3913 4676 6170 10627 10643 10669 10700 11277 11934 12908 17021 17022 3909 6172 10635 10659 10685 10716 11293 11943 12929 18014 3409 9483 9484 9485 9486 9487 9488 9489 9490 3527 7373 7375 7378 7379 10033 10631 10634 10647 10657 10673 10683 10704 10714 11281 11291 11393 11939 11942 12913 12923 12927 15332 15338 17345 6986 7376 7382 7384 12925 12926 12928 7380 7381 7371 7383 23432 12924 13628 2414 4056 4506 5394 5395 5396 5537 6232 6234 6235 10642 10658 10668 10684 10699 10715 11276 11292 12907 12930 14738 14742 14743 14995 15337 17019 17020 17303 17344 18133 19131 7650 1025 1636 2151 4055 4214 4215 4218 5244 5339 5342 5343 14737 6231 14988 6233 4216 4217 5340 5344 5345 7437 5346 5347 5341 5348 18366 13564 18365 18368 18369 2934 8447 8448 8449 9077 9078 9079 11877 13456 13565 13566 13567 16067 16184 23751 23792 24089 24096 24198 2935 5830 5834 5829 5831 5832 5833 5733 5734 5736 5738 5735 5737 8450 8442 8451 8453 1303 1885 8441 8443 3067 8456 8455 8454 15256 16186 16185 16188 17041 13012 16074 16183 16187 16189 13014 16690 10062 15279 15476 16683 16688 16689 16692 10064 15276 15277 15278 15280 15475 12961 16075 16076 16077 16079 16081 16083 4271 9051 11334 11339 12279 12955 12959 12960 12962 12963 12964 12967 1447 4269 4270 4272 4273 5779 8218 8219 11332 11336 11340 12268 12307 12956 12970 15816 1448 1449 1450 8227 8228 12005 12006 12271 12309 12957 12958 12983 12984 8206 8208 8209 8211 8215 8216 8220 8221 8224 8225 8226 8229 8230 8231 8289 8291 8293 8295 8296 8726 9029 9030 9031 9032 9033 9034 9047 9048 9049 9050 11327 11328 11330 11331 11333 11335 11337 11338 11341 11342 11343 11344 11345 11346 11347 11348 11359 11360 11361 11362 11363 12007 12008 12009 12010 12011 12012 12272 12274 12275 12277 12278 12280 12281 12282 12284 12285 12286 12287 12310 12940 12943 12974 12975 12976 12977 12978 12979 12980 12981 12982 13062 13522 14001 15812 15820 15821 15822 15829 15830 15831 15832 15833 15834 15837 16190 16339 2449 8204 8205 8207 8210 8212 8214 8217 8222 8223 8232 8233 8292 8294 9028 9035 9039 9041 11326 11329 11349 11350 11351 11352 11353 11354 11355 11356 11357 11364 11366 12265 12267 12269 12270 12273 12276 12283 12308 12312 12313 12936 12941 12942 12948 12949 12950 13519 13521 14000 14002 15807 15808 15809 15810 15811 15813 15814 15819 15823 15825 15827 15828 8213 9044 9045 9046 12266 12306 12311 12314 12954 15815 15817 5777 5778 12305 12968 5774 5780 5781 5783 3601 5775 5776 5782 14014 3602 3603 5754 5755 5756 5784 12288 3595 4084 5552 5757 5758 5759 4085 5760 5551 7516 7513 12013 12015 12017 12014 1981 12016 12018 1980 1983 9038 1982 12937 9036 12939 12951 12952 14015 15824 15826 15835 9037 9040 9042 9043 12938 8299 8298 12945 12947 12944 12946 13524 13523 15481 16336 11365 13401 13520 13525 8717 8714 8722 13060 9053 13058 13061 8720 8721 8724 14004 14009 8719 8725 8728 8730 14018 8723 8727 8729 16874 16875 6564 14019 14020 16264 16873 16876 16878 2923 4099 6473 14021 14024 14013 14007 14003 14005 14006 14008 14010 14011 14012 14017 14016 16337 16338 17256 16484 17439 17441 2663 16485 2661 16481 16482 17438 17440 1747 5912 6366 6376 7503 13398 13399 13400 13402 5911 5906 5915 6367 6375 7502 10201 10204 10206 5908 1273 2848 6379 7484 7506 10202 10203 10205 4450 6196 7480 7481 7482 7485 1815 6197 3716 9533 12953 12969 9736 12965 12966 12971 12973 24249 5932 9633 9735 9737 9738 5927 5931 5933 5934 5937 5946 5926 5928 5929 5930 5952 5935 5951 5936 5938 5939 5956 5957 5945 5958 5959 5960 5961 5947 5948 5949 5950 9632 9636 5953 9634 9638 5954 5955 9627 9635 9623 9625 9626 9628 9629 9620 9621 9622 9624 9639 9637 24223 3482 8414 15479 17499 23694 24105 24264 12972 16693 16080 16082 16084 15818 15836 11358 8536 11876 13455 17032 17042 17043 17044 17045 17046 17047 17048 17049 17050 4036 6480 8537 8538 8539 17052 17051 17053 9085 5265 9080 9081 9082 9083 9084 9086 5261 5263 5264 5266 23793 23794 23795 23796 15875 15508 15874 15876 15877 15878 15879 15869 4309 6968 15866 15867 15868 15870 15871 4310 3315 3414 15856 15857 18343 18340 18341 18342 24267 24134 24275 24287 24139 24142 24156 17469 18063 13595 14821 17471 13596 9770 13601 13643 14830 17461 9764 16472 16514 15067 16459 16466 15057 15058 12843 15051 15055 15064 16163 12840 16162 13109 13107 13108 13099 13128 5039 7995 16156 18310 19420 5040 5041 11970 15426 15432 15437 10917 15424 15435 15440 15444 16613 16742 17834 17931 18942 19415 10916 10918 10919 10915 19418 23488 15443 17898 3887 10906 10911 16415 17828 17838 20439 21580 21590 21869 21870 3889 17918 14774 16391 21630 14775 18700 18701 18703 18705 18904 18905 24200 24110 24199 18909 18910 18912 18914 18915 18917 18920 15849 15846 15839 15842 15847 15848 16697 23477 23478 24168 24169 24167 8391 24165 13658 13656 13657 13647 13645 13654 18622 13653 16981 16982 16974 16975 4431 6437 10593 16418 16976 19065 19069 23577 4434 2347 23444 23580 11315 16152 19096 11316 11318 11321 11325 16287 6439 16284 2030 2392 4730 7566 7567 11843 16280 23571 2391 4729 17244 2410 6099 16417 16802 17241 17249 17252 6108 2084 6103 6106 6109 6627 17240 4653 6104 6105 6622 4654 4655 4002 4652 6624 4000 4001 2083 3043 6102 6618 17227 6620 3074 6619 3073 3075 11012 14537 1053 7144 11006 11009 11011 13967 14536 16174 7145 14230 19097 9416 13966 9414 19093 19092 6093 19091 19095 19098 6995 11007 14227 5838 17226 6623 6626 9156 4003 6107 6625 8134 8131 4651 11845 6628 7541 16801 16803 16806 16804 16805 17248 15454 15460 7568 10145 11840 16278 16279 16281 16273 16276 12748 16282 12749 16272 3946 12796 15233 17986 17989 3948 3947 15239 12807 5081 12808 17972 17973 18938 12137 12800 17988 12116 12133 7703 7826 12115 12121 16431 16432 16851 17180 12114 12122 12123 12127 12129 16348 11066 16344 16345 16346 16347 16350 7594 16353 7595 7599 7600 13476 16352 2882 3429 3953 6425 6495 7553 7607 12746 12799 12801 13477 13478 14903 15221 15223 15250 15251 18621 2434 6426 7554 11264 3617 3903 6428 7621 11263 3877 5076 7620 8376 8404 8434 11262 16919 5075 5079 13831 3878 13823 13826 13829 14822 13828 15956 14524 17774 21595 7334 9838 13029 14523 14525 7333 7335 7336 7337 8817 16458 16508 8825 12029 16516 16457 16465 16467 16856 9840 8049 14950 10396 11097 14941 14949 17454 11098 11322 14943 19070 3663 8386 11317 11319 11323 11324 1243 3661 3664 1242 3662 3808 3809 4588 2725 2721 2723 3257 4379 11312 11320 16129 7126 16126 16127 7124 7125 16128 15800 17159 17355 17381 19939 10925 10926 15790 15795 3151 17357 17384 18354 3146 3150 3153 3154 3147 3155 3152 19850 19969 23790 19840 14639 16385 23834 23835 10335 14632 14642 14666 16572 16573 10329 10331 10339 1991 14627 14628 14629 14655 1992 1993 1994 16335 14656 18051 16329 10330 10337 9461 23830 17250 17231 17242 17245 17243 16383 16384 16386 16563 16567 14085 6802 14089 14088 14086 14087 16979 4626 19067 7556 7622 11714 5880 16926 17293 16812 11258 11259 11260 8333 8336 8339 8334 8335 8341 5634 8340 5633 5635 3954 6427 7555 7608 7610 7612 9435 9432 9436 9431 15236 9434 9428 18045 3874 9425 7924 9215 10178 17058 17109 9214 16098 17059 14948 15222 1541 5884 1542 10599 16349 17070 10782 10598 10602 10603 10604 10600 17064 9464 9455 9463 11683 13731 14778 7858 11681 12647 11662 11677 18358 18361 20712 9168 24193 11627 15104 4430 16696 24160 24176 24219 15090 23923 15949 14825 15970 15457 23583 23910 24164 18064 2403 3386 4340 4446 6372 7508 13080 15137 16267 17502 18065 18066 24147 2404 3387 4342 4448 6374 7510 13081 13082 4341 4339 4447 5910 5917 6373 7509 13073 13074 13075 13076 4445 5909 6371 7507 15139 15142 15144 16266 13959 14474 18060 18077 18073 18072 13513 16041 24286 17455 18503 18058 18050 19831 13263 13264 14049 15450 13112 16154 11436 11955 11437 8977 10579 11196 11438 11440 11441 11442 11449 8963 10564 11181 11451 11452 11453 11454 12842 12733 10550 12732 5496 9310 10553 12725 5497 9311 9313 9308 9312 9305 9306 9307 9309 9314 5996 6930 12731 18600 16849 12703 13641 16847 17470 11750 18959 18346 8840 17033 17034 17036 17037 17038 5052 9119 14174 3118 3263 3264 3266 9120 9121 9122 9123 3117 3119 4203 4205 14175 14177 14178 14179 14180 14181 3265 8716 9076 15159 15161 7438 7439 7440 4507 13633 13629 13632 13634 13635 13630 14747 13976 14029 14032 14833 1276 1277 2117 3319 3320 3321 3322 3388 3389 3419 3420 3802 3891 3892 3896 3897 3898 4317 4318 4319 4324 4325 4326 4327 4328 4453 4455 4458 4459 4941 4942 4943 4944 4945 4948 4949 4950 4954 4955 4958 4961 4962 4963 4964 5400 5401 5402 5534 5535 5896 5897 5898 5899 5900 5901 6188 6189 6190 6191 6886 6887 6888 6890 6891 6894 6895 6896 6897 6898 6899 7297 7298 7299 7445 7446 7447 7988 7989 8085 8087 8088 8089 8091 8094 8322 8323 8324 8325 10501 11786 11788 11789 11790 13977 14028 14030 14031 14033 14740 14746 14748 2118 550 1545 2325 3390 3422 3803 3883 3895 3899 3996 4460 4591 5086 5443 5903 5904 6124 8092 8096 8098 8099 8327 11785 11787 12933 13415 14739 14741 2326 5087 5403 5404 5405 3421 3894 3805 3804 3902 8093 8095 8097 1975 3901 8086 8090 3900 16142 16143 16144 3676 14832 3677 3679 3682 3675 3680 3683 3678 3681 3684 8326 14834 3518 4077 14744 4965 14745 4321 4956 4320 4323 4946 12909 2089 13233 13234 18015 6849 18016 6846 9540 9539 11394 7881 11387 12382 6149 5242 6148 11398 11399 11389 14217 7055 9501 9299 18009 14611 6768 10863 13068 14600 14624 15912 16136 6765 6767 3746 6762 6763 6764 6766 16341 16342 16343 10862 17025 3851 4919 9407 10456 10471 10864 10868 10869 10873 10876 14966 3846 3850 3852 2382 3844 9405 10466 14972 5466 7935 9402 9977 10463 12773 13369 14963 14965 14967 14969 14970 14971 5465 2371 2376 2815 12813 7937 3345 3763 5852 9978 7766 9404 3853 5474 7767 3855 3856 3854 5481 7759 7764 3849 3857 5477 5480 6113 6420 6529 7014 8478 8592 8595 8596 8597 8598 8599 8600 15328 15330 3848 4581 6418 4586 6118 8482 4558 5482 6117 6534 7007 7017 8481 10314 4556 4557 2905 7005 15327 15329 4552 4553 4555 4562 4564 4566 4585 6116 6358 6528 6533 7002 7004 7006 7011 7013 7016 7327 8476 8477 8480 10310 10311 10313 4561 7001 7010 7326 8475 11459 11460 11461 2252 2250 2903 6112 9521 5478 5479 6114 6530 8479 7757 7762 7758 6419 7760 7763 6421 5995 6928 7765 10470 12708 12711 12713 10875 4336 4918 8870 10455 10469 10866 10870 10872 10878 9009 10826 9010 9011 9012 9013 9005 9014 10827 9006 9007 9008 9023 18033 9015 9024 13860 3753 3760 9366 12782 13374 13858 15914 15915 15916 9364 12779 16137 17030 6135 8354 10234 10838 12780 13382 16015 16140 16141 8351 10232 10236 10239 10822 10825 10830 10835 10836 10837 10839 10840 7310 7318 10820 10821 7309 7311 7312 7314 7319 7324 4013 5116 7313 7317 7323 18598 5115 2783 2915 3865 4983 5164 6545 7527 7640 10521 13437 14843 16023 2782 453 1236 1373 1378 1382 1385 1751 1949 2022 2784 2914 3324 3499 4982 5066 5163 5603 6543 7526 7639 8370 10520 11922 12896 13436 14842 16022 23552 1371 1377 1380 1383 1750 1947 3494 4009 4978 5125 5134 5598 5920 6386 7020 7524 7634 8364 10516 12887 13429 14840 16017 23553 1749 7520 10512 14835 16970 7521 7525 1239 1754 2311 2317 4344 4351 9374 10491 11142 14386 14836 16971 16972 1374 3495 4979 5126 5135 5921 5922 6008 6016 6017 6387 6388 7021 7159 7160 7163 7528 7529 7635 8365 8371 10494 12888 13430 14170 14171 14173 14387 14389 14841 14844 14891 14895 14896 14897 14898 3500 1379 1950 2023 2916 4984 7641 10534 13438 14892 7162 14893 4415 4416 4417 5424 5425 6009 7161 7164 7165 7166 7167 13321 14172 964 5202 5426 6130 13322 13323 5427 6129 13324 15207 15208 6011 8360 10526 15206 6010 6012 6018 8359 10513 15205 6019 8361 10515 13422 15209 15210 2460 5599 5924 6390 7023 8367 10519 13431 17876 17881 5923 6359 6389 7022 8366 10517 18650 18651 6360 10518 10514 13421 10492 5165 12897 12891 18034 6544 7316 7320 8066 1710 7532 8065 8067 1711 7315 7325 10823 10824 18649 17024 18599 16246 17023 16239 7246 5464 7244 7245 7247 7252 19086 10503 9262 9259 9261 9263 5463 7950 8735 13517 8744 4871 10828 10829 10831 10832 10833 16244 13859 13855 14610 9025 9026 13863 9020 23822 9019 9021 16524 16526 572 1288 1556 2638 2866 3086 3907 5541 6549 8356 9389 14392 16525 23821 1289 1753 2477 2867 3559 3577 4529 5159 5166 5624 6131 6201 6550 7026 9371 10056 10507 10508 12358 12786 16247 16996 17419 17427 18636 23823 23824 6138 14846 6137 14845 5117 7645 11924 12823 12898 11923 978 11996 11997 11998 11999 12000 12001 12002 10522 9810 14964 14968 14973 3347 4970 6414 9406 10450 10464 16634 16654 16656 16657 16658 16661 3349 3983 10454 16650 16651 16652 16653 14797 16648 10610 14798 14799 14800 16649 23611 12815 16242 17406 23612 4920 10865 10871 10874 10877 4921 13376 14953 14955 14957 14960 9685 17407 9678 9679 9686 9687 18111 6344 20771 9302 20772 18012 11986 18011 11984 14361 14363 16420 16422 23556 15438 14877 7892 10447 14873 14874 14875 14876 9494 10437 19739 19087 9688 2820 11982 6329 8262 8245 8257 8261 8246 8247 8249 8251 8255 6324 10757 10755 10754 19400 11464 11465 5745 5747 8192 8191 8509 2085 3352 7954 8511 8513 14360 8504 7676 9550 14366 16753 24122 12084 12082 12070 13312 16716 16723 16725 16726 16727 16728 16680 23603 16676 16675 23590 9181 9183 15930 9184 13832 13834 9761 11800 9756 13335 15931 13338 7694 7696 12033 23591 15488 8374 15489 16490 13389 13906 14850 15487 16489 23917 23919 23920 23921 12993 12994 4039 7795 10316 10994 11368 14678 4040 11000 11001 11003 10989 10996 10998 11370 14680 7432 10985 10987 10988 10990 10992 10986 3179 9744 10991 10993 10995 3181 3182 3183 9739 9740 11002 11004 9776 11369 14679 14697 9773 9775 9772 13466 13465 13467 13468 14681 7796 11371 14682 14718 7797 11373 11372 11375 4497 5021 5022 7231 11374 2861 4493 4494 4498 5017 5023 7229 7230 7232 2939 4491 4495 5018 5019 7228 7233 11379 2940 2942 6817 6819 6822 6823 5020 5024 11381 11382 5025 7239 7240 11376 11378 11380 4499 6820 13221 13228 4485 13223 13225 13227 1844 4484 4486 5058 6057 6070 6071 8285 8286 8287 10613 13230 15387 3719 6911 8288 3717 3718 6032 6254 12421 2870 6072 2869 4129 6073 10615 13409 4130 1093 1549 5179 5259 6923 5319 6724 6726 10614 2157 4042 4043 5315 5316 5317 5318 5320 6477 6497 6556 6557 6725 6727 6728 7748 7749 7750 7751 7752 10365 11033 11463 16180 16475 16476 1593 3997 7753 7754 7755 18142 6979 5321 2485 4773 10759 12935 16181 17485 7069 13408 5057 10612 13222 13224 13229 6069 10723 16497 16498 14464 10318 10320 5368 12100 12095 4731 4733 4865 15021 20718 10731 18362 8395 14425 14422 14423 14424 14426 16293 16291 16292 16827 12475 14242 16779 7732 16780 6704 9996 8529 8531 8532 8525 8520 8526 23533 10302 17177 8129 23809 23810 2759 2757 19392 9664 9662 14344 16729 16733 1174 7458 9254 11774 12673 13942 4744 7968 11778 4743 12674 7668 12251 13150 2125 4742 7666 7669 7670 2515 5248 2513 1997 2512 5246 7573 1996 3053 5245 7572 7667 15343 15342 15345 19434 23825 11110 15085 11112 9270 12335 14396 6879 7906 8930 11858 11859 13037 13872 13896 14397 14398 14399 14400 14401 14402 14403 6876 6877 6878 6882 6880 11861 11862 11863 11852 11853 11854 11855 13043 14394 13038 13042 13044 13045 13895 13871 14395 1256 5968 5973 7908 8932 9947 13874 13898 14411 14412 14413 11856 11857 12794 3957 5074 5881 10594 15805 15806 12211 6736 10334 18052 11703 7959 9458 13396 5356 5353 5355 5352 2498 3051 3063 4156 5350 5354 6142 7032 1035 1036 1346 2095 2604 3060 3585 4066 5176 5627 5688 12003 2605 3062 3064 4068 4157 5351 6144 8576 10400 12570 12574 3960 12571 12572 12573 12576 11219 7591 9937 13472 1479 7616 13394 16043 7603 11223 1859 7332 7338 8912 11570 11578 1856 10487 10486 14349 11304 14345 14346 14347 14348 14350 11140 12934 15259 16834 16835 16839 16840 4707 5555 5561 6949 7519 11134 11135 11136 11137 11139 11141 16838 1464 2562 4704 4705 4706 4708 6086 8019 9971 11138 11167 13971 15116 15503 668 1463 2561 4079 4146 5527 5966 6085 8018 9972 13970 15114 15504 968 3466 3564 4569 5614 3463 3467 3462 5963 10767 10768 8879 4573 5618 13974 13975 1587 2062 2169 3813 13972 13973 13509 15115 6948 17290 11170 16955 13411 18119 24241 24270 24281 16630 9258 9249 9252 11727 6723 7808 7802 7804 7809 7811 9288 9284 1769 2801 4514 9285 9287 9289 9290 9292 9552 9553 12409 13320 1255 5444 5445 6939 5044 6940 9554 13089 10687 8426 8878 9910 10686 13091 8429 2141 2588 3045 9912 13090 2140 2647 13094 13096 13098 3046 2181 4133 2180 4132 13675 16629 9474 15003 11842 11766 11834 8021 10298 1847 1846 6499 6500 15127 15126 5695 13593 13594 5694 5696 5697 14550 14554 5237 4225 5820 6165 6166 8733 8734 6206 4192 4632 4633 3287 7861 3254 9462 11261 8407 11155 5828 2245 5388 2244 3226 10189 10153 16859 8440 17445 1884 8439 5273 5275 5276 1882 4697 13882 10357 10356 6292 17844 7419 7262 11952 15852 15854 17298 1123 1125 5486 11709 1269 1457 4425 13837 13841 15466 15468 18302 9514 9515 9516 9517 9518 9647 13835 13838 13839 13843 12328 15886 12330 8806 12324 12327 12329 8800 3007 3541 3545 6449 10041 12364 13151 16112 16113 3547 2521 2634 3011 3536 3605 10044 3010 3012 3535 3604 6209 3534 6208 12326 6213 690 691 692 693 1644 1645 2145 2186 2416 2517 2681 4148 6214 11301 12331 12332 3606 6211 6210 6212 11821 15170 15173 6980 6380 6981 6982 7713 8944 14419 15887 15888 15892 7715 2160 7716 8946 9112 9113 9114 2161 9115 9116 9117 8938 8936 10168 10169 10170 10171 5004 5005 6299 6300 6301 6302 7084 7085 7086 7087 8939 10164 10165 10166 10167 6306 10852 2365 3839 6307 6308 6309 10122 10133 2363 2364 2366 2362 3837 6303 6304 6305 2359 3335 3560 3834 3836 5981 6913 7543 10502 11160 11988 11989 11990 11991 16842 16843 2360 2361 3838 10121 10123 10124 10125 10126 3840 10132 10134 10135 10136 10137 3842 10127 10128 10129 10130 10131 7441 7442 7091 7092 7093 7094 7095 10853 10854 10855 7088 7089 7090 7101 7102 7103 8945 14420 15893 15894 15895 8053 
7: 461 960 3553 
8: 473 976 977 1219 
9: 474 1695 908 1395 2183 907 
10: 480 
11: 505 1007 1465 1518 
12: 508 509 510 511 512 1015 1521 1522 
13: 516 1526 
14: 522 1527 1528 
15: 562 
16: 573 1266 1554 
17: 608 
18: 673 1098 1290 2412 2411 
19: 698 699 1349 1934 3477 
20: 702 703 
21: 714 1192 
22: 744 
23: 764 765 
24: 777 2291 2771 
25: 781 782 
26: 880 1343 10235 10237 10241 
27: 895 897 2489 3248 1113 1358 
28: 936 1415 1955 2493 2496 2508 2991 2995 5192 5648 2494 2497 2509 2992 4649 4650 
29: 941 
30: 949 950 1436 1439 2465 2469 2920 6096 11914 12347 13003 13004 13005 951 1437 1440 2466 2470 2921 4373 9643 9644 9645 9646 
31: 980 3030 4115 
32: 1001 1002 2076 2078 2080 2077 2079 2081 
33: 1016 1525 
34: 1046 
35: 1110 1972 2969 1402 1971 1401 2154 2156 3082 
36: 1138 1140 1629 2556 5197 5650 5656 6007 2555 1142 1144 1146 1407 2554 4207 1141 1143 1145 1406 4206 
37: 1155 1156 4118 4695 8808 8809 8810 8811 4119 4696 9064 9654 9655 9656 1482 1486 2047 4117 5797 1481 1483 1485 2021 2046 3570 6650 1480 9065 9067 9066 2166 3597 9265 4208 4811 
38: 1159 1160 
39: 1161 1162 1637 3215 3216 1638 4503 5398 
40: 1166 
41: 1177 
42: 1181 
43: 1187 1870 1873 2978 3428 3937 5073 6092 1871 3427 3936 5072 3426 2424 3935 5071 
44: 1201 
45: 1206 2195 2194 2734 2227 2228 2735 
46: 1213 
47: 1228 
48: 1356 
49: 1389 1667 
50: 1391 3375 3502 4522 4618 6446 11729 
51: 1418 1419 4112 4757 3693 4113 4758 3697 
52: 1458 7465 7467 7464 7466 
53: 1510 1511 2184 2074 
54: 1515 1516 2583 3032 3578 5217 2584 3033 3037 3579 5218 
55: 1550 2015 
56: 1557 1558 1559 1863 2122 2279 2794 5067 5574 1560 2123 4692 5571 5575 5672 3224 4150 8507 3221 3223 3219 3222 3220 5569 6965 1862 5064 6967 1864 5068 5069 4358 5065 7429 4356 7428 5572 5673 
57: 1601 3211 3213 
58: 1602 2657 4769 6218 6572 
59: 1610 1790 1791 2603 3047 3610 3611 4188 4210 6203 4187 4211 6204 
60: 1655 1656 3232 3233 5298 2167 2499 2501 2688 2690 5299 5300 2016 2528 
61: 1675 
62: 1692 1693 
63: 1696 3113 3115 3591 3592 2624 2627 2628 3111 3112 2622 2623 2621 2626 2625 3114 3110 2945 
64: 1780 1923 5084 6121 8389 10773 10774 10775 
65: 1785 4257 3377 4523 6453 8280 8284 6451 6452 11728 7476 
66: 1822 1823 1826 4478 4479 4480 4481 1828 6115 6532 7015 7253 7254 7255 7260 1827 1825 7003 7012 7646 7647 7648 4475 4476 4477 
67: 1852 2642 10961 10962 10963 10965 2641 2643 14094 2644 11165 13053 13054 13055 5964 6408 6932 8022 11166 13046 13047 13048 13050 13051 5546 8023 8024 14100 14102 
68: 1927 2767 2926 3446 5169 7971 9071 9072 10104 10105 2927 2928 2929 4592 7938 9073 4028 4593 5170 6651 6652 6655 6656 2930 3447 5171 7972 9733 3450 5174 7977 9731 3448 3451 5173 7974 10103 5175 2576 3307 3782 4035 5172 7945 7978 10106 10107 7973 9074 9075 
69: 1986 3100 4089 4835 2211 
70: 2045 6658 6659 6662 6663 6664 6657 6180 6660 6661 4892 4895 
71: 2060 
72: 2061 2218 2595 
73: 2177 2178 2179 3160 3165 3613 3161 3166 3614 3163 3168 3616 
74: 2188 2189 2666 6250 2665 
75: 2198 
76: 2203 2547 3417 3418 4998 5456 6410 4999 5002 5457 6339 4994 4996 4388 4993 5001 5451 6338 4390 2305 3929 4389 5003 5453 5653 2303 2304 3927 3928 3930 3931 5652 3932 6411 5458 4995 5452 5000 6337 
77: 2207 4075 5865 7366 3241 3239 3240 2282 3237 3238 2281 3207 3208 3209 3210 3206 
78: 2216 2217 2559 
79: 2448 2671 2672 5102 6635 6636 6637 6638 8061 8100 6922 6960 7920 10076 12299 12301 12303 3830 5103 8062 8063 8064 13723 13724 
80: 2590 2873 4134 4135 2872 2874 
81: 2600 
82: 2695 2696 2697 2698 3871 8874 8875 5856 5857 3768 3872 5418 5861 3772 7770 5419 5862 8877 6314 
83: 2715 4181 4182 4183 4184 4185 4186 5678 5681 5679 5680 5799 5802 5803 5805 5807 5800 5808 5683 5684 5682 
84: 2749 2751 2752 
85: 2802 3832 4382 4383 4384 4385 4386 
86: 2986 3523 6167 8040 8041 8042 8043 
87: 3127 3185 3186 3187 3188 3189 
88: 3131 3133 3277 3279 3281 3278 3280 3282 3283 9332 4772 8139 9329 9330 9331 9333 8140 
89: 3274 
90: 3339 3340 3341 7925 9426 9465 11224 11233 11244 3378 3880 4393 5009 7926 9427 9466 11225 11234 11245 17263 4394 5011 7469 7471 7472 7473 7474 7470 7477 7478 7479 11231 4467 9479 11254 9477 7930 9433 9806 9805 
91: 3381 3383 4437 4470 4535 4542 5106 6033 7927 8403 11247 11256 16940 16942 16946 16949 4442 4473 4551 5108 6038 7933 8408 11266 16936 16937 16938 16939 
92: 3686 3687 3688 3690 
93: 3713 
94: 3774 4754 4755 4756 
95: 4284 4285 4286 4287 4288 4289 
96: 4375 4376 12344 13419 12345 14528 14533 14529 14532 
97: 4411 4413 5544 6001 6811 6812 6813 6005 6808 6809 6810 
98: 4412 6002 8409 8410 
99: 4575 6718 6719 6722 
100: 4576 6936 8428 8881 9294 9297 
101: 5061 14803 14807 14810 14814 14818 15921 11883 13461 15922 15923 15924 15925 
102: 5433 7718 7719 7720 7721 7722 7723 7724 7725 7726 
103: 6022 8989 8990 8991 8992 8993 8994 
104: 6459 7957 8803 
105: 6567 8544 8543 8547 8552 8615 
106: 8466 12053 12054 12055 12056 12057 12058 12059 12060 
107: 8694 8695 8696 8698 8700 8702 8704 8697 8699 8701 8703 8705 
108: 9298 
109: 10406 10407 10409 10410 
110: 11229 17313 
111: 13265 
112: 13575 13579 
113: 16063 
114: 16260 
