# The directed communities at k=4
# from /Users/bogna/dev/role-mining/datasets/hepth/timeslots/cit-HepTh-1998.edges
# at no lower link weight threshold,
# and at no upper link weight threshold.
# Links were treated as directed.
# No time limit was set for the clique search.

0: 9211053 9801046 9212135 9306044 9402144 9412166 9510171 9604161 9703055 9704213 9707091 9802003 9804050 9405014 9607046 9805185 9806184 
1: 9801079 9502009 9704037 9710064 9710079 9711044 9802018 9802107 
2: 9801042 9212088 9303012 9401059 9401092 9402008 9609174 9704055 9704056 9711023 9711057 9711096 9711110 9712006 9801133 9404031 9405005 9502096 9605183 9709032 9711047 9802174 9803007 9710114 9806110 9605110 9807026 9807070 9809194 9811044 9811212 
3: 9801163 9705028 9710074 9801172 9807233 9811249 
4: 9801171 9411077 9510175 9805023 9812110 
5: 9512062 9610249 9611159 9611173 9701127 9701149 9610148 9612080 9801202 9607227 9611008 9702008 9710223 9701037 9802032 9203051 9303156 9312168 9501113 9502141 9705064 9707110 9803041 9804051 9807202 9809190 9809204 9810081 9811244 
6: 9801002 9411149 9506148 9510017 9512062 9606017 9607163 9611050 9611230 9702014 9703051 9703166 9703210 9704104 9705199 9705232 9706047 9706082 9707027 9708082 9708118 9708127 9708134 9709096 9712005 9712028 9712149 9712172 9712193 9607201 9402044 9509066 9602180 9603158 9508143 9510135 9608111 9705160 9709002 9403195 9601029 9712253 9407087 9801017 9511030 9603003 9702038 9704043 9704170 9705022 9707192 9711157 9712143 9712145 9801019 9204099 9303007 9310194 9405124 9412184 9602043 9702015 9707188 9711138 9711200 9712251 9801020 9601038 9602064 9602077 9604034 9608129 9608163 9706109 9706127 9409089 9503124 9610043 9701025 9702187 9703030 9712148 9801023 9608024 9611042 9611202 9612087 9612223 9704080 9706196 9709087 9709091 9709108 9709225 9710217 9710226 9711003 9711005 9711063 9711078 9711162 9711165 9712063 9712202 9712236 9408099 9411048 9411057 9505075 9505100 9703072 9602022 9612121 9801030 9510209 9602070 9603142 9605136 9608019 9609122 9609209 9702110 9704177 9706171 9707143 9708031 9709043 9710208 9711158 9711197 9801032 9602052 9707247 9708044 9711143 9801034 9510169 9612162 9701139 9703218 9704041 9704158 9705055 9705084 9708083 9709220 9710009 9710231 9712084 9801036 9505150 9506102 9506181 9509161 9509162 9603140 9606043 9609219 9610026 9610204 9701123 9702083 9709001 9711156 9510161 9512077 9801038 9410167 9601150 9604119 9607235 9608173 9611134 9702201 9710214 9711181 9712004 9712072 9712115 9510129 9510182 9510183 9605090 9607109 9801047 9710136 9711037 9801048 9602051 9602135 9603060 9603061 9604042 9604089 9612146 9603087 9604168 9702163 9704044 9706192 9711043 9711205 9801051 9612115 9709005 9710030 9710191 9308075 9801053 9603195 9604189 9606033 9611111 9801057 9601036 9602114 9603161 9604030 9605131 9605200 9606122 9607091 9612188 9701023 9701162 9701165 9705104 9705174 9706093 9706110 9801058 9504090 9511080 9704005 9705162 9705169 9711053 9711161 9712073 9712239 9801081 9801060 9503179 9505006 9509175 9511222 9512196 9512219 9608116 9702180 9704061 9704198 9705106 9705189 9705220 9707244 9707251 9708015 9708041 9708068 9708122 9708168 9711030 9712029 9801061 9411102 9505035 9709193 9711108 9712062 9706089 9801064 9504147 9510101 9801067 9603009 9603150 9607139 9609239 9610251 9705031 9705237 9709013 9710116 9710239 9711013 9711094 9711130 9711202 9712050 9712070 9712180 9712211 9801070 9301052 9602065 9603078 9605234 9606185 9609026 9703031 9704018 9705053 9706072 9709099 9709199 9710174 9712185 9610249 9611159 9611173 9701149 9306052 9501068 9704186 9705046 9603109 9604166 9705054 9801076 9209116 9302126 9307049 9607164 9610155 9704189 9302103 9309140 9403186 9505105 9508072 9603004 9702103 9603123 9801084 9605150 9610082 9611222 9612062 9701151 9702006 9703052 9703078 9705128 9708123 9711073 9801085 9611072 9801087 9506126 9606036 9701048 9701093 9704145 9707208 9707223 9709049 9709214 9711080 9304154 9401139 9510086 9707217 9603081 9603127 9705091 9710104 9507090 9511064 9512031 9705116 9707087 9708055 9702094 9602073 9603136 9607066 9607076 9607202 9608060 9708147 9709027 9711097 9801108 9507121 9610236 9702136 9704089 9705221 9706158 9707079 9707093 9712117 9801110 9403040 9511173 9601037 9604091 9612192 9701088 9701190 9702037 9705130 9706186 9707068 9709063 9510225 9611190 9705131 9704120 9712047 9712075 9801114 9509080 9602030 9604129 9604178 9605049 9606169 9611186 9702061 9702165 9705163 9706051 9708040 9801118 9601167 9610148 9612080 9702133 9710007 9801120 9504081 9611215 9704029 9705188 9707102 9709122 9712077 9801121 9705057 9706099 9801123 9712214 9801125 9206048 9410073 9510097 9609052 9609076 9610172 9612051 9701187 9702153 9703216 9704112 9704156 9704195 9705192 9706071 9706100 9711072 9712118 9801127 9612120 9701125 9712057 9801128 9608096 9801132 9210127 9402032 9406198 9504047 9505162 9506110 9506112 9506194 9507050 9507115 9510093 9511108 9512181 9605154 9605184 9611024 9611137 9611203 9701019 9701137 9704059 9707160 9709062 9709107 9801134 9603167 9705044 9604156 9702202 9705074 9709054 9703110 9508155 9801141 9801144 9505073 9510227 9512012 9602140 9604004 9801145 9801146 9503186 9507013 9508002 9603206 9606191 9703197 9707017 9801147 9610140 9702203 9712201 9510204 9511126 9512161 9604199 9612238 9707120 9708170 9801152 9404071 9704199 9708099 9707259 9708037 9609161 9801157 9704114 9801158 9712162 9801159 9608135 9506144 9601177 9710005 9710014 9801165 9511203 9801170 9503163 9505062 9509176 9511180 9609041 9609145 9610156 9701055 9608017 9607112 9607185 9705205 9207094 9604139 9801182 9508154 9511026 9511043 9511088 9511194 9512078 9605033 9611164 9612157 9702108 9703217 9704006 9705117 9706039 9710178 9710230 9712071 9712159 9801183 9801189 9712257 9801204 9602045 9801205 9606044 9608005 9608186 9801206 9801207 9705030 9802004 9606165 9802007 9701014 9709053 9711194 9712018 9712039 9712109 9712110 9712177 9608061 9701037 9710141 9802023 9802026 9712021 9707044 9802033 9602082 9605199 9701185 9704011 9608195 9610238 9709030 9802042 9708086 9711002 9605009 9802047 9707179 9802051 0208020 9606176 9607019 9607041 9610041 9612126 9712230 9802052 9712168 9802063 9507040 9508021 9508159 9711115 9802067 9301042 9511154 9604055 9709228 9710020 9802068 9802069 9710065 9802076 9405171 9706174 9802085 9802088 9707207 9707241 9709116 9802091 9503121 9802093 9303017 9501020 9507012 9507153 9603108 9607078 9608145 9709004 9802103 9608053 9802109 9702076 9703040 9708005 9802111 9802116 9203018 9802126 9802129 9807198 9810099 9802130 9602174 9712025 9802147 9506057 9802148 9802150 9802151 9802152 9802162 9802163 9802164 9802168 9607020 9802173 9802183 9704151 9712166 9802185 9504102 9603002 9708042 9802189 9703007 9802194 9802195 9802198 9802199 9706117 9706144 9707011 9707042 9707113 9802202 9802203 9509140 9607060 9611075 9803001 9803131 9803135 9803263 9805114 9805129 9808016 9808017 9809022 9803002 9803003 9803004 9803013 9803014 9712011 9803015 9803023 9608126 9703146 9803028 9803031 9803033 9803038 9803039 9803040 9803044 9803051 9712074 9803053 9803054 9803058 9803060 9511162 9803061 9803064 9803066 9710243 9803067 9803068 9803069 9803072 9601014 9601108 9803076 9205068 9803077 9803078 9607149 9803080 9803082 9803083 9803085 9803086 9803088 9803090 9803096 9508042 9712186 9803097 9509141 9612174 9705226 9803103 9710119 9803107 9710151 9803109 9803111 9803116 9512153 9803119 9803120 9803123 9803124 9803126 9803127 9803137 9803138 9704054 9704131 9803140 9712135 9803141 9703157 9711201 9803142 9605101 9803143 9502077 9709093 9803145 9707018 9707222 9803146 9803150 9602049 9603116 9610074 9803166 9803167 9803168 9803171 9611074 9803174 9307010 9803186 9803188 9604200 9703060 9703123 9707215 9710066 9711128 9803189 9603186 9803191 9803193 9803194 9803196 9803197 9803206 9803209 9803214 9803217 9803220 9803224 9803227 9303032 9507151 9803231 9803232 9803235 9610151 9611196 9706195 9803239 9305139 9308052 9803249 9803251 9803252 9803259 9606112 9708166 9806026 9804006 9804007 9804009 9507032 9606199 9609104 9701170 9804014 9804018 9804019 9804020 9804021 9804023 9710023 9710078 9804026 9804027 9804028 9804029 9804031 9804034 9804035 9804037 9804038 9601023 9804056 9804058 9804060 9804062 9804064 9804065 9804067 9804068 9804074 9804076 9804083 9804084 9804085 9804086 9804092 9804093 9804095 9804096 9804097 9804099 9804104 9804105 9804110 9804111 9804113 9804114 9804115 9706208 9708011 9804120 9806099 9804121 9709029 9804123 9707126 9709058 9804124 9804125 9804126 9804129 9804131 9608034 9804139 9804141 9804149 9804151 9804157 9710206 9804159 9804160 9804164 9804166 9804170 9804172 9804173 9804174 9804175 9804176 9804180 9804182 9804184 9804188 9804200 9712064 9804209 9804210 9406132 9805006 9612148 9805007 9805014 9805018 9805019 9612215 9708075 9805028 9805029 9805034 9805041 9805045 9805047 9805048 9805050 9805051 9805054 9805056 9507027 9805064 9805065 9805069 9707002 9805070 9805071 9805076 9805082 9805087 9805091 9805096 9805097 9603147 9612229 9805099 9805104 9805105 9805106 9805112 9805115 9805123 9805125 9805126 9805131 9805132 9805136 9805139 9805140 9805141 9805142 9805143 9805145 9805146 9805151 9805154 9805156 9805157 9603133 9805158 9805162 9805165 9805170 9805171 9805172 9805178 9805180 9805181 9805182 9805189 9805191 9805205 9805206 9805207 9805208 9805217 9805218 9805220 9608047 9610076 9806001 9806004 9806008 9806010 9806011 9806012 9806015 9806017 9806018 9806021 9806022 9806051 9806024 9806028 9806030 9806032 9806036 9806039 9806041 9806042 9806044 9806049 9806065 9806066 9806069 9703124 9806071 9806072 9806074 9806075 9806078 9806080 9806081 9806082 9806085 9806087 9806089 9806091 9806092 9806094 9806095 9806096 9806103 9806104 9806106 9806108 9806109 9806113 9806115 9806119 9806120 9806122 9806123 9708062 9708049 9806125 9806126 9806128 9707148 9806131 9806132 9806136 9806139 9806140 9806141 9806143 9806144 9806146 9806149 9509108 9806155 9806158 9806159 9806160 9712103 9806161 9806162 9806166 9806169 9806170 9806171 9806173 9806176 9806177 9806178 9806180 9806182 9806186 9806188 9806194 9806195 9806197 9806199 9806213 9806214 9806216 9806217 9806224 9806225 9806226 9203071 9204030 9806235 9806236 9806240 9807006 9807008 9807011 9703059 9807019 9807033 9807034 9807046 9807051 9807067 9605011 9605012 9606087 9709061 9807071 9807076 9807080 9807082 9807085 9807087 9807090 9807093 9807096 9807097 9807098 9807109 9807113 9807115 9809213 9807117 9807120 9807124 9807127 9807135 9807137 9807138 9807140 9807149 9807150 9807151 9807154 9807156 9807164 9807171 9807173 9807179 9807182 9807185 9807187 9807188 9807195 9807196 9807197 9807200 9811010 9807205 9807206 9807208 9807209 9807213 9511228 9807216 9807223 9807225 9807226 9807229 9807230 9807232 9807235 9807240 9807241 9808002 9808004 9808006 9808014 9808019 9808020 9808022 9808024 9808026 9808032 9808035 9808037 9808038 9808039 9808048 9808051 9808052 9808056 9808060 9808061 9808069 9808075 9808079 9808081 9808086 9808088 9808095 9808097 9808100 9808101 9808114 9808117 9808119 9808122 9808124 9808125 9808126 9808128 9808131 9808134 9808138 9808139 9808141 9808143 9808146 9808149 9808156 9808157 9808159 9808161 9808162 9808168 9808172 9808175 9808177 9808178 9808181 9808182 9808183 9808184 9808185 9808188 9808191 9808192 9809009 9809015 9809021 9809026 9809027 9809032 9809033 9809034 9809039 9809045 9809052 9809055 9809057 9809059 9809061 9809063 9809065 9809067 9809068 9809070 9809073 9809076 9809100 9809102 9809103 9809106 9809109 9809111 9809124 9809132 9809133 9809145 9809147 9809158 9809162 9809164 9809172 9809173 9809174 9809179 9809181 9809188 9809192 9809193 9809195 9809204 9810008 9810010 9810021 9810024 9810025 9810031 9810041 9810050 9810051 9810053 9810063 9810066 9810069 9810072 9810075 9810083 9810090 9810227 9810092 9810102 9810116 9810123 9810126 9810129 9810132 9810135 9810136 9810140 9810142 9810146 9810147 9810148 9810150 9810151 9810152 9810154 9810155 9810157 9810159 9810170 9810179 9810180 9810185 9810186 9810188 9810194 9810195 9810200 9810201 9810203 9810205 9810206 9810210 9810214 9810219 9810223 9810224 9810225 9810226 9810237 9810240 9810243 9810244 9810250 9810251 9810254 9810257 9811002 9811004 9811005 9811006 9811008 9811013 9811017 9811019 9811021 9811028 9811033 9811035 9811037 9811042 9811045 9811047 9811048 9811049 9811051 9811056 9811057 9811060 9811064 9811087 9811089 9811096 9811097 9811106 9811107 9811116 9811120 9811122 9811126 9811128 9811129 9811131 9811133 9811134 9811139 9811140 9811141 9811146 9811147 9811149 9811152 9811156 9811159 9811162 9811167 9811168 9811170 9811172 9811183 9811192 9811193 9811198 9811201 9811204 9811208 9811209 9811213 9811214 9811217 9811224 9811228 9811230 9811237 9811240 9811243 9811245 9811251 9811257 9811258 9812003 9812007 9812008 9812012 9812013 9812056 9812016 9812017 9812021 9812025 9812027 9812028 9812031 9812032 9812034 9812035 9812037 9812038 9812039 9812043 9812044 9812046 9812047 9812049 9812052 9812055 9812062 9812066 9812067 9812072 9812073 9812078 9812079 9812081 9812086 9812087 9812089 9812092 9812093 9812094 9812097 9812100 9812109 9812113 9812114 9812117 9812118 9812120 9812121 9812126 9812128 9812133 9812135 9812139 9812141 9812143 9812154 9812158 9812159 9812161 9812162 9812163 9812165 9812169 9812170 9812172 9812175 9812177 9812183 9812187 9812188 9812194 9812196 9812200 9812205 9812206 9812209 9812216 9812218 9812219 9812220 9812224 9812225 9812226 9812227 9812232 9812237 9812238 9812239 9812240 9812250 9812252 
7: 9408014 9802162 9311026 9512084 9809160 9811140 
8: 9705216 9803011 9606100 9612091 9702053 9806244 9810078 
9: 9802019 9704210 9803012 9411231 9803025 9803203 9806206 9810178 
10: 9803034 9702025 9805037 9805090 
11: 9407117 9803104 9206114 9608091 9701107 9805117 9807160 
12: 9803114 9201080 9207032 9504127 9506180 9610167 9704052 9706091 9803182 9807153 9812192 
13: 9803149 9305131 9410093 9809096 9812166 
14: 9801115 9803165 9307036 9712088 9809123 9811150 
15: 9803258 9401001 9811066 9811210 
16: 9708036 9804009 9612231 9709072 9808157 9810243 
17: 9804206 9605233 9809160 9811140 
18: 9502031 9510201 9804156 9805084 9604027 9806114 9809208 9809210 
19: 9201061 9201074 9205069 9807122 9205071 9707115 9809168 9811092 
20: 9807130 9807165 9807211 9807212 9807131 
21: 9712087 9808045 9808057 9808105 9809072 
22: 9810247 9809170 9812246 9812254 
23: 9801004 9708104 9801005 9807037 9808047 
24: 9801018 9605231 9705021 9710233 9809005 9809143 
25: 9801033 9705108 9711028 9809125 9809126 9809127 
26: 9708118 9407087 9408099 9603051 9706076 9802004 9803014 9808022 
27: 9504006 9512143 9612203 9706108 9711038 9805152 9709021 9805199 9811180 9812026 
28: 9612194 9705052 9709035 9709079 9712144 9802071 9507136 9509110 9705124 9707199 9712066 9805204 9808027 9810199 
29: 9802088 9607113 9804032 9812152 
30: 9602022 9603087 9604035 9604179 9701042 9701088 9512181 9612089 9612236 9705036 9802121 9611026 9703012 9708157 9710207 9803006 9804113 9805113 
31: 9803019 9210021 9401006 9502122 9806068 9812048 
32: 9803091 9604128 9607174 9609128 9612010 9612011 9805025 9806174 9807125 9810087 9811173 
33: 9803122 9203039 9312108 9803234 9810011 9810057 
34: 9803196 9707063 9807113 9812095 
35: 9802036 9408081 9705136 9803237 9702204 9805013 9602083 9712080 9805137 9710235 9806150 9808189 
36: 9204083 9301068 9303046 9305047 9310041 9404004 9806037 9309107 9309119 9402029 9410054 9706019 9709101 9806190 9809084 9809095 9811050 
37: 9510135 9711200 9610043 9701025 9702187 9703030 9704080 9801182 9710240 9504150 9803027 9409064 9511104 9612021 9612073 9612083 9703114 9705242 9803170 9209049 9307111 9805188 9806133 9512135 9807022 9807035 9808120 9809165 9810158 9811083 9811254 
38: 9408164 9804128 9405028 9805102 9806148 
39: 9207016 9408083 9806154 9605059 9704083 9807009 9809137 9811189 
40: 9806174 9709216 9806248 9807125 
41: 9607156 9808001 9808144 9809091 
42: 9610193 9807069 9808127 9812090 9812185 
43: 9301114 9312114 9402077 9410138 9506019 9602156 9707094 9307174 9802113 9802196 9809004 9607188 9810104 9810117 9812022 
44: 9703010 9810228 9811030 9812005 
45: 9610193 9705176 9807069 9609035 9808129 9811053 9811077 9811171 9811176 
46: 9604044 9812091 9812211 9812247 
47: 9801021 9708098 9801151 9804186 
48: 9705013 9802091 9803028 9803174 
49: 9802015 9707163 9802074 9805150 9808140 9810068 
50: 9302103 9307158 9309140 9507115 9802016 9407190 9505183 9506122 9803145 9809187 
51: 9511065 9708042 9711035 9804101 9805015 9807224 9807226 9810102 9811121 
52: 9708147 9709027 9802186 9706207 9806149 9811025 9811207 
53: 9701172 9803074 9711126 9803226 9805159 9806208 
54: 9511134 9503209 9605046 9803092 9207103 9606102 9704169 9803189 9804084 9808172 
55: 9802105 9710147 9804004 9805094 9806084 9809149 9810067 
56: 9407087 9507135 9601115 9706013 9801121 9704214 9705057 9706007 9706099 9703147 9710142 9803176 9706078 9804010 9710250 9711135 9712128 9804168 9806009 9806147 9808187 9810040 9810137 9810152 9810239 9811017 
57: 9304154 9702184 9805109 9612059 9806033 9809136 
58: 9611100 9503182 9607070 9610226 9805110 9610134 9808049 9809135 
59: 9503097 9802030 9803084 9803121 9803156 9803178 9803210 9804096 9804106 9805012 9805032 9805164 9805167 9805181 9806093 9807051 9807100 
60: 9512223 9802012 9702107 9802049 9802108 9601085 9601097 9804174 9805168 9805201 9806034 9806237 9807108 9807172 9811041 9811112 9811179 
61: 9804053 9808041 9809090 9811209 
62: 9801105 9208059 9509158 9810119 9810143 
63: 9701060 9505061 9803184 9803200 9710171 9804071 9804072 9804118 9805184 9809050 9809098 9811039 
64: 9601029 9704142 9610155 9602136 9603090 9511108 9801161 9506144 9708103 9802140 9807014 
65: 9510182 9706025 9302103 9307158 9309140 9507115 9808131 9809187 9810168 9811131 9812082 9812127 
66: 9411149 9402044 9509066 9801097 9608090 9702094 9708113 9604004 9507013 9606191 9703197 9707017 9801157 9802017 9803225 9806229 
67: 9503124 9612121 9601150 9603087 9609212 9711043 9705162 9610249 9611159 9611173 9701149 9708003 9501068 9710033 9612080 9712068 9701037 9803040 9803209 9804011 9711009 9804087 9804202 9805209 9810023 9812014 
68: 9411149 9402044 9407087 9602031 9503086 9505004 9408099 9503179 9505006 9510148 9801173 9510228 9610139 9612207 9710001 9712010 9712116 9505088 9803087 9804061 9803139 9806079 9807222 9810014 9811119 9812155 
69: 9505070 9612103 9712008 9301102 9806153 9809018 9809183 9812112 
70: 9703166 9510135 9711200 9604034 9708068 9501068 9511164 9611209 9803232 9806009 9806130 9808187 9812079 
71: 9709109 9803063 9803189 9808172 
72: 9801024 9709109 9803063 9803133 9805153 9808186 9810167 
73: 9508131 9806138 9502125 9510036 9512080 9807072 9809053 9810161 9812213 
74: 9803237 9805137 9308116 9508148 9807106 9807163 9807233 9808067 9811249 
75: 9808082 9707136 9808089 9811115 
76: 9403018 9705236 9706009 9706143 9707025 9707041 9801122 9709224 9801180 9802029 9802139 9802160 9804033 9805081 9806055 9807123 9808109 9809168 9811092 9812164 
77: 9512006 9608177 9710236 9602064 9701166 9707061 9506035 9809121 9406217 9809190 9811130 9811232 9811244 9812051 
78: 9802191 9702049 9803177 9809209 9810088 9811248 
79: 9703166 9603087 9604035 9604179 9612095 9705011 9711205 9507158 9608116 9606139 9708147 9709014 9709027 9702202 9708074 9710129 9611008 9803163 9803216 9803260 9805073 9805176 9806040 9811024 9811034 9812087 
80: 9801110 9712189 9702184 9803106 9710119 9710244 9805083 9806062 9806199 
81: 9804143 9610191 9803144 9810161 
82: 9211021 9611039 9703150 9705035 9706221 9801073 9406216 9806230 9806233 9807049 9808063 9809185 9811008 9811089 9811194 
83: 9612115 9705046 9704098 9708119 9711107 9803117 9803265 9804123 9804199 9805080 9809103 9809119 9809130 9810035 9810243 9811165 
84: 9712253 9710231 9712072 9802051 9807195 9812104 
85: 9801052 9302047 9308020 9705236 9706009 9706143 9707025 9707041 9802043 9810008 
86: 9612121 9602070 9702201 9603161 9802051 9607019 9607041 9607057 9803262 9812141 
87: 9706109 9612128 9706089 9710123 9712046 9805086 9709137 9807140 9807207 
88: 9510017 9510161 9512077 9511222 9707224 9605033 9710206 9709219 9806199 9808074 9812071 9812088 9812149 
89: 9307049 9803206 9804031 9812134 
90: 9601029 9610105 9705169 9708065 9711053 9711067 9801081 9502072 9508072 9602136 9603004 9603090 9702103 9602111 9802140 9802150 9803072 9803215 9807056 9807087 9811032 9812049 9812082 
91: 9510017 9412184 9503124 9410167 9705169 9603090 9607077 9608059 9507090 9512031 9606193 9707087 9801144 9505073 9611014 9612202 9807136 9811251 9812160 
92: 9407087 9604034 9703082 9508155 9803228 9809202 9812049 
93: 9712117 9802068 9810147 9810210 
94: 9211021 9703150 9705035 9706221 9801073 9802057 9804082 
95: 9610043 9704080 9709220 9710009 9710231 9712072 9801182 9807060 9812184 
96: 9611230 9607235 9801049 9603087 9604035 9604179 9702163 9802067 9803103 9803231 9807171 
97: 9703166 9407087 9604034 9710034 9712040 9801104 9710033 9811025 9811177 9812049 
98: 9703166 9407087 9710034 9712040 9801104 9811036 9811128 
99: 9705160 9709002 9710007 9206026 9804011 9805065 9807113 
100: 9705160 9709002 9611173 9708003 9710007 9206026 9804011 9811022 9812074 
101: 9510017 9510135 9610043 9608024 9602052 9410167 9603081 9603127 9511173 9511043 9802073 9806199 9807239 9812230 
102: 9610043 9704080 9709091 9709108 9710217 9710226 9711005 9712236 9709220 9710009 9801070 9806225 9806242 9806245 
103: 9510017 9510135 9610043 9608024 9705046 9708119 9801093 9705091 9802073 9809103 
104: 9704018 9603126 9707093 9802068 9810157 9810210 
105: 9703166 9510101 9603167 9712071 9804027 9804069 9806238 9807154 9808134 9808175 
106: 9503124 9610043 9701025 9702187 9703030 9710231 9410167 9712072 9709107 9801182 9802176 9806112 
107: 9607201 9709013 9711094 9711130 9712070 9712211 9801141 9803097 9805180 9807139 9812081 
108: 9703030 9809095 9809130 9811050 
109: 9611050 9508143 9510209 9510169 9804208 9812210 9812224 
110: 9711200 9508072 9802147 9807087 9810210 
111: 9712211 9804160 9806042 9810226 
112: 9701149 9801206 9804011 9805065 9807050 
113: 9507121 9803131 9805045 9812072 
114: 9705221 9802067 9808149 9812196 
