# The graph of directed at k=4
# from /Users/bogna/dev/role-mining/datasets/hepth/timeslots/cit-HepTh-1998.edges
# at no lower link weight threshold,
# and at no upper link weight threshold.
# Links were treated as directed.
# No time limit was set for the clique search.

3 74 2
5 6 9
5 67 6
5 77 2
5 79 1
5 100 1
5 112 1
6 7 2
6 16 3
6 17 1
6 26 6
6 29 1
6 30 5
6 34 2
6 37 8
6 48 3
6 50 4
6 51 3
6 52 3
6 54 3
6 56 6
6 57 1
6 59 3
6 60 1
6 61 1
6 64 4
6 65 6
6 66 10
6 67 15
6 68 6
6 70 8
6 71 2
6 77 1
6 79 8
6 80 3
6 82 2
6 83 5
6 84 5
6 85 1
6 86 8
6 87 3
6 88 7
6 89 3
6 90 11
6 91 11
6 92 4
6 93 4
6 95 7
6 96 8
6 97 4
6 98 3
6 99 5
6 100 4
6 101 11
6 102 12
6 103 7
6 104 5
6 105 8
6 106 10
6 107 10
6 108 1
6 109 5
6 110 5
6 111 4
6 112 3
6 113 4
6 114 4
7 17 2
16 83 1
19 76 2
26 56 1
26 68 2
26 92 1
26 97 1
26 98 1
30 67 1
30 79 3
30 96 3
32 40 2
34 99 1
35 74 2
36 108 2
37 70 2
37 95 3
37 101 2
37 102 2
37 103 2
37 106 5
37 108 1
37 110 1
42 45 2
50 65 5
52 79 2
52 97 1
54 71 2
56 68 1
56 70 2
56 92 1
56 97 1
56 98 1
57 80 1
64 90 4
64 91 1
65 90 1
66 68 2
67 70 1
67 79 1
67 86 1
67 91 1
67 96 1
67 97 1
67 99 1
67 100 3
67 106 1
67 112 2
68 92 1
68 97 1
68 98 1
70 79 1
70 92 1
70 97 2
70 98 1
70 101 1
70 103 1
70 105 1
70 110 1
71 72 2
73 81 1
76 85 5
79 96 3
79 97 1
79 98 1
79 105 1
80 88 1
80 101 1
82 94 5
83 103 3
83 108 1
84 86 1
84 95 2
84 106 2
88 91 1
88 101 2
88 103 1
90 91 2
90 92 1
90 97 1
90 110 2
91 101 2
91 103 1
91 106 2
92 97 3
92 98 1
93 104 2
93 110 1
95 101 1
95 102 4
95 103 1
95 106 4
96 114 1
97 98 5
97 105 1
98 105 1
99 100 5
99 112 2
100 112 1
101 102 1
101 103 5
101 106 2
102 103 1
102 106 1
103 106 1
104 110 1
106 108 1
107 111 1
