# The directed communities at k=5
# from /Users/bogna/dev/role-mining/datasets/enron/timeslots/1-2001.edges
# at no lower link weight threshold,
# and at no upper link weight threshold.
# Links were treated as directed.
# No time limit was set for the clique search.

0: 10354 10374 10388 112 2024 216 27446 277 293 29794 29796 29810 307 32864 32873 32874 3447 401 43296 8336 8349 8627 9823 10365 10360 10361 10364 10378 10381 10382 10383 252 273 276 312 9820 10389 172 186 288 4 8326 8346 8347 8621 91 10459 10465 10384 11381 32902 43031 8608 118 202 3228 251 191 291 10369 32981 3879 29668 10366 3084 3085 32889 10353 10355 10357 10358 10359 10362 10368 10370 10373 10377 10379 10385 179 292 29704 68 93 32890 32907 32923 32974 181 9045 
1: 730 807 985 151 10263 143 5290 127 129 134 146 3213 419 425 498 656 764 5197 10351 452 527 104 125 133 532 11732 1399 2050 948 1062 641 1063 928 1066 1067 1068 854 786 1070 877 1072 1306 1307 1323 1329 1331 1335 1336 558 802 825 851 10760 3697 505 547 1077 1079 1321 1360 1552 1593 3701 519 5601 720 835 919 500 1813 4288 1414 1595 11545 1223 1411 17776 544 550 580 723 2137 130 131 432 457 11680 11679 1245 1574 2052 20671 281 540 549 572 600 954 11695 11702 2092 30 4250 890 901 1198 1204 1209 1211 149 158 2054 416 420 787 1178 1185 118 1493 1194 1199 4506 4508 5372 804 453 719 1208 1010 1189 1192 1197 1205 1206 1225 1226 1232 1233 510 746 971 2028 489 604 642 663 1236 1243 1527 1798 542 136 196 2051 2129 495 545 661 1294 1300 1310 1071 1076 1078 1315 1317 1318 1334 1376 1492 1546 1548 448 491 501 508 509 531 538 603 610 611 616 617 624 673 674 679 686 708 713 714 726 733 735 762 775 817 823 856 857 864 905 914 936 1312 1313 1316 1279 5277 2106 1375 3286 3932 4280 4857 4961 5381 1540 1412 2049 496 148 446 546 14890 14315 3214 1895 15016 20575 20676 20677 20682 20683 20684 2262 4503 4507 5688 5191 15283 15291 11671 15264 1959 2288 4460 4463 9323 2048 17777 1867 1065 20668 21525 2160 2238 5371 916 4333 5358 5214 4467 4504 492 554 4976 517 5033 21521 4314 4505 4509 5178 5373 5640 9012 7682 2046 2053 796 731 9931 
2: 544 20677 20682 4503 20586 17784 20708 22806 
3: 544 20740 20764 20813 20827 
4: 501 616 726 2369 52033 52066 
5: 2846 1061 2842 5316 2960 
6: 2878 10250 15612 17234 3468 5315 15813 15741 15759 15774 15805 5295 5298 5311 15787 15799 15825 17248 17249 5301 7712 700 
7: 20682 5880 20586 20678 22806 
8: 1849 919 1415 4873 5203 1850 3286 5191 3119 4334 3880 4819 
9: 56863 57016 10600 57007 5944 5955 85553 85554 85555 85556 85557 85558 85559 85560 85562 85563 85564 85565 85566 85567 85568 85569 85570 85572 84045 85552 
10: 151 17266 33711 8634 5905 
11: 5205 3634 3583 4858 3147 2518 3149 3150 3530 3602 3609 3659 4511 465 5193 5208 5210 5212 5215 5216 5218 5220 5222 4334 35975 4865 5221 5890 
12: 786 1306 152 3006 454 
13: 501 581 52033 52066 5441 
14: 277 252 32902 8319 32974 
15: 151 10260 10263 143 7991 
16: 151 10260 10264 7991 5905 
17: 5290 3213 4805 15953 3203 34940 17973 3233 5459 38855 
18: 151 17266 2878 2930 5548 17234 5529 14474 3309 5905 4163 7719 
19: 505 4252 501 616 674 581 5633 
20: 151 3697 5580 5905 5611 
21: 10245 17266 2844 2878 2930 5548 6040 5529 5549 17172 5366 3229 
22: 1399 2050 1593 2049 2960 3230 3229 
23: 151 17234 5905 15813 5611 
24: 10808 527 11732 383 6640 
25: 641 786 1306 2100 3006 
26: 807 1593 490 857 3702 
27: 1849 4820 4873 11541 1850 3838 
28: 143 5290 3213 1061 1399 2050 2842 3204 457 11890 3354 12521 4709 3203 
