# The contained directed cliques in the directed communities at k=5
# from /Users/bogna/dev/role-mining/datasets/enron/timeslots/1-2001.edges
# at no lower link weight threshold,
# and at no upper link weight threshold.
# Links were treated as directed.
# No time limit was set for the clique search.

0: 1060 2805 2806 3219 3220 3364 3608 2807 2808 3038 3084 3217 3218 3221 3222 3223 3224 3225 3226 3321 3362 3363 3365 3366 3367 3368 3454 3457 3606 3607 3647 3648 3649 3650 3651 2809 3032 3034 3036 3039 3033 3035 3031 3037 3041 3319 3040 3042 3456 3317 3318 3320 1838 2147 2150 2153 2156 2161 2163 2166 2169 2176 2382 2388 2558 3322 3455 1338 1339 1340 1341 1342 1343 1344 1345 1346 1347 1348 1349 1351 1352 1353 1354 1425 1583 1690 1695 1707 1708 1709 1722 2112 2121 2145 2178 2385 2693 3426 2110 2119 2143 2553 2690 2159 2158 2557 2555 2552 2689 2691 2692 3082 3610 3713 3081 3083 3609 3653 3712 1447 1864 2573 1448 1863 2052 2170 1840 1846 2168 2393 3652 1839 1845 2392 2390 1830 1833 1835 1848 2115 2124 2129 2134 2139 1829 1828 1832 1834 2114 2123 2128 2133 2138 1831 2113 2122 2127 2132 2137 1847 3370 3654 1361 3371 3369 1423 3453 
1: 1067 2196 3469 3568 3911 1125 1488 1490 1492 1495 1899 1924 1925 1933 1934 1937 2187 2191 2192 2232 2234 2235 2433 2435 2436 2438 2441 2443 2447 2451 2592 2613 2616 2622 2625 2628 2682 2861 2897 2962 2964 2965 2968 2970 2973 3044 3102 3325 3411 3412 3464 3468 3470 3471 3511 3520 3562 3563 3566 3569 3570 3571 3645 3646 3746 3748 3753 3754 3755 3772 3837 3839 3859 1929 2860 3264 3567 3644 3838 1126 1493 1935 2237 3192 3194 3413 3463 1128 1931 1936 2231 2568 3193 3324 3410 3510 3612 3774 1932 3333 3519 1939 2462 2631 2632 2633 2634 2635 2636 2828 2829 2863 2864 2865 2866 2867 2868 2869 2870 2937 3050 3051 3052 3053 3054 3055 3056 3057 3058 3061 3062 3063 3064 3065 3232 3233 3234 3323 3326 3327 3328 3329 3330 3331 3332 3514 3515 3516 3517 3518 3611 3512 3513 2193 2819 2821 2822 2824 2826 3059 3521 3747 2194 2195 2230 2820 2823 3750 2432 2446 2449 2621 2859 3466 3467 3564 3565 3643 3751 2440 2618 2637 2967 2972 3752 3776 2452 3771 3773 3775 2450 2190 3756 3265 3460 1580 3060 3263 2959 3461 3559 3639 2960 2961 3640 3760 2228 2233 2856 3407 3557 3835 3836 2229 3408 3462 2857 3560 3641 3727 3726 3733 3744 2409 2425 2548 2606 2729 2833 2850 2929 3156 3243 3442 3446 3447 3448 3522 3524 3529 3530 3531 3539 3540 3541 3579 3584 3594 3661 3662 3686 3687 3688 3694 3695 3697 3698 3707 3725 3728 3729 3730 3731 3732 3757 3799 3800 3801 3809 3815 3819 3820 3869 1387 1388 1916 2226 2578 2695 2714 2873 3096 3097 3157 3158 3159 3380 3381 3382 3383 3384 3385 3443 3444 3445 3475 3477 3479 3480 3523 3525 3526 3527 3528 3532 3533 3534 3535 3542 3543 3547 3577 3580 3583 3593 3621 3622 3657 3660 3663 3666 3667 3668 3669 3684 3685 3689 3690 3696 3699 3700 3701 3702 3703 3708 3717 3780 3781 3788 3789 3802 3803 3804 3808 3810 3811 3814 3816 3817 3849 3868 3870 3875 3897 3898 3917 1918 2378 2424 2594 2720 2840 3242 2728 2943 1743 1757 1895 1900 1901 1907 1908 2096 2097 2098 2103 2208 2337 2343 2542 2545 2574 2586 2587 2589 2590 2609 2644 2712 2713 2723 2944 2945 2979 2988 2989 2990 2991 3088 3089 3093 3094 3160 3293 3295 3394 3395 3491 3492 3493 3494 3544 3545 3552 3623 3632 3633 3722 3782 3783 3786 3787 3863 3864 3865 1379 1380 1381 1382 1383 1755 2085 2338 2344 2430 2540 2541 2546 2984 2102 2881 2985 2261 2262 2474 2475 2645 2751 2752 2882 2986 2992 3090 2585 2925 3091 2209 2239 1307 2012 2048 3670 3784 2046 2049 2047 2804 3664 1536 3043 3487 3495 3659 1168 1174 1535 2253 3490 3790 1173 3098 3273 3337 3341 3342 1729 2851 2852 3099 3101 3161 3163 3181 3338 3450 3482 3483 3484 3546 3548 3549 3585 3586 3588 3723 3724 1914 1913 1111 1114 1477 1478 1912 2842 3391 3392 3485 3807 3390 3393 3396 3397 3398 3481 3805 3399 3402 3403 3401 3405 3551 3449 3550 3818 3451 3452 3596 3743 3182 3186 2730 3253 3252 3254 3258 3251 3255 3257 3245 3246 3247 3249 3256 3581 3145 3250 3578 3582 3718 3882 3146 3142 3476 3311 3881 3716 3797 3030 3498 3796 3025 2877 3116 2724 2727 1909 3183 3184 3100 3706 3806 3691 3705 3185 3339 3340 3497 2725 3274 3335 2947 1158 3671 3496 1942 2922 2400 2575 1159 3294 2978 3400 3404 2227 1551 2738 3500 3812 3406 3558 3195 1131 1938 2593 2827 2825 2871 1750 2243 2565 3615 2241 2698 3918 3122 3876 3919 3123 3045 3616 2198 2245 2458 2904 3151 3197 2733 2236 2238 3104 2614 2551 
2: 1229 1230 2753 3674 
3: 1231 
4: 1310 2774 
5: 1430 
6: 1541 1992 2287 2483 2761 2783 2887 2286 2762 2780 2885 2763 1995 2284 2662 2757 2781 2779 2778 2683 3011 
7: 1589 
8: 1726 1727 3072 3238 3074 3240 2770 2916 3124 
9: 1761 1763 1765 1767 1769 1771 1773 1775 1777 1779 1781 1783 1785 1787 1789 1791 1793 1795 1797 1799 1801 2775 
10: 1814 
11: 1869 1870 2078 2318 2323 2325 2329 2331 2334 2536 2079 2319 2324 2326 2330 2332 2335 2537 2067 2069 2071 2074 2291 2322 2529 2532 2535 3276 2066 2068 2321 2528 2531 2534 3275 3429 2070 2073 3428 2063 2064 2530 2533 
12: 1927 
13: 2095 
14: 2315 
15: 2366 
16: 2367 
17: 2512 3554 3300 3003 3000 3001 
18: 2646 3132 3212 3675 3133 3214 3676 3677 2981 3599 
19: 2677 3085 
20: 2737 
21: 2766 3134 2901 3135 3679 2900 3215 3678 
22: 2874 2875 3422 3423 
23: 2883 
24: 2934 
25: 2956 
26: 2994 
27: 3069 3236 
28: 3174 3175 3177 3374 3853 3906 3715 3890 3825 3889 3848 
