# The contained directed cliques in the directed communities at k=7
# from /Users/bogna/dev/role-mining/datasets/hepth/timeslots/cit-HepTh-1996.edges
# at no lower link weight threshold,
# and at no upper link weight threshold.
# Links were treated as directed.
# No time limit was set for the clique search.

0: 1351 1744 7490 7492 7493 7495 7496 7497 6260 7489 6262 6264 6266 6269 6270 6271 7491 7494 6257 6261 6265 6267 10828 10825 10826 
1: 1983 2284 2216 
2: 2294 2295 2296 4306 7251 7262 2297 6436 6439 6441 6438 6440 6443 4017 4315 6418 6427 6437 4011 4014 4018 4020 5364 5367 7517 7529 7533 7556 4012 5362 5366 7516 7528 7532 7555 4015 4227 5363 5365 5368 5370 5371 5376 5377 5386 5387 6442 7252 7256 7263 7538 7558 4228 4229 5373 7620 4312 7619 7621 7649 4307 4308 4309 4310 4311 4316 4317 4321 7642 4305 4314 4320 7512 7615 7622 4318 6416 7261 8716 4319 8718 8731 7557 7647 8552 8722 8729 8730 8734 7524 7542 7548 7560 7520 7522 7523 7527 7518 7519 7628 7540 7541 8551 7627 8717 7623 7625 7626 7646 7644 7641 7645 7653 7648 7525 7650 7651 7654 7655 7656 8732 7526 7559 7550 8553 7539 7547 7549 7551 8561 5390 6429 6432 6433 6434 6435 7534 7535 7536 7537 7554 8557 8558 8559 8714 8715 5389 5393 5392 7515 7618 5379 7270 7513 7514 7616 6422 6423 7267 7268 7269 7273 7531 6419 6424 6420 6428 7530 8707 8555 6425 6430 6431 8711 8712 6426 8709 8710 8556 8713 8721 8560 8720 7546 8723 8724 8725 8733 8728 8726 8727 7552 7553 8088 8087 8090 8115 8089 8114 8117 8110 8118 8119 8131 8111 8112 8113 8124 8125 8126 8127 8128 8129 8130 8132 8144 8133 8145 8075 8134 8135 8136 8073 8074 8076 8077 5078 5079 5080 5083 5084 5085 8093 8143 8146 8147 8148 6342 8091 8092 8094 8095 8096 8116 6417 7265 7271 7272 7258 7617 5380 5374 
3: 2481 4134 4178 4179 
4: 2851 2852 4191 3599 3276 
5: 2988 2989 
6: 3128 6920 11189 4823 6634 6909 6910 6912 6915 6916 6917 6919 6921 6922 6923 6924 6925 6927 6931 6934 6935 8301 9552 9553 9558 9559 9564 9565 11186 11191 11195 11196 13909 14327 14336 14557 4824 4829 4825 4830 4831 6918 7182 7184 6914 7173 7174 7175 7177 7179 7180 7181 7185 7187 7189 7191 8331 8339 9556 9560 9561 11329 11335 11761 11763 11766 6911 6913 7176 8304 7172 7178 7190 8300 8303 8344 12719 9554 10122 12720 12729 9555 8311 8312 8323 8915 8916 8923 8924 9186 9194 9566 12523 12568 12724 14332 8306 8307 8309 8310 8313 8314 8316 8319 8321 8322 8330 8337 8338 8341 8343 8907 8913 8914 8918 8920 8922 8926 9181 9182 9185 9188 11745 11746 11749 11752 11760 11848 12323 12526 12527 12569 12573 12574 12575 12576 12624 12627 13433 13481 13607 13878 13880 13895 13897 14330 14333 14558 14563 14664 15257 3882 4388 4515 6090 6091 6092 6094 6100 6101 6102 6103 6104 6105 6106 6108 7944 8308 8315 8320 8326 8327 8748 9180 9183 9184 9191 9199 11314 12321 12322 12346 12347 12348 12349 12357 12556 12557 12559 12560 12561 12562 12564 12570 12618 13348 13350 13466 13477 13479 13480 13874 13875 13879 13881 14858 14867 3883 3885 5357 5358 5360 8169 8177 8182 8187 6213 6219 8178 8183 8184 8744 8751 6200 6205 6211 6212 6218 8164 8165 8166 8167 8737 8738 12670 6198 6199 6202 8161 6197 7998 6201 7997 8736 7045 8162 8735 8739 7036 7046 7037 8740 8747 12663 12669 12671 12672 8336 8754 12668 12675 12676 8325 8334 8335 8302 8317 8318 8345 12643 12654 12664 13907 14328 8305 8909 8910 13450 13844 13908 14560 13597 8906 8908 8912 8911 4844 9206 10120 12540 12547 12549 12721 4821 4841 4843 4822 4832 4834 4840 8921 8925 4835 11765 12728 13447 8328 8928 9192 10447 11338 11754 11758 11762 13435 13440 13441 13443 13446 13449 13596 13599 13600 11864 12578 13606 13882 11870 11871 11872 11855 11853 11854 11859 11861 4516 11846 11856 14662 4514 4517 6107 7942 8749 8919 11283 11750 12212 12214 12216 12218 12219 12524 12528 12619 12848 12849 12850 13164 13347 13351 13470 14331 14663 14665 14667 14668 6843 7929 7930 7936 12496 12522 12530 12531 6088 6095 6831 6832 6838 7928 12498 12544 13140 13467 14960 6083 6089 12497 12541 12542 12543 12545 6084 6085 6086 6093 14949 14970 6087 6098 6099 14950 14971 6097 8163 6096 6109 8172 8753 12326 15255 6110 11306 12327 12328 13468 13484 11309 11310 12358 12558 12567 12579 13877 13883 11308 11311 11316 11317 11318 11322 11324 11325 11328 12325 12359 12362 8518 11312 11331 12320 12361 13841 14476 8517 8520 8524 8519 8521 8523 8527 8526 8528 11334 8522 11336 12324 12352 11337 11320 11332 11315 11321 11747 11307 11319 11323 8930 11313 11755 8929 8927 9202 13349 13904 14338 8917 12572 13876 12563 12565 12577 12587 12590 12652 13870 13871 14321 14334 10113 10121 12555 12580 12584 12585 12586 12588 12589 12598 12599 12603 12604 12605 12606 12610 12621 12651 12716 12727 13451 13833 7937 9197 10119 10125 12529 12532 7939 7941 7943 7938 7948 7931 13434 6204 7945 13602 14859 6203 6216 6217 8743 8750 8752 13362 8745 13368 8361 13365 8356 8358 8359 8362 8363 8367 8370 12613 12625 8357 12597 8742 13358 11184 12661 13359 13361 13892 11185 11187 11190 11193 13364 7121 8176 10931 11059 11181 13154 13157 13830 13837 13838 14274 14275 14457 14462 7120 7122 7129 13162 13144 13150 13161 14955 13143 13145 13146 13148 13242 13152 13159 13248 13151 13836 13971 13972 13147 9975 13149 13160 13153 13165 13163 14870 9616 13155 13166 13896 14469 14868 14869 4384 9615 9618 9620 9639 15258 9617 9619 9638 9647 9648 9649 11018 12350 13377 14861 8170 9621 9651 14923 8173 8185 8179 8186 13840 14474 9640 10933 9644 10913 10921 10930 10934 10937 10912 10920 11058 10903 10929 10905 11053 10526 11055 8206 9914 9911 9961 9912 9919 10936 10935 9652 12355 12356 13834 14475 14555 12343 12351 12367 13898 14471 12341 13831 13893 11032 11850 12333 12342 12344 12662 13374 14459 14460 14461 14951 14953 11033 11019 11020 11022 11021 15256 11847 11849 11851 11852 11857 11862 11858 13471 14470 14472 13472 14670 9189 12354 12581 12582 12628 12645 12646 13473 13483 14666 14941 9187 9190 9196 8324 9173 9193 9195 9198 9203 12353 13482 8332 8329 8333 12364 13486 9201 13485 9167 9164 9168 9165 9166 9200 12363 12329 12368 14559 14556 13843 13906 14340 14486 12609 12644 13839 13842 13905 14478 14485 12583 12600 12601 12607 12608 12635 12647 12658 14873 12592 12620 13360 13366 10104 12591 12593 12602 12612 12653 13832 12650 13894 9177 9824 13899 14467 9170 9174 9172 9171 4997 11194 4994 4998 4999 5001 5004 4995 5000 5005 13475 13476 14279 13872 14280 7183 11197 9822 9826 9823 9825 9828 9829 9830 6648 11753 12725 14324 6649 6650 6632 6663 6630 6629 14862 6839 9567 12726 12717 14956 12718 12723 13845 12722 14320 4828 13367 14323 13369 13378 13352 13363 13380 14339 13379 14871 13375 14325 14322 14337 14952 14335 14940 14942 14944 11282 11330 14479 14974 14464 14477 14480 14463 14465 12667 14466 13902 13903 14872 12215 11280 12213 12217 11278 11285 12211 12220 12208 7940 12209 12495 12500 14276 13209 13210 12634 14155 11756 14156 11757 11327 11751 8371 11748 8369 8360 8368 8373 8364 8372 8746 12360 14473 15362 14669 12334 14973 11192 11406 14939 11404 11405 11410 9637 11409 14319 14329 12614 4174 4173 8188 11836 14452 14489 11956 11957 11958 11967 11959 11968 12682 12680 12683 12685 12681 10660 12686 10651 10661 10662 10652 10654 10644 10655 10663 10643 10645 10659 10653 10658 6039 6038 9205 10126 9204 12626 12623 11416 11415 6846 13252 13963 6844 8171 9653 13156 13835 13965 7128 11182 10325 14277 10326 10329 8223 8229 12636 11339 13618 7186 13620 13442 10419 12517 13448 14317 9548 9550 10414 10422 10446 12516 12519 9568 10416 13601 10429 10428 12520 12518 12521 12537 12507 10413 12504 12505 12514 6960 10404 10410 6954 6956 6957 6962 4437 6959 6963 6964 6965 8047 8048 8983 8984 10079 10403 10409 10411 10418 10431 14774 14776 4432 4436 4438 4439 4440 4441 4433 4434 6837 4435 6842 4442 4443 8985 10090 7986 10069 10093 13137 14773 14775 7969 14805 10075 10076 13116 10084 10088 11697 10077 10085 11703 10087 11701 11706 11291 11707 11718 14793 11292 8424 14792 8421 8422 5981 7313 8420 12808 13120 13552 13623 14778 14779 14781 14784 4376 5803 5807 7295 9682 9684 9688 3698 3713 5801 5802 7293 7296 3693 3694 3696 3699 7294 3381 3695 3712 3726 3380 3382 3383 3714 4580 4579 7368 3697 5806 9693 5808 12810 7840 11722 12811 13125 7819 7820 7838 7844 7846 7821 7822 14782 14780 14783 13553 14794 14059 14075 14068 7842 10089 13126 11721 11723 13122 8986 5200 5987 13119 8050 11702 6841 6836 6840 8980 6835 12506 12503 8979 12502 8974 8972 8975 8976 8971 12538 12535 12539 8977 10402 6958 8987 8994 8993 10426 10443 10427 10412 10407 12510 12508 12512 14797 14798 14082 14802 14088 14096 14104 13598 14318 13439 11326 11346 11347 14561 14562 13605 6834 8342 8340 6208 6928 6929 9562 6933 6936 6939 6938 6926 6937 
7: 3274 3275 
8: 3316 3317 3319 3318 4271 
9: 3375 3378 3955 3961 6983 7168 7018 
10: 3584 3586 4551 4457 4458 4469 5702 5703 4470 4700 
11: 3630 6484 9067 4160 6476 6477 6478 6480 6483 6485 6504 9069 9072 12391 12426 4164 4158 6149 8871 6151 6152 8880 8882 10378 10390 10393 10370 10391 10392 6479 10367 10368 10369 6475 6481 12392 6474 10364 11566 11586 11587 11588 12395 10362 11577 11582 12393 10361 10365 10366 10371 10372 10383 10363 10376 10382 11565 11576 11584 12388 12390 10373 10374 10384 12394 10386 12433 13580 8892 10048 10065 10067 10380 10385 10387 12406 12415 12432 12434 12435 12436 13668 13683 13701 10045 10046 10047 4549 5168 5171 8378 10049 10063 10064 12787 4544 5780 5771 5774 5781 6114 6125 9485 9500 5767 5772 5773 8383 8384 8379 8381 8382 8391 9491 12788 6855 8390 12872 6856 6857 6860 6867 8389 6858 6870 6872 12930 6859 6869 6871 12929 12892 12891 13763 5959 12893 12927 12928 7746 7925 8894 12876 12877 12879 12908 12919 13729 13767 13771 7742 7743 7735 7741 15224 15239 7736 13764 15111 7731 7732 7730 12979 12987 12970 12978 12986 12969 12738 12973 12975 12980 12998 13001 12752 9480 12750 12751 6112 9481 9483 6113 6123 9484 12761 6119 6124 9492 9498 13016 6120 6121 13777 14065 14930 6122 13111 13778 14887 15254 6126 8895 9490 9501 8893 9482 9488 9489 9487 9493 9499 14884 15252 12878 13088 7893 12875 12880 12933 12938 12943 7891 7894 7900 7907 7892 7898 7905 7899 7906 12087 12088 12068 12086 12089 12137 12936 15242 12065 12067 12036 12066 15226 12037 12044 15229 12038 12039 12042 15223 12031 12040 12070 13994 15087 12032 12034 12048 12049 13271 15201 12033 12055 12056 13272 15212 12071 15211 15335 9525 13073 13693 15093 15221 15333 9526 9527 9538 15205 9519 9521 9528 9544 12988 15207 9507 9520 13766 5100 9504 9508 9509 9510 13235 13723 5101 5102 5115 5103 5116 5099 5118 5098 5109 5114 13231 13232 13233 5108 5113 13229 13230 5125 15061 5126 6578 13708 13999 14004 6579 13709 14019 14021 12418 13634 12404 12412 12417 12403 13629 11564 12374 12375 12377 12384 12385 12387 12402 12405 12409 12410 12411 12414 12422 13628 13666 13672 13692 11563 11580 8618 11571 11578 12376 12383 8619 8621 8630 8622 8624 10222 10225 10215 10223 11583 10214 12759 12749 12733 12260 12734 12737 13582 11585 12257 12258 12389 12421 7465 10860 12425 7457 7467 7458 7462 7463 10226 10236 10234 10839 10841 10856 5925 10377 12427 5930 5918 13279 13291 13261 13260 6016 13865 6018 6019 6020 6024 10182 6025 10183 13263 13264 10184 15088 15094 13038 13076 13101 13632 13652 13676 13696 14568 14574 14576 14581 14587 14601 13032 13037 13041 13043 13079 13104 13265 13267 13269 14575 14586 13031 13068 13087 13670 14583 13033 13035 13067 13086 13669 15364 13028 13042 13069 13671 13064 13535 13080 13536 13075 13081 13700 15085 13078 13100 13695 15367 13040 13698 13996 14002 13678 14001 13675 13667 13673 13682 15365 12981 13662 14886 12982 12985 12989 12990 13660 13663 13665 13689 14883 13583 13659 13661 12386 12373 12379 12413 12372 12378 12381 11573 12380 12382 11575 11572 10052 10051 10054 10053 10066 14567 14573 14570 14571 5923 7926 12882 13274 13276 13277 14564 14565 14580 14612 15249 5921 5920 15064 13656 9545 13108 13273 13641 13644 13654 13655 13658 14015 14582 15063 9529 9524 9522 9523 13106 14016 13270 14604 13110 13266 13268 13275 13294 13295 13296 13633 14600 13293 13298 13997 14014 13995 15090 15091 14931 15100 15230 12873 14751 15083 15086 14750 13770 11537 11538 14144 15082 13299 14142 14145 13301 14143 14124 14010 15246 15107 15112 15113 15241 15243 15245 5776 12934 12941 12942 14504 15106 15109 15122 15129 15153 15244 5778 12935 12940 12937 12944 12939 15154 15155 15124 7902 12138 12915 12139 10568 14501 14503 14516 10564 13760 14500 14508 13761 13762 14502 14505 15232 14509 14512 14510 14511 14518 14494 14506 14519 14492 14495 14496 14493 14497 14507 15235 15108 15121 15233 12235 14520 14521 14513 14515 14514 14020 13800 13640 13643 13642 13653 13648 12129 13647 12084 13657 14566 12043 7738 13736 15062 7737 13727 13735 13742 13724 13726 13732 13731 11535 13728 13741 5117 5119 9505 11536 11551 11552 13237 7897 7922 7896 12964 7918 7921 7923 7915 7917 14572 12106 12950 12881 7916 13285 12945 12045 7927 7908 8392 13690 14597 15366 12073 12041 12072 13691 13092 6572 6021 6022 6027 13866 10379 12428 8626 8627 8632 8631 8633 8634 13593 10296 6711 15200 7903 7904 13018 13025 10375 13000 13005 8385 8380 5169 5172 5055 10041 5165 10058 10963 5048 5166 5039 6670 5184 5185 6671 6673 5199 5183 5186 5182 5744 8192 8194 10965 10388 10389 6495 
12: 4197 4198 4199 4868 4200 4869 4866 4872 4865 4871 4873 7884 9395 4874 9389 10763 4867 4870 7824 7834 5474 5481 7823 7825 5477 9396 
13: 4526 4528 
14: 5326 
15: 5664 
16: 5721 5725 5731 5735 
17: 6879 6886 6888 
18: 7079 13123 
19: 7790 7791 7792 7794 7795 7797 
20: 8400 
21: 9066 
22: 9139 9141 9144 9146 9148 
23: 9344 
24: 9702 
25: 10582 10583 10585 10587 10588 10589 
26: 10787 10788 10794 10789 10791 10790 
27: 10804 10805 
