# The directed communities at k=7
# from /Users/bogna/dev/role-mining/datasets/hepth/timeslots/cit-HepTh-1996.edges
# at no lower link weight threshold,
# and at no upper link weight threshold.
# Links were treated as directed.
# No time limit was set for the clique search.

0: 9410167 9503124 9510017 9510086 9510209 9507121 9601077 9509148 9507048 9601164 9503228 9511098 9602022 9602052 9602114 9603150 9603161 9604139 9604200 9607112 9608061 9610074 9612119 
1: 9604128 9605107 9607174 9609128 9610128 9611004 9612010 9612011 9612012 9612013 
2: 9407087 9408099 9411048 9411057 9504102 9505150 9507008 9505075 9505100 9503115 9506102 9507144 9510183 9602073 9603136 9604051 9604059 9606199 9605096 9605215 9609066 9607066 9607076 9607202 9608054 9608060 9609041 9609062 9609104 9609116 9609130 9609145 9610026 9610049 9610053 9610156 9610211 9611016 9611118 9611123 9611190 9612231 
3: 9303160 9509166 9511134 9605151 9606130 9604026 9510149 9605062 9606050 9611160 
4: 9402032 9601085 9601097 9506052 9602167 9603176 9605182 9605229 9608114 9608185 9610065 
5: 9401139 9603089 9603186 9604013 9607051 9610062 9611060 9612120 
6: 9601003 9503124 9504090 9510017 9510086 9510135 9511173 9512062 9512077 9205027 9507090 9510134 9511053 9411187 9512031 9601029 9309145 9504147 9510229 9511026 9511064 9511088 9511222 9512078 9511030 9601057 9509132 9510200 9511043 9512059 9501068 9601077 9601098 9511194 9601152 9601177 9510097 9602043 9602051 9410073 9602052 9602065 9602071 9602111 9602135 9602172 9603060 9603061 9603078 9603081 9603087 9603090 9603099 9603100 9603109 9603126 9603127 9603147 9603167 9603194 9603195 9604035 9604042 9604052 9604055 9604065 9604068 9604089 9604127 9604134 9604156 9604166 9604168 9604171 9604179 9604189 9605016 9605017 9605051 9605058 9605077 9605085 9605091 9605112 9605174 9605216 9605224 9605234 9605236 9606016 9606017 9606033 9606113 9606136 9606185 9606193 9607001 9607026 9607050 9607107 9607149 9607235 9608024 9608095 9608108 9608117 9608127 9609026 9609052 9609053 9609056 9609075 9609076 9609084 9609094 9609181 9609204 9609212 9609225 9610031 9610041 9610043 9610045 9610046 9610068 9610074 9610077 9610082 9610125 9610138 9610157 9610171 9610172 9610236 9610249 9610250 9611026 9611042 9611047 9611050 9611103 9611125 9611146 9611151 9611164 9611165 9611175 9611189 9611202 9611205 9611214 9611215 9612022 9612051 9612064 9612080 9612087 9612089 9612096 9612126 9612130 9612144 9612146 9612157 9612162 9612222 9612223 9612229 9612236 9612248 9612249 9612251 
7: 9402032 9601085 9601097 9602167 9603176 9605069 9610142 9611106 
8: 9205027 9601029 9508072 9602043 9602136 9603090 9607108 9608126 9610172 9611161 9612051 
9: 9508072 9502072 9602111 9602136 9603090 9607077 9608059 9608099 9610105 9610157 9610232 9611140 9611162 9611210 
10: 9411149 9402044 9507169 9510148 9403198 9603158 9605108 9606184 9607021 9607210 9608046 9608147 9610139 9612207 
11: 9410167 9503124 9504090 9510017 9510209 9408099 9508155 9601014 9505105 9505162 9506112 9507050 9510225 9510234 9601036 9210127 9507121 9512053 9512219 9601038 0208020 9511030 9511171 9512196 9601108 9602010 9602022 9602030 9606169 9607229 9602052 9602070 9602097 9511108 9602114 9602118 9602120 9602144 9603003 9603037 9603042 9603108 9603113 9603150 9603161 9603170 9604030 9604034 9604043 9604097 9604129 9604133 9604164 9604178 9605047 9605049 9605131 9605150 9605154 9605184 9605199 9605200 9605201 9606009 9606017 9606044 9606049 9606086 9606091 9606122 9606133 9606139 9606148 9606165 9606176 9606196 9607019 9607020 9607041 9607057 9607105 9607121 9607139 9607157 9607163 9607201 9607207 9608005 9608047 9608053 9608105 9608109 9608111 9608117 9608186 9608194 9609071 9609082 9609151 9609159 9609161 9609176 9610076 9610111 9610162 9610195 9610205 9610251 9611063 9611090 9611119 9611137 9611184 9611186 9611190 9611201 9611203 9611222 9611230 9612008 9612085 9612104 9612105 9612108 9612131 9612141 9612143 9612192 
12: 9601003 9510017 9510135 9512062 9512077 9602052 9602064 9602077 9603123 9604119 9606173 9610043 9610148 9610249 9611050 9611159 9611173 9612080 9612121 9612153 9612167 
13: 9510086 9508177 9603087 9604035 9604068 9605146 9611047 9612204 
14: 9602022 9607112 9607185 9608017 9608061 9610074 9612119 
15: 9604058 9607027 9608195 9609087 9610107 9610238 9612224 
16: 9407087 9408099 9505035 9510204 9602005 9603028 9603140 9604078 9607159 9610242 
17: 9601036 9507121 9512059 9602120 9603003 9603150 9605201 9606136 9607190 
18: 9510017 9601057 9403040 9602052 9603194 9604091 9604156 9610125 
19: 9407087 9408099 9504102 9507008 9505100 9506102 9602073 9609041 9609065 9609145 9610049 9611190 
20: 9510017 9602052 9603167 9604198 9610140 9611042 9612096 
21: 9601038 9605184 9606165 9606176 9607041 9607057 9611186 
22: 9407087 9408099 9505075 9505100 9506102 9602073 9603073 9608054 9609062 9609104 9610049 
23: 9601003 9503124 9601167 9602064 9603123 9611050 9612121 
24: 9510017 9602022 9604139 9607112 9610074 9612164 9612215 
25: 9504090 9407087 9508155 9601014 9505105 9505162 9510234 9601108 9604034 9604057 9608104 9611190 
26: 9512077 9511030 9602052 9604198 9605199 9606017 9608024 9608111 9610082 9610125 9610205 9611222 
27: 9510017 9511030 9602052 9603167 9604198 9608024 9610041 9612096 
