# The graph of directed at k=4
# from /Users/bogna/dev/role-mining/datasets/hepth/timeslots/cit-HepTh-1999.edges
# at no lower link weight threshold,
# and at no upper link weight threshold.
# Links were treated as directed.
# No time limit was set for the clique search.

1 2 7
1 4 6
1 5 7
1 6 3
1 7 1
1 8 4
1 9 1
1 11 6
1 14 6
1 15 1
1 16 2
1 20 2
1 22 1
1 25 3
1 26 1
1 27 1
1 28 2
1 29 2
1 30 1
1 35 3
1 37 2
1 40 3
1 46 3
1 50 1
1 57 1
1 58 5
1 59 4
1 60 3
1 61 1
1 62 1
1 65 3
1 66 7
1 67 2
1 71 2
1 72 3
1 75 5
1 77 1
1 79 1
1 82 3
1 84 5
1 85 4
1 86 5
1 87 2
1 90 3
1 91 3
1 93 3
1 96 3
1 97 6
1 98 3
1 99 2
1 100 5
1 101 1
1 102 1
1 103 5
1 104 1
1 107 3
1 108 6
1 109 1
1 111 2
1 114 1
1 115 4
1 116 1
1 117 7
1 118 3
1 119 2
1 121 4
1 122 3
1 123 2
1 124 4
1 125 5
1 126 3
1 127 1
1 128 4
1 129 6
1 130 3
1 131 5
1 132 8
1 134 5
1 135 2
1 136 6
1 137 4
1 138 1
1 139 3
1 141 2
1 142 5
1 143 2
1 144 4
1 145 3
1 146 4
1 147 4
1 148 6
1 149 8
1 150 4
1 151 4
2 103 1
3 78 1
4 15 1
5 93 1
5 94 3
5 96 1
5 119 1
5 132 3
6 97 1
7 98 1
8 14 2
8 108 1
9 75 1
9 93 1
9 103 1
11 17 1
11 60 2
11 66 1
11 90 1
11 100 3
11 121 1
11 125 3
11 126 1
14 87 1
16 26 1
16 46 1
19 21 1
22 75 2
22 117 3
22 134 1
22 136 1
25 127 1
26 44 2
26 46 1
26 53 2
26 106 2
26 112 2
29 146 2
30 79 1
40 129 2
41 60 2
44 112 1
46 86 1
46 148 1
47 93 1
47 103 1
47 132 1
56 125 2
57 133 1
58 75 5
58 84 1
58 86 1
58 108 2
58 111 2
59 62 2
60 66 1
60 90 1
60 100 2
60 121 1
60 125 2
60 126 1
66 90 1
66 100 1
66 121 1
66 125 1
66 126 1
72 97 1
72 129 1
72 149 1
72 150 1
75 93 1
75 103 4
75 111 1
75 117 5
75 134 1
75 136 6
78 105 1
80 81 5
84 108 2
84 129 1
84 149 1
85 117 1
86 111 1
90 99 1
90 100 1
90 114 1
90 115 2
90 121 1
90 125 2
90 126 1
90 145 1
93 103 3
93 132 2
96 119 1
96 123 1
96 151 1
97 129 1
98 101 2
99 115 1
99 145 1
100 101 2
100 121 1
100 125 3
100 126 1
103 111 1
103 116 1
103 123 1
103 132 1
103 141 1
104 149 2
106 112 2
108 129 1
108 151 1
109 144 1
111 146 1
111 149 1
113 114 2
113 131 1
114 125 3
115 145 1
116 123 1
117 134 1
117 136 9
119 149 1
120 126 2
120 135 1
120 143 2
121 125 1
121 126 1
123 151 1
124 133 1
124 143 1
124 147 1
125 126 1
125 145 1
126 138 1
128 142 2
133 139 1
133 147 1
134 136 1
135 143 1
137 141 1
146 149 1
149 150 1
