# The links inside the directed communities at k=7
# from /Users/bogna/dev/role-mining/datasets/enron/timeslots/8-2001.edges
# at no lower link weight threshold,
# and at no upper link weight threshold.
# Links were treated as directed.
# No time limit was set for the clique search.

0:
1415 1815
1415 2161
1178 1415
419 1415
969 1415
1415 1814
544 1415
1415 4212
1415 5204
1812 1415
723 1415
2824 1415
998 1415
1178 1815
419 1815
544 1815
1812 1815
2824 1815
2161 1178
419 2161
2161 969
1814 2161
2161 4212
2161 11537
2161 2720
1812 2161
2161 723
1794 2161
2161 2824
2161 414
452 2828
2828 17777
4506 2828
2828 804
2828 969
2828 972
2828 544
2828 723
2826 2828
2828 1199
2828 661
1243 2828
2828 1246
9931 2828
1244 2828
2828 1895
890 2828
21464 2828
966 969
966 544
723 966
1794 966
414 966
549 966
2826 966
137 452
1178 137
137 132
17777 137
137 21496
7413 137
80 137
969 137
125 137
544 137
723 137
4501 137
1794 137
1246 137
9931 137
890 137
10759 452
452 1178
452 132
452 1574
452 17777
452 21496
452 4506
452 4508
452 5277
452 7413
452 80
452 804
452 969
452 125
452 544
452 1812
452 723
452 4501
1794 452
452 1813
452 414
452 549
452 604
452 2826
452 1199
452 4483
661 452
452 1246
452 1493
9931 452
1244 452
452 1527
452 1811
452 1867
452 1881
452 1895
452 1959
452 19609
452 2022
452 21713
452 2607
452 281
452 4314
452 4333
452 4502
452 4504
452 4505
452 4509
452 492
452 5046
452 5178
452 5372
452 5640
452 7412
452 890
452 998
452 7682
452 21464
452 21500
10759 132
10759 1574
10759 7413
10759 80
10759 969
132 1178
1178 419
4508 1178
1178 804
1178 969
1178 972
1178 1814
1178 3167
1178 544
1178 1414
1178 4212
1178 4213
1178 422
1178 11537
1178 2720
1178 5204
1178 1812
1178 723
4501 1178
1178 1794
1178 1813
1178 2824
1178 414
1178 549
1178 604
2826 1178
1246 1178
9931 1178
1527 1178
890 1178
998 1178
21464 1178
132 1574
132 21496
132 5277
132 7413
132 80
132 804
132 969
132 125
132 544
723 132
132 4501
549 132
132 604
661 132
132 1246
9931 132
1244 132
1527 132
132 1811
132 1959
132 281
890 132
21464 132
21500 132
7413 1574
80 1574
969 1574
1574 544
723 1574
4501 1574
414 1574
604 1574
2826 1574
1246 1574
9931 1574
1527 1574
1811 1574
21713 1574
5640 1574
890 1574
21464 1574
17777 80
17777 969
17777 544
17777 723
1246 17777
21496 544
1246 21496
9931 21496
969 419
419 972
419 1814
419 3167
419 544
419 1414
419 4212
419 4213
419 11537
2720 419
419 5204
1812 419
723 419
1794 419
2824 419
998 419
4508 4506
4506 5277
4506 7413
4506 969
4506 1199
1246 4506
4506 1895
21713 4506
4506 4314
890 4506
21464 4506
4508 7413
4508 804
4508 969
4508 125
4508 544
4508 1812
4508 723
4508 4501
4508 1813
4508 414
4508 1246
4508 1527
4508 1867
4508 1881
4508 1959
4508 19609
4508 2022
21713 4508
4508 2607
4508 281
4508 4314
4508 4333
4508 4502
4508 4504
4508 4505
4508 4509
4508 492
4508 5046
4508 5178
4508 5372
4508 5640
4508 7412
890 4508
21464 4508
969 5277
1246 5277
5277 1527
890 5277
21464 5277
7413 80
7413 804
7413 969
7413 125
7413 544
1812 7413
723 7413
7413 4501
1813 7413
604 7413
7413 1246
1527 7413
21713 7413
890 7413
21464 7413
969 80
80 125
80 544
80 4501
1246 80
9931 80
1527 80
21713 80
890 80
21464 80
804 969
804 544
422 804
1812 804
804 723
4501 804
2824 804
2826 804
804 1199
1243 804
1246 804
1244 804
804 890
998 804
21464 804
21500 804
969 972
969 125
969 544
969 422
969 11537
969 2720
969 1812
969 723
969 4501
969 1794
969 1813
969 2824
969 414
969 549
969 604
969 2826
969 1199
969 4483
969 661
1243 969
969 1246
969 1493
9931 969
1244 969
969 1527
969 1811
969 1867
969 1881
969 1895
969 1959
969 19609
969 2022
21713 969
969 2607
969 281
969 4314
969 4333
969 4502
969 4504
969 4505
969 4509
969 492
969 5046
969 5178
969 5372
969 5640
969 7412
969 890
969 998
969 7682
21464 969
972 544
1812 972
972 723
972 1199
972 661
998 972
125 544
125 723
1794 125
125 1199
125 1246
9931 125
1527 125
3167 1814
544 1814
4213 1814
1814 11537
1814 2720
1814 5204
1812 1814
1794 1814
2824 1814
4213 3167
2720 3167
1812 3167
723 3167
1794 3167
2824 3167
544 1414
544 422
2720 544
544 1812
544 723
544 4501
544 1794
544 1813
2824 544
544 414
544 549
544 604
2826 544
544 1199
544 661
544 1243
544 1246
544 1493
9931 544
544 1244
544 1811
544 1895
544 890
998 544
544 7682
21464 544
21500 544
1812 1414
723 1414
1794 1414
1812 4212
2824 4212
1812 4213
2824 4213
1812 422
723 422
2720 11537
1794 11537
2824 11537
2720 1812
2720 723
2720 1794
2720 2824
2720 414
2720 604
1812 5204
2824 5204
1812 723
1812 4501
1812 1794
1812 1813
1812 2824
1812 414
1812 549
1812 604
2826 1812
1246 1812
9931 1812
1527 1812
1812 1811
5046 1812
5640 1812
890 1812
21464 1812
21500 1812
723 1794
723 2824
723 414
723 549
723 604
2826 723
723 1199
723 661
723 1246
9931 723
723 1895
723 890
998 723
21464 723
4501 414
4501 604
4501 1246
9931 4501
4501 1527
4501 1811
4501 281
4501 5640
890 4501
21464 4501
1794 1813
1794 414
1794 549
1794 604
1794 1811
1813 414
549 1813
1813 604
2826 1813
1246 1813
1813 1811
1813 5640
890 1813
21464 1813
414 549
2826 414
1246 414
1527 414
1811 414
5640 414
2826 549
1246 549
1811 549
890 549
21464 549
2826 604
604 1246
1527 604
604 1811
2607 604
604 281
604 4314
604 4505
5640 604
890 604
21464 604
2826 1199
2826 1493
2826 1527
2826 1811
2826 2607
2826 890
2826 998
21464 2826
1199 4483
661 1199
1243 1199
1246 1199
1493 1199
1244 1199
1527 1199
890 1199
998 1199
21464 1199
1246 4483
890 4483
998 4483
9931 661
661 1895
1243 1246
1246 1493
9931 1246
1244 1246
1246 1527
1246 1811
1246 1867
1246 1881
1246 1895
1246 1959
1246 19609
1246 2022
1246 21713
1246 2607
1246 281
1246 4314
1246 4333
1246 4502
1246 4504
1246 4505
1246 4509
1246 492
1246 5046
1246 5178
1246 5372
1246 5640
1246 7412
1246 890
1246 998
21464 1246
1244 1493
1527 1493
1493 1959
890 1493
1493 7682
21464 1493
9931 1895
9931 1959
9931 281
21464 9931
1527 1811
1527 19609
1527 2022
1527 281
1527 4314
1527 4333
1527 4502
1527 4509
1527 5046
1527 5178
1527 5640
890 1527
21464 1527
1811 1881
1811 2607
1811 4502
1811 4504
5640 1811
890 1811
21464 1811
5640 1867
1867 890
2607 1881
890 1881
21464 1881
890 1895
21464 1895
1959 5372
890 1959
21464 1959
890 19609
21464 19609
890 2022
21464 2022
2607 4314
2607 4333
2607 4504
2607 4505
2607 5178
5640 2607
890 2607
21464 2607
890 281
21464 281
890 4314
21464 4314
890 4333
4509 4502
890 4502
21464 4502
890 4504
21464 4504
890 4505
21464 4505
890 4509
21464 4509
890 492
21464 492
5046 5640
890 5046
21464 5046
890 5178
21464 5178
890 5372
21464 5372
890 5640
21464 5640
890 7412
21464 7412
890 998
890 7682
21464 890
890 21500
21464 998
21464 7682
21464 21500
1:
172 118
172 121
172 186
172 407
172 408
172 173
172 204
32923 172
118 121
118 186
118 407
118 408
173 118
204 118
32923 118
407 121
173 121
204 121
32923 121
407 186
173 186
204 186
32923 186
407 408
173 407
407 204
32923 407
173 408
204 408
32923 408
173 204
32923 173
32923 204
2:
10041 7985
10041 8088
10041 8192
10041 8195
10041 8201
10041 8217
126 10041
8088 7985
8192 7985
8195 7985
8201 7985
8217 7985
126 7985
4610 7985
8088 8192
8088 8195
8088 8201
8088 8217
126 8088
4610 8088
8192 8195
8192 8201
8192 8217
126 8192
4610 8192
8195 8201
8195 8217
126 8195
4610 8195
126 8201
4610 8201
126 8217
4610 8217
126 4610
3:
766 4064
4064 3699
4064 3533
5046 4064
4015 4064
4064 4024
766 3699
766 3533
766 5046
766 4015
766 4024
3533 3699
5046 3699
4015 3699
4024 3699
3533 5046
3533 4015
3533 4024
5046 4015
5046 4024
4015 4024
4:
318 126
318 142
318 143
318 425
318 457
318 132
318 969
318 10808
318 1209
318 133
318 441
11656 318
318 130
318 148
318 11667
318 11712
318 11901
10263 126
10263 142
10263 143
10263 457
10263 4589
10263 7991
126 142
126 143
126 425
126 457
4589 126
7991 126
126 132
126 969
126 1209
126 133
126 441
11656 126
126 130
126 148
126 11667
11712 126
126 11901
143 142
457 142
4589 142
7991 142
132 142
969 142
10808 142
133 142
441 142
11656 142
11667 142
11712 142
11901 142
457 143
4589 143
7991 143
132 143
969 143
10808 143
133 143
441 143
11656 143
148 143
11667 143
11712 143
11901 143
457 425
132 425
425 1209
11656 425
425 130
11667 425
11712 425
11901 425
4589 457
7991 457
132 457
969 457
457 10808
457 1209
457 133
441 457
11656 457
457 130
11667 457
11712 457
11901 457
7991 4589
4589 132
4589 133
4589 441
7991 441
132 969
10808 132
132 133
132 441
132 11656
132 130
132 148
132 11667
11712 132
11901 132
10808 969
969 133
10808 133
10808 441
11712 10808
11901 10808
130 1209
11712 1209
11901 1209
11667 133
11712 133
11901 133
11656 441
441 130
441 148
11656 130
11656 148
11667 130
11712 130
11901 130
5:
3434 3217
3217 3436
3217 807
3217 2827
3217 2993
3217 4214
3217 1352
3217 3463
3434 3436
3434 2827
3434 2993
3434 4214
3434 1352
3436 807
3436 2827
3436 2993
3436 4214
3436 1352
3436 3463
807 2827
2993 807
807 1352
807 3463
2827 2993
2827 4214
2827 1352
2827 3463
2993 4214
2993 1352
2993 3463
1352 4214
3463 4214
1352 3463
6:
2 2024
2 112
2 251
2 401
2 277
2 288
2 8336
2 8349
181 2
8327 2
2024 251
2024 401
2024 277
2024 288
2024 8336
2024 8349
2024 181
2024 9
8327 2024
9045 2024
10388 172
29668 172
401 172
172 8627
172 32873
172 69
172 8349
181 172
8361 172
10369 10388
10369 112
10369 251
10369 29668
10369 401
9045 10369
10388 112
10388 251
10388 29668
10388 401
10388 8627
10388 277
10388 288
10388 32873
10388 4
10388 69
10388 8336
10388 8347
10388 8349
181 10388
9045 10388
112 251
29668 112
401 112
112 277
112 288
181 112
8327 112
9045 112
251 29668
251 401
251 8627
251 277
251 288
251 4
69 251
251 8336
251 8347
251 8349
7813 251
251 181
251 8361
251 9
8327 251
9045 251
29668 401
29668 8627
29668 277
29668 288
29668 32873
29668 69
29668 8336
29668 8349
9045 29668
401 8627
401 277
288 401
401 32873
4 401
401 69
401 8336
401 8347
401 8349
401 7813
401 181
401 8361
401 9
8327 401
9045 401
8627 277
8627 288
8627 32873
69 8627
8627 8336
8627 8349
7813 8627
181 8627
8627 8361
288 277
277 8336
277 8349
181 277
8361 277
9 277
8327 277
9045 277
288 8336
288 8349
69 32873
4 69
4 8336
181 4
4 8327
69 8336
69 8347
69 8349
69 7813
69 181
8361 69
69 8327
181 8336
8361 8336
8327 8336
9045 8336
8347 8349
7813 8347
181 8347
8347 8361
7813 8349
181 8349
8361 8349
8327 8349
9045 8349
7813 181
181 8361
181 9
8327 181
9045 181
8327 9
9045 9
8327 9045
7:
628 994
628 1079
1311 628
628 1336
1340 628
628 610
141 628
628 2375
628 1279
628 1307
628 1313
628 1323
1327 628
628 1331
628 1335
628 2385
628 558
628 641
628 825
628 974
994 1311
994 1336
994 1340
994 508
994 610
994 141
994 2375
994 877
994 1279
994 1307
994 1313
994 1323
1327 994
994 1331
994 1335
994 2385
994 558
994 641
994 825
994 974
1079 1311
1079 1336
1079 1340
1079 610
141 1079
1311 1336
1311 1340
610 1311
141 1311
1311 2375
1311 1279
1311 1307
1311 1313
1311 1323
1311 1327
1311 1331
1311 1335
1311 2385
1311 558
1311 641
1311 825
1311 974
1340 1336
610 1336
141 1336
1336 1279
1336 1307
1313 1336
1336 1323
1327 1336
1331 1336
1336 1335
1336 2385
1336 558
1336 641
1336 825
1336 974
508 1340
1340 610
141 1340
1340 877
1340 1279
1340 1307
1340 1313
1340 1323
1340 1327
1340 1335
1340 2385
1340 558
1340 641
1340 825
1340 974
508 141
508 2375
508 877
508 1279
508 1307
508 1323
508 2385
508 558
508 825
508 974
610 141
610 2375
610 877
610 1279
610 1307
610 1313
610 1323
610 1331
610 1335
610 2385
610 558
610 641
610 825
610 974
141 2375
141 877
141 1279
141 1307
141 1313
141 1323
141 1327
141 1331
141 1335
141 2385
141 558
141 641
141 825
141 974
1307 2375
1313 2375
1323 2375
1327 2375
1331 2375
558 2375
1307 877
1313 877
1323 877
1327 877
1307 1279
1313 1279
1323 1279
1327 1279
1331 1279
558 1279
1307 1313
1307 1323
1307 1327
1307 1331
1307 1335
1307 2385
1307 558
1307 641
1307 825
1307 974
1313 1323
1313 1331
1313 1335
1313 2385
1313 558
1313 641
1313 825
1313 974
1327 1323
1323 1331
1323 1335
1323 2385
1323 558
1323 641
1323 825
1323 974
1327 1331
1327 1335
1327 2385
1327 558
1327 641
1327 825
1327 974
1331 1335
1331 2385
1331 558
1331 641
1331 825
1331 974
558 1335
558 2385
558 641
558 825
558 974
8:
10388 172
29668 172
401 172
172 118
172 186
9045 172
10388 29668
10388 401
10388 118
10388 186
9045 10388
29668 401
29668 118
29668 186
9045 29668
401 118
401 186
9045 401
118 186
9045 118
9045 186
9:
966 970
966 969
972 966
966 544
723 966
966 661
966 538
970 971
970 969
972 970
970 723
970 661
970 538
971 969
971 972
971 544
971 723
971 661
971 538
969 972
969 544
969 723
969 661
969 538
972 544
972 723
972 661
972 538
544 723
544 661
544 538
723 661
723 538
538 661
10:
3135 419
3135 1814
3135 11540
3135 1522
3135 1524
3135 3158
3135 3985
3135 1525
3135 11543
419 1814
419 11540
419 1522
419 1524
419 3838
419 3158
3985 419
419 4820
419 11541
419 1525
6210 419
419 11543
3886 419
1522 1814
3838 1814
1814 3985
1814 4820
11541 1814
1525 1814
1814 11543
11540 1522
11540 1524
11540 3158
11540 11541
11540 1525
1522 1524
1522 3838
3158 1522
1522 3985
1522 4820
11541 1522
1522 1525
1522 6210
1522 11543
3886 1522
3838 1524
3158 1524
3985 1524
4820 1524
11541 1524
1525 1524
6210 1524
11543 1524
3886 1524
3838 4820
11541 3838
3838 1525
3985 3158
3158 4820
11541 3158
3158 1525
6210 3158
3158 11543
3886 3158
3985 4820
11541 3985
3985 1525
3985 6210
3985 11543
11541 4820
4820 1525
3886 4820
11541 1525
11541 6210
6210 1525
11543 1525
3886 1525
11:
8196 1178
8196 419
8196 11529
8196 1521
8196 1522
8196 1526
8196 4212
1178 419
11529 1178
1178 1521
1178 1522
1178 1526
1178 4212
11529 419
419 1521
419 1522
419 1526
419 4212
11529 1521
11529 1522
11529 1526
11529 4212
1526 1521
4212 1521
1522 1526
4212 1522
4212 1526
12:
419 1814
419 1522
419 3838
419 11537
419 2907
419 11541
1522 1814
3838 1814
1814 11537
2907 1814
11541 1814
1522 3838
1522 11537
2907 1522
11541 1522
3838 11537
2907 3838
11541 3838
2907 11537
11541 11537
11541 2907
