# The contained directed cliques in the directed communities at k=7
# from /Users/bogna/dev/role-mining/datasets/enron/timeslots/8-2001.edges
# at no lower link weight threshold,
# and at no upper link weight threshold.
# Links were treated as directed.
# No time limit was set for the clique search.

0: 2073 4654 4891 4892 4893 4894 2075 2752 2997 3004 3007 3010 3231 3235 3392 3394 3395 3396 3400 3401 3744 3968 4644 4645 4649 4650 4652 4653 4655 4656 4659 4661 4663 4664 4665 4831 4838 4896 4897 4898 4900 4901 4902 4992 4993 4994 4995 4996 4998 4999 5143 5146 5152 5153 5281 5282 5350 5459 3739 3740 3738 3741 4088 4318 4985 4986 4987 4989 4991 5138 5139 5147 5148 5279 5349 3742 4322 5277 5415 5522 3743 3745 4323 5278 5285 3397 4090 4317 4327 4990 4997 5140 5144 5145 5149 5154 5155 3008 3398 3521 4089 5162 3005 3233 5156 4836 5142 5150 5151 4262 4263 4660 4829 4830 4834 4835 4837 4839 4840 5157 5159 5351 3518 4264 4265 5158 5404 5507 3515 3516 3517 3969 4988 5160 5178 3970 4851 4852 4679 5403 3335 4319 4321 4324 4677 4681 4683 4684 5280 5406 4325 4320 4329 4682 5292 4621 4647 4651 4662 4828 4832 5141 5283 5284 5287 5293 5296 4616 4617 4619 4620 4622 4614 4625 4626 5006 5352 5384 5385 4615 4623 4618 4624 4629 4628 4630 4632 4627 4631 4475 5387 3226 4716 5386 5078 4268 4266 5131 4590 4648 4646 4657 4658 5294 5299 4903 5298 4895 4899 4904 5286 5297 5295 4842 5339 4843 4846 2462 5026 5161 5024 4967 5025 2751 3276 3275 4316 4328 3000 3001 3967 
1: 2394 4050 4194 
2: 2868 2871 3120 3124 
3: 3261 
4: 3359 3360 4241 4243 4239 4240 4238 5462 4337 4338 4339 4342 4539 5463 5464 4341 4343 4344 4345 5444 5443 
5: 3589 3674 3786 
6: 3615 5110 3926 4931 4955 5109 3927 3928 3924 4933 3925 4957 4954 4930 4953 4958 4962 4929 4935 4937 4925 3900 4922 4940 4943 5112 3915 5103 3916 4873 4936 4875 4960 3935 4948 4959 3933 3934 4947 4945 3619 
7: 3891 3892 3893 3894 3971 3972 3983 3984 3985 3986 4150 4158 4159 4160 4161 4165 4270 4271 4272 4273 4274 4395 4396 4397 4398 4400 4565 4566 4567 4568 4569 4584 4151 4149 3973 
8: 4045 
9: 4167 4168 4176 4175 
10: 4232 4237 5019 4643 5014 4641 4810 4827 5018 5015 5017 5016 
11: 4720 4721 
12: 5050 
