# The directed communities at k=7
# from /Users/bogna/dev/role-mining/datasets/enron/timeslots/8-2001.edges
# at no lower link weight threshold,
# and at no upper link weight threshold.
# Links were treated as directed.
# No time limit was set for the clique search.

0: 1415 1815 2161 2828 966 137 452 10759 1178 132 1574 17777 21496 419 4506 4508 5277 7413 80 804 969 972 125 1814 3167 544 1414 4212 4213 422 11537 2720 5204 1812 723 4501 1794 1813 2824 414 549 604 2826 1199 4483 661 1243 1246 1493 9931 1244 1527 1811 1867 1881 1895 1959 19609 2022 21713 2607 281 4314 4333 4502 4504 4505 4509 492 5046 5178 5372 5640 7412 890 998 7682 21464 21500 
1: 172 118 121 186 407 408 173 204 32923 
2: 10041 7985 8088 8192 8195 8201 8217 126 4610 
3: 4064 766 3699 3533 5046 4015 4024 
4: 318 10263 126 142 143 425 457 4589 7991 132 969 10808 1209 133 441 11656 130 148 11667 11712 11901 
5: 3217 3434 3436 807 2827 2993 4214 1352 3463 
6: 2 2024 172 10369 10388 112 251 29668 401 8627 277 288 32873 4 69 8336 8347 8349 7813 181 8361 9 8327 9045 
7: 628 994 1079 1311 1336 1340 508 610 141 2375 877 1279 1307 1313 1323 1327 1331 1335 2385 558 641 825 974 
8: 172 10388 29668 401 118 186 9045 
9: 966 970 971 969 972 544 723 661 538 
10: 3135 419 1814 11540 1522 1524 3838 3158 3985 4820 11541 1525 6210 11543 3886 
11: 8196 1178 419 11529 1521 1522 1526 4212 
12: 419 1814 1522 3838 11537 2907 11541 
