# The contained directed cliques in the directed communities at k=11
# from /Users/bogna/dev/role-mining/datasets/hepth/timeslots/cit-HepTh-2001.edges
# at no lower link weight threshold,
# and at no upper link weight threshold.
# Links were treated as directed.
# No time limit was set for the clique search.

0: 9725 16492 16494 16496 
1: 11563 11564 11565 11566 21237 21241 21269 22236 11570 21240 21243 21141 21142 21143 21144 21238 21239 21242 21270 21271 21272 21273 21274 21275 22001 22004 22005 22006 22007 22008 22011 22012 22013 22014 22230 22233 22235 22241 22460 23070 23231 24033 24035 20357 20358 21132 21133 21134 21145 21146 21235 20349 20356 20360 20365 20387 20390 20342 20345 21285 20340 20354 21298 21303 21263 21294 21302 21304 21261 21264 21267 21280 21265 21276 21233 21266 21268 21297 21234 21236 21258 13372 13371 13374 13377 13375 16991 21135 21260 16993 16994 21253 21259 21299 21252 21286 21250 21283 21292 21295 21281 21282 22016 21279 21278 21277 22244 22228 22248 22249 19864 19869 19870 22229 22231 22232 22234 22238 22239 22240 22458 23069 23072 24030 24031 24032 24034 19865 19866 19868 22237 19867 22242 18841 19872 18835 18840 18843 18834 18837 18838 18845 18850 22459 18836 18844 18849 19871 18842 22456 22464 22468 22000 22457 22461 22466 21147 22002 24007 24010 21139 21140 21059 22003 21060 21064 21066 21062 21065 21061 24028 24029 21063 24043 24044 22010 22469 24009 22009 22467 22462 22465 24008 22463 22243 23232 23071 19873 20320 20627 20630 24037 22022 20359 20361 20135 20905 20133 20134 20132 20903 
2: 11805 11806 11807 11808 13760 13761 13762 13763 13764 13765 13766 13767 13768 13770 14884 14885 14888 14889 14892 14893 14898 16512 16513 16514 16515 16516 16517 11809 13769 13771 14899 11843 13772 17459 17460 17461 20659 11833 11834 11837 11840 11842 11844 11845 11848 11849 11851 11854 11832 11835 11836 11838 11839 16520 16521 16523 16525 11841 11846 11852 16522 16524 11847 11850 11853 11855 13774 13773 17462 17464 17468 20660 20750 13775 13777 20745 20746 21012 13776 20756 21016 20755 17470 20754 22716 17465 17466 17467 17469 17476 17480 17481 17482 20673 22709 22714 22715 17471 17473 17475 20665 20744 22706 22708 14900 14906 17472 17474 17479 14901 14902 14908 14903 14907 17478 17477 17483 17463 20664 20666 20670 20672 16133 20668 20679 22712 22740 16132 16134 11939 16116 16126 16131 16136 22786 11933 11936 11930 14403 15484 20007 20488 22741 22742 12543 14397 15478 16110 20001 20482 22729 22730 22731 14396 14400 14402 15477 18419 20000 20481 22725 22726 22727 22728 22765 22783 14398 14405 15481 15483 16109 18422 18424 20004 20006 20485 20487 22732 22733 22734 22735 22736 22737 22738 22739 22752 22764 22782 14401 15479 16111 18420 20002 20483 22809 23307 23940 23941 15482 16114 18423 20005 20486 22810 23308 23933 23934 23935 16113 16130 16118 16129 23577 15486 16115 16135 18426 20009 20490 22743 22744 22745 22746 23576 22755 22768 22787 22713 22753 22754 22766 22767 22784 22785 23024 22707 22717 22710 22761 22759 22773 22760 22771 22772 22770 22757 22789 22790 20681 20671 21015 21014 23029 23311 23030 23032 23037 23025 23038 23028 23034 23036 23033 23039 18229 15905 18245 15906 21415 21406 23310 23712 23713 16127 23706 23707 16125 20701 20789 20796 20749 
3: 13376 
4: 14628 14629 14635 17077 14636 17078 14637 17075 18355 17074 
5: 15884 15885 15886 15887 15889 15890 15891 15892 16628 16630 16635 16637 16649 16650 16651 16652 16691 16693 16850 16851 16852 16853 16854 16855 16858 16861 16862 16863 16865 16866 16867 16868 16869 16870 16875 16876 17698 17700 17705 17707 17719 17720 17721 17722 17761 17763 18995 19001 19010 19013 19025 19026 19027 19031 19032 19033 19067 19069 19153 19154 19159 19160 19161 19162 19165 19166 19168 19169 19187 19188 19293 19294 19295 19296 21837 21839 21850 21853 21865 21866 21867 21868 22391 22395 22396 22401 22405 22409 22418 23148 23149 23151 23400 23401 23402 23403 16614 16629 16636 16670 16677 16692 17684 17699 17706 17740 17747 17762 18978 18996 18997 19011 19022 19024 19048 19055 19068 19157 19170 19180 19189 19193 19195 21826 21838 21851 22392 22393 22394 22422 16615 16616 16617 16618 16619 16620 16621 16622 16623 16624 16625 16626 16631 16632 16633 16634 16638 16639 16640 16641 16642 16643 16646 16647 16653 16655 16656 16657 16658 16660 16661 16662 16663 16667 16671 16672 16673 16676 16678 16679 16680 16682 16694 16859 16864 17685 17686 17687 17688 17689 17690 17691 17693 17695 17696 17701 17702 17704 17708 17710 17711 17712 17716 17725 17726 17727 17728 17730 17731 17741 17742 17743 17748 17749 17750 18979 18980 18981 18983 18984 18985 18989 18992 18993 18994 18998 18999 19000 19002 19003 19009 19014 19016 19023 19028 19030 19034 19035 19036 19037 19049 19050 19056 19058 19181 19184 19185 19190 19192 19194 19196 19197 19198 21121 21827 21828 21829 21830 21840 21854 22168 22169 22171 22172 22175 22184 22188 22404 22406 22408 22419 22423 22428 22429 22930 22931 23152 23155 16654 16665 16668 16674 16683 16688 16697 17703 17713 17717 17723 17732 17737 17746 17764 18987 18990 19004 19012 19017 19051 19059 19171 19176 19200 21831 21835 21843 22170 22178 22397 22421 22424 22932 23150 23156 23405 16648 16675 16689 16695 16696 17724 17745 17759 17765 17766 19007 19008 19289 19290 19291 21842 21864 21869 21870 23406 16627 16644 16645 16690 17697 17709 17714 17718 21110 21111 21123 21124 16669 17692 18991 21122 16659 16664 17739 21112 16681 16686 17729 17734 17751 19038 21125 21126 21127 16684 17756 21128 16666 16685 16687 17733 17735 17752 17753 17754 17755 17757 19019 19041 19061 19064 19065 21832 21833 21856 21857 21859 21860 21861 21862 17694 17736 19044 21834 22190 17715 18988 22180 22191 18986 19006 19020 19021 18982 19042 16873 16872 16871 21385 21386 19015 19018 19043 19062 16856 16857 19057 19060 19177 19179 19063 19178 21852 19040 19066 21858 19039 19045 17738 17744 17758 19046 19052 19053 21836 21841 21863 17767 22425 19054 19070 21871 19005 19288 21855 19029 19158 19186 16860 17760 21113 22427 19164 19173 19183 19199 22399 22934 19156 19163 19155 19182 19191 22407 22420 22398 22933 19172 15888 17485 22410 
6: 19748 19749 19750 19752 22332 19751 19753 22333 19768 23090 19759 19767 23108 19758 23098 23097 22329 22330 23095 23099 23101 23103 23107 22336 22342 22350 21626 23109 21621 20183 20184 22343 22349 23102 23111 23112 20181 20182 19760 23096 23100 19769 23106 23105 23110 23113 23091 23089 
7: 20214 20215 
8: 21422 
