# The directed communities at k=6
# from /Users/bogna/dev/role-mining/datasets/enron/timeslots/10-2000.edges
# at no lower link weight threshold,
# and at no upper link weight threshold.
# Links were treated as directed.
# No time limit was set for the clique search.

0: 4 112 118 8326 179 216 3228 9045 10354 2024 277 401 8336 8349 8351 8627 10374 251 178 181 189 276 306 76 78 174 68 272 10459 252 288 29921 
1: 103 10808 11678 126 3 133 527 11667 11669 11684 11685 11686 11689 11691 11692 124 127 128 129 130 131 144 146 155 2054 368 382 4217 425 432 445 457 656 6693 11706 11732 11794 11904 14323 14334 3117 383 556 787 954 812 
2: 1070 786 730 807 1062 1336 19987 558 641 1066 1079 1323 1593 519 746 919 928 1067 1068 1071 1076 1078 1300 1310 1316 1318 1331 1335 1360 531 708 936 603 817 823 857 1077 1548 1552 508 625 713 914 4280 7644 825 634 188 17293 719 501 714 1547 616 617 674 722 726 1306 489 1315 1317 1325 1329 1334 1376 1492 1546 448 491 498 509 538 572 600 611 623 624 642 663 673 679 686 720 733 735 742 756 762 775 802 835 851 854 856 864 877 905 985 610 3701 4857 1375 1364 1540 889 789 518 1539 1528 1069 1538 545 2398 1589 1549 607 690 693 927 982 517 28237 28948 28968 3286 842 
3: 17234 33767 15799 15612 18197 5298 15741 17235 15787 15825 4666 7713 
4: 118 2137 4314 540 544 1050 125 452 527 532 419 505 547 1223 1411 1798 550 723 425 11680 281 4250 4503 954 2106 30 5753 604 5277 1199 5683 804 143 1246 20677 489 491 1414 1412 1527 5358 15272 2238 174 4506 4508 549 645 1813 1894 2022 4288 4507 4509 5371 5688 5690 20575 20586 20668 20670 20676 20679 20682 21525 2262 890 2092 20934 731 9931 241 3029 
5: 68245 68307 14634 68228 68262 68354 68384 68687 68693 68694 68741 68746 68753 68756 68922 68927 69112 69351 69355 69380 69383 69395 69398 69407 69410 69418 69895 69906 70027 70189 70216 70247 70289 70290 70291 70292 70293 70295 70296 70297 70298 70299 70300 70303 70304 70307 70310 70343 70396 70397 69139 70452 
6: 1061 17292 3351 456 938 2100 
7: 641 1335 17265 3298 3307 3731 5519 17263 3026 3286 
8: 3213 17973 3233 4805 5459 80337 
9: 4 8326 93 9045 68 32889 
10: 4 118 196 231 5033 2398 174 
11: 151 425 5290 143 134 3678 
12: 544 547 489 491 542 500 
13: 641 1063 1593 919 1335 3286 
14: 419 5204 1526 3838 731 24240 5203 
15: 129 425 3117 5290 143 3678 
16: 1061 1399 2842 3204 456 1593 425 787 5290 143 2100 3678 
