# The contained directed cliques in the directed communities at k=6
# from /Users/bogna/dev/role-mining/datasets/enron/timeslots/10-2000.edges
# at no lower link weight threshold,
# and at no upper link weight threshold.
# Links were treated as directed.
# No time limit was set for the clique search.

0: 1382 3451 3452 3457 3458 3897 3898 4012 4047 2283 3448 3449 3450 3454 3455 3456 3894 3895 3896 4011 4043 4045 4046 1621 3048 4042 2367 2376 3046 3047 2368 3270 2375 2849 4006 4007 4008 4044 4009 4004 4005 4048 1686 3453 3899 
1: 1398 2047 2338 2341 2573 2838 2841 3025 3030 3033 3037 3187 3194 3195 3196 3202 3284 3299 3300 3306 3513 3521 3601 3679 3702 3703 4100 4111 4115 4125 4394 4409 4481 4482 4483 2339 2340 2342 2574 2842 3303 3307 2343 2575 2840 2843 3026 3031 3034 3038 3188 3197 3198 3203 3285 3301 3304 3514 3522 3602 3680 3704 3705 4101 4112 4116 4395 4410 4528 4098 1401 4392 3784 4415 4568 4479 4109 2049 
2: 1429 1430 1741 2103 2107 2329 2336 2337 2402 2560 2606 2831 2833 3017 3019 3089 3090 3092 3096 3099 3100 3184 3212 3222 3223 3224 3294 3296 3297 3337 3343 3350 3356 3470 3471 3473 3474 3480 3482 3483 3486 3493 3495 3532 3538 3629 3630 3631 3637 3639 3645 3738 3739 3740 3744 3746 3747 3750 3756 3807 3813 3818 3829 3831 3832 3843 3844 3850 3856 3938 3939 3951 3952 3953 3954 3964 3965 3966 3997 3999 4001 4002 4074 4075 4082 4086 4133 4134 4149 4150 4159 4165 4167 4168 4186 4187 4196 4217 4218 4219 4227 4231 4232 4233 4238 4239 4240 4248 4249 4250 4251 4252 4266 4290 4291 4292 4306 4307 4314 4315 4352 4353 4360 4361 4369 4370 4378 4379 4380 4405 4406 4416 4417 4419 4423 4449 4452 4453 4456 4457 4463 4464 4465 4466 4486 4498 4546 4555 4564 4571 4572 4585 4586 4601 4605 4254 4255 4403 4404 4407 4418 4424 2404 2557 3007 3023 3118 3406 3407 3868 4083 4084 4166 4180 4181 4182 4183 4184 4185 4188 4189 4190 4253 4256 4257 4267 4268 4401 4402 4484 4485 4587 2034 2033 4258 3179 3926 3114 3159 4420 4421 3113 3115 3116 2106 3088 3219 3825 3826 3840 3933 3934 3946 3947 3962 4285 2898 2174 2646 2683 2885 2886 3809 4286 1819 2649 2128 2648 2867 2129 2866 3013 3207 3871 3916 3917 3009 3011 3012 3014 1496 2677 3918 3919 4135 4241 2834 3020 3225 3475 3487 3539 3751 3757 3819 3851 3857 3955 4003 4087 4151 4152 4169 4197 4242 4244 4245 4246 4371 4381 4382 4383 4458 4467 4468 4487 4547 4573 4574 4588 4606 2832 2330 2561 3018 3295 3472 3481 3808 3814 3830 4000 4077 4221 4234 4454 3998 4076 4078 4160 4220 4222 4293 4294 4354 3494 3496 3497 3533 3646 4136 4170 3534 3647 3858 4137 4153 4171 4469 4493 4575 3339 3345 3352 3640 3641 3648 3758 4494 4495 3338 3344 3351 3476 3638 3745 3748 3749 4228 4450 3478 3477 4172 3227 3540 4088 4198 4089 4090 4194 4085 4092 4096 4191 4491 4492 4192 4193 4497 4426 4496 4425 4488 4490 4489 4549 4389 4550 4386 4388 3859 4154 4243 4373 4390 4473 4576 3853 3753 3852 4460 3752 3760 3021 3759 4235 4317 4372 4455 4459 4161 4295 4355 4287 4296 4288 4316 4318 3743 4387 3741 3742 3226 3941 3956 3935 3940 3948 2893 4062 2895 3668 4064 3652 3651 3820 4019 4018 3117 4422 2869 2871 3869 4408 2726 2434 3509 3504 3503 
3: 1487 2438 2904 3861 2780 1794 
4: 1569 2429 4283 1570 1865 1884 1890 2427 2481 2828 4276 4281 4282 1866 3592 3838 4272 4279 4340 2598 3250 3593 3594 3595 3730 3731 3789 3790 3792 3793 3970 3984 3986 3987 4273 4274 4275 4277 4278 4327 4328 4346 4347 4348 4399 4400 4520 2430 3311 3791 4345 4349 3732 3598 3983 3689 3690 3691 3768 3981 3982 3985 4269 4270 4271 4280 3767 3570 3770 4341 4521 3175 3171 3170 4523 4535 4522 4591 3041 4202 4536 3042 3736 4203 4553 4558 3971 4557 4339 3365 4342 3711 3734 3709 3710 3714 3716 3713 3715 1896 1898 1900 2495 3081 1897 1899 1901 2253 2496 3082 2254 2497 2261 2259 1571 2372 2829 3735 2086 
5: 1659 1660 1973 2294 2518 2521 2522 2524 2526 2528 2530 2532 2536 2538 2540 2543 2751 2753 2756 2758 2761 2764 2767 2770 2773 2776 2930 2933 2936 2939 2942 2945 2948 2951 2954 2957 2960 2963 3162 2295 2519 2523 2525 2527 2529 2531 2533 2537 2539 2541 2544 2752 2754 2757 2759 2762 2765 2768 2771 2774 2777 2931 2934 2937 2940 2943 2946 2949 2952 2955 2958 2961 2964 3163 2535 1972 2520 2534 2929 2932 2935 2938 2941 2944 2947 2950 2953 2956 2959 2962 3161 1971 2542 2755 2760 2763 2766 2769 2772 2775 
6: 2014 
7: 2118 3362 3550 3363 2910 2911 
8: 2708 
9: 2817 
10: 3052 3053 
11: 3128 
12: 3160 
13: 3180 
14: 3397 3402 
15: 4411 
16: 4433 4435 4436 4437 4441 4499 4443 4444 
