# The links from /Users/bogna/dev/role-mining/datasets/enron/timeslots/04-filtered3.edges
# at no lower link weight threshold,
# and at no upper link weight threshold.
# Links were treated as directed.
# No time limit was set for the clique search.
# (self-links were removed)

00002 00070
00002 00137
00009 00048
00009 00050
00009 00057
00009 00067
00009 00147
00011 00038
00011 00075
00017 00040
00017 00049
00017 00061
00017 00107
00027 00052
00027 00147
00033 00017
00033 00038
00033 00057
00033 00067
00033 00076
00033 00142
00038 00075
00040 00017
00040 00033
00040 00049
00040 00061
00044 00033
00044 00111
00044 00150
00048 00009
00048 00027
00048 00044
00048 00050
00048 00057
00048 00067
00048 00136
00048 00147
00049 00002
00049 00040
00049 00070
00049 00073
00049 00137
00050 00009
00050 00048
00050 00057
00050 00067
00050 00147
00052 00027
00052 00136
00053 00038
00053 00044
00053 00066
00053 00069
00053 00107
00057 00033
00057 00038
00057 00076
00057 00142
00061 00017
00061 00040
00061 00049
00061 00125
00066 00068
00067 00009
00067 00033
00067 00038
00067 00048
00067 00050
00067 00057
00067 00076
00067 00147
00068 00066
00069 00073
00069 00107
00070 00002
00070 00049
00073 00002
00073 00049
00073 00069
00073 00070
00073 00137
00073 00151
00074 00137
00075 00011
00075 00038
00075 00057
00075 00076
00076 00033
00076 00057
00076 00075
00076 00136
00076 00142
00076 00147
00085 00087
00086 00087
00086 00149
00087 00086
00096 00040
00096 00114
00107 00038
00107 00044
00107 00096
00111 00044
00114 00096
00122 00107
00125 00061
00136 00057
00136 00067
00136 00076
00136 00142
00137 00002
00137 00049
00137 00070
00142 00011
00142 00033
00142 00038
00142 00057
00142 00076
00142 00136
00147 00009
00147 00027
00147 00048
00147 00050
00147 00067
00149 00087
00149 00130
00150 00107
00151 00069
00151 00073
