# The contained directed cliques in the directed communities at k=5
# from /Users/bogna/dev/role-mining/datasets/hepth/timeslots/cit-HepTh-2000.edges
# at no lower link weight threshold,
# and at no upper link weight threshold.
# Links were treated as directed.
# No time limit was set for the clique search.

0: 1166 1863 2494 2527 3181 4319 4322 4356 4910 4921 6016 6698 6702 7378 1862 2526 4355 6697 6701 7377 2528 4968 2529 3806 4969 
1: 1212 2564 2568 3832 3834 
2: 1330 2036 2038 3381 3383 3385 3938 4501 
3: 1495 3487 5158 5510 6653 14036 14037 3486 2193 5157 5509 6652 10507 5156 5160 2187 5354 6650 6955 6956 5159 5215 5212 
4: 1532 
5: 1591 1592 1593 1594 1595 2265 2266 2267 2268 2269 2948 4113 5127 
6: 1610 2296 3547 3549 3909 1611 
7: 1612 12543 12545 12549 12552 12554 12556 11615 12542 12544 12546 12547 12548 12550 12551 12553 12555 12557 12558 12559 12560 12561 12562 12563 12564 12565 12567 12568 12569 12570 12572 12573 12574 12727 12747 12752 12755 12756 12759 12760 12764 17146 17158 17686 18408 19858 19865 19866 20420 20434 22710 22720 22721 23660 23662 24114 24115 24121 24122 24452 24453 24455 24458 24459 24460 24498 24825 24831 24833 24834 25248 25252 25616 26203 4045 11600 11605 11608 11612 11614 12731 12742 12743 12746 12748 12750 12751 12754 12763 17137 17142 17147 17163 17665 17672 17676 17698 17700 18389 18396 18399 18414 20404 20405 20406 20407 20410 20411 20414 20415 20416 20417 20418 20419 20421 20424 20425 20428 20429 20430 20431 20432 20433 20435 23661 24488 24496 24832 25244 25250 25295 26995 4043 4046 4047 4044 12726 24116 24118 24120 24473 24484 24489 24827 24829 24830 12728 12729 17126 17127 17651 17652 18377 18378 23658 23659 23663 23664 10197 12715 12716 12717 12718 12719 12721 12725 12730 12732 12737 12738 12739 12762 12765 12768 17111 17112 17119 17128 17130 17134 17157 17636 17637 17644 17653 17655 17657 17685 18338 18362 18363 18370 18379 18381 18386 18407 19857 22709 23655 23656 23657 23670 23674 23675 24447 24449 24451 24465 24467 24474 24477 24811 24818 24819 24820 24821 25238 25243 25294 25300 10199 10200 10201 10204 10206 15079 22703 24454 24457 10202 15076 15080 15081 10203 15083 9181 10207 22705 9183 9184 9186 17144 17148 19864 22700 22704 22706 24813 24912 9182 9188 12990 22702 9187 19863 22650 22653 17154 17679 17684 18401 18406 19868 22651 22654 4790 17125 17138 17140 17141 17149 17150 17151 17153 17155 17156 17161 17680 17683 17689 18350 18402 18405 18411 19861 19867 19870 19928 22649 22652 25615 26201 26202 4788 4824 18333 18335 22658 18332 18334 19926 19927 18336 18343 18344 18348 18349 24917 18351 22666 17667 18391 22662 22670 17663 17666 17668 17669 17670 17671 17678 18390 24911 17635 17638 17674 18385 18398 24807 24809 11602 12723 12741 14805 14811 17110 17113 17114 17115 17116 17118 17136 17639 17640 17641 17642 17643 17645 17646 17647 17648 17649 17650 17654 17656 17659 17660 17664 17675 17681 17682 18337 18361 18364 18365 18366 18367 18369 18376 18388 18394 20399 20409 20423 20497 24130 24140 24448 24464 24470 24472 24815 24816 24817 24824 24918 24920 25234 25235 25237 26069 26070 26072 27219 11601 11604 11606 11609 11603 12724 17124 18375 24471 25242 26073 13143 13144 14814 14815 14816 14817 13136 13138 13141 13145 14809 11911 12736 12791 13132 13133 13135 13137 13142 17661 23367 24135 12735 11071 4848 9929 9930 9932 9933 10224 11069 11070 11072 11073 11075 11079 4846 4847 11078 11080 11081 9925 9926 9931 11074 9927 11077 12202 13134 11076 12201 13148 12790 13147 13140 20413 13139 20427 14799 11610 14797 14798 14800 14801 14802 14804 14810 14821 14808 14819 20403 12734 14806 14807 14812 14813 14826 14827 14828 14829 14830 14831 24136 24468 24469 24475 24476 24481 24485 24486 12720 12722 12733 12745 12753 12758 21979 24124 24125 24126 24137 24138 25245 25246 25296 25297 12744 12767 17120 17121 17122 17123 17129 17143 17673 18371 18372 18373 18374 18380 18395 18397 20402 20412 20426 21981 23668 23669 24450 24482 24919 24921 24922 25239 25240 25241 25301 25302 25303 12766 20401 12769 17159 17164 17687 17699 18409 18415 19859 20408 20422 20436 22711 23665 23666 4048 17132 17160 17688 17690 18383 18410 19862 22715 23671 23672 23680 23681 23682 17131 17152 17117 17658 18382 23677 23678 18368 25236 26071 17162 17696 18403 18404 22707 22708 25247 27220 17694 18413 17677 17692 17693 17695 17701 23842 17697 20400 24117 24119 24131 24133 23841 23843 24132 24487 24493 24909 24910 24915 25619 26205 10780 10844 21989 23839 23840 23846 10776 10841 21978 21986 21988 21985 21991 24500 24497 24495 25251 26994 6487 22655 24490 24494 25618 6488 17145 24483 24491 24814 24828 17135 24456 24808 24826 24914 17139 18387 18393 19852 24466 24478 24812 24913 18392 19849 24480 18400 19847 19848 19850 19851 24479 12997 22701 25617 9195 22671 22699 24810 9193 9197 9194 5904 5906 22672 22713 15084 19860 22714 22719 12566 12571 12575 12991 22712 22716 22717 22718 23667 23673 18356 18358 18345 18354 9189 18352 19871 23844 23845 23847 27937 6228 27823 6227 19869 24923 26996 24823 24822 24916 24499 20496 24463 7290 11599 12714 17109 17628 17634 18360 24604 24605 10208 10072 10712 10071 10711 10710 14823 14820 14822 14824 7253 7252 7251 18339 20498 20364 3671 14121 7242 19929 7241 7874 10070 19930 12757 15077 15078 18347 2084 8392 
8: 1629 1630 2906 2968 2973 5625 7616 2905 2967 5161 5623 7611 24038 24039 7612 7614 7615 7617 5162 7619 7622 7613 7618 11334 11339 11340 15674 2908 7796 7797 15676 15681 15679 18262 15678 15680 12600 15675 15677 12597 12599 12593 20256 12594 16653 20442 21849 23343 23344 16633 20441 21941 21942 23340 23345 23353 24347 24350 25160 27826 11031 11482 13359 14610 16628 16629 16630 16631 16632 16634 16638 16640 16641 16642 16643 16656 19881 23341 23342 23357 23360 23366 24348 24352 24353 24354 11035 11039 13358 23338 23339 27208 7545 11042 11475 13360 14182 14600 14601 14603 14604 14605 14606 14608 14611 20252 26614 7546 7550 14183 18211 21945 21953 21956 21962 4633 15287 18209 18210 18213 4634 4594 14607 14612 18214 20253 20254 20255 6887 9044 23308 9046 9048 23309 23310 18117 20257 16655 20258 23346 23347 15288 15294 20443 18437 20444 21970 22989 18434 18435 18447 18448 19883 22980 22983 22985 22987 24351 22981 19894 21844 21845 21846 22982 22984 22986 22988 22991 22992 24355 24357 21847 21848 21851 21850 21855 22990 21852 21854 21853 21863 21969 21856 21832 21857 21858 21860 21862 21946 21822 21833 21834 21836 21838 21840 21842 27107 21823 21824 21826 21828 21830 27104 27202 21825 21827 21829 21831 26808 21835 26809 21837 21839 21841 21843 21859 21869 26815 10727 21861 21870 26816 10719 10726 10732 10740 10744 10718 21868 7840 7841 9155 9156 10713 10714 10717 10725 10730 10731 10737 10739 10743 11296 12669 12670 12947 12948 13046 13047 15205 21949 24175 24535 24536 24537 24538 24541 26807 26810 26811 26812 26813 26814 26817 26818 26819 26820 26821 26822 26823 26824 26825 26826 26827 26828 26829 26830 26831 26833 26834 27027 27067 27069 27071 27073 27075 27077 27096 27100 7836 7837 7845 9151 9161 12666 12671 12950 13041 13044 13057 19885 24532 24534 24543 27063 27064 27065 27066 27068 27070 27081 27082 27083 27097 27098 27099 27108 27109 27111 28617 4909 9152 12667 13042 15200 19886 23035 24533 27072 27074 27076 27101 27102 27103 27110 28425 4908 6034 8971 8974 8976 8978 8980 27115 28426 15198 19876 24530 26434 27020 27021 27022 27023 27024 27025 13980 15199 13981 13985 13991 13995 13999 14004 14010 10895 13986 13993 13997 14000 14006 14013 14014 14015 10894 10893 13992 13996 14005 14011 14012 12851 16497 16498 17417 17418 17419 17420 17421 17422 17425 17426 21777 12850 16495 17423 17424 17431 17433 17435 17437 16493 16494 16504 21798 21807 21810 16503 19877 23101 24531 26435 26438 27026 27028 27029 27030 27031 27032 27085 27087 27089 27114 27118 7553 13053 14017 16505 19888 19889 21785 21791 21799 21811 23105 24540 26442 27078 27079 27080 27211 28616 7557 7560 12949 13567 13568 27199 7856 12954 12959 13049 18656 24539 26747 26748 26749 26750 26832 27105 27106 27200 27201 7851 7853 7849 12957 12940 13048 16448 18657 18658 18659 26440 26751 26752 26753 15902 15903 15904 15905 15906 15907 15921 15908 15909 18676 15910 18663 15911 15912 15913 18633 18671 18637 18673 18631 18635 18636 18630 18669 13082 18632 18634 18668 13077 13083 13084 13085 12945 13078 13079 13080 13081 21784 16649 21783 21786 21959 16646 16650 16647 21788 21958 21964 21966 11867 9469 9470 11866 9466 9467 9468 9471 9476 9478 9479 9474 9475 9477 16508 21781 24172 13626 13627 13638 13628 13629 13640 18951 21778 15510 18952 18954 18957 18960 18964 21776 28352 28358 15506 18937 18938 14566 16312 16314 7441 7442 7443 7444 10966 10967 10968 10969 14560 16267 16313 16315 18958 5017 7440 12443 6655 10964 12447 4031 6656 5610 15507 5895 6480 7445 7446 10971 16268 5894 10970 18942 6477 6478 6479 6481 10972 12046 16269 16270 8375 8382 8376 16271 16273 11986 11982 11990 9602 19117 18192 28357 11724 16274 11719 11723 10973 18940 18941 17958 3271 17959 18963 21891 21779 21780 26130 13924 24168 24170 24171 24169 16510 21965 18959 21893 11224 11222 11223 11220 7929 9918 11218 11219 11221 11225 19622 9911 9916 9920 9921 9910 9912 9913 9915 19620 19621 19624 12811 12812 12813 15823 19623 19625 19626 20470 3740 3741 5328 5883 5884 12815 12818 12819 12820 15314 15820 15821 15822 20469 22660 5329 5330 5331 3598 5332 3599 3600 3601 10633 10634 21895 10630 10631 6389 10627 10632 3589 3590 6390 6391 10628 15826 20471 22659 2448 12816 4180 21775 16509 21782 21790 21818 21789 21801 21793 21808 21813 9472 13570 24180 24174 16636 21947 16639 21943 21944 21948 21787 12946 13573 21792 21800 21812 13574 11289 13575 11290 13562 13579 14748 12665 14745 14749 28693 14746 14744 13541 8040 11626 12663 13542 13543 8035 8039 8034 8038 13544 4450 7906 8036 8037 8554 13540 4451 4452 4445 4453 4454 7907 8555 4446 4447 5604 7519 7520 7910 8041 8042 8043 8559 8560 13547 5605 7518 8558 13539 8561 8556 7908 11187 10514 14742 14750 12951 26835 8964 8963 8966 8968 8970 8973 8965 8967 8969 8972 27210 8975 19887 26437 27084 27086 27088 27113 8977 8979 8981 8982 21871 21866 21872 21873 21875 21865 21867 21874 21864 21972 21954 21957 13987 13988 14001 14007 14018 14002 14008 14016 14019 28430 28428 28429 28431 18670 28427 28432 18662 18672 13043 18660 18661 18664 18665 18666 24178 18649 18650 18651 18652 18653 18654 18667 15211 27112 27203 15212 6036 6037 27204 27205 13569 11303 11302 11308 11298 11300 11307 17432 17434 17436 18260 21513 21619 18267 21515 21620 18272 18273 21516 21621 18252 18261 18274 18288 18289 23649 23647 23651 18245 18256 18285 21910 18255 12025 13650 17284 17524 17525 18258 24582 12022 12026 4167 4168 5229 5231 5232 10978 10984 10985 11458 12023 13646 13647 13648 13649 17255 17256 17257 17258 17264 17265 17266 17267 17268 17269 17271 17272 17273 17274 17276 17277 17278 17279 17280 17382 19629 19630 21456 24602 4169 10470 10474 11457 17259 17270 17275 17281 17282 17387 19628 21455 4170 24600 24601 10998 11796 13651 17386 17388 17391 17522 17527 17868 26515 10986 10990 10995 10996 10997 10983 10977 10982 11795 10989 11797 11799 10994 11798 10992 11791 11792 10980 10988 10993 11000 17521 17526 21760 10976 10981 21759 21443 21444 21447 21448 4554 10475 17390 17392 17393 17396 17867 19721 21445 21446 21449 21453 21457 21459 21463 24579 24581 4555 4556 17288 23012 23013 4557 5203 5199 5202 5198 21465 21469 21461 21466 21754 23247 21460 23337 23336 13105 13106 13107 2601 3864 4076 4433 4897 4898 4980 4981 4982 4983 5562 6820 6821 7459 8094 8110 8111 13108 13109 13110 13111 13112 13113 13114 13115 13116 13119 17192 17193 18462 18463 20447 20448 20449 20450 20451 20452 20454 20455 20457 20458 20460 20461 20462 20463 20465 20466 20467 20468 23111 23249 7112 13123 15454 15463 15480 15487 15516 15518 20693 21481 23112 25394 26498 7104 7111 8484 9027 9510 15444 15446 15447 15448 15453 15456 15459 15462 15469 15474 15478 15486 15502 16949 20683 20685 20696 21480 7750 8477 9033 9506 13120 15441 15445 15450 15461 15467 15483 15499 16945 18601 20682 20684 20691 20694 7166 8474 8478 8479 8485 8487 14908 15434 15464 15475 16939 20698 20702 7165 7167 7169 7168 7170 8906 8907 8908 8911 15433 15438 15440 15442 15449 15451 15455 15457 15460 15473 15482 15488 16944 20686 8913 8917 8918 15437 15439 15443 15452 15458 15466 15468 8912 8914 8919 13411 13412 14912 14913 14914 14915 14918 15435 15436 15465 15476 15477 15484 15485 15489 15492 15501 16947 16948 20687 20688 20689 20690 20692 20695 20699 20700 20701 20703 28952 8909 8910 9028 15479 15481 15503 18603 18607 18610 9034 15490 15500 18602 18606 18608 18611 20704 13414 20697 22412 23025 12881 12882 11084 12878 11085 14903 14905 14906 14907 18322 18493 18506 18507 18511 20843 20866 21279 21631 21646 21654 25802 26729 28884 29039 7872 8296 8300 10160 10161 11163 11568 12912 12918 12922 12923 13421 14904 14909 14910 14911 14916 14917 21280 21589 22314 22315 22316 22317 22318 22319 25801 25803 25805 25808 25810 7861 7864 7866 7867 7873 10159 7862 7863 10156 10157 12915 12916 12917 7869 7870 8298 8295 8299 7865 7868 7765 12909 7758 7766 7759 12928 7761 7767 8431 12920 13776 13777 13779 15043 15049 15052 13780 15050 15053 15051 15055 15044 15497 15494 15498 15495 12919 12921 15496 12913 12914 15491 21581 13419 18494 19760 25804 25806 27677 13417 7282 7889 8510 8511 8530 8857 8858 12121 12685 12694 12696 13406 13418 13420 14623 14624 14625 18319 18492 18495 18497 18498 18860 18861 19751 19895 19896 19897 19898 19899 24501 24747 26211 26499 26671 26676 26723 26724 26727 27232 27236 28512 28866 28867 29001 29038 29040 29041 29042 29043 7283 7285 9201 12096 18496 26726 28516 28651 28726 28868 7284 12686 19752 26672 27233 27492 27494 7288 12695 23243 23244 23245 23246 13654 10476 10480 13653 13655 13656 13657 13658 17401 17403 21462 21464 23239 23241 23242 26853 27468 27476 27477 27486 27487 10464 10471 10479 12476 17287 17399 18545 20709 21753 26852 27466 27475 10463 23167 10467 17877 19977 13973 13972 13971 17876 24627 16701 19063 24628 24629 24630 24631 24759 11436 11437 11438 11439 11445 11446 13707 13708 13709 13712 13713 13714 13715 13716 13717 13718 13719 13720 13721 15972 15973 16681 16682 16690 16691 16700 16702 16703 16704 16705 16706 16707 16708 16709 16710 16711 16712 16713 16714 16716 16718 16719 16720 16723 16726 16727 16728 16732 16736 16737 16738 16745 16750 16754 16756 16757 16758 16759 16760 16761 16762 16763 16764 16766 16770 16771 16772 16773 16774 16775 16776 16779 16872 18536 20707 24509 24760 24761 24762 24765 26064 26065 26067 11440 11441 11442 11443 11444 11447 11449 11450 16731 16733 28823 11451 15983 17492 23705 25220 20871 15670 17497 20831 20832 20833 20834 20863 20870 20873 20874 20888 20890 23514 26525 14785 15650 15668 15672 15673 10702 14783 15655 23518 10688 10691 10692 10695 10699 10701 10703 10704 11932 17502 17505 10686 10689 10687 10693 10690 10700 10698 11930 23506 23513 10102 11448 11931 11942 11943 10108 10110 8329 11453 16867 15985 16866 17493 15978 15984 15975 15976 15977 23715 23711 16722 16724 16744 16746 16747 16748 17495 21237 23706 23713 24797 28825 16683 16684 16685 16688 16694 16698 16721 16725 16739 16740 16741 16742 16743 16749 16751 16765 21531 21550 21552 28822 13710 16686 16687 16689 16729 16730 21524 21525 21529 21532 21533 26510 28885 16734 16735 22782 24508 26517 26521 28652 28656 28886 16752 16777 18331 24749 16753 16755 16780 16769 16778 16767 16768 16695 16699 16692 16693 16697 16696 24776 13723 16715 16813 13727 16717 16806 16812 16814 19973 16805 16807 16809 16804 16808 16811 13711 16794 16810 16791 16795 16797 16800 16792 16793 16799 16822 22390 22783 22784 28045 16796 22388 22781 28046 16798 28048 28049 16882 17315 20840 21526 11829 14411 16881 16883 16890 16892 16895 16913 17313 23128 9076 11805 11807 11812 11828 11831 11844 11855 11856 11858 16829 17308 21527 9067 9073 9074 9075 9077 9080 9083 9084 11811 11834 11842 11847 11851 11860 14412 14418 14426 14430 11859 16894 11830 11841 11843 11846 11850 11861 16843 16847 17325 17327 17329 17332 21297 23119 23120 23121 23130 11484 11832 11833 11837 11845 11848 12621 12622 12623 12624 12625 12627 12628 12629 12632 12633 12634 14428 14528 17485 21283 22396 9082 9088 11485 11486 11487 11488 11810 11835 12631 14521 9085 9086 12616 14535 12615 12619 12620 14420 14527 14532 12618 14413 16888 12617 16905 8773 8851 12626 18508 20859 8772 8852 8853 8855 10597 18501 20835 20836 20842 20844 20864 22381 24748 26679 26680 26728 28654 28888 28889 28891 28892 12122 18321 18502 18503 24504 25227 27246 28887 28890 28894 8534 12124 12125 18323 18504 18509 18510 12123 18324 18512 18320 18327 20857 28882 18325 18499 23171 23172 23159 23163 23168 23169 20845 20853 20854 20856 20862 20865 20837 20846 20868 4650 16838 20838 22384 4653 4651 20839 12637 16824 16836 16839 16840 16844 16848 16849 16851 16860 17324 20851 12638 12639 16845 16853 16861 16837 16842 16854 16823 16841 16846 16862 22383 22399 22400 22401 22402 16852 22395 22397 16850 22398 16832 16819 16825 16830 16831 16818 16820 17305 17306 17307 11827 17320 14243 14419 17321 17322 17326 17330 17334 9081 11489 11816 11818 11819 14424 9079 9090 9078 9089 11814 11817 9087 11813 11840 11838 11836 11839 12635 12636 11849 11852 11853 11854 11857 14407 14522 14524 14525 14529 14536 16166 16903 16914 17340 18730 18731 18734 18735 18736 22386 11862 16164 16908 18747 11863 16923 16174 10193 12898 16162 16163 16165 16168 16170 16171 16172 16173 16175 16180 18742 18743 18744 18756 21555 12892 12894 12895 12896 12897 12899 12891 12893 14410 11823 11826 14403 14405 14406 11825 14423 17323 14429 16178 17339 18748 22393 23123 23125 23127 9204 10187 16891 17341 17344 21545 22387 9205 9206 10190 10189 16887 16889 16886 16900 16901 21536 16893 16898 16899 21535 23122 16920 16921 21553 23129 16885 16909 16922 21554 16910 16911 28655 16906 16912 18746 18762 18761 18751 18760 18765 18766 23124 18740 18750 18752 18755 18739 18741 21281 27323 27322 22385 27324 22391 17483 22389 17484 22392 17486 22380 22382 22787 22791 10596 22785 22793 22790 22792 22794 26730 27838 25231 27839 27844 25229 21268 21272 21295 21296 8306 11497 8304 11492 24840 24841 20858 20860 20861 20869 20855 22788 22795 22789 22796 17491 24045 15330 24044 11269 15329 15333 11262 11266 11268 11271 4726 11260 11261 11263 4724 12384 12385 12386 14540 16177 21285 21539 14544 14550 21544 21543 21538 23126 14404 14402 14427 14422 14425 18732 18737 23131 16902 17337 18738 17338 18733 16176 14533 16167 16169 14526 14530 14534 14531 11820 11815 17343 21242 22394 21243 16855 16896 18745 16907 16915 16904 16916 20572 24783 28980 28981 28983 24768 24778 24785 24788 24791 24764 24769 24771 24773 24779 24766 24780 18537 20705 24795 26850 26860 18538 18544 18557 18556 20706 18539 18540 20710 23709 23710 15363 26513 26514 15364 26520 26516 24633 17398 17290 17402 17404 23253 23255 5318 17289 17291 5317 17286 4621 18567 18550 23006 23007 18551 23009 23010 23011 18548 18552 18553 18554 18561 27480 27483 27490 18549 18565 27469 27478 27488 18546 26677 26678 26683 26851 20708 24639 26854 26862 27467 27474 27489 20711 20712 24638 27473 26859 26861 28978 26855 26856 26857 26858 15974 15986 15987 28836 15160 22730 9142 12660 15161 15162 15163 15164 15165 15166 15167 15168 15170 15171 15172 16441 17079 19750 22723 22724 22725 22731 22733 22737 28535 28791 28792 9141 9143 9146 9145 9148 14769 14777 14778 14779 14780 15123 14770 14782 14787 14789 15644 15666 14771 14772 19936 28526 28536 28544 12327 14781 18616 18620 7587 8802 12332 12338 12339 15150 15151 15153 15665 18617 18622 28527 8805 2394 8807 8810 8806 8808 8811 18624 21564 21565 8809 5408 8235 10078 10080 10083 10084 12333 14204 15133 15135 15146 15152 18626 19937 19939 21562 21563 27239 27873 28529 28530 28531 5407 5409 5412 5406 5411 10134 10137 15132 15145 18595 5410 8227 8230 10135 15138 10081 10131 10133 10138 10139 10142 10144 15057 15139 15147 18589 10079 10088 12336 15148 27243 10087 12344 12345 12337 12342 12341 12343 18586 12340 14209 14203 14210 10141 14200 14205 14207 18594 10136 14201 15130 15144 15122 22732 15121 15131 15137 7741 15127 15134 15136 15140 15656 15657 15667 16278 16279 7742 5413 15124 11465 14206 15141 15649 19052 8228 9621 11469 17494 19948 8229 8234 18619 19945 14730 19949 24062 24063 24073 27870 14731 14734 7847 12099 14728 14729 14733 24076 24071 27238 28459 14199 27484 27867 14198 14208 27237 27493 27866 18555 27234 27240 12687 12689 13395 26673 26675 27235 27482 27485 12688 12692 7287 12699 13398 26674 27491 28793 13397 13399 13404 14211 23520 27861 6379 6376 24585 15173 19941 23521 23527 23535 21638 21637 21644 21643 19943 19952 28537 19938 22726 28547 15169 15174 18562 18564 18566 14202 18563 18558 27862 27863 28977 27864 27869 28797 26868 27868 28798 28863 26866 26867 26876 26870 26873 28800 23529 28864 23523 23528 23531 28796 27471 27481 19720 27443 27472 26572 27444 5428 26575 27470 27479 27871 26885 15125 28532 15142 16874 19055 28534 28533 8508 14620 24055 27675 28878 16442 24054 16440 28877 7590 7593 17566 17556 17571 17557 17558 17559 19954 20885 21577 23008 23016 23014 23005 23020 23004 20884 23019 23022 23023 23021 23017 23026 26497 8486 7890 8531 14626 18864 18865 7891 7892 18866 8513 12698 14628 21647 21650 21653 8512 12697 14627 21579 21585 21588 21580 22320 16940 16946 18862 21591 21592 24836 18609 28044 18612 22321 22322 22323 22324 8532 14629 18798 18799 18599 6367 11146 16942 18600 18604 6365 6366 6374 6364 6372 11144 6371 11143 6373 11153 11155 11145 11156 11154 8488 18605 12690 12691 28456 28461 28870 28872 28873 11414 23262 11415 11417 11426 11421 11430 11422 11419 11431 11428 21470 21451 27953 27954 21450 21511 21452 21510 11803 21471 21517 27950 27956 17383 17381 17384 17385 17389 17394 17395 17870 17380 21454 17872 24599 12477 17864 17873 12474 12472 12475 12473 17858 17861 17865 14537 17846 17859 17847 17848 17862 10465 24587 24598 27949 10466 23254 23248 27948 21501 21502 21503 21505 21506 21507 21509 15847 21512 15832 15842 15848 15849 15850 15851 15852 15833 15834 15835 15836 15837 15838 15839 15840 15841 15843 15844 15845 20651 20652 20653 20654 20655 21504 21508 21514 21519 21498 21518 21496 21521 19879 21493 21520 21490 21494 11125 21491 11126 11128 11139 11130 11133 11136 24586 17397 24580 21458 24603 17410 17411 27952 11418 23265 11427 23268 13394 27872 18500 26573 26570 8797 14213 14212 12329 15648 12330 15646 15652 15654 15659 15647 15651 15653 15663 15664 6468 15658 6467 6469 6470 9816 2388 6473 9817 2389 6472 6471 7762 15669 18623 16280 19940 15154 22735 22734 10130 18588 28604 28611 12101 19942 7055 4210 17850 27831 15645 22727 22729 22728 18547 24784 24787 24790 24799 24801 17498 17507 21551 21528 23475 17328 17333 17310 14400 14416 3621 3624 28047 11806 16826 8771 11822 11821 16828 22403 11504 16859 16834 20847 20848 20849 20850 18859 18863 28880 28517 20872 7286 28824 28653 28869 25809 12630 3622 3623 13422 10599 10600 19972 19974 19975 6939 6935 6940 6944 6936 6945 6943 17879 6942 17881 17878 8348 8347 8360 8354 8355 8353 8349 8352 8359 8356 8358 12387 12388 12389 12391 12390 12392 12393 12400 12512 7680 9893 9899 11102 11104 11105 11111 11115 11352 12395 12396 12397 12398 12399 12401 12402 12404 12461 12462 12463 12464 12465 12511 12513 12514 12515 12519 12520 17977 7669 7677 7681 7682 7666 7673 7674 11098 11353 7188 9887 6562 7189 6561 6558 7280 11354 11360 7276 12517 12518 12521 5777 12466 15254 17978 19061 5778 5780 5782 5783 5784 11113 12467 11108 11114 11116 12468 11109 17984 17979 9895 9888 9898 9889 12469 12406 15255 17982 12405 12407 7679 11112 19976 21238 21239 21240 25221 25222 23515 23516 10696 16871 20887 20889 11544 15394 15393 11092 4926 5516 19062 26066 17875 17882 23240 13660 19756 19757 16950 9209 15250 18505 11552 11553 11554 11555 13409 10181 15249 19900 19901 19902 10483 10482 10484 13775 8297 8301 11165 11567 11162 11164 11166 11160 11161 9415 11557 11569 11960 11961 13413 13410 21482 20446 17407 17408 24584 17528 23134 17262 10462 16000 17260 17263 16001 16009 16010 17261 11003 5230 12448 5878 19634 19632 19631 17519 5360 17283 17285 4899 19633 25730 27091 25721 25729 25731 13252 25719 25720 3771 4542 5116 5120 6252 13250 13251 13254 13255 25718 25728 25726 12372 12373 18955 21968 25724 12370 12371 21971 18208 27090 15737 21939 21940 25161 15742 22998 15741 13253 4543 5117 6255 5714 11624 12196 12785 15773 5713 11621 12191 12777 11617 11618 12164 12187 12771 16452 19814 19828 20522 20523 20524 20525 12171 12172 12181 12188 16455 19818 19835 22010 22994 22995 22996 22997 12170 12182 15751 15757 15762 15765 15767 12169 12177 12776 15756 15761 15766 12176 12775 17347 17354 12780 17353 12781 15759 16474 17348 22909 15755 15763 15752 15754 25306 16458 15760 15764 15771 22899 22900 15384 16472 19825 22901 22902 12168 15385 7092 22910 7091 17349 22935 17352 12773 17350 17351 22907 22919 22928 22929 22930 22931 22932 22933 22903 22904 22906 16461 22003 22905 22916 22922 22923 22924 22925 22936 22937 22939 22942 22943 22944 23043 23542 24846 24850 24851 24852 24854 24857 24878 26545 26778 16460 16464 22014 24845 24847 24848 25840 25818 25841 25847 25848 26777 25821 25824 25827 26788 25822 26783 25823 25825 25829 28386 6401 6404 9981 9987 11277 11278 11279 11280 13327 13338 13340 14485 14488 14493 14495 16239 16240 16241 16984 16986 18129 18165 20208 20209 20210 20211 20212 20213 20220 20221 20223 21260 21267 21307 22681 23785 23799 23800 23813 23814 24668 24673 24676 24861 24972 25015 25419 25812 25813 25814 25815 25816 25817 25820 25826 25828 25830 25831 25832 25834 25835 25838 25839 25846 25863 25864 25867 25878 25891 25892 25895 25901 25919 25920 25923 25933 27121 27127 27134 27138 27139 27144 27161 27162 27172 27173 27174 27381 27407 28223 28228 28233 28238 28250 28251 28273 28278 28283 28290 28295 28300 28302 28303 28388 28496 28500 28503 28575 28577 28578 28579 28582 28589 28593 28596 28707 28985 28991 29023 29063 6398 6402 6403 6405 6406 6407 8320 8413 9982 14586 16250 17582 18127 18135 18144 20232 20324 20337 24332 27182 27184 27341 27371 27373 27601 27602 29030 6399 6400 8314 8491 9973 9974 9975 9977 13320 14590 16255 20219 20336 21251 26110 26113 27335 27336 27377 27382 27395 27396 28490 28591 28592 28645 28646 29027 6394 14496 16125 16245 16247 16254 6393 7784 7782 7783 7785 7786 7791 10020 20480 24189 24191 27348 27349 27352 7795 10021 10022 20199 20200 20374 20482 24181 24184 27334 27346 10035 10036 14466 14467 14468 14469 14470 14473 14474 14475 10023 10024 10025 10026 10027 10028 10029 10030 10031 10032 10033 10034 14476 14477 14478 14479 14482 14483 14484 14486 14487 14489 14490 14491 14492 15628 15633 15634 15635 15636 15640 15641 15642 15643 15778 15786 15794 17586 17587 17591 17592 20386 20484 20487 24183 28493 5831 13205 15785 15792 20205 20373 20375 22949 22953 22954 22979 5834 8490 9878 9976 13152 13156 13157 13158 13193 13194 13206 13207 13210 13213 13214 14480 16104 16246 17063 20216 21245 23721 27383 28491 28492 28494 28501 28931 28942 8492 8493 8494 8496 8501 9978 13322 14591 20218 20334 27378 28640 8497 21302 24335 24337 27624 29025 21252 18159 21246 21256 27185 18132 18134 18136 18137 18150 18152 18158 18160 18171 18178 18181 9881 9983 9991 11273 11275 11276 11283 11288 13196 13330 13339 13341 14568 14569 14575 14974 14979 14981 14982 14986 14988 14989 14991 14997 16262 16976 18028 18030 18052 18056 18060 18065 18067 18077 18126 18130 18133 18138 18147 18167 18172 18179 18182 18183 18185 18186 19173 19179 19187 19199 19205 19293 19294 19297 19372 19373 19376 20333 22691 22692 23786 23794 24206 24207 24216 24224 24232 24233 24242 24250 24305 24333 24674 24675 24677 24678 24929 24947 24950 24955 24956 24977 24989 24992 24993 24996 24998 25018 25021 25023 25024 25032 25115 25116 25117 25120 25121 25135 25149 25858 25873 25898 25899 25910 25931 25956 25957 25962 25999 26011 26013 26179 27375 27376 27408 27604 28149 28150 28151 28152 28153 28154 28155 28158 28159 28160 28161 28162 28163 28164 28165 28168 28171 28174 28253 28261 28276 28277 28286 28287 28289 28299 28311 28393 28502 28504 28505 28705 28706 28708 28709 29032 8328 9879 9880 9882 9986 9988 9989 9990 9994 11284 14033 14584 16238 16985 20338 20360 24346 25150 26189 27603 8327 5296 8324 14494 22690 27384 5294 8316 8322 8326 15627 22678 26111 26123 27337 27338 28584 8317 26120 27339 27340 8315 20204 20193 27330 28573 15629 22956 24185 27347 15630 20207 22693 22680 20201 22955 22959 22962 22966 22958 15724 22952 22960 22961 22963 22964 27188 28685 11654 14041 14042 14043 14046 14049 14062 14063 14073 14074 14080 14081 15233 15705 15706 15707 15708 15709 15710 15716 15718 15721 15725 15727 19079 19097 19106 19107 19108 19109 19110 19111 11660 14051 14055 14068 14044 14047 14050 14053 14065 14066 14070 14071 14077 14078 15237 19096 19098 19099 19100 27605 5274 5636 14040 14045 14048 14075 14076 15248 15715 15717 19092 19094 19095 19413 19584 19601 23488 23875 24687 24691 24692 24693 25646 25647 25653 27496 5273 5275 5635 5637 15243 23873 25273 27495 27497 27498 27499 15242 15226 23872 25272 27500 27501 27502 27503 23863 25263 26396 26397 26398 26316 23375 23998 26277 26278 26282 26283 26284 26285 26291 26292 26293 26299 26300 26304 26313 26314 26315 26317 26318 26320 26389 26391 27518 27519 27525 27538 28758 28765 7318 11373 11374 11375 11376 11377 11378 11380 11383 11387 11390 11391 11393 11396 11408 16012 16066 16067 16069 16070 16071 16073 16074 16075 16077 16078 16079 16080 16086 16087 16088 16089 16091 16092 16093 16097 16098 16100 16283 16284 16285 16287 17772 18085 19038 19039 19040 19042 19043 19044 19048 20821 21405 21406 21410 21411 21412 21668 21669 21677 21678 21679 21682 21683 21684 21685 21686 21687 21695 21696 21697 21698 21699 21700 21707 21708 21709 21710 21711 21712 21722 21723 21724 22279 22280 22281 22282 22283 22535 22537 22538 22540 22541 22542 22543 22544 22545 22546 22547 22549 22552 22553 22554 22555 22556 22557 22558 22559 22560 22561 22562 22563 22564 22565 22566 22567 22568 22569 22570 22571 22572 22573 22574 22575 22576 23376 23377 23378 23385 23388 23390 23391 23396 23398 23399 23401 23402 23403 23404 23412 23415 23416 23419 23424 23429 23437 23438 23815 23818 23820 23821 23826 23827 23828 23830 23831 23832 23833 23919 23952 23953 23954 23955 23956 23957 23958 23959 23961 23962 23963 23964 23965 23966 23968 23969 23970 23974 23975 23976 23978 23979 23980 23982 23983 23984 23985 24021 24704 24705 24707 24708 24715 24718 24728 24731 25440 25451 25452 25453 25460 25461 25462 25463 25470 25471 25472 25473 25474 25475 25488 25489 25490 25491 25492 25493 25506 25507 25537 25538 25551 25552 25553 25560 25561 25562 25563 25569 25570 25571 25572 25573 25574 25588 25589 25590 25591 25592 25593 25603 25604 25605 25742 25743 25749 25750 25753 25757 25759 25761 25763 25764 25765 25766 25767 25769 25772 25783 25784 25785 25786 25788 25790 25791 26279 26280 26281 26301 26308 26319 26351 26382 26417 26418 26700 26702 27274 27276 27279 27281 27282 27283 27285 27287 27290 27520 27523 27526 27529 27539 27541 27552 27742 27743 27883 27889 27890 27891 27892 27894 27895 28034 28059 28063 28069 28070 28071 28072 28074 28075 28077 28083 28084 28085 28087 28088 28089 28090 28091 28092 28093 28094 28095 28096 28098 28099 28100 28101 28102 28103 28111 28112 28114 28360 28361 28362 28364 28365 28366 28367 28368 28369 28375 28628 28632 28633 28634 28636 28666 28667 28697 28753 28754 28755 28756 28757 28759 28760 28761 28762 28763 28766 28840 28841 28842 28843 28844 28845 28846 28847 28848 28850 28911 28916 28917 7319 7320 25174 25178 25179 25182 25185 25188 25192 25194 25198 25199 25206 25210 25214 11381 11384 11389 11406 15957 16082 17767 17773 17780 17781 17782 17783 17789 17827 17828 19392 19420 19421 19422 19429 19457 19458 19459 19460 19463 19464 19465 19468 19476 19478 19485 19568 19569 19570 19572 19590 20589 21339 21340 21341 21360 21379 21384 21385 21386 21395 21396 21397 21663 21673 22053 22065 22069 22070 22071 22072 22103 22108 22109 22110 22125 22126 22127 22128 22129 22130 22131 22132 22133 22139 22140 22141 22142 22144 22145 22146 22147 22148 22149 22150 22151 22152 22153 22154 22155 22156 22157 22158 22159 22160 22161 22162 22163 22164 22165 22166 22167 22168 22169 22170 22171 22172 22173 22174 22189 22536 22539 22550 23439 23442 23446 23448 23449 23451 23456 23460 23462 23986 24015 24016 24017 24018 25163 25175 25176 25177 25180 25183 25186 25189 25190 25195 25196 25204 25437 25438 25442 25444 25445 25446 25447 25448 25449 25450 25456 25457 25467 25468 25469 25477 25487 25498 25499 25500 25501 25520 25521 25523 25525 25526 25527 25528 25541 25544 25545 25547 25548 25550 25567 25597 25741 25744 25745 25746 25748 25756 25758 25760 25762 25768 25792 25793 26227 26235 26236 26237 26238 26239 26240 26241 26242 26243 26244 26245 26246 26247 26404 26410 26687 26688 26689 26690 26691 26956 27057 27273 27275 27277 27278 27280 27284 27286 27289 27295 27527 27528 27530 27531 27687 27691 27692 27693 27694 27695 27696 27697 27698 27699 27700 27701 27702 27715 27716 27717 27718 27719 27731 27732 27733 27734 27736 27737 27738 27739 27740 27741 27744 27745 27746 27747 27748 27749 27750 27753 27756 27896 28036 28039 28698 28703 11379 11382 11385 11394 11395 11397 11404 11405 11407 16018 19591 20737 20744 20746 20764 20784 20825 21726 21727 21728 22551 23392 23836 23920 23921 23922 23923 23924 23926 23930 23931 23932 23933 23936 23940 23941 23942 23943 23944 23946 23960 23967 23971 23972 23973 23977 23981 23992 23993 23994 23996 23999 24000 24001 24002 24003 24004 24005 24006 24007 24008 24009 24010 24011 24019 24020 24022 24023 24419 24420 25476 25568 25770 25773 26096 26097 27291 27292 27540 27773 27785 28061 28107 28110 28129 28912 28966 11386 11388 11392 11398 11690 11691 11692 11693 22210 22248 22249 22250 22251 22252 22253 22254 22255 22256 22257 22258 22259 22260 22261 22262 22263 22264 22265 22266 22267 22268 22269 22270 22271 22272 22278 23389 25439 25459 25502 25503 25504 25505 26094 26264 26265 26266 26267 26268 26269 26270 26271 26272 26273 26274 26275 26276 9795 11676 11677 11696 11697 11698 11699 11707 15935 15936 20799 20807 20809 21373 21403 21666 22049 22106 22107 22114 22117 22118 22119 22120 22121 22122 22123 22124 22137 22182 22209 22211 22212 22213 22224 22230 22233 22238 22276 22287 22290 22291 22292 22293 22294 22295 22296 22297 22364 22370 25495 25496 25497 25508 25509 25513 25522 25524 25535 25549 25576 25601 25771 25775 26225 26229 26230 26231 26232 26233 26234 26255 26289 26294 26295 26296 26297 26298 26381 27294 27296 27307 27308 27309 27310 27311 27314 27315 27316 27317 27319 27729 27812 7567 9793 9794 9796 9797 9798 9800 9801 9802 15930 15939 15954 16605 20797 20798 20801 20805 20806 20808 21375 22222 22223 22284 22285 22286 22288 22289 23835 26286 26287 26288 26290 7563 15942 21381 22047 22048 22066 22067 22068 26913 26916 26919 26922 26925 27288 15966 22043 22044 22045 22180 22181 26695 26909 26912 26915 26918 26921 26924 26928 26931 26934 26977 26980 15963 26717 26721 26892 26895 26898 26901 26904 26907 9805 15938 15949 15951 15953 15955 15956 15960 15961 15962 16607 16620 18976 18978 18980 20717 20718 20719 20720 20725 20730 20735 20748 20749 20750 20751 20752 20757 20760 20762 20792 20793 20794 20795 20796 20800 20802 20803 21422 21426 25780 25782 26716 26720 27297 27298 27299 27300 27301 27302 27303 27304 27305 27306 27313 27764 27765 28043 28057 28058 9799 15933 15948 15950 20775 20776 20777 20778 20779 20780 20781 20813 20814 20816 20818 27720 27721 27722 27725 27726 27727 28079 28081 28105 28108 5046 11688 15931 15932 15934 15940 16603 20754 20755 20756 20758 20772 20774 20815 20817 22236 22237 22239 22240 22243 22244 22245 22246 22247 26253 26254 26256 26259 26260 26261 26262 26263 28106 11671 11685 11686 11687 11689 11694 11695 11700 11701 11702 11703 11712 20763 20782 20783 20786 20788 20789 22234 22235 22241 22242 23995 26252 26257 26258 26697 26698 27792 27797 27808 28032 28121 28122 28127 11672 11673 11674 11675 11680 11681 11682 11704 13017 21376 21670 22080 22081 22082 22083 22084 22085 22086 22087 22088 22089 22090 22091 22092 22093 22094 22095 22096 22097 22098 22099 22100 22101 22102 22104 22105 22111 22112 22113 22115 22116 22343 22356 22357 22358 22359 22360 22369 24424 24426 24430 25443 25454 25465 25494 25518 25519 25529 25542 25543 25546 25554 25559 25564 25594 26212 26213 26214 26215 26216 26217 26218 26219 26220 26221 26222 26223 26224 26226 26228 26365 26407 26684 26685 26686 26692 26704 26954 26966 26968 26972 27703 27704 27705 27706 27707 27708 27709 27710 27711 27712 27713 27714 27723 27724 27728 27730 27735 27751 27752 27754 27755 27777 27778 27779 27781 27782 27783 27793 27794 27795 27796 27798 27806 27809 27810 28123 28125 28128 11679 11683 11705 11706 21656 21657 21671 21672 21674 21681 21690 21713 22177 22178 22179 22225 22344 22345 22346 22347 25455 25466 25478 25512 25530 25536 25555 25565 25566 25575 25578 25595 25596 25598 25606 11678 11684 11709 11710 11711 20731 20732 20733 21658 21662 21675 22183 25515 25532 25557 25599 25754 25774 25776 15952 20721 20722 20723 20724 21369 21371 21391 25747 25752 26384 18984 18986 18988 20738 23927 25540 25587 25734 25738 25755 26368 26369 26372 26373 26374 26375 27766 27767 27774 27775 28038 28060 28062 28073 28076 28363 28370 28371 28372 28373 16617 18974 18977 18979 18981 18982 18983 18985 18987 18989 18990 19011 19029 19032 19034 19035 19037 21368 21390 21419 25638 25737 26390 26714 27763 27893 28041 28055 28056 28067 16616 16612 21418 26713 27762 15946 26707 27769 27771 27772 28064 22353 25736 26321 26322 26323 26324 26334 26335 26336 26337 26338 26339 26345 26346 26362 26429 26706 26708 26715 27768 27770 27791 27802 27803 28065 28066 28068 21738 22175 22227 22228 22229 22231 22232 22352 22354 22355 22361 22362 22363 22365 22366 22367 22368 25166 26718 26719 26891 26897 26903 20770 21664 21665 21691 21692 21694 21701 21702 21703 21714 21715 21717 21718 21719 21720 21730 21734 21735 21736 21737 21739 21740 21741 21742 21743 21746 21748 21749 21750 22226 22348 22349 26425 26938 26944 27312 27780 27790 27799 28131 28134 20727 20729 20734 20759 20761 20767 20768 20769 20771 20773 20790 7647 8452 10543 10556 11893 11894 14871 14882 16114 20726 20728 20740 20742 20743 20745 20747 20766 20791 20804 20811 20823 20824 20828 20829 21693 21704 21705 21706 21745 25581 25584 25781 7645 7646 7648 7649 7651 7652 7657 8453 8454 14880 14881 14883 17815 21214 21659 21660 21676 21680 21716 21721 21725 21729 21732 25577 25579 14870 14885 14887 14888 14895 14897 10542 14872 14873 14874 14877 25479 25480 25482 25483 25484 25486 25607 26939 26958 26959 10555 14878 14884 25608 25609 25610 25611 25612 25613 25614 14876 14896 25084 25779 26899 26900 26902 26945 14875 14879 14886 26942 26943 26948 21353 26710 26936 26947 26949 28854 21337 21345 21347 21351 19470 21332 21333 21334 21336 23436 13038 13040 19416 19424 19425 19426 19427 19428 19430 19431 19433 19435 19436 19437 19438 19439 19440 19441 19442 19443 19449 19450 19453 19456 19461 19462 19466 19467 19469 19471 19472 19473 19474 19475 19477 19479 19484 19488 19586 19596 21338 21342 21343 21344 21359 21361 23464 13021 13031 13033 13036 13039 19401 19404 19406 19408 19423 19448 19451 19452 19454 19455 19603 19615 13016 13018 13019 13020 13022 13023 13029 21370 21378 22062 22063 22064 26694 26927 27688 27689 27690 13013 13014 13015 13027 13035 20596 20598 20600 20611 20612 20623 20624 20626 20627 20628 20630 20632 7131 13024 20576 20577 20578 20579 20581 20582 20583 20584 20604 20605 20613 7128 13288 20642 13284 13286 13289 13305 13314 13315 20636 13282 20638 9382 13285 13294 13299 13300 13304 13307 13310 13311 15597 26889 26910 26920 26923 26937 26950 26961 26963 26978 26981 9376 9383 9378 9380 5792 9375 9379 9435 11309 11313 11314 11316 11319 11321 11324 11327 5793 5794 9374 9381 9425 5795 7209 7210 9424 9436 11317 9433 15603 9426 9432 9434 15585 9427 9428 9429 25162 27055 9430 25164 25165 9431 9437 27815 28406 21415 21417 21377 21414 21423 26709 27816 27817 21380 21382 21383 21387 21389 21400 22050 22051 22052 22054 22055 22056 22057 26403 26405 26409 26420 27683 27684 27685 27686 27818 27819 27821 21372 21374 21392 21393 21402 21404 22046 22058 22059 22060 22176 22207 22208 22218 22219 22220 26930 26960 26976 27776 27786 13030 20753 21408 22372 26302 26303 26305 26310 26312 26371 26383 26392 13026 13028 13032 20606 20607 20615 20616 20617 20618 20637 22214 22215 22216 22304 22305 22306 22307 22308 21407 26703 27045 27047 27049 27053 27054 21401 21427 26414 26914 26917 26926 27046 27048 27051 27052 27058 8166 15929 17762 17763 17764 17765 17766 17768 17769 17770 17771 17774 17775 17776 17812 17813 21416 22221 26079 26412 26699 26955 26967 26969 26971 26973 26975 27804 27805 27807 27811 27884 27885 27886 27887 28033 28035 28116 28118 28130 8164 17777 17778 17779 17784 17785 17786 17806 17807 17808 17809 17810 17814 17823 17824 17787 17788 17790 17791 17792 17795 17825 17826 17831 17832 17796 17803 17829 17830 17833 17834 22073 13504 17793 17794 17800 17802 17804 17837 17838 22074 22075 22078 7014 7016 7684 8169 8171 9532 9535 9937 13501 13502 13503 13505 13507 13514 17797 17798 17799 17801 17805 17839 17840 21182 21186 21187 21189 21191 4780 7011 7012 7013 7015 7017 21193 4781 4782 7018 9531 9534 9536 9537 9539 9544 21212 6998 11231 11232 11233 11234 6999 8213 9545 11229 11230 11235 11963 13753 13757 13765 13768 13769 13773 15878 16062 16374 17012 18835 18837 18841 18842 18843 18844 18845 18846 18847 18848 18850 18899 18993 19041 19128 19153 19635 19636 19637 19638 19643 19649 19650 19651 19655 19656 19657 19658 19660 19661 19664 19682 19683 19684 19685 19690 19710 20082 20084 20092 20094 20132 21222 21223 22414 22415 22432 22442 22443 22488 22520 22528 23295 23297 23625 23626 23627 23629 23630 23819 23829 25342 25343 25350 25366 25380 25383 25392 25393 26140 26142 26148 26594 26595 26598 26599 26600 26602 26603 26610 26611 26985 26986 26987 27585 27591 27596 27939 27944 27945 28439 14515 17031 18834 18836 19139 19160 20067 20073 20093 22416 22418 22420 22421 22428 22430 22433 22434 22435 22448 22462 22463 22490 22494 22495 22522 22524 22526 22529 22530 25354 26604 26606 7134 9440 9441 9442 12650 12652 14499 14501 14506 14508 14509 14510 14511 14512 14513 14514 14516 14517 14518 16359 17170 18814 18815 18816 18817 18818 18819 18831 18832 18833 19125 19135 19136 19137 19140 19142 19145 19156 19157 19158 19161 19162 19164 19692 19694 20063 20064 20065 20068 20069 20070 20071 20074 20075 20077 20079 20128 20130 20139 20140 20143 20144 22417 22419 22422 22423 22425 22427 22429 22431 22436 22437 22439 22441 22444 22446 22449 22453 22468 22469 22470 22471 22484 22486 22491 22500 22501 22502 22503 22516 22518 22523 22525 22527 22531 22532 22533 25062 26605 26607 26988 7132 7133 7135 7136 7137 7138 14502 14504 16360 20933 7704 9446 12651 12653 12655 12657 16354 16355 16356 16358 16361 16362 16363 17172 17174 19124 19126 19144 19150 19647 19659 19698 19700 19718 19719 20085 20086 20087 20088 20089 20090 20091 20119 20120 20131 20162 20163 20173 20174 20175 20176 20177 20178 20179 20180 20181 20182 20931 20932 20934 27413 27420 27433 27434 27435 2976 7703 7705 25064 7706 20134 27421 11362 19129 19130 20051 20137 20138 20159 20160 20161 20183 20184 20185 20186 22492 22496 22497 22834 22845 22846 22851 22853 23686 25345 25367 25368 27414 27416 27417 27418 27423 27430 27436 27580 27581 27582 27938 28140 28141 28625 28714 28716 9780 11361 11363 11364 2991 5179 9785 23480 23697 6607 9782 22835 23487 23687 6606 20045 20046 20059 20060 20061 20062 22474 22480 22481 12654 19131 19133 19134 19138 19141 19143 19146 19147 19148 19149 19154 19159 19163 19165 19166 19167 20041 20042 20043 20044 20047 20048 20049 20050 20052 20053 20054 20055 20056 20057 20058 20066 20072 20076 20078 20080 20095 20096 20098 20100 20101 20102 20103 20104 20105 20106 20107 20108 20109 20110 20111 20112 20113 20114 20115 20116 20117 20118 20121 20122 20123 20124 20125 20126 20129 20135 20136 20141 20142 20145 20146 20147 20148 20149 20150 20151 20152 20153 20154 20155 20156 20157 20158 20164 20165 20166 20167 20168 20169 20171 20172 20247 22424 22426 22438 22440 22450 22451 22452 22454 22457 22460 22461 22464 22465 22466 22467 22472 22473 22475 22476 22477 22478 22479 22482 22483 22489 22493 22498 22499 22504 22505 22506 22507 22508 22509 22512 22513 22514 22515 23285 23613 23621 23694 23701 26144 12641 12642 12646 12647 12656 12658 12659 14500 19132 19155 19693 19697 20097 20099 20127 20170 22455 22456 25063 25349 25355 25356 25357 25364 26608 26609 27568 12640 12643 18820 18821 19127 19152 19652 20081 20083 20133 25348 25351 25358 25363 25365 12648 12644 16392 10234 12645 12649 16387 16391 2947 3537 3926 10235 16388 16393 17169 16381 16382 16385 16383 17176 27583 27584 23286 16394 23482 23484 9781 13800 13804 19681 22447 23483 23485 23594 23600 23689 23691 25369 25370 9783 4663 9773 9784 22445 6838 9758 9772 23477 25386 25387 25388 25389 6837 6841 20012 20013 20014 20015 22841 9761 13795 13796 13801 19640 19671 19674 19677 19678 19679 19686 19687 19689 19703 20946 22485 22487 22510 22511 22517 22519 22828 22830 22832 22836 22837 22842 22843 22844 23602 23603 23604 23605 23636 23637 23640 25040 25372 25382 9762 9763 23601 13802 19641 19642 19653 19688 19708 19709 20936 22521 23592 23593 23595 23606 23634 23635 25344 13797 13803 23632 23633 13794 13793 13799 5104 13798 22849 23611 23619 23622 23628 23638 22825 22826 22829 22831 22833 22854 23612 19639 19662 19663 19665 22827 23596 23598 23607 23610 23615 23618 23624 25352 25359 25360 26612 18825 18826 18828 18830 18849 19644 19645 19646 19648 19654 19666 19691 19695 19696 19699 19701 19702 19704 19705 19706 19711 19714 19716 23588 23589 23590 23591 23597 23599 23608 23616 23617 23631 25038 25041 25042 25045 25346 25347 25361 25362 18822 18823 18824 18827 18829 18838 18839 18840 19707 19715 19669 19672 19675 19712 19713 22459 25371 19668 19670 23639 25381 25384 25385 19673 19676 19717 23471 14503 19680 20937 27425 14505 14507 20938 27428 20929 20947 20944 23695 22838 23690 23698 27429 27426 28419 23688 26143 26146 13766 16371 17010 18889 23609 23614 23838 24712 25039 26596 26597 4721 13751 13754 13764 28443 13750 13752 22534 23304 20942 23290 23291 24722 23293 27571 27572 28438 28440 24710 24709 24711 24713 16369 18852 16370 16375 18851 23825 23817 23822 23816 23824 23834 18907 27579 28896 18906 18902 18905 18895 18900 18901 26099 18894 18897 18896 20736 20739 18904 18903 17376 18914 17374 17378 18913 16017 20741 20765 20785 20820 20826 25733 16019 16020 16021 16023 16025 16024 16083 16095 19033 27293 27542 16022 23947 28080 16013 16034 16011 16014 23945 28078 28104 23925 23937 23938 23939 23948 23949 23950 23951 23991 25600 26325 26326 26328 26366 26388 26428 28082 28113 28115 23405 23915 23916 23917 23918 23987 23988 23989 25739 25751 25789 26250 26393 26433 23823 23990 26424 26426 11403 25787 26427 11400 25795 11401 25794 26419 25740 26249 26251 26408 21421 21425 21747 25735 25777 25778 25796 28701 28851 28852 28914 21429 21210 21399 21428 25082 25083 25085 21190 21200 21202 21204 21206 21208 21209 21183 21184 21185 21188 21192 9540 9541 9543 15874 18992 19001 19019 21195 21199 21201 21216 21225 21235 21236 25095 25101 25103 25104 9533 9538 19018 9542 19000 21215 8955 9546 9550 21211 21213 21220 21227 21230 21233 25193 25200 25205 25207 25485 25602 26106 8949 8953 8954 8948 8947 8952 25464 8950 8951 8956 16148 22190 22200 25458 8957 16149 22191 22201 25533 25534 8958 8962 16112 16115 16137 16110 16111 16113 22196 16108 16109 16136 26090 16135 26084 16119 16130 16133 16134 16145 21346 25168 27041 27042 27043 16118 16121 16123 16120 16122 16124 16138 16242 16139 16140 16243 16244 28109 19573 19614 23997 24428 26364 26367 27548 27787 28037 28086 28120 28702 28965 9562 16129 19393 19394 19395 19407 19571 19574 19575 19595 19606 19609 19616 19617 19618 24431 24729 25191 25197 25201 25202 25517 26379 26385 26386 26387 16131 16141 22187 16146 22184 22185 22186 20608 20609 22061 22077 22134 22143 22188 22192 22193 22194 22195 22197 22198 22199 22202 22273 22274 22275 22277 22299 22309 25167 25169 25208 26893 27050 20610 25481 27059 13313 20580 20614 27061 13306 13309 13303 13278 8455 13273 13277 13280 23457 8450 8458 8449 8451 23435 23450 8448 8459 27820 26421 26430 24028 26406 26413 26422 26431 27060 27062 27788 27789 24026 24027 24029 24033 23440 23928 24030 24031 24032 28694 19004 23433 23441 23445 23463 19003 19005 19006 19007 19008 19027 23443 23444 19432 19593 24724 25089 7114 18228 19397 19398 19399 19402 19403 19434 19444 19445 19486 19577 19578 19579 19582 19588 19592 19594 19597 19599 21335 7115 7116 19447 7117 13037 7118 20619 20620 15555 15553 15563 4325 8647 15554 15560 15561 4326 4327 5437 15562 15564 5438 8896 8897 8898 8900 19480 20635 20643 20603 20634 20595 20594 13025 20597 20599 20601 20602 20629 20585 20586 20587 20588 26411 26415 22351 26248 26307 26309 26416 26423 22350 22371 25514 26306 26329 26358 26376 26377 28097 21661 25441 25510 25511 25516 26330 26331 26355 26356 26357 26359 26360 28126 11708 17818 21667 22138 25531 25556 25580 25583 28124 21689 21688 21744 25539 25558 25585 25586 26100 27056 21355 21731 25209 26086 26941 27044 28040 28696 28700 18975 21348 21350 21352 21356 21362 26888 19020 19028 19030 19036 26711 26722 18994 19021 19022 19024 21205 18995 18996 18998 18997 18999 19002 19010 25093 19023 19025 19026 19012 25099 19009 19013 19017 25091 25096 25097 25090 25092 25094 25100 22203 22204 22205 22206 17842 22076 22079 17841 21229 21226 21232 25098 21413 21388 15884 19049 15881 8214 27594 17835 17836 7683 17821 24013 17820 17822 23929 24012 24014 23458 24730 28962 23461 24732 27573 18221 24717 8194 18218 18220 8193 5152 8190 8191 8192 8196 18215 18216 18217 18219 18222 18223 18224 19396 19400 19410 19411 19412 19414 19415 19417 19418 19419 19481 19482 19483 24681 24684 24689 24698 24701 5153 23877 25652 23876 24682 24685 24690 24694 24699 19581 19583 19585 21358 23869 23874 24688 25656 25658 8195 14039 19446 19576 19580 19587 19589 19598 19600 19602 19605 19611 20192 21357 25631 15700 15713 15701 15703 15711 15704 15712 25632 25635 23870 25634 25636 25640 25645 25650 25639 25644 25649 25660 23935 23934 25643 28374 19487 26370 26378 26380 28377 23452 24725 28376 23459 19031 25258 26342 26352 26353 26354 27536 15220 23331 23858 25254 25255 25256 25261 25262 26340 26341 26343 26344 26361 26363 15218 15219 15221 15225 15217 15223 15227 26332 26333 15222 15228 15229 23857 26327 15224 23860 25259 13265 23861 13258 13259 13260 13261 13262 13263 13264 13266 13267 26350 11927 23322 26347 11919 11923 11926 11928 11929 11920 11921 23332 23323 23327 11922 11924 23859 25257 26348 26349 23868 23867 28684 19115 22858 23866 25265 27351 28675 28676 28677 28678 28679 28680 28681 19083 19101 19102 19103 19112 19113 19114 19078 19084 19085 19087 27353 28920 28922 19080 19081 19090 19091 19089 19093 19104 27600 13218 28590 13192 13204 13215 13216 13190 13191 13195 13198 13199 13200 13202 19172 19178 19180 19204 20217 20227 20228 23788 23789 23790 23792 23793 23795 23796 23797 23802 23803 24669 25853 25854 25855 27159 27368 28414 28643 13197 13211 13326 13328 18770 19766 20288 23061 24147 24212 24213 24215 25877 25914 27123 27124 28166 28200 28221 28224 28249 28252 28256 28268 28400 28497 28744 28987 28988 13203 13666 13680 20289 22605 23045 24209 24214 24217 24219 24238 24239 25861 25868 25869 25874 25889 25906 25907 25911 27125 27128 27131 27142 28167 28169 28172 28222 28225 28226 28229 28231 28234 28263 28264 28267 28274 28284 28288 28986 28990 28993 21044 21093 21094 21099 21100 21104 21105 24257 24258 24259 25917 25924 25938 27135 27148 27149 27163 27167 27169 28175 28184 28236 28296 28391 28395 5539 5542 7775 7997 7998 8417 8421 8425 9455 11044 11045 11046 11047 11048 11049 11050 11051 11052 11053 11054 11056 11057 12526 12861 12863 12864 12865 12868 13059 13060 13061 13062 13063 13064 13065 13066 13067 13068 13069 13071 13073 13663 13667 13668 13669 13670 13671 13672 13673 13674 13678 13682 14278 14282 14283 14285 14294 14571 14572 14573 14579 14941 15795 15798 15800 15801 15802 15803 15805 15806 15807 15811 16263 16955 16957 16958 16959 16960 16962 16963 16964 16965 16966 16967 16968 16969 16970 16971 16972 16973 16974 16975 16977 16978 16979 16980 16981 16982 17617 17618 17620 17622 17625 18024 18037 18061 18062 18774 19168 19169 19182 19183 19190 19194 19195 19196 19197 19200 19201 19206 19207 19208 19209 19210 19211 19212 19213 19214 19215 19216 19217 19218 19219 19220 19221 19225 19227 19229 19231 19233 19234 19235 19236 19238 19239 19240 19241 19242 19243 19244 19245 19246 19247 19248 19250 19251 19252 19253 19254 19255 19256 19257 19258 19259 19260 19261 19262 19263 19264 19266 19267 19268 19269 19271 19272 19273 19274 19275 19276 19277 19278 19279 19280 19281 19283 19284 19285 19286 19287 19288 19289 19290 19291 19292 19295 19298 19299 19300 19301 19302 19303 19304 19305 19306 19307 19308 19309 19310 19311 19312 19313 19314 19315 19316 19317 19318 19319 19320 19321 19322 19323 19324 19326 19327 19329 19330 19331 19332 19333 19334 19335 19336 19337 19338 19339 19341 19342 19343 19346 19348 19349 19350 19352 19353 19354 19355 19356 19357 19358 19359 19360 19362 19363 19364 19366 19368 19369 19370 19371 19377 19378 19379 19380 19381 19382 19383 19384 19385 19386 19387 19388 19389 19390 19490 19493 19494 19495 19496 19497 19498 19500 19501 19502 19503 19504 19505 19507 19508 19512 19513 19514 19515 19516 19517 19518 19520 19526 19528 19529 19532 19533 19534 19535 19536 19538 19539 19543 19544 19545 19546 19547 19551 19556 19800 20028 20029 20278 20280 20283 20290 20314 20326 20328 20340 20341 20342 20343 20344 20345 20346 20347 20351 20352 20354 20356 20357 20358 20359 20950 20951 20952 20953 20954 20958 20959 20960 20961 20964 20965 20966 20967 20968 20969 20970 20971 20972 20973 20974 20976 20977 20978 20979 20980 20981 20982 20983 20987 20991 20993 20994 20995 20996 20997 20998 20999 21000 21001 21002 21003 21004 21005 21006 21007 21009 21010 21013 21014 21017 21018 21019 21021 21022 21024 21028 21029 21032 21036 21037 21038 21039 21040 21041 21042 21043 21045 21046 21047 21048 21049 21050 21051 21052 21053 21054 21055 21056 21057 21058 21059 21060 21061 21062 21063 21064 21065 21066 21067 21068 21069 21070 21071 21072 21073 21074 21075 21076 21077 21078 21079 21080 21081 21082 21083 21084 21086 21087 21088 21090 21092 21095 21096 21097 21098 21101 21102 21103 21106 21107 21108 21109 21110 21111 21112 21113 21114 21115 21116 21117 21118 21119 21120 21121 21122 21123 21124 21125 21126 21127 21128 21129 21130 21131 21132 21133 21134 21135 21136 21140 21141 21142 21143 21144 21145 21146 21147 21148 21149 21150 21151 21152 21153 21155 21160 21161 21162 21163 21164 21165 21166 21167 21168 21169 21170 21171 21172 21173 21174 21175 21176 21177 21178 21179 21181 22577 22578 22583 22584 22585 22587 22588 22592 22593 22594 22598 22601 22602 22603 22606 22607 22608 22609 22610 22614 22615 22616 22617 22618 22619 22620 22621 22622 22623 22624 22626 22629 22630 22632 22633 22634 22635 22636 22639 22641 22642 22643 22644 23177 23178 23184 23185 23186 23187 23190 23192 23194 23195 23196 23200 23201 23202 23203 23210 23220 23222 23235 23547 23552 23553 23554 23571 23574 23581 23582 23583 23735 23736 23742 23743 23744 23745 23746 23747 23751 23752 23755 23756 23757 23758 23759 23760 23761 23762 23763 23764 23765 23766 23767 23768 23769 23770 23771 23772 23774 23775 23776 23777 23778 23779 23780 24204 24205 24208 24210 24211 24218 24220 24221 24222 24223 24225 24226 24227 24228 24230 24231 24234 24235 24236 24237 24240 24241 24243 24244 24245 24246 24247 24248 24249 24251 24252 24253 24254 24255 24256 24260 24261 24262 24263 24264 24265 24266 24267 24268 24269 24270 24271 24272 24273 24274 24275 24276 24277 24278 24279 24280 24281 24282 24283 24284 24285 24286 24287 24289 24290 24292 24295 24296 24297 24298 24299 24300 24302 24303 24304 24306 24307 24308 24309 24310 24311 24312 24315 24316 24317 24318 24320 24321 24322 24905 24930 24932 24933 24934 24939 24940 24941 24942 24944 24949 24958 24961 24963 24964 24965 24966 24973 24978 24980 24982 24983 24984 24985 24986 24987 24995 24999 25000 25001 25002 25003 25006 25007 25008 25011 25012 25013 25016 25017 25019 25020 25025 25026 25027 25028 25029 25030 25031 25034 25036 25123 25124 25126 25127 25128 25129 25130 25134 25140 25144 25145 25146 25147 25151 25152 25153 25423 25849 25851 25852 25865 25870 25871 25872 25875 25882 25884 25885 25890 25893 25894 25896 25897 25902 25903 25904 25905 25908 25909 25912 25913 25915 25918 25921 25922 25925 25926 25927 25928 25929 25930 25932 25934 25935 25936 25937 25939 25940 25941 25942 25943 25944 25947 25948 25949 25950 25951 25952 25953 25955 25958 25959 25960 25961 25963 25966 25967 25968 25977 25991 25993 26002 26005 26007 26010 26014 26015 26016 26017 26018 26039 26046 26052 26053 26054 26152 26155 26159 26162 26166 26168 26169 26172 26173 26178 26180 26181 26182 26186 26188 26455 26456 26457 26458 26460 26461 26548 26624 26634 26635 26636 26637 26641 26654 26779 26785 26786 26789 26790 26791 26792 27122 27126 27129 27130 27132 27133 27136 27137 27140 27141 27143 27145 27146 27147 27150 27151 27152 27153 27154 27155 27156 27157 27158 27160 27164 27165 27166 27168 27170 27171 27175 27176 27178 27179 27180 27181 27259 27260 27261 27266 27363 27367 27405 27663 27664 27902 27906 27907 27908 27959 27960 27963 27966 27968 27969 27971 27975 27977 27978 27982 27986 27987 27988 27996 28003 28004 28005 28009 28010 28013 28015 28016 28017 28156 28157 28170 28173 28176 28177 28178 28179 28180 28181 28183 28185 28186 28187 28190 28191 28192 28193 28194 28195 28196 28197 28198 28201 28203 28204 28206 28207 28208 28209 28210 28211 28212 28213 28214 28215 28216 28218 28227 28230 28232 28235 28237 28240 28242 28243 28245 28246 28247 28248 28254 28258 28262 28265 28275 28281 28285 28291 28293 28294 28297 28298 28301 28305 28307 28308 28310 28312 28313 28314 28315 28316 28317 28323 28340 28345 28387 28389 28390 28392 28396 28397 28402 28404 28570 28572 28641 28642 28660 28710 28750 28814 28816 28819 28904 29018 29019 29064 29065 5540 11058 12860 13074 14296 15812 17599 19202 19203 19521 20350 21026 24291 25009 25879 25880 25887 25900 25946 26031 26043 28182 28199 28202 28205 28219 28220 28244 28279 28282 28304 19296 19552 21020 21025 21027 21033 21137 22595 22611 22627 22645 23560 23561 23562 23563 25010 25850 25857 25859 25866 25876 25881 25954 25965 25969 25974 25979 26000 26003 26006 26012 26024 26025 17610 18025 19223 19224 19226 19228 19232 19237 19249 19265 19270 19325 19328 19340 19344 19345 19347 19351 19361 19365 19367 19374 19375 19491 19530 20955 20986 20989 20992 22580 24928 24937 24943 24951 24952 24953 24957 24994 24997 25022 25113 25118 25119 25132 25139 25142 25856 25978 25988 25992 26008 26009 26022 26023 26160 26629 26630 27177 28394 7774 7777 7779 7991 7992 7993 7994 7995 9449 9450 9451 9452 9454 9456 9460 9461 12527 12528 12529 12531 12862 12866 12867 12869 12870 12871 12872 12873 12874 13661 13662 13664 13665 13683 13695 13697 16956 16961 17605 17606 17611 17612 17613 17614 17619 17621 17626 17627 20030 20348 20956 20957 20962 20963 20975 21008 21154 21159 22579 22581 22582 22586 22589 22590 22591 22597 22599 22604 22612 22613 22628 22631 22646 22913 22914 22915 22920 22941 23199 23543 23546 23549 23556 23557 23559 23565 23566 23567 23569 23570 23577 23579 23739 24856 25037 25114 27262 27263 27264 27265 27267 27268 27269 27654 27997 28257 28321 28661 28662 7776 7780 7781 7990 7996 9448 9453 9457 9458 9459 9462 23197 23198 24314 21011 21012 21030 21031 21089 23544 23551 19222 19230 20349 20984 20985 21015 21016 21023 21034 21035 21085 21091 21138 21139 21157 22640 23548 23550 23555 23558 23572 23584 24936 24968 8416 16409 16413 18022 18023 18032 19510 19525 19527 19541 19542 19548 19553 19554 20294 20296 20300 20308 20988 20990 21312 21314 21315 21317 21319 21320 21322 21323 21324 21326 23179 23191 24935 24938 24962 24974 24975 24976 26154 26157 26158 26164 26625 26642 26645 26651 26655 26657 27961 27962 27967 27970 27980 28188 28189 28217 28568 28571 8415 8418 8420 8423 8424 8426 7062 8419 8422 8427 8428 13864 15015 17456 17458 19506 19511 19537 19549 19555 19558 24931 7058 7060 7061 7068 13820 13857 13862 15008 15013 17450 17457 18011 18012 19531 19550 26167 7059 7063 7064 7065 7066 7067 13814 13815 13818 13821 13827 13828 13829 13839 13851 13852 13855 13858 13866 13867 13868 13878 15002 15003 15006 15009 15017 15018 15019 15029 16402 16403 16404 16407 16408 16410 16411 16412 16414 16415 16416 16417 16418 16420 16421 17448 17547 20297 21318 21325 21327 13816 13817 13822 13853 13854 13859 15004 15005 15010 17446 17447 17452 17533 17534 17535 18004 18007 18008 25131 25137 26153 8410 9104 13819 13823 13824 13825 13826 13830 13831 13832 13833 13834 13835 13837 13838 13840 13843 13845 13846 13848 13849 13856 13860 13861 13863 13865 13870 13872 13873 14106 14115 14574 14588 14589 15007 15011 15012 15014 15016 15021 15023 15024 16397 16405 16430 16436 17057 17449 17451 17453 17454 17455 17459 17460 17554 18005 18009 18010 19519 20269 20281 20282 20332 21330 25122 25133 25138 25143 25148 25154 25155 26156 26163 26170 26174 26177 26658 27965 27974 8403 8404 8405 8406 8407 8408 8409 8411 8412 9098 9100 9103 9105 9106 13841 13842 13844 13847 13850 13869 13879 13880 13881 13882 13884 13885 13886 13887 13888 14095 14107 14114 14116 14117 15020 15030 15031 15032 15033 15035 15036 15037 15038 15039 16419 16422 16424 16425 16426 16429 16431 16435 17463 17464 17465 17466 17467 17469 20287 20298 20304 27641 27648 8402 16428 20274 20277 23808 19189 20267 20268 20270 20271 20272 20273 20276 20286 20292 21303 13317 13323 19181 19186 19191 19192 19198 20313 13318 15779 15791 15793 27362 27372 13321 15790 13324 13331 13334 19175 19188 20214 28495 28928 19171 19185 23801 24667 29024 13685 19170 19174 19176 19177 19184 19193 19557 20279 20284 20315 20327 20329 24988 25883 25995 26656 27364 28269 28271 28272 28409 28567 28569 28644 13681 13686 13688 13690 20291 28270 28327 28331 28332 28333 28337 28338 13679 13689 20224 24143 24144 28280 28410 13684 23782 23783 23784 13675 13676 23748 23749 13677 13687 22596 7999 12876 3756 12877 14295 18044 18063 27984 28007 3757 3758 24855 13693 13694 13696 15804 17623 20306 22921 23227 23545 24853 24858 24899 24900 24901 24906 25035 26055 26780 27660 27661 27662 27666 27964 28692 29020 26175 26176 27665 27668 14103 20301 20305 20331 24330 26171 26183 26185 26190 26652 26659 26660 27620 27630 27632 27636 27640 27642 27646 27649 27652 28014 28022 14088 14090 14092 14093 14096 14097 14100 14102 14104 14105 14112 14113 26799 27621 27628 27633 27637 27638 27639 27643 27973 14086 14087 17470 17603 17609 28348 27990 28349 21329 23206 23207 23208 23218 26621 26796 27979 27981 27983 27985 27989 27991 27992 28343 28383 21313 21331 13876 15027 17461 17542 17543 17545 18015 20295 20309 21316 21321 26620 26623 26633 26640 26648 13836 13871 13874 13875 13877 13883 15022 15026 15028 17041 17042 17043 17044 17048 17462 17468 18013 18016 26165 26631 26638 26639 26646 15025 15034 17045 17051 17054 17055 17056 16406 16398 16395 16399 17550 17553 17555 18006 18014 18020 14580 16396 27972 14581 26650 14578 20355 25989 25990 14577 19803 14582 14583 19789 19791 19792 19790 19796 19797 19801 19805 19809 20225 22600 23734 23740 23750 23753 27901 28309 28318 19806 22637 23729 23732 23741 26044 19807 22638 23730 23731 19798 22647 22648 20031 22625 24288 24319 26558 27925 28322 20027 20032 20039 26559 20024 20025 20026 12530 20022 23189 27400 28255 28306 28319 28320 28324 28671 4410 8693 12524 12525 25985 26472 26473 28019 28241 26030 28673 14288 23188 26032 28011 8266 13072 14276 14277 14279 14280 14281 14284 14286 14287 26038 8253 8264 8265 8252 26619 8258 8263 23224 23231 26036 23040 11043 13058 15797 23041 23046 23236 26549 26781 26782 11055 13070 14289 14291 15796 15808 23204 23226 23228 23230 23232 23233 23234 23237 23238 24294 14293 15810 18019 18031 18033 18034 18048 23193 23205 23219 23221 25141 26161 26644 14292 18073 23181 23182 26784 26787 26793 28344 28346 28403 23225 24150 26797 28006 23223 24151 17552 28398 17532 17539 17549 17551 14570 17536 17538 28341 17541 20293 17540 28330 17624 28329 23578 27976 23564 23573 23575 23576 23580 24971 25014 25125 25862 25888 25964 24969 25971 25972 26040 19523 21158 24967 24970 24979 24981 26459 26463 26464 19522 19524 19492 19540 19499 19509 21156 21180 25982 25984 25994 25997 26479 26480 27912 18153 18154 25986 25987 25996 26020 26470 27905 27910 27911 27915 18139 18143 18146 18149 18151 18155 18164 18166 18173 18174 18140 18161 18124 18156 18162 25983 25860 25886 25916 24990 25945 25998 19391 24945 24948 18027 25033 18026 18038 18041 18042 18054 18055 18064 18068 18069 18072 18074 18075 18076 19282 18021 18046 18050 18053 18058 18066 18071 18043 18035 18049 18057 18059 18036 18039 18040 28001 14576 18051 26184 26187 28000 28002 14585 14587 24331 27993 27994 27995 27998 27999 28008 24339 25157 8414 20275 24338 24342 20311 24336 24344 19767 19772 20215 28929 20376 10120 17058 20371 9967 9968 9980 10118 10122 10128 9865 9971 7637 9864 9868 5207 7636 5206 10117 9873 9872 9972 10125 9969 9979 9993 9992 17064 27369 9985 20230 28580 20226 26663 16983 26048 26058 26060 26061 14995 25981 14967 14992 14965 14966 14968 14970 14975 14976 14977 14978 25976 26047 26051 27401 14969 14971 14972 20321 14973 14980 14984 20320 20322 20325 8500 14985 14990 16265 20330 25136 27374 27387 27667 8499 29003 24880 27627 27917 28907 29002 22008 23054 24879 24883 24885 24890 24893 24897 22001 22004 22006 21997 22000 23048 27625 27644 28906 21992 13624 21993 26471 13610 13611 13613 13608 13609 26482 26483 28239 20339 20319 20323 28018 13614 13616 26462 26465 26474 28508 26547 21998 26045 26543 25975 14938 14940 14943 28506 28507 28509 20037 28905 15799 24612 15809 24611 24614 14290 24613 26037 26041 26049 26618 27903 24229 25416 27904 24293 24301 24313 23737 23738 26562 27913 27914 26004 27918 11285 22682 26001 26019 26021 11286 11281 25836 25433 28818 13336 13337 18772 18773 22013 23059 25421 25425 25428 25430 28745 13325 13329 13332 13333 13335 18768 18769 18771 28259 28266 28746 28747 28749 18780 18781 18782 27623 10922 13234 14098 14111 16334 18775 18776 18777 18778 18779 18793 23809 25311 27634 27657 28740 10920 10921 10927 14099 14109 10912 10924 10925 10926 16326 16327 16333 16335 18791 18792 19744 10914 16337 16328 9241 16330 16331 9240 16329 16332 23811 14110 23807 19736 19741 19745 28326 20035 28325 20033 13247 13235 9243 23773 28992 23754 29066 23733 26626 17047 20302 26627 26628 17049 17050 17052 20307 20299 20303 26466 27388 26050 27365 27389 27402 27366 21263 27403 27404 21247 21250 21262 16105 16237 21249 27385 27398 16107 27370 24863 22015 24865 24869 28930 27653 27919 28020 28021 19793 27916 27920 27922 27930 27909 28384 28385 28411 14108 28412 26661 28408 26059 26662 26800 24894 25409 26798 26806 8695 23049 24874 24881 24884 24888 24891 24895 8696 23052 24882 24889 24892 27626 27645 22927 22918 22934 22938 22946 24871 24872 26653 26622 26632 26643 26649 23042 23038 23044 23058 18787 18790 27655 23810 27629 25310 25312 25314 25316 25332 25336 22917 28742 27656 27659 16261 26193 16259 16257 16258 16260 16266 16264 17068 17075 28260 28405 28748 23781 28672 20040 22945 28510 22926 22676 22687 22688 24991 22685 22686 24946 28595 24954 23047 14987 24142 24141 24145 27270 14983 20335 24148 25973 16249 20229 14472 14471 14481 17062 20222 25266 15230 20388 25267 15231 15235 15232 15236 27613 27616 25268 27606 27609 27610 11658 20367 20391 20365 20366 20369 20387 20390 20395 28682 20370 20372 20396 22857 20397 20392 20394 17589 20393 22968 17588 23469 20385 20389 15245 20381 27350 28583 15239 15238 25269 27354 25271 27360 27355 27357 27344 20489 28587 22978 22975 22859 22856 20382 13963 24187 24190 24192 13956 13962 13964 13953 13955 23726 11750 13954 16675 11751 11758 13959 5757 11748 13533 13960 5755 5756 8652 10256 10447 14694 15351 15352 16488 17996 8651 8650 10254 14686 15343 15344 15345 15346 16480 8648 10253 14685 15340 15341 15342 16479 2658 7956 8649 9823 9824 9825 9826 10250 10251 10444 10905 11745 14681 14683 14707 14708 14709 14716 15299 15335 15339 16102 16477 20203 5454 5455 9831 14710 15336 15347 15348 15349 15350 5458 14687 16481 9904 9905 15338 10252 15337 20206 13125 20198 22951 14692 16486 17997 23494 14684 14691 16478 16485 21309 10255 11746 20202 21308 10261 14693 16487 21305 21311 10258 10259 11753 14701 14704 15631 15632 10257 10260 13149 13150 13151 9830 9828 9829 23725 8818 16106 8817 8820 8819 8822 8823 13159 11752 17584 10451 15781 21306 15782 15638 15780 14695 16489 20928 10906 9827 16491 16492 20481 20483 20486 20195 16678 16674 16676 16677 16679 24186 15777 16673 24182 15784 24188 23722 28581 17059 27386 28984 28012 16401 28339 16400 16427 16423 23209 28292 28817 27670 27669 28813 27651 27650 18018 18017 12118 18029 18176 18175 18169 18170 20353 19783 23051 23568 16433 17544 20312 20316 20317 16432 20310 20318 23229 17546 26192 26191 5541 8254 8244 8255 8256 8245 8246 8247 10565 10566 8257 14091 27923 27928 27929 27924 3967 19808 19802 28594 22684 9101 20285 9096 9097 9099 9102 7480 7478 7479 7481 26056 13691 3616 3617 14089 14101 27631 27647 22005 23050 28328 23798 29026 28499 28498 19740 27258 17600 19817 24959 24960 25004 25005 9001 4701 18142 19088 29006 28683 23862 26394 25633 26395 24680 24683 24686 24697 25651 25661 28913 28915 16081 16084 16094 24700 5150 16085 16090 22548 27524 16099 16096 27784 18102 18109 18111 18112 19047 26098 26101 26105 27801 18082 18090 18103 18104 18107 18083 18086 18100 18105 18101 18089 18106 10527 10528 10529 10530 10532 10531 10538 10537 10541 26933 26894 26906 26929 26932 26935 26951 26962 26979 26896 26908 26696 26905 26693 26957 13508 26080 13509 13510 13511 26940 26946 27814 25582 26085 26089 26103 16305 22303 26104 26107 9581 9590 16293 16302 16304 16310 9566 9567 9569 9570 9573 9579 9580 9586 9588 9589 9594 15111 9576 9585 9587 9591 9592 15108 9575 9593 9572 9577 9578 9574 16292 16290 16296 16300 16308 22298 16294 16298 16306 22135 22136 22300 22301 21409 22217 22302 22310 22311 21394 21424 26087 26088 5251 26095 5255 15109 26092 15101 15110 15100 24403 24421 26093 23379 26091 26102 23400 23397 24432 5047 15937 21733 24427 21219 24409 21198 21234 21196 21197 21207 24408 21203 11311 24400 24402 24404 24406 24410 24414 26970 11310 11312 11322 11323 11325 11330 15591 15592 11328 15586 11329 11331 11332 26974 15584 15602 15583 15598 15613 15611 15612 15616 11320 7658 15610 15601 15615 24418 28133 24422 24437 28119 26705 28042 28117 15943 16609 17816 16601 16604 17817 28132 28135 24434 17811 24412 24413 25086 27943 21221 10055 10058 10059 9568 9571 11344 11345 16286 16288 26108 27800 27813 26982 18110 18991 19046 25217 26701 27553 27547 25260 27537 15714 19604 24706 19607 19610 19613 19619 19612 20639 20640 20621 19405 20590 20622 20625 20631 19608 24719 24720 24721 24723 20591 20592 20593 7650 7655 7654 20633 24714 18226 18225 18231 18234 18235 18232 23465 27567 25648 25657 25659 8189 19409 24716 24734 25055 27577 25053 25052 25044 25046 25050 26989 17173 25057 17171 17175 17014 25043 17009 17032 26601 20246 25353 26992 20243 20244 26990 26991 26993 27592 27942 27941 27940 28142 23693 9748 27586 9749 9750 6309 9907 9908 17740 18453 17741 17742 18454 14861 18455 14862 13734 13729 13732 13735 13730 13733 22852 28143 28715 27415 23300 25102 29051 23299 23301 25112 23296 23303 23302 28937 28938 28936 28941 26122 26121 8447 23434 28629 21349 23432 20827 20787 20810 28695 8456 8457 8461 19045 28024 9804 15958 9808 15968 16624 20822 20812 20819 20830 15730 28355 15722 15728 28354 16147 14953 14958 25184 25187 25087 25105 28849 16033 21398 24737 27196 27198 23472 23468 16056 18888 16057 16061 11962 4185 18898 18910 22892 22458 16041 13167 13166 13169 13168 9447 13170 19667 16357 28897 23620 16040 16039 10236 13790 13791 18578 6835 9756 9769 18579 18580 18581 14498 11366 25398 23641 16068 21194 7687 13516 24102 5002 13293 26311 14893 14898 10561 15872 23065 23063 23064 23066 23067 23068 16618 27506 2825 6027 6026 6029 27554 27543 2156 8209 15873 14083 14064 14069 14079 14061 14054 14067 14072 14059 8323 26112 16987 4137 9877 13160 7794 16248 17583 25837 12778 12786 24356 18445 4550 10832 11625 12199 12787 19875 11483 21952 21955 11476 9045 27855 9036 9043 9047 9049 9052 9035 9037 9038 9041 9042 15687 15685 8705 11034 15689 15695 15699 15087 27856 13352 13353 27828 8615 11479 15088 8616 11478 11480 14609 
9: 1756 
10: 1864 3185 3809 4359 4368 6045 6588 7430 9285 10315 12230 12966 3810 2530 4361 4367 6054 6734 7429 9284 10316 10880 12229 12965 13914 13915 13916 13917 13918 3189 4371 9361 3191 3190 4533 6057 6267 6735 7428 10886 10944 12286 17183 17186 22742 22743 26081 26082 3289 4365 4531 7426 8060 10940 12283 4366 7427 10941 12038 7424 4375 4944 5023 7423 10935 12037 12039 2661 4373 4374 4943 5022 5915 10934 12035 12277 13535 13536 13537 4942 5021 5593 8058 9786 9787 9788 9789 5024 5025 6739 8057 10937 12279 17180 22753 22754 22755 5026 10569 10570 10572 10573 10574 9289 6873 9288 9363 6872 9362 
11: 2294 4588 5217 5218 5219 16218 25074 8011 8012 9482 16196 16213 16214 16215 16219 16220 16221 23885 8010 16211 16212 16216 16217 16222 23886 23887 23888 9485 9487 9483 9486 9488 9489 9492 23890 24160 25068 9481 24159 25065 25066 25067 25069 25070 25071 24157 24158 24161 24162 24163 16194 16195 16197 16198 16199 9491 9493 23889 18297 25076 7307 25078 25080 
12: 2341 2342 
13: 2386 
14: 2576 5492 10369 
15: 2627 2628 4439 8710 9318 10422 11019 12041 8711 9319 10423 11020 12048 12050 12052 12054 3881 4674 6847 8712 8713 8717 3879 3880 3876 6845 9953 3877 4440 6846 9320 10424 11021 12040 21975 21976 21977 9316 3862 4420 5544 6793 9315 9317 10420 11017 20513 21440 21441 21442 6792 10419 11016 18116 18118 10421 10427 11018 12047 12049 12051 12053 4442 4673 9321 11024 14519 14520 
16: 2759 
17: 2810 5708 6905 6913 7581 8389 10386 11371 5706 5707 5712 6903 6911 7579 8384 8386 8388 5705 5710 8383 12319 5709 6902 6910 7578 11641 12318 5711 6906 13102 6908 11367 6904 6909 6447 6912 7580 10385 11370 11372 6448 6907 11368 13103 
18: 2842 3448 4157 
19: 2927 3522 3525 4091 4094 
20: 2949 3309 5397 5950 5961 8589 9220 13447 17720 18419 18872 22405 5393 4263 5947 5956 6612 8578 8584 9214 13442 14192 3066 4261 4262 5955 5974 7324 8577 8580 8581 9213 9222 10221 10509 12788 13441 13449 14191 18421 5954 6923 7322 8576 9212 13440 14190 5957 5959 5958 6924 5960 6926 5898 8579 9219 9221 10508 10803 13446 13448 18418 18420 5976 6616 7327 8590 6611 6617 6618 6610 6609 6615 6925 6614 7323 7328 7330 7331 8593 13452 18424 8592 13451 10681 10804 18423 8587 9218 13445 18417 18871 5948 6928 5946 6927 10220 9215 13443 14196 9016 9011 9012 9013 9014 9015 3304 8585 9017 9216 
21: 2966 
22: 2969 6179 8091 8663 9997 10000 10002 10003 9996 9696 9995 9998 9999 
23: 3012 3013 11734 5533 11733 11735 
24: 3245 3246 5888 9162 9764 9765 17477 5889 9163 9766 3992 5890 5892 9171 10340 10345 10346 11904 11905 11906 11907 12429 12435 3991 3993 8523 9173 10339 10341 11902 11903 11910 5135 5891 9172 10348 11908 9167 9169 9165 9168 10344 12112 14448 9166 10343 10576 9170 10333 10585 8518 10337 10338 10579 10580 10581 8516 8519 10332 10347 10334 10335 10336 10578 10589 12107 17478 22761 12105 12106 12108 12110 17630 22772 22773 12109 9164 10342 12431 12427 15504 10591 15505 17479 23273 3994 22762 10577 11909 12434 4462 12436 12540 12437 10049 4775 4773 
25: 3614 3615 7608 7609 6119 6120 7607 
26: 3681 3685 4843 6587 7312 22872 22875 22878 3687 3688 7314 5368 5376 5490 5924 5931 7315 5367 5372 5489 5920 5927 6774 3836 5373 5374 6769 8049 16584 17302 3835 3839 6768 8048 5922 5929 13523 5921 5928 6776 
27: 4105 5693 6522 6523 4699 4697 4698 
28: 4173 4175 11778 4727 11779 
29: 4198 
30: 4212 
31: 4335 4336 7119 
32: 4345 
33: 4512 4514 5665 23898 4513 18295 4515 9948 6830 7489 6828 6825 6829 7487 6824 6864 6826 6827 6862 7485 7486 7488 9109 9947 9110 9111 9113 12218 13469 13486 9114 14135 14138 10870 15307 10874 15311 15303 7915 12213 12217 13462 13466 13478 13483 15305 7916 12215 13464 13480 12212 12214 10825 13461 13477 15302 25422 13463 7977 12828 13479 15304 12210 13459 13475 5663 6210 10859 11594 14640 
34: 4842 7311 9694 14308 14309 
35: 4956 9596 9597 9600 9601 14717 14718 14719 14720 
36: 5589 17594 
37: 5809 
38: 5843 
39: 5987 5988 16635 5991 16637 25668 27824 16654 
40: 5995 12981 16626 20538 
41: 6007 10518 10519 
42: 6047 6742 6869 8062 9359 12970 9291 10326 12236 14314 14315 14316 
43: 6154 6156 6158 12137 12139 12136 12138 12140 12135 11236 6503 7815 7816 10617 12141 6504 6506 6505 7821 7825 7812 7827 9670 9682 14457 9672 7388 9684 14452 
44: 6232 9846 9847 9848 9840 
45: 6263 9945 9946 23899 
46: 6351 6354 
47: 6463 6464 6465 
48: 7070 7071 7073 7074 
49: 7113 
50: 7398 
51: 7506 7507 8718 8719 7508 
52: 7951 10851 10852 
53: 9006 9007 9008 
54: 9199 10205 
55: 9643 13375 17215 17216 17217 17218 17219 17220 17221 17222 17223 16925 16926 16927 16928 
56: 9813 
57: 10481 
58: 11412 11432 11434 11435 
59: 11785 11787 
60: 14541 14542 
61: 16204 16205 16206 18691 18693 18695 
62: 16782 16784 16785 16783 
63: 16787 
64: 16857 
65: 17980 
66: 20894 20895 
67: 26775 
