# The directed communities at k=5
# from /Users/bogna/dev/role-mining/datasets/hepth/timeslots/cit-HepTh-2000.edges
# at no lower link weight threshold,
# and at no upper link weight threshold.
# Links were treated as directed.
# No time limit was set for the clique search.

0: 9212088 9401059 9401092 9609174 9711110 9801133 9802174 9811212 9904199 0001137 9304063 9404031 9502096 9711023 9711057 9801042 9803007 0001188 9303012 0003009 0005077 0004119 0006111 
1: 0001175 9610101 9802191 9803177 9809209 9811248 0007119 0009205 0011249 
2: 0002140 9803188 9804028 9806085 9809034 9810025 9812161 9904063 9907077 0003100 0004090 0008164 
3: 9610043 9612115 9802085 9803117 9804199 0003208 9711073 9811220 9902113 9903216 9911170 0003223 0004076 0005147 0005157 0007022 0010038 0011175 0012061 
4: 0004010 0004153 9803091 0005287 0012189 
5: 9706119 0005044 0005086 9504006 9512143 9612203 9706108 9706169 9706216 9709088 9710212 9711038 9805152 9805199 9811180 0009133 0010155 0012096 
6: 9403112 0005232 0005233 0005234 0005235 0005237 9202053 9412073 9601105 9807092 9511122 
7: 9311042 9407087 9504090 9507158 9603167 9606040 9609239 9902132 9908036 0001025 9301042 9606112 9609017 9612181 9712186 9804131 9807056 9906200 9907013 9908135 9910170 0001037 9808080 9902120 9903031 9907131 9910172 9912147 9912151 9912188 9511164 9706110 9909110 9911039 0001054 9506122 9808149 9907178 9906242 0001132 9704151 0002004 0002037 0002100 9207094 9211097 0002222 9412236 0003053 0003110 0003166 0003187 0003242 9506064 0003263 0003298 0005049 0005052 0005247 9408133 0006047 0006100 0006151 0006189 0006224 0006247 0007069 0007075 0007145 0007158 0007243 0008194 0008230 0009072 0009112 0009240 0010002 0010196 0010217 0010222 0010223 0010269 0010281 0010293 0011017 0011059 0011091 0011101 0011107 0011148 0011257 0012030 0012041 0012079 0012179 
8: 9408099 9602022 9603167 9607163 9810188 9909108 9909120 0001002 9201007 9604090 9803235 9807051 9812035 9902125 9902155 9904017 9905012 9905210 9906064 9906194 9907070 9907209 9908076 9908116 9908186 9909001 9909041 9909053 9909058 9909121 9909134 9910149 9910219 9912012 9912118 9912132 9912187 0001003 9912242 9405029 9610043 9612115 9711162 9711200 9805069 9903205 9907211 9908142 9909081 9909176 0001013 9909130 9909205 9911055 9802109 9802150 9805114 9806087 9810126 9912018 9911043 9911218 9912135 9510017 9612128 9811237 0001027 9802068 9903077 9903107 9903187 9908141 9910004 9910091 9911041 9911098 9912072 9912075 9912094 9912167 9510209 9603142 0001033 0001071 9906182 9908104 9909048 9909070 9909103 9909199 9910081 9910093 9910132 9911083 9911104 9911165 9911181 9912001 9912060 9912160 9912186 9912232 9912233 9912287 9511222 9903031 9905075 9911238 9809022 9806155 9807235 9808141 9812135 9901159 9902105 9903123 9904207 9911116 9912249 9912275 0001049 9601143 9707068 9803194 9805019 9809111 9812031 9905006 9908060 9910109 9912161 9905104 9611230 9704089 9705221 9802042 9905111 9906070 0001055 9409188 9503121 9503208 9712230 9807080 9810201 9906242 0001056 9611047 9803001 9803002 9811120 9612126 9805170 9905195 9909062 9608177 9809121 9910021 9912027 9909202 9910135 9910196 9703030 9601038 9809147 9909107 0001082 9605053 9706109 9909047 9912002 9602070 0001084 9503099 9912120 9912121 9611072 0001089 9512059 9711165 9803031 9907166 9908056 9908134 9909215 0001092 9603133 9805157 9905137 9911164 9708147 9806051 0001103 9408074 9510101 9810206 9903026 9906011 9906224 0001107 9608105 0001111 9701125 9812219 9906192 9909132 9911206 9911245 9912293 0001118 9902121 9905081 9905200 9911040 0001123 9905157 9902071 9903225 9803131 9903214 0001135 9905162 0001143 9902059 9907145 9912156 9512062 9702008 9611213 0001159 0001166 0001113 0001167 9901080 9712117 0001182 9803015 9803076 9803214 0001192 9812017 0001193 9909085 0001197 0001200 0001201 9511194 9605088 9705038 9910053 0001203 9807164 0001206 0001209 0001211 0002076 0004101 9804110 9806008 9806044 9806091 9806143 9808048 9811193 9812163 9909072 0001213 9612222 9810072 9911169 9912140 9912165 0001215 9912153 9912036 9804085 9907144 9711078 9712105 0002020 9710181 0002028 9906168 9909203 9910252 9809057 0002040 0002091 9906201 0002042 9308139 0002054 9911161 0002056 9906221 0002057 0002061 0002066 0002067 9804001 9812180 9903239 9908052 9902208 0002072 0002075 0002084 9911137 0002090 9912019 9912047 0002099 9707250 0002103 9808075 0002117 9402113 9404008 9406125 0002119 0002121 0002126 0002130 0002132 0002143 0002171 0002145 0002147 0002158 0002159 9805131 9911096 0002160 9901041 0002161 0002190 0002164 9811131 9904132 0002172 0002174 0002186 0002192 0002194 0002198 9904142 0002210 0002211 0002223 9807138 0002226 0002228 0002230 0002236 0002237 0002244 9506106 9507022 9507160 9703228 9912157 0003002 0003007 0003012 0003020 0003025 0003031 0003033 9906214 0003042 9607141 0003045 0003052 0003054 0003067 0003074 0003075 0003076 0004028 0005016 0008151 0003086 0003117 0003148 0003197 0003237 0003248 0004003 0004097 0004109 0004125 0004126 0005032 0005139 0005239 0005248 0006044 0006069 0006139 0006204 0006232 0007044 0007060 0007064 0007120 0007177 0007239 0008087 0008102 0008188 0008190 0008192 0008245 0009006 0009010 0009056 0009059 0009083 0009087 0009122 0009127 0009132 0009160 0009167 0009183 0009184 0009199 0009207 0009212 0009247 0010063 0010093 9911015 0003093 0003099 0003101 0003103 0003109 0003110 0003113 0003116 0003118 0003122 9909214 0003124 0003136 0003137 0003145 9909059 0003160 0004147 0003162 9709019 0003173 9806240 0003174 0003176 0003180 0003183 9912266 0003187 0003215 0003216 0003220 0003221 0003226 0003227 0003231 0003236 9803103 0003251 0003269 0003278 0003286 0003299 0003300 0004002 0004005 0004009 9902210 9903038 9907206 0004011 0004013 0004038 9908152 0004014 0004015 0004022 0004024 9804184 0004056 0004057 0004062 0004063 0004067 0004068 0004071 0004072 9711112 0004074 0004080 0004085 0004093 0004103 0004104 0004106 0004111 0004112 0004114 0004115 0004117 0004124 0004131 0004133 0004142 0005163 0004144 0004148 0004151 0004159 0004160 0004165 0004166 0004183 0004187 0004188 0004198 9911042 0004201 0004206 0005001 0005006 0005007 0005014 0005015 0005129 0005021 9605016 9710014 0005025 0005026 0005123 9709014 0005029 0005031 0005036 0005040 0005046 0005047 0005048 0005054 0005059 0005066 9508177 0005073 0005085 0005087 0005101 0005114 0005116 0005127 0005137 0005153 0005156 0005162 0006102 0005167 0005172 0005178 0005185 0005193 0005194 0005199 0005202 0005204 0005206 0005208 0005217 0005230 0005242 0009148 0005246 9902128 0005253 0005268 0005272 0005280 0006006 0006007 0006008 0006013 0006014 0006018 0006058 0006019 9904129 0006023 0006024 0006030 0006041 0007018 0006043 0006046 0006048 0006052 0006056 0006059 0006060 9905094 9905155 9906203 0006062 0006112 0006225 9705029 0006066 0006068 0006071 0006073 0006085 0006087 0006091 0006093 0006108 0006114 0006115 0006119 0006120 9208027 0006146 0006158 0006160 0006168 0006176 0006191 0006192 0006193 0006236 0006196 0006202 0006203 0006209 0006210 0006215 0006219 0006226 0007233 0006235 0009158 0006239 0006240 0006251 0007001 0007002 0007011 0007015 0007019 0007022 0007023 0007029 0007041 0007043 0007050 0007052 9812144 0007053 0007055 0007063 0007067 0007125 0007078 0007082 0007089 0007097 0007106 0007107 0007109 0007127 0007130 0007131 0007140 0007147 0007153 0007156 0007158 0007160 0007166 0007168 0007170 0007175 0007176 0007181 0007186 0007191 0007197 0008177 0007203 0007204 0007205 0007209 0007215 0007217 0007226 0007235 0007236 0007241 0007246 0007247 0007250 0007252 0007254 0007255 0008001 0008002 0008012 0008013 0008015 0008016 0008019 0008023 0008030 0008033 0008041 0008042 0008050 0008053 0008054 0008055 0008057 0008064 0008065 0008073 0008074 0008075 0008076 0008079 0008081 0008083 0008088 0008089 0008090 0008091 0008092 0010006 0010017 0008101 0008108 0008111 0008112 0008118 0008119 0008120 0008126 0008127 0008128 0008130 0008132 0008133 0008134 0008141 0008142 0008144 0008154 0008170 0008172 0008173 0008184 0008186 0008191 0008199 0008203 0008204 0008205 0008213 0008214 0008227 0008230 0008231 0010232 0008242 0008247 0008252 0009002 0009017 0009019 0009021 0009022 0009025 0009030 0009032 0009037 0009038 0009039 0009042 0009045 0009047 0009048 0009051 0009061 0009062 0009067 0009070 0009074 0009082 0009090 0009095 0009098 0009101 0009103 9210065 9303143 9311177 0009105 0009112 0009117 0009139 0009140 0009141 0009142 0009147 9303067 0009155 0009156 0009159 0009172 0010004 0011153 0009176 0009181 0009182 0009187 0009189 0009191 0009196 0009209 0009211 0009213 0009224 0009225 0009226 0009231 0009233 0009246 0009252 0010003 0010007 0010010 0010016 0010021 0010023 0010026 0010027 0010028 0010034 0010045 0010048 0010054 0010058 0010060 0010071 0010072 0010088 0010090 0010101 0010105 0010108 0010113 0010119 0010121 0010122 0010133 0012044 0010141 0010142 0010143 0010144 0010158 0010160 0010163 0010165 0010169 0010171 0010172 0010175 0010177 0010181 0010183 0010186 0011137 0010190 0010191 0010202 0010204 0010205 0010206 0010208 0010215 0010218 0010221 0010237 0010240 0010244 0010247 0010251 0010256 0010264 0010275 0010282 0010286 0011002 0011003 0011006 0011008 0011009 0011019 0011023 0011029 0011033 0011034 0011037 0011038 0011041 0011073 0011053 0011054 0011057 0011060 0011077 0011066 0012035 0011079 0012054 0011088 0011090 0011094 0011095 0011099 0011225 0011108 0011111 0011114 0011115 0011117 0011118 0011119 0011125 0011131 0011138 0011141 0011139 0011140 0011146 0011147 0011149 0011152 0011156 0011166 0011167 0011170 0011179 0011190 0012195 0011192 0011193 0011279 0011204 0011205 0011207 0011218 0011223 0011226 0011230 0011233 0011236 0011238 0011241 0011242 0011244 0011245 0011252 0011254 0011259 0011269 0011282 0011283 0011288 0011290 0012007 0012009 0012011 0012013 0012024 0012025 0012029 0012033 0012034 0012169 0012193 0012042 0012049 0012050 0012061 0012064 0012065 0012073 0012080 0012081 0012082 0012089 0012091 0012093 0012097 0012102 0012105 0012106 0012110 0012116 0012129 0012132 0012137 0012141 0012142 0012143 0012145 0012150 0012152 0012158 0012163 0012165 0012170 0012171 0012175 0012179 0012180 0012183 0012194 0012196 0012198 0012210 0012203 0012211 0012217 0012218 0012221 0012222 0012231 0012239 0012246 0012249 0012251 0012255 0012259 0012262 0012265 0012266 0012268 0101001 0101002 0101003 0101007 
9: 9912226 0001216 0005270 0007253 0010242 
10: 9711200 9802109 9802150 9307010 9808162 9806074 9807098 0001138 9509140 9607060 9611074 9611075 9804058 9807097 9808006 9809179 9811047 9811155 9811172 9903196 9905020 9905049 9905085 9906030 9906051 9907085 9908160 9910011 9910016 9910197 9912210 0002025 9410093 9811152 9811257 9911222 9810051 0002039 9910150 9912250 0002154 0002170 9906188 9907088 0003096 0003203 0003218 0004102 0005182 0006098 0006165 0007061 0009106 0010005 0010137 0011040 
11: 9904017 9906194 9909058 9912012 9711200 9802109 9802150 9806087 9903190 9912018 0001041 9910267 9909047 0001122 0002125 0003147 9810008 9903033 0005054 0005197 0005224 9906054 0007062 0007234 0009015 0010054 0011182 0011115 
12: 9908142 0006005 0007015 0007074 0007160 0012077 
13: 0011138 0011152 0011278 0012014 0012082 
14: 9711200 0001179 9805140 9912073 0003289 0004187 0011044 
15: 9711200 9802109 9802150 9805028 0001204 9808020 9808038 9808088 9809145 9809164 9812062 9903042 0002008 9805217 9806095 9807206 9906217 9908114 9912284 0007036 9808146 0009171 0009226 0010104 0010248 0011112 0011191 0012026 
16: 9905179 0003120 0005110 0005134 0012021 
17: 9711200 9802150 9812073 9812034 9908044 0002256 9410041 9809027 9810251 9902040 9910065 0004077 0005179 0008058 0008084 0009185 0009186 0010263 0012214 
18: 9802074 9808140 0003144 9707163 0010051 0010245 0011273 
19: 9801024 9803133 9810167 9904045 9911242 0004158 0005125 0009143 0012237 
20: 9403141 9506136 0001053 9503205 9511187 9712256 9806024 9806194 9812046 9812073 9903219 9903224 9906215 9907087 9909110 9909149 9911039 9907178 0001063 9705208 9712258 9908189 0001180 9804085 9812027 9812100 0002104 0003036 0005065 9905004 0005152 0006070 0005169 0005183 0007007 0009096 0009107 0009242 0011046 0011056 0012117 0012234 
21: 9906064 0002091 0009064 0005226 0009065 
22: 9711200 9802109 9802150 9806087 0001041 9302047 9902121 9903238 9906127 9811056 9908109 0005250 9910040 0006037 0008211 0011092 
23: 9710230 9810188 9908142 9909089 0002023 0007175 0009030 0012046 0012164 
24: 9904145 9908036 9908040 9909030 9909163 9711162 9908142 9611050 9611230 9711165 9812193 0001199 9901122 9910053 9810092 0003037 9609112 9612148 9711069 0003057 0003173 0003187 0004141 0004183 0005052 0005148 0005159 0005244 0006117 0006145 0007067 0007096 0007100 0007141 0007154 0007171 0008023 0008038 0010110 0010170 0011220 0012045 0012164 0012234 
25: 9912092 9808042 0003188 0005053 0005279 0005280 0006106 0010059 0012057 
26: 9711200 9802109 9802150 0001041 9803051 9803053 9803068 9803077 9808162 9901121 9902153 9907047 9911135 9905111 9412147 0001178 9711161 9712117 9910110 9912007 9912168 0003051 0003230 0005135 0005151 0006009 0006103 0007058 0008048 0010117 
27: 9207094 9811131 9912123 0004196 9812127 0008142 0009188 0010102 0012136 
28: 9909205 9911043 0002076 0002091 0003061 0008177 0010183 0011128 
29: 9303160 0003029 0008165 0009137 0012149 
30: 9807137 0005137 0007209 0009048 0012203 
31: 9910218 9606032 0004089 0008044 0008208 0010262 0010012 0010287 
32: 0001131 9911195 0003213 0007018 0007109 
33: 9603097 9606139 9506014 9904207 9905159 9910109 9503207 9606169 9708040 9804026 9908023 9908072 9909172 9911081 9908130 9912204 9904071 0002146 9911190 0002149 9910228 0003024 0004165 0005029 0005067 0006033 0007024 0007090 0008250 0009135 0009224 0010091 0010198 0010279 0011048 0011073 0011269 0012156 0012157 
34: 9711200 9806087 0001041 9302047 9901121 9911135 0003017 0005072 0005256 
35: 9905012 9905210 9906064 9907209 9510017 9510209 9910174 9903225 0001183 9908047 0004155 0009175 0010014 0011024 0011290 
36: 9610043 0002016 9812239 0003280 0005145 0012247 
37: 9406125 0003101 0005202 0009113 0009214 
38: 9906064 0011156 0011160 0011177 0012013 
39: 9711200 9807080 9904131 0002159 9911096 0003183 0003219 0008091 0009213 0011057 
40: 9811035 9912257 9812089 0002159 9911096 0003050 0003183 0011041 
41: 9803235 9603142 9811168 0001133 0005251 0010087 0011031 
42: 9711200 9802109 9802150 9811047 9905085 9906030 9907085 9908160 9910016 9912210 9910150 9912250 0003038 0003218 0004102 0006103 0008048 
43: 9711162 9908142 9909081 9909176 0001032 9910138 9912070 0001111 9909139 0001203 0001218 0002101 0002138 0004002 0005005 0005222 0006091 0006246 0007160 0008027 0009163 0010204 0011221 0012225 
44: 9908105 9701125 9703217 0002180 9801127 0005265 0006067 0011018 0011264 
45: 9903205 9908142 9812219 0003024 9910263 0007024 0010198 0011057 0011283 
46: 9810188 9912279 0005090 0005091 0006223 0008046 
47: 9906064 9909134 0001071 9909070 0007044 0010098 0010099 
48: 9908142 9803031 9810072 0005222 0006091 0006246 0009153 0009233 
49: 0001041 9308075 0007222 0010118 0012053 
50: 9602070 0001112 0002047 0003086 0011110 
51: 9912279 9610234 0002027 9912086 0005090 0005091 0007175 0011220 0012007 
52: 9711200 9802109 0001065 9807137 0004201 0005137 0007209 
53: 9711162 9908142 9711165 0002175 0008030 0010072 0011034 
54: 9908135 9912151 0009247 0006047 0011048 0011073 
55: 9909134 9912012 9711200 9802109 9802150 9806217 9807226 9810126 9903190 9909070 9909047 0003147 0001193 0003179 0004030 0010054 
56: 9603142 0003086 0007044 0007120 0009212 
57: 9906064 0001206 0002042 0003174 0003299 
58: 9905012 9510209 9603142 0001126 9903225 0003256 0003299 0010202 
59: 9906182 0001197 0003086 0004003 0005248 0006204 
60: 9906064 0007177 0008188 0008192 0009032 0010163 
61: 9711200 9802109 9802150 0003147 0002230 0004030 0007062 0007234 
62: 9905012 9905210 9909053 0001197 0001209 0003086 0004155 0009175 
63: 9906064 0001197 0002174 0004155 0009175 
64: 9903225 0008188 0008192 0009056 0009032 
65: 9906064 0002091 0004014 0006251 0012033 
66: 9912012 9912018 0001197 0004165 0005162 0012042 
67: 9602070 0001206 0002160 0009199 0005217 
