# The graph of directed at k=5
# from /Users/bogna/dev/role-mining/datasets/hepth/timeslots/cit-HepTh-2000.edges
# at no lower link weight threshold,
# and at no upper link weight threshold.
# Links were treated as directed.
# No time limit was set for the clique search.

3 8 4
3 36 1
7 8 9
7 20 3
7 24 3
7 27 1
7 54 3
8 10 3
8 11 13
8 12 3
8 13 3
8 14 2
8 15 4
8 17 2
8 20 1
8 21 2
8 22 5
8 23 4
8 24 10
8 25 1
8 26 5
8 27 2
8 28 6
8 30 4
8 32 2
8 33 7
8 34 2
8 35 8
8 36 1
8 37 3
8 38 3
8 39 8
8 40 4
8 41 2
8 42 3
8 43 10
8 44 1
8 45 5
8 46 1
8 47 5
8 48 5
8 50 2
8 51 2
8 52 5
8 53 6
8 54 2
8 55 10
8 56 5
8 57 5
8 58 6
8 59 6
8 60 6
8 61 4
8 62 6
8 63 3
8 64 5
8 65 5
8 66 6
8 67 5
10 11 3
10 14 1
10 15 3
10 17 2
10 22 3
10 26 4
10 34 1
10 39 1
10 42 14
10 52 2
10 55 3
10 61 3
11 14 1
11 15 3
11 17 2
11 22 5
11 26 4
11 34 3
11 39 1
11 42 3
11 49 1
11 52 2
11 55 8
11 61 6
11 66 2
12 23 1
12 24 1
12 43 2
12 45 1
12 48 1
12 53 1
14 15 1
14 17 1
14 22 1
14 26 1
14 34 1
14 39 1
14 42 1
14 52 1
14 55 1
14 61 1
15 17 2
15 22 3
15 26 3
15 34 1
15 39 1
15 42 3
15 52 2
15 55 3
15 61 3
17 20 1
17 22 2
17 26 2
17 34 1
17 39 1
17 42 2
17 52 1
17 55 2
17 61 2
20 24 1
21 28 1
21 35 1
21 38 1
21 47 1
21 57 1
21 60 1
21 63 1
21 65 2
22 26 4
22 34 4
22 39 1
22 42 3
22 49 1
22 52 2
22 55 3
22 61 3
23 24 2
23 43 1
23 45 1
23 46 1
23 48 1
23 51 1
23 53 1
24 43 2
24 45 1
24 48 1
24 51 1
24 53 3
26 34 4
26 39 1
26 42 5
26 49 1
26 52 2
26 55 3
26 61 3
28 65 1
30 52 3
33 45 3
33 54 2
33 66 1
34 39 1
34 42 1
34 49 1
34 52 1
34 55 1
34 61 1
35 38 1
35 47 1
35 57 1
35 58 3
35 60 1
35 62 4
35 63 3
35 64 1
35 65 1
38 47 1
38 57 1
38 60 1
38 63 1
38 65 1
39 40 3
39 42 1
39 45 1
39 52 1
39 55 1
39 61 1
41 56 1
41 58 1
42 52 2
42 55 3
42 61 3
43 45 1
43 48 4
43 53 2
45 48 1
45 53 1
46 51 3
47 55 2
47 56 1
47 57 1
47 60 1
47 63 1
47 65 1
48 53 1
50 56 1
50 59 1
50 62 1
50 67 1
52 55 2
52 61 2
55 61 5
55 66 1
56 58 1
56 59 1
56 62 1
57 58 1
57 60 1
57 63 1
57 65 1
57 67 1
58 62 1
58 64 1
59 62 2
59 63 1
59 66 1
60 63 1
60 64 3
60 65 1
62 63 3
62 66 1
63 65 1
63 66 1
