# The directed communities at k=7
# from /Users/bogna/dev/role-mining/datasets/enron/timeslots/10-2000.edges
# at no lower link weight threshold,
# and at no upper link weight threshold.
# Links were treated as directed.
# No time limit was set for the clique search.

0: 1070 786 730 807 1062 1336 558 641 1066 1079 1323 1593 519 746 928 1067 1068 1071 1076 1078 1300 1310 1318 1331 1335 1360 531 708 936 603 817 823 1077 1548 1552 508 625 713 914 4280 7644 825 634 188 501 714 616 617 674 722 726 1306 489 1315 1317 1325 1329 1334 1376 1492 1546 448 491 498 509 538 572 600 611 623 624 642 663 673 686 720 733 735 742 756 762 775 802 835 851 854 864 877 905 985 610 3701 1364 1540 889 1528 545 2398 1589 607 690 927 982 28948 842 
1: 68245 68307 14634 68262 68354 68384 68687 68693 68694 68741 68746 68753 68756 68922 68927 69112 69351 69355 69380 69383 69395 69398 69407 69410 69418 69895 69906 70027 70189 70216 70247 70289 70290 70291 70292 70293 70295 70296 70297 70298 70299 70300 70303 70304 70307 70310 70343 69139 70452 
2: 4 112 118 8326 216 3228 9045 10354 2024 277 401 8336 8349 8351 251 181 276 306 78 174 68 272 252 288 
3: 118 4314 540 544 125 452 527 532 419 505 547 1223 1411 550 723 11680 281 4250 954 30 604 1199 5683 804 1246 1414 1412 1527 5358 174 4508 1894 2022 20668 21525 890 2092 731 9931 241 
4: 17234 33767 15799 15612 5298 15741 17235 15787 4666 7713 
5: 10808 11678 126 133 527 11669 11684 11685 11691 124 127 129 131 144 146 155 382 425 457 656 11706 11732 14323 14334 3117 383 812 
6: 527 11667 11706 11732 14334 954 812 
7: 1061 2842 3204 456 1593 425 5290 143 
8: 540 544 452 527 532 547 489 491 
