# The contained directed cliques in the directed communities at k=7
# from /Users/bogna/dev/role-mining/datasets/enron/timeslots/10-2000.edges
# at no lower link weight threshold,
# and at no upper link weight threshold.
# Links were treated as directed.
# No time limit was set for the clique search.

0: 1741 3184 4165 4168 4252 4405 4406 4416 4419 4423 4486 4546 4585 4586 4601 2103 2174 2329 2560 2606 2831 2833 2885 2886 3017 3019 3092 3096 3099 3212 3294 3337 3343 3350 3356 3470 3471 3473 3474 3480 3486 3493 3495 3532 3538 3629 3637 3639 3645 3738 3744 3746 3747 3750 3756 3807 3813 3818 3829 3840 3843 3844 3850 3856 3868 3938 3951 3964 3997 3999 4001 4002 4074 4075 4082 4084 4086 4133 4134 4149 4150 4159 4167 4183 4186 4187 4189 4196 4217 4218 4227 4231 4238 4254 4255 4266 4268 4285 4290 4291 4306 4314 4352 4360 4369 4378 4379 4402 4403 4404 4407 4418 4424 4449 4452 4456 4463 4464 4485 4555 4571 4572 4605 2336 4219 4292 4353 2337 4232 4233 4249 4417 4453 4498 3089 3739 3740 3952 3953 4239 4240 4380 4466 3090 2107 2402 3088 3222 4184 4190 2106 3219 2404 4181 4182 3406 4180 4185 4257 4401 2557 3007 3023 3407 4256 4085 4188 4253 4484 4083 4090 4076 4077 4160 4220 4293 4078 4221 4222 4235 4234 4455 4228 4454 3638 3745 4450 4587 3640 3338 3351 3646 3748 3647 4487 4493 3758 3858 4153 4383 4469 4575 3752 3757 3751 3852 4372 4459 3851 4371 4458 4588 3857 4152 4382 4468 4547 4574 4151 4241 4381 4467 4573 3475 4242 4465 3100 4315 4457 4564 3224 3297 3483 3631 3832 3954 3966 4248 4250 4251 4307 4316 4361 4370 3223 3939 3934 3933 3947 3825 3946 3962 3826 3296 3482 3630 3831 3965 4317 4170 4166 3476 3749 3472 3808 4267 3814 2561 4386 4488 4286 4294 4295 4092 4491 4492 4421 4420 4426 4425 3113 3115 3116 3118 3917 3207 3916 3117 3487 4003 4019 3820 3809 2677 3871 2683 4062 
1: 1973 2294 2518 2522 2524 2526 2528 2530 2532 2536 2538 2540 2543 2751 2753 2756 2758 2761 2764 2767 2770 2773 2776 2930 2933 2936 2939 2942 2945 2948 2951 2954 2957 2960 2963 3162 2295 2519 2523 2525 2527 2529 2531 2533 2537 2539 2541 2544 2752 2754 2757 2759 2762 2765 2768 2771 2774 2777 2931 2934 2937 2940 2943 2946 2949 2952 2955 2958 2961 2964 3163 2535 2534 2520 2929 2932 2935 2938 2941 2944 2947 2950 2953 2956 2959 2962 3161 2521 2755 2760 2763 2766 2769 2772 2775 
2: 2283 3452 3458 3898 4012 3448 3449 3450 3451 3455 3456 3457 3895 3896 3897 4011 4046 4047 3454 3894 4042 4045 3048 4006 4043 3046 2367 3047 2368 4007 4008 4009 
3: 2427 2429 4281 4283 3985 4272 4276 4277 4279 4282 3981 3982 3984 3986 3983 4269 4270 4273 4280 3987 4274 4275 3594 3595 3730 3731 4278 4327 4328 4346 4347 4348 4400 2598 3592 3593 3789 3790 3793 4399 4340 3838 4341 3042 3792 4520 3570 3767 3791 4345 4349 3970 3732 3365 4271 3768 2828 4202 
4: 2438 3861 2780 2904 
5: 2838 2840 3195 3306 3601 3679 3702 3703 3602 3680 3704 3705 3188 3301 3304 4101 4112 3187 3299 3300 4100 4111 4125 4482 3303 4394 4409 4483 3307 3194 4395 3196 3197 3198 4115 4481 4116 4528 4410 3033 3513 3514 
6: 4098 
7: 4433 4441 
8: 4521 4535 
