# The links inside the directed communities at k=6
# from /Users/bogna/dev/role-mining/datasets/enron/timeslots/10-filtered2.edges
# at no lower link weight threshold,
# and at no upper link weight threshold.
# Links were treated as directed.
# No time limit was set for the clique search.

0:
00006 00009
00006 00013
00006 00048
00006 00050
00006 00067
00009 00013
00009 00048
00009 00050
00009 00067
00009 00057
00013 00048
00013 00050
00013 00067
00013 00057
00048 00050
00048 00067
00048 00057
00050 00067
00050 00057
00067 00057
1:
00003 00020
00003 00070
00003 00141
00003 00019
00003 00032
00003 00072
00020 00070
00020 00141
00020 00019
00020 00032
00020 00072
00020 00055
00070 00141
00070 00019
00032 00070
00070 00072
00070 00055
00141 00019
00032 00141
00141 00072
00141 00055
00019 00032
00019 00072
00019 00055
00072 00055
2:
00003 00020
00003 00137
00003 00141
00003 00029
00003 00032
00003 00068
00020 00137
00020 00141
00020 00032
00068 00020
00137 00141
00137 00029
00032 00137
00068 00137
00137 00066
00029 00141
00032 00141
00068 00141
00066 00141
00029 00032
00029 00068
00029 00066
00032 00068
00032 00066
00068 00066
3:
00074 00127
00127 00051
00066 00127
00122 00127
00151 00127
00051 00074
00074 00066
00122 00074
00151 00074
00051 00066
00051 00122
00051 00151
00122 00066
00151 00066
00122 00151
