# The links inside the directed communities at k=3
# from /Users/bogna/dev/role-mining/datasets/enron/timeslots/04-filtered2.edges
# at no lower link weight threshold,
# and at no upper link weight threshold.
# Links were treated as directed.
# No time limit was set for the clique search.

0:
00087 00086
00149 00087
00086 00149
1:
00009 00048
00009 00050
00009 00057
00009 00067
00009 00147
00048 00050
00048 00057
00048 00067
00048 00147
00048 00027
00048 00136
00050 00057
00050 00067
00050 00147
00067 00057
00057 00038
00075 00057
00057 00033
00057 00076
00057 00142
00136 00057
00067 00147
00067 00038
00067 00033
00067 00076
00136 00067
00147 00027
00076 00147
00011 00038
00011 00075
00142 00011
00038 00075
00033 00038
00142 00038
00075 00076
00033 00076
00033 00142
00076 00142
00076 00136
00142 00136
2:
00107 00038
00053 00038
00107 00044
00150 00107
00053 00107
00054 00107
00069 00107
00129 00107
00122 00107
00053 00044
00150 00054
00053 00054
00053 00069
00069 00054
00129 00054
00123 00054
00129 00123
00122 00129
00123 00122
3:
00017 00040
00017 00049
00017 00059
00017 00061
00033 00017
00071 00017
00040 00049
00040 00059
00040 00061
00040 00033
00049 00059
00061 00049
00059 00071
00061 00071
4:
00066 00141
00066 00068
00066 00129
00068 00141
00068 00129
5:
00073 00069
00073 00151
00151 00069
6:
00002 00032
00002 00070
00002 00137
00049 00002
00073 00002
00141 00002
00137 00032
00049 00032
00073 00032
00137 00070
00070 00049
00073 00070
00070 00141
00137 00049
00073 00137
00137 00141
00049 00073
00049 00141
00073 00141
