# The links inside the directed communities at k=3
# from /Users/bogna/dev/role-mining/datasets/hepth/timeslots/cit-HepTh-1992.edges
# at no lower link weight threshold,
# and at no upper link weight threshold.
# Links were treated as directed.
# No time limit was set for the clique search.

0:
9202022 9202054
9203079 9202054
9210033 9202054
9210033 9202022
9210033 9203079
1:
9202046 9205068
9203071 9205068
9204030 9205068
9211110 9205068
9212045 9205068
9211110 9202046
9212045 9202046
9211110 9203071
9212045 9204030
2:
9204052 9201005
9210105 9204052
9205020 9201005
9205065 9201005
9210105 9201005
9210105 9205020
9210105 9205065
3:
9204054 9201002
9204054 9203048
9211077 9204054
9211077 9201002
9211077 9203048
4:
9205071 0209014
9211054 9205071
9207001 0209014
9211054 0209014
9207001 9211054
5:
9205062 9204011
9205078 9205062
9205078 9204011
6:
9206053 9204088
9212004 9206053
9212004 9204088
7:
9206006 9205037
9206048 9206006
9206067 9206006
9206079 9206006
9208001 9206006
9208025 9206006
9210079 9206006
9210119 9206006
9206048 9205037
9206067 9205037
9206079 9205037
9208001 9205037
9208025 9205037
9210079 9205037
9206079 9206048
9208001 9206048
9208025 9206048
9210079 9206048
9210119 9206048
8:
9206070 9201061
9206087 9201061
9207034 9201061
9207077 9201061
9209008 9201061
9209012 9201061
9209055 9201061
9209058 9201061
9209113 9201061
9211030 9201061
9212136 9201061
9209113 9206070
9209055 9206087
9209055 9207034
9209113 9207034
9212136 9207034
9209055 9207077
9209008 9203052
9209012 9203052
9209055 9203052
9209113 9203052
9212136 9203052
9209055 9207105
9212136 9207105
9212136 9209008
9209012 9201021
9209012 9203042
9209113 9209012
9209113 9201021
9209055 9203042
9209113 9203042
9212136 9203042
9209055 9202004
9209055 9203054
9209055 9205069
9209055 9205089
9209055 9206020
9212136 9209055
9211030 9202004
9212136 9202004
9212136 9203054
9209058 9203059
9209113 9203059
9212136 9205069
9212136 9205089
9212136 9206020
9209113 9209058
9211030 9209058
9211030 9201074
9212136 9201074
9212136 9211030
9:
9207050 9203051
9209107 9207050
9209107 9203051
10:
9207065 9203019
9209049 9207065
9209049 9203019
11:
9207084 9201016
9211009 9201016
9211009 9207084
12:
9208077 9202040
9209002 9202040
9211036 9202040
9211036 9208077
9211036 9209002
13:
9209034 9201056
9210105 9201056
9210105 9209034
14:
9210066 9203028
9210066 9208065
9212100 9210066
9212100 9203028
9212100 9208065
15:
9209116 9205027
9210123 9209116
9210123 9205027
9211015 9205027
9210123 9202037
9211015 9210123
9211015 9202037
16:
9210127 0208020
9211084 0208020
9211084 9210127
17:
9211034 9206034
9211102 9211034
9211120 9211034
9211120 9206034
9211120 9211102
18:
9211126 9211111
9212076 9211126
9212076 9211111
19:
9212010 9209046
9212021 9212010
9212021 9209046
20:
9212069 9201037
9212114 9212069
9212114 9201037
21:
9210012 9206055
9210119 9206055
9210012 9209055
9210119 9209055
9210012 9204046
9210119 9210012
9210050 9204046
9210119 9204046
9210119 9210050
22:
9207010 9201008
9211019 9201008
9207010 9202058
9211019 9202058
9211019 9207010
23:
9207040 9202020
9211034 9202020
9211034 9207040
24:
9210029 9203062
9210080 9203062
9210080 9210029
25:
9209111 9201056
9212117 9201056
9212117 9209111
26:
9205062 9201015
9209052 9201015
9205062 9209052
