# The graph of directed at k=3
# from /Users/bogna/dev/role-mining/datasets/hepth/timeslots/cit-HepTh-2000.edges
# at no lower link weight threshold,
# and at no upper link weight threshold.
# Links were treated as directed.
# No time limit was set for the clique search.

0 3 3
0 4 2
0 5 1
0 6 1
0 8 1
0 11 1
0 13 6
0 15 2
0 19 1
0 20 2
0 22 1
0 23 2
0 27 2
0 29 3
0 32 8
0 37 2
0 42 4
0 45 1
0 48 1
0 52 1
0 56 5
0 60 2
0 61 4
0 63 1
0 64 1
0 66 1
0 67 4
0 68 1
0 69 10
0 70 2
0 71 2
0 73 9
0 74 1
0 76 1
0 79 3
0 80 1
0 81 2
0 82 1
0 84 2
0 87 1
0 89 3
0 90 18
0 95 5
0 96 1
0 98 3
0 103 6
0 106 1
0 109 2
0 112 11
0 113 1
0 114 1
0 118 1
0 120 6
0 122 6
0 123 1
0 128 1
0 132 4
0 133 2
0 134 2
0 138 1
0 143 1
0 144 1
0 145 1
0 149 2
0 150 2
0 152 2
0 154 5
0 155 1
0 156 3
0 159 1
0 162 2
0 163 2
0 164 1
0 165 4
0 169 1
0 170 2
0 171 1
0 179 1
0 181 3
0 182 2
0 184 3
0 186 2
0 187 3
0 189 1
0 194 1
0 195 2
0 198 2
0 199 1
0 200 2
0 202 1
0 204 1
0 206 2
0 207 2
0 208 9
0 210 3
0 211 2
0 212 3
0 213 4
0 214 2
0 216 2
0 217 3
0 218 3
0 219 4
3 6 1
3 48 2
3 167 1
3 178 1
3 214 1
4 66 1
4 189 1
6 214 1
7 28 1
9 24 1
9 42 1
9 118 1
9 146 1
9 205 1
10 115 1
12 15 1
12 82 1
13 120 1
15 19 1
15 38 2
15 39 2
15 82 3
17 125 1
17 197 1
19 39 1
19 74 1
19 82 1
20 150 1
21 68 1
22 38 1
23 56 1
23 63 1
23 71 1
24 205 1
25 137 1
27 185 1
27 191 1
27 215 3
28 174 1
29 98 2
30 77 2
32 206 1
32 219 1
33 39 1
36 141 1
38 90 1
38 151 1
38 157 1
38 158 1
39 74 1
39 82 1
39 196 1
40 121 1
42 118 2
42 182 1
42 202 4
45 69 1
45 79 1
45 106 1
51 156 1
55 147 1
55 155 1
56 71 1
56 208 1
59 125 1
66 189 1
68 176 1
73 149 1
73 218 1
74 82 1
78 123 1
79 106 1
79 199 1
81 82 1
81 88 1
81 151 1
81 157 1
87 88 1
88 151 1
88 157 1
90 120 1
91 111 1
94 108 1
95 132 1
103 165 1
108 119 1
108 135 1
108 193 2
112 210 2
112 217 1
112 219 1
114 159 1
114 163 2
118 202 1
119 160 1
119 184 1
131 173 1
131 199 1
134 219 1
135 197 1
141 203 1
142 183 1
147 155 1
147 185 2
151 157 1
152 154 1
152 170 1
152 208 1
152 213 1
152 219 1
154 170 1
154 208 2
154 213 1
154 219 1
156 216 1
163 214 1
169 211 1
170 208 1
170 213 1
170 219 1
175 203 1
185 191 1
185 215 1
191 215 1
207 216 1
208 213 2
208 219 1
213 219 1
217 219 1
