# The directed cliques from /Users/bogna/dev/role-mining/datasets/hepth/timeslots/cit-HepTh-1993.edges
# at no lower link weight threshold,
# and at no upper link weight threshold.
# Links were treated as directed.
# No time limit was set for the clique search.

0: 9301004 9204082 9306153 
1: 9301059 9206033 9312027 
2: 9301074 9211113 9303071 
3: 9301097 9210115 9304053 
4: 9301113 9202026 9306105 
5: 9301113 9204045 9306105 
6: 9302014 9207020 9307063 
7: 9302057 9301017 9309058 
8: 9302064 9205087 9308047 
9: 9302130 9210038 9303154 
10: 9303014 9202035 9310156 
11: 9303032 9205095 9310011 
12: 9208032 9303042 9308099 
13: 9303087 9302002 9308016 
14: 9303100 9201013 9306153 
15: 9208052 9303128 9308081 
16: 9303150 9203046 9311162 
17: 9303172 9209107 9309030 
18: 9201021 9304012 9312059 
19: 9304060 9204083 9305095 
20: 9304065 9206112 9304149 
21: 9304072 9211079 9304109 
22: 9304075 9206040 9308017 
23: 9206007 9304081 9309049 
24: 9304132 9201026 9310116 
25: 9305043 9205034 9310116 
26: 9208055 9304154 9305069 
27: 9305091 9208063 9309144 
28: 9305094 9210064 9306156 
29: 9305128 9210075 9305129 
30: 9201026 9305152 9311167 
31: 9305170 9206103 9311103 
32: 9305179 9201034 9310180 
33: 9306033 9211107 9306059 
34: 9306033 9304020 9306059 
35: 9205027 9306095 9312184 
36: 9306100 9207080 9308140 
37: 9206106 9306101 9312206 
38: 9203038 9306135 9307126 
39: 9306153 9201003 9311067 
40: 9306163 9301098 9310072 
41: 9307007 9303095 9307008 
42: 9204041 9307038 9309110 
43: 9307088 9201041 9311009 
44: 9307088 9202087 9311009 
45: 9307088 9303143 9311009 
46: 9307096 9210093 9312198 
47: 9307107 9304133 9311168 
48: 9307122 9201054 9309108 
49: 9307147 9305113 9312144 
50: 9307147 9306142 9312144 
51: 9307196 9209130 9311189 
52: 9308058 9302010 9308119 
53: 9308106 9302078 9309050 
54: 9309055 9307001 9311026 
55: 9309139 9205073 9310079 
56: 9206084 9304053 9309141 
57: 9307027 9310014 9310197 
58: 9310080 9306054 9310123 
59: 9301046 9211102 9310133 
60: 9310170 9211059 9312150 
61: 9310181 9308153 9312192 
62: 9311084 9310129 9312013 
63: 9204064 9305110 9312121 
64: 9307045 9302133 9312158 
65: 9301005 9210121 9311062 
66: 9301020 9201061 9306097 
67: 9301020 9201074 9306097 
68: 9301046 9212150 9303111 
69: 9212150 9303013 9303111 
70: 9301082 9206056 9305040 
71: 9301086 9304056 9305114 
72: 9301122 9203038 9306147 
73: 9302014 9201033 9305019 
74: 9302014 9202006 9305019 
75: 9302023 9204063 9311028 
76: 9211056 9303057 9304154 
77: 9302124 9209029 9307031 
78: 9302124 9209029 9312049 
79: 9205062 9308018 9310159 
80: 9303034 9202040 9304075 9308017 
81: 9303050 9212010 9307091 9307180 
82: 9303050 9212019 9307091 9307180 
83: 9208027 9303067 9307088 9311009 
84: 9211113 9303071 9307015 
85: 9207073 9303073 9310062 
86: 9303073 9208048 9310062 
87: 9303079 9208020 9310191 
88: 9208020 9306037 9310191 
89: 9203078 9303089 9312198 
90: 9210163 9303089 9312198 
91: 9303090 9211132 9307154 
92: 9204017 9303149 9310137 
93: 9204018 9303149 9310137 
94: 9304034 9203084 9309110 
95: 9204094 9304051 9312095 
96: 9304065 9202070 9304149 
97: 9208057 9307035 9307175 
98: 9205103 9304161 9312179 
99: 9304161 9201016 9312179 
100: 9204064 9305017 9306010 
101: 9202062 9307088 9311009 
102: 9209099 9307088 9311009 
103: 9305040 9209013 9305116 
104: 9305040 9212136 9305125 
105: 9204018 9303146 9305041 
106: 9206033 9305077 9311144 
107: 9204083 9305077 9311144 
108: 9305091 9202073 9309144 
109: 9206084 9305026 9305106 9307163 
110: 9305110 9205055 9311004 
111: 9305128 9205086 9305129 9305130 
112: 9305128 9212157 9305129 
113: 9204064 9305135 9307007 9307008 
114: 9204064 9305146 9306010 
115: 9206033 9305181 9306111 
116: 9210091 9305181 9306111 
117: 9306006 9203047 9311162 
118: 9306037 9208012 9312145 
119: 9306037 9209074 9312145 
120: 9306078 9205006 9311078 
121: 9306078 9207028 9307148 9311078 
122: 9206016 9304154 9306125 
123: 9209016 9304154 9306125 
124: 9306163 9207089 9310071 
125: 9306163 9207089 9310072 
126: 9306163 9209120 9310071 
127: 9306163 9209120 9310072 
128: 9203076 9307035 9307175 
129: 9307096 9203080 9312198 
130: 9302124 9212104 9307170 
131: 9210013 9308106 9309050 
132: 9202046 9309069 9311166 
133: 9205068 9309069 9311166 
134: 9203056 9302026 9309082 
135: 9309083 9211071 9310181 
136: 9301103 9206097 9309084 
137: 9206097 9302050 9309084 
138: 9202046 9310008 9311166 
139: 9205068 9310008 9311166 
140: 9202046 9310023 9311166 
141: 9205068 9310023 9311166 
142: 9310112 9311012 9312182 
143: 9202057 9302023 9310125 
144: 9206049 9302023 9310125 
145: 9301068 9311130 9310165 
146: 9205113 9310131 9311131 
147: 9210121 9302033 9311185 
148: 9307045 9302133 9312175 
149: 9209003 9310181 9312192 
150: 9211138 9301118 9310082 
151: 9212094 9301046 9303111 
152: 9212094 9303013 9303111 
153: 9301047 9207118 9309042 
154: 9206056 9304027 9305040 9306041 
155: 9301083 9204085 9312190 
156: 9301097 9211096 9309103 
157: 9301097 9212072 9305026 
158: 9301097 9212072 9311009 
159: 9301118 9204020 9306162 
160: 9301118 9204020 9310082 
161: 9203038 9306147 9307126 
162: 9302006 9209075 9306033 
163: 9209075 9303133 9306033 
164: 9302014 9203009 9305019 
165: 9302014 9203009 9307063 
166: 9302014 9203009 9310191 
167: 9203008 9302049 9312150 
168: 9302026 9210036 9308021 
169: 9207001 9307025 9312059 
170: 9211054 9307025 9308155 
171: 9211054 9307025 9312059 
172: 9302049 9310170 9312150 
173: 9302071 9202007 9310131 9311021 
174: 9202007 9310160 9311021 
175: 9207095 9302075 9309008 
176: 9205113 9305093 9302079 9306156 
177: 9305093 9302079 9210049 9306156 
178: 9302124 9212104 9312049 
179: 9302125 9203062 9307147 
180: 9203062 9304152 9307147 
181: 9210038 9302132 9308095 
182: 9210038 9303154 9308095 
183: 9206070 9302132 9308095 
184: 9206070 9303002 9307052 
185: 9303030 9202012 9310181 
186: 9303030 9202012 9311141 
187: 9205078 9308018 9310159 
188: 9203078 9303033 9311006 
189: 9303033 9210163 9311006 
190: 9203078 9303033 9312198 
191: 9303033 9210163 9312198 
192: 9303050 9209046 9307091 9307180 
193: 9303050 9209046 9310056 
194: 9303050 9212015 9307091 9307180 
195: 9303050 9212015 9310056 
196: 9303050 9212021 9307091 9307180 
197: 9303050 9212021 9310056 
198: 9303050 9212145 9307091 9307180 
199: 9303051 9209037 9307046 
200: 9201050 9303051 9312185 
201: 9303051 9209037 9312185 
202: 9303057 9209125 9304154 9305185 9307121 
203: 9208048 9307007 9307008 
204: 9303122 9310170 9312150 
205: 9211025 9303122 9310170 
206: 9303133 9306033 9306059 9307015 
207: 9208045 9306037 9310191 
208: 9208045 9309100 9310191 
209: 9304053 9210090 9307088 9311009 
210: 9304053 9210090 9308052 
211: 9304062 9204031 9311176 9312184 
212: 9304062 9210123 9311176 9312184 
213: 9207061 9305160 9308086 
214: 9204028 9304072 9304109 
215: 9207011 9304072 9304109 
216: 9202092 9304102 9304135 
217: 9205046 9304102 9304135 
218: 9304150 9210129 9305114 9312043 
219: 9304150 9210129 9311058 
220: 9204072 9304163 9305040 9306041 
221: 9201021 9304163 9305040 
222: 9301021 9305040 9305125 
223: 9305040 9204002 9306069 
224: 9305040 9207103 9305116 
225: 9305040 9207103 9305117 
226: 9305040 9211011 9305125 
227: 9305040 9211082 9306083 9307157 
228: 9206077 9305040 9305116 
229: 9305040 9306083 9308100 
230: 9306083 9308100 9310101 
231: 9305042 9203076 9308147 
232: 9204064 9305091 9309144 
233: 9305128 9204089 9305129 
234: 9305163 9308139 9309034 9310157 
235: 9203046 9306006 9311162 
236: 9306033 9206098 9307015 
237: 9206098 9307015 9310061 
238: 9306033 9307190 9211109 
239: 9306033 9211109 9306059 
240: 9306037 9212011 9310191 
241: 9306037 9212011 9312145 
242: 9205027 9306085 9311176 9312184 
243: 9306102 9210128 9308060 9309033 9312031 
244: 9205084 9307088 9311009 
245: 9302027 9206063 9307037 9307176 
246: 9304011 9307037 9307176 
247: 9307045 9302133 9312047 
248: 9302014 9201001 9307063 
249: 9307101 9206041 9307166 
250: 9210010 9307106 9312049 
251: 9307147 9209041 9312144 
252: 9212038 9308002 9311064 
253: 9212038 9308002 9312160 
254: 9311062 9308018 9202002 9310159 
255: 9308060 9306155 9309033 9312031 
256: 9308060 9306155 9309033 9312042 
257: 9308112 9210021 9308154 
258: 9211025 9308129 9310170 
259: 9208035 9308129 9310170 
260: 9303172 9309030 9310115 
261: 9303172 9309030 9310177 
262: 9301067 9305163 9309034 9310157 
263: 9210011 9309065 9311064 
264: 9212038 9309065 9311064 
265: 9202057 9302023 9309121 
266: 9206049 9302023 9309121 
267: 9301068 9311130 9310041 
268: 9301018 9206034 9303111 9310060 
269: 9206034 9303013 9303111 9310060 
270: 9203060 9309115 9310075 
271: 9204083 9310144 9311064 
272: 9301047 9206006 9311010 
273: 9305005 9204019 9311070 
274: 9306013 9209049 9307111 9311015 9311164 
275: 9202057 9302023 9312205 
276: 9206049 9302023 9312205 
277: 9203030 9304011 9306153 
278: 9301038 9207097 9308051 
279: 9301038 9207097 9309012 9310191 
280: 9301038 9207097 9311086 
281: 9202008 9302020 9311156 
282: 9203012 9303011 9305040 
283: 9203012 9305040 9305117 
284: 9203056 9302026 9308021 
285: 9201056 9302027 9310077 
286: 9302027 9206063 9310077 
287: 9206077 9305040 9305117 
288: 9301015 9205037 9302077 
289: 9205037 9301047 9302077 
290: 9301047 9206006 9302077 
291: 9302080 9202075 9305040 
292: 9302086 9202060 9312185 
293: 9302096 9304027 9305040 
294: 9302096 9305040 9306083 
295: 9302109 9304154 9305185 9307121 
296: 9302109 9205027 9305185 
297: 9201067 9304065 9311027 
298: 9302086 9207067 9302143 
299: 0209014 9303006 9304041 
300: 9303030 9309083 9310181 
301: 9303030 9209003 9310181 
302: 9303030 9209003 9311141 
303: 9210163 9307096 9312198 
304: 9201024 9303045 9308086 
305: 9208002 9303079 9310191 
306: 9206095 9303079 9310191 
307: 9303093 9201010 9306153 
308: 9210091 9305181 9310013 
309: 9204102 9304050 9305124 
310: 9304050 9204094 9305124 
311: 9204102 9304050 9312095 
312: 9304050 9204094 9312095 
313: 9304062 9201007 9311176 9312184 
314: 9304148 9207105 9305040 9305125 
315: 9201024 9304152 9307147 
316: 9209006 9304152 9307147 
317: 9302014 9201001 9305019 
318: 9203054 9305030 9305040 
319: 9210107 9305030 9305040 
320: 9210120 9305030 9305040 
321: 9305040 9206055 9306083 
322: 9206055 9306083 9310101 
323: 9206055 9310101 9312172 
324: 9201061 9305040 9305165 
325: 9201074 9305040 9305165 
326: 9207095 9305040 9305165 
327: 9209008 9305040 9305165 
328: 9305040 9306083 9307168 
329: 9306083 9307168 9310101 
330: 9206033 9305181 9310013 9311144 
331: 9301099 9209111 9306019 9312010 
332: 9301099 9212016 9306019 
333: 9301099 9212017 9306019 
334: 9303153 9303046 9311130 9306110 
335: 9301068 9311130 9306110 
336: 9201056 9306122 9309140 
337: 9206084 9306122 9309140 
338: 9301018 9206034 9307056 
339: 9206034 9303013 9307056 
340: 9211034 9303013 9307056 
341: 9302125 9201024 9307064 
342: 9307096 9207042 9312198 
343: 9202011 9307101 9307166 
344: 9302103 9307158 9309140 
345: 9204030 9307158 9309140 
346: 9302103 9204102 9307158 
347: 9209122 9307185 9310046 
348: 0209014 9307025 9308155 
349: 9205071 9307025 9308155 
350: 9204018 9303105 9309005 
351: 9303105 9209022 9309005 
352: 9301047 9302126 9309019 
353: 9302126 9204099 9309019 
354: 9201061 9309075 9310101 
355: 9211030 9309075 9310101 
356: 9202014 9309075 9310101 
357: 9202004 9309075 9310101 
358: 9206027 9309083 9310181 
359: 9202057 9309154 9312042 
360: 9206049 9309154 9312042 
361: 9210128 9309154 9312042 
362: 9302126 9204099 9310011 
363: 9204099 9303007 9310011 
364: 9204099 9303032 9310011 
365: 9210010 9307015 9310061 
366: 9201056 9305179 9310180 
367: 9211061 9310202 9311012 9312182 
368: 9209023 9310202 9311012 9312182 
369: 9210121 9310202 9311012 
370: 9202057 9302023 9311028 
371: 9206049 9302023 9311028 
372: 9211061 9311093 9312182 
373: 9209023 9311093 9312182 
374: 9301047 9206006 9311093 
375: 9202092 9301047 9311122 
376: 9301047 9206006 9311122 
377: 9310170 9310200 9311139 9311157 9312187 
378: 9310200 9311139 9312013 9312187 
379: 9301097 9211072 9305026 
380: 9301097 9211072 9311009 
381: 9211072 9308052 9310026 
382: 9209052 9302033 9312154 
383: 9210119 9302126 9311012 
384: 0209014 9307025 9312059 
385: 9205071 9307025 9312059 
386: 9203078 9307096 9312198 
387: 9302125 9201024 9306035 9312144 
388: 9302125 9201024 9307147 9312144 
389: 9201061 9303011 9305040 9306083 
390: 9203059 9303011 9305040 9306083 
391: 9203054 9303011 9305040 
392: 9202046 9303017 9307171 
393: 9205068 9303017 9307171 
394: 9202046 9303017 9311166 
395: 9205068 9303017 9311166 
396: 9206095 9306037 9310191 
397: 9206095 9306037 9312145 
398: 9303057 9208078 9305185 9307121 
399: 9204018 9303090 9307154 
400: 9303090 9206035 9307154 
401: 9303090 9206099 9307154 
402: 9303090 9206102 9307154 
403: 9204018 9303105 9307054 
404: 9303105 9209022 9307054 
405: 9204018 9303105 9310136 
406: 9303105 9209022 9310136 
407: 9204018 9303105 9310137 
408: 9303105 9209022 9310137 
409: 9303116 9210107 9308062 
410: 9303116 9210120 9308062 
411: 9207006 9305040 9307157 
412: 9303136 9305087 9309103 9310012 
413: 9303136 9306147 9309103 
414: 9212149 9304015 9309119 
415: 9301068 9304015 9309119 
416: 9304053 9205085 9307088 9311009 
417: 9205027 9304062 9311176 9312184 
418: 9302006 9304125 9307190 9312049 
419: 9210010 9304125 9307190 9312049 
420: 9302006 9304125 9306033 9307190 
421: 9210010 9304125 9306033 9307190 
422: 9305005 9306035 9312144 
423: 9305005 9204019 9311089 
424: 9305005 9204019 9312144 
425: 9204019 9307147 9312144 
426: 9201061 9305040 9307181 
427: 9201074 9305040 9307181 
428: 9203054 9305040 9307181 
429: 9203042 9305040 9307181 
430: 9203052 9305040 9307181 
431: 9306035 9206096 9312144 
432: 9206096 9307147 9312144 
433: 9306035 9212070 9310113 
434: 9306035 9212070 9312144 
435: 9212070 9307147 9312144 
436: 9210010 9304125 9307031 
437: 9302124 9304125 9307031 
438: 9302083 9307163 9311062 
439: 9308066 9311176 9312184 
440: 9301097 9206084 9307088 9308156 
441: 9210128 9308060 9309033 9312042 
442: 9212016 9309095 9312013 
443: 9212017 9309095 9312013 
444: 9208002 9309100 9310191 
445: 9206015 9309100 9310191 
446: 9304011 9306153 9310136 
447: 9201078 9305093 9310160 9311021 
448: 9305093 9210049 9310160 9311021 
449: 9310200 9311084 9312013 
450: 9301046 9211034 9303111 
451: 9301046 9211034 9304056 9305114 
452: 9211034 9303013 9303111 
453: 9211034 9303013 9304056 9305114 
454: 9301058 9209113 9305040 9306083 
455: 9209113 9304027 9305040 9306041 
456: 9209113 9304027 9306041 9310101 
457: 9209113 9305040 9306041 9306083 
458: 9209113 9306041 9306083 9310101 
459: 9301067 9305163 9312075 
460: 9301067 9201059 9310157 
461: 9301097 9210065 9304053 9305026 
462: 9301097 9210065 9304053 9307088 9311009 
463: 9301097 9210065 9307088 9308001 
464: 9301099 9212016 9305098 
465: 9301099 9212016 9312013 
466: 9301099 9302114 9304115 9305098 9309125 
467: 9301099 9302114 9304115 9312010 
468: 9301099 9302114 9309041 9309125 
469: 9302006 9306033 9306059 
470: 9302014 9201011 9303101 
471: 9302014 9201011 9312212 
472: 9201011 9303101 9312210 
473: 9206006 9302037 9302126 
474: 9302038 9305185 9307121 
475: 9302071 9201078 9305093 9305094 9306156 
476: 9302071 9201078 9305093 9310131 9311021 
477: 9302071 9205113 9305093 9305094 9306156 
478: 9305093 9305094 9210049 9306156 
479: 9305093 9210049 9310131 9311021 
480: 9201061 9302101 9305040 
481: 9201074 9302101 9305040 
482: 9203054 9302101 9305040 
483: 9203042 9302101 9305040 
484: 9203052 9302101 9305040 
485: 9201074 9302144 9307140 
486: 9203054 9302144 9307140 
487: 9206070 9302144 9307140 
488: 9205069 9302144 9307140 
489: 9207095 9302144 9307140 
490: 9201074 9307140 9306069 
491: 9203054 9307140 9306069 
492: 9206070 9307140 9306069 
493: 9205069 9307140 9306069 
494: 9207095 9307140 9306069 
495: 9209006 9306035 9310113 
496: 9209006 9306035 9312144 
497: 9209006 9307147 9312144 
498: 9303057 9209016 9304154 9305185 9307121 
499: 9209016 9305185 9311120 
500: 9201010 9303101 9306153 
501: 9201010 9309012 9310191 
502: 9201013 9303101 9306153 
503: 9201013 9303101 9312210 
504: 9207095 9303140 9309008 
505: 9204018 9303146 9310137 
506: 9305040 9207034 9306041 
507: 9305040 9207034 9306069 
508: 9305040 9207034 9307143 
509: 9303046 9303159 9305047 9309119 
510: 9303159 9212149 9305047 9309119 
511: 9303159 9301068 9305047 9309119 
512: 9301097 9205088 9305087 9309103 9310012 
513: 9301097 9208027 9305087 9309103 9310012 
514: 9202021 9305087 9309103 9310012 
515: 9302103 9204102 9305124 
516: 9208055 9305142 9305185 9307121 
517: 9305142 9305185 9311120 
518: 9205051 9305142 9311120 
519: 9205081 9305142 9311120 
520: 9307088 9305139 9311009 
521: 9305139 9308052 9310026 
522: 9303046 9307111 9311015 
523: 9212149 9306013 9307111 9311015 
524: 9301068 9306013 9307111 9311015 
525: 9301097 9205088 9307088 9308001 
526: 9301097 9206084 9307088 9308001 
527: 9301097 9208027 9307088 9308001 
528: 9210107 9305109 9308011 
529: 9210120 9305109 9308011 
530: 9211057 9305109 9308011 
531: 9301047 9311062 9308042 9310159 
532: 9308042 9310159 9311012 
533: 9301047 9308042 9310159 9312154 
534: 9201039 9308042 9310159 9312154 
535: 9301015 9308042 9310159 
536: 9201056 9308052 9310026 
537: 9206084 9304053 9308052 
538: 9302126 9204099 9308077 
539: 9204099 9303007 9308077 
540: 9204099 9303032 9308077 
541: 9206015 9309012 9310191 
542: 9202092 9301047 9309042 
543: 9205037 9301047 9309042 
544: 9301047 9206006 9309042 
545: 9301047 9206048 9309042 
546: 9303153 9303046 9303159 9309044 
547: 9303159 9212149 9309044 
548: 9303159 9301068 9309044 
549: 9201061 9303014 9310155 
550: 9201074 9303014 9310155 
551: 9203052 9303014 9310155 
552: 9205069 9303014 9310155 
553: 9301046 9211102 9304056 9304150 9311058 
554: 9206035 9306153 9311086 
555: 9207053 9305185 9311120 
556: 9205027 9305185 9311120 
557: 9301099 9209111 9304115 9308114 9312010 
558: 9206070 9307079 9312017 9312194 
559: 9209012 9307079 9312017 9312194 
560: 9201074 9304148 9312017 
561: 9206070 9304148 9312017 
562: 9304148 9209008 9312017 
563: 9301018 9305114 9312043 
564: 9301046 9211102 9304056 9304150 9305114 9312043 
565: 9201056 9301083 9312190 
566: 9301046 9211102 9303111 
567: 9301058 9209058 9305040 9306083 
568: 9209058 9304027 9305040 9306041 
569: 9209058 9304027 9306041 9310101 
570: 9209058 9305040 9306041 9306083 
571: 9209058 9306041 9306083 9310101 
572: 9301099 9210134 9304115 9305098 
573: 9301099 9212017 9305098 9309125 
574: 9301099 9212017 9312013 
575: 9301099 9212117 9304115 9305098 9309125 
576: 9301099 9212117 9304115 9311084 
577: 9301099 9212117 9309041 9309125 
578: 9301099 9212117 9309041 9311084 
579: 9301119 9305040 9305125 
580: 9301119 9305040 9307157 
581: 9203054 9301119 9305040 
582: 9206070 9301119 9305040 
583: 9301119 9205069 9305040 
584: 9206070 9301119 9307052 
585: 9301119 9205069 9307052 
586: 9207053 9303057 9304129 
587: 9207053 9303057 9304154 9305185 9307121 
588: 9302022 9305040 9306083 
589: 9301047 9206048 9302070 9302126 
590: 9201061 9302070 9312171 
591: 9302070 9202004 9312171 
592: 9302071 9205113 9305093 9310131 9311021 
593: 9303016 9311062 9310159 
594: 9303016 9310159 9311012 
595: 9206051 9303016 9311012 
596: 9303057 9207016 9304129 
597: 9303057 9207016 9304154 9305185 9307121 
598: 9303153 9303046 9303159 9311130 9309119 
599: 9303159 9301068 9311130 9309119 
600: 9302124 9304125 9306033 
601: 9302124 9304125 9312049 
602: 9304128 9305040 9306083 
603: 9206070 9304128 9305040 
604: 9207095 9304128 9305040 
605: 9304128 9209012 9305040 
606: 9304128 9306083 9310101 
607: 9304155 9201039 9308018 9308080 
608: 9304155 9201039 9308018 9310159 
609: 9201039 9305074 9308018 9310159 
610: 9206029 9305163 9312075 
611: 9301038 9306043 9310191 
612: 9208002 9306043 9310191 
613: 9206015 9306043 9310191 
614: 9208002 9306043 9312145 
615: 9206015 9306043 9312145 
616: 9208035 9310170 9312150 
617: 9201056 9301097 9307088 9309027 9311009 
618: 9301097 9205088 9307088 9309027 9311009 
619: 9301097 9206084 9307088 9309027 9311009 
620: 9301097 9208027 9307088 9309027 9311009 
621: 9202021 9307088 9309027 9311009 
622: 9206034 9301046 9303111 
623: 9201061 9301058 9305040 9306083 
624: 9301058 9203059 9305040 9306083 
625: 9301058 9209055 9305040 9306083 
626: 9301058 9211030 9305040 9306083 
627: 9301058 9203054 9305040 
628: 9203059 9304027 9305040 
629: 9203059 9304027 9310101 
630: 9203059 9306083 9310101 
631: 9204011 9305074 9308018 9310159 
632: 9211030 9302080 9304027 9305040 9306041 
633: 9211030 9302080 9304027 9306041 9310101 
634: 9211030 9302080 9304027 9310101 9312172 
635: 9201074 9302080 9305040 9306041 
636: 9211030 9302080 9305040 9305125 
637: 9201074 9302080 9306041 9310101 
638: 9206006 9302083 9302126 
639: 9202092 9302083 9311062 9310159 
640: 9205037 9302083 9308080 
641: 9206006 9302083 9308080 
642: 9205037 9302083 9310159 
643: 9206006 9302083 9310159 
644: 9201056 9302086 9309041 9311084 
645: 9201050 9302086 9309041 9311084 
646: 9302086 9207067 9311084 
647: 9201050 9302086 9312185 
648: 9210010 9302086 9312185 
649: 9302086 9207067 9312185 
650: 9207067 9308114 9311084 
651: 9201040 9304053 9305026 
652: 9201040 9304053 9307088 9311009 
653: 9201040 9305185 9307121 
654: 9205037 9301047 9303059 
655: 9301047 9206006 9303059 
656: 9301047 9206048 9303059 
657: 9209118 9305040 9306041 
658: 9210010 9306033 9306059 9307015 
659: 9302124 9306033 9306059 
660: 9301099 9209111 9304115 9308114 9309125 
661: 9209037 9308114 9309125 
662: 9301099 9209111 9304115 9308114 9311084 
663: 9209037 9308114 9311084 
664: 9302103 9204102 9310082 
665: 9301099 9311084 9312013 
666: 9201056 9301083 9312189 
667: 9201056 9304011 9312189 
668: 9301015 9205037 9308018 9308080 
669: 9301015 9202092 9308018 9310159 
670: 9301015 9205037 9308018 9310159 
671: 9301097 9205088 9305026 
672: 9301099 9201050 9304115 9305098 9309125 
673: 9301099 9201050 9304115 9311084 
674: 9301099 9201050 9309041 9309125 
675: 9301099 9201050 9309041 9311084 
676: 9302103 9311130 9309140 
677: 9302103 9309140 9311009 
678: 9302144 9305040 9305125 
679: 9201061 9302144 9305040 
680: 9201074 9302144 9305040 
681: 9203054 9302144 9305040 
682: 9206070 9302144 9305040 
683: 9205069 9302144 9305040 
684: 9207095 9302144 9305040 
685: 9302144 9205028 9305040 
686: 9201074 9303014 9310156 
687: 9203054 9303014 9310156 
688: 9203042 9303014 9310156 
689: 9203052 9303014 9310156 
690: 9205069 9303014 9310156 
691: 9209037 9305098 9309125 
692: 9303057 9208055 9304154 9305185 9307121 
693: 9211057 9304072 9308062 
694: 9211057 9305109 9308062 
695: 9304155 9311062 9308018 9310159 
696: 9301047 9304155 9311062 9310159 
697: 9206006 9304155 9308018 9308080 
698: 9208001 9304155 9308018 9308080 
699: 9206006 9304155 9308018 9310159 
700: 9206048 9304155 9308018 9310159 
701: 9208001 9304155 9308018 9310159 
702: 9301047 9206006 9304155 9308080 
703: 9301047 9206006 9304155 9310159 
704: 9301047 9206048 9304155 9310159 
705: 9209122 9305003 9310046 
706: 9305040 9210017 9306041 
707: 9305040 9210017 9305125 
708: 9305040 9210017 9306069 
709: 9305040 9210017 9307143 
710: 9211030 9305040 9307079 
711: 9206070 9305040 9307079 
712: 9205069 9305040 9307079 
713: 9206020 9305040 9307079 
714: 9205089 9305040 9307079 
715: 9209012 9305040 9307079 
716: 9205069 9307079 9312194 
717: 9206020 9307079 9312194 
718: 9205089 9307079 9312194 
719: 9201061 9305040 9306083 9307157 
720: 9201074 9305040 9307157 
721: 9203052 9305040 9307157 
722: 9201021 9305040 9307157 
723: 9301099 9209111 9309041 9309125 
724: 9201056 9301099 9309041 9311084 
725: 9301099 9209111 9309041 9311084 
726: 9301097 9206084 9309103 
727: 9303153 9303046 9311130 9309107 9309119 
728: 9301068 9311130 9309107 9309119 
729: 9212149 9309107 9309119 
730: 9304011 9306153 9310137 
731: 9301047 9206048 9305074 9310159 
732: 9301047 9206048 9310159 9312154 
733: 9206048 9305074 9308018 9310159 
734: 9204072 9305040 9306041 9306083 
735: 9204072 9305040 9306083 9307143 
736: 9204072 9306041 9306083 9310101 
737: 9205028 9304148 9305040 9306041 
738: 9205028 9305040 9306069 
739: 9205028 9305040 9307143 
740: 9209055 9304072 9305040 9306041 
741: 9210107 9304072 9305040 9306041 
742: 9210120 9304072 9305040 9306041 
743: 9210107 9304072 9308062 
744: 9210120 9304072 9308062 
745: 9304148 9209008 9305040 9306041 
746: 9304148 9209008 9305040 9305125 
747: 9209008 9305040 9306069 
748: 9209008 9305040 9307143 
749: 9301038 9306037 9310191 
750: 9208002 9306037 9310191 
751: 9206015 9306037 9310191 
752: 9208002 9306037 9312145 
753: 9206015 9306037 9312145 
754: 9211040 9309125 9310170 
755: 9209122 9305109 9310046 
756: 9206070 9306069 9312194 
757: 9205069 9306069 9312194 
758: 9206020 9306069 9312194 
759: 9205089 9306069 9312194 
760: 9209012 9306069 9312194 
761: 9210121 9302033 9302126 9311012 
762: 9210121 9302033 9311062 
763: 9210121 9302033 9312154 
764: 9201056 9301083 9309140 
765: 9301099 9209111 9304115 9305098 9309125 
766: 9201021 9305040 9306069 
767: 9201021 9305040 9307143 
768: 9208001 9305074 9308018 9310159 
769: 9301097 9206084 9304053 9305026 
770: 9301097 9206084 9304053 9307088 9311009 
771: 9201056 9301099 9304115 9311084 
772: 9210107 9305040 9305109 9306041 
773: 9210120 9305040 9305109 9306041 
774: 9210107 9305109 9308062 
775: 9210120 9305109 9308062 
776: 9205037 9301047 9308080 
777: 9301047 9206006 9310159 9312154 
778: 9301047 9206078 9305074 9310159 
779: 9206078 9305074 9308018 9310159 
780: 9303046 9311130 9309140 
781: 9301068 9311130 9309140 
782: 9209012 9305040 9306069 
783: 9209012 9305040 9307143 
784: 9202092 9305074 9311062 9308018 9310159 
785: 9202092 9301047 9305074 9311062 9310159 
786: 9205037 9305074 9308018 9310159 
787: 9206006 9305074 9308018 9310159 
788: 9205037 9301047 9305074 9310159 
789: 9301047 9206006 9305074 9310159 
790: 9205027 9303057 9305185 
791: 9206020 9304027 9305040 9306041 
792: 9206020 9304027 9306041 9310101 
793: 9206020 9304148 9305040 9306041 
794: 9206020 9305040 9306069 
795: 9206020 9305040 9307143 
796: 9301097 9208027 9305026 
797: 9202014 9310101 9312172 
798: 9202092 9302033 9311062 
799: 9209055 9305040 9305125 
800: 9203042 9304148 9305040 9305125 
801: 9203052 9304148 9305040 9305125 
802: 9201061 9304027 9310101 9312172 
803: 9202004 9304027 9310101 9312172 
804: 9209055 9304027 9305040 9306041 
805: 9209055 9305040 9306041 9306083 
806: 9211030 9305040 9306041 9306083 
807: 9211030 9305040 9306083 9307143 
808: 9211030 9306041 9306083 9310101 
809: 9203042 9304148 9305040 9306041 
810: 9203042 9305040 9306069 
811: 9203042 9305040 9307143 
812: 9202004 9304027 9305040 9306041 
813: 9202004 9304027 9306041 9310101 
814: 9202004 9304148 9305040 9306041 
815: 9301047 9206006 9302126 
816: 9201061 9304027 9305040 9306041 
817: 9205069 9304027 9305040 9306041 
818: 9304027 9205089 9305040 9306041 
819: 9201061 9304027 9306041 9310101 
820: 9205069 9304027 9306041 9310101 
821: 9304027 9205089 9306041 9310101 
822: 9201056 9301097 9305026 
823: 9207095 9304148 9305040 
824: 9207095 9305040 9306069 
825: 9205089 9304148 9305040 9306041 
826: 9205089 9305040 9306069 
827: 9205089 9305040 9307143 
828: 9201061 9304148 9305040 9306041 9306083 
829: 9201074 9304148 9305040 9306041 
830: 9203054 9304148 9305040 9306041 
831: 9203052 9304148 9305040 9306041 
832: 9206070 9304148 9305040 9306041 
833: 9205069 9304148 9305040 9306041 
834: 9201061 9305040 9306083 9307143 
835: 9201074 9305040 9307143 
836: 9203054 9305040 9307143 
837: 9203052 9305040 9307143 
838: 9206070 9305040 9307143 
839: 9205069 9305040 9307143 
840: 9203052 9305040 9306069 
841: 9201056 9309140 9311009 
842: 9206084 9309140 9311009 
843: 9205069 9305040 9306069 
844: 9201061 9305040 9306069 9306083 
845: 9201074 9305040 9306069 
846: 9203054 9305040 9306069 
847: 9206070 9305040 9306069 
848: 9201061 9306041 9306083 9310101 
