# The directed communities at k=5
# from /Users/bogna/dev/role-mining/datasets/hepth/timeslots/cit-HepTh-1997.edges
# at no lower link weight threshold,
# and at no upper link weight threshold.
# Links were treated as directed.
# No time limit was set for the clique search.

0: 9701041 9207004 9212113 9504056 9511208 9706041 9707211 9712085 
1: 9701008 9304154 9611065 9503124 9512062 9611050 9510017 9701037 9307049 9309143 9501113 9503182 9506109 9510053 9602064 9602071 9604103 9606118 9607070 9607227 9610148 9610234 9610249 9611008 9611100 9611159 9611173 9612174 9512059 9612080 9701127 9203051 9304046 9312168 9502141 9701149 9701166 9609102 9701186 9702008 9702111 9702133 9703062 9703099 9703127 9704021 9704093 9704165 9705040 9705056 9705064 9705092 9705093 9705118 9705139 9705162 9706050 9706197 9706208 9707011 9707044 9707063 9707110 9707119 9707200 9707246 9710223 9707236 9708001 9708003 9708011 9708053 9709014 9709069 9709107 9709202 9710007 9710010 9710033 9710034 9710063 9710127 9710206 9711007 9711055 9711143 9711161 9711203 9712004 9712040 9712059 9712068 9712073 9712115 9712117 9712205 9712231 
2: 9506102 9702138 9606063 9607219 9705108 9705229 9711028 
3: 9702177 9602066 9703001 9704072 9707006 
4: 9502072 9504090 9506112 9604035 9508072 9602136 9607077 9608059 9608099 9610105 9610157 9610232 9611140 9612076 9701054 9605059 9603090 9504145 9702010 9611210 9702103 9702168 9703101 9608106 9703134 9704095 9704142 9704147 9705090 9705150 9705169 9706096 9708065 9708103 9710046 9712221 
5: 9407087 9408099 9608084 9503115 9605096 9701069 9701158 9601115 9604147 9605149 9611230 9507135 9610204 9703147 9607089 9703166 9704197 9704214 9705027 9705057 9705181 9706007 9706013 9706078 9706079 9706099 9708036 9710085 9710142 9710185 9710250 9711135 9711143 9712128 9712152 
6: 9701057 9605221 9607137 9607138 9609027 9610106 9704113 9707249 9710149 
7: 9410167 9503124 9601029 9701042 9602043 9604035 9604166 9604179 9609212 9612095 9612236 9603087 9604168 9606033 9609056 9610105 9601177 9701088 9701092 9605059 9608095 9609225 9610170 9611026 9612089 9701095 9702077 9609095 9702079 9702164 9703179 9705011 9705036 9705067 9706153 9708157 9709065 9710110 9710207 9710218 9712170 
8: 9407087 9408099 9505186 9408074 9411102 9701128 9403195 9404115 9503201 9504010 9506002 9507140 9603169 9702054 9702106 9612143 9704032 9706225 9709192 9711132 
9: 9309023 9506027 9509074 9510117 9605173 9611039 9701082 9211021 9406216 9410136 9507017 9608136 9608195 9610107 9610166 9610238 9701085 9701115 9701154 9305025 9608026 9609087 9610252 9611204 9611223 9702043 9407101 9610131 9504083 9703150 9704013 9704047 9704173 9705035 9705050 9706221 9707182 9708008 9708046 9708154 9709022 9709030 9710018 9710188 9711027 9711049 9712091 
10: 9702035 9502110 9605018 9703152 9704023 9704034 9704136 9705123 
11: 9604136 9704157 9705193 9204024 9705105 9708110 9708169 
12: 9308020 9201074 9705236 9706009 9706066 9706143 9707025 9707041 9708139 9709224 9712015 9712194 
13: 9611050 9510017 9701143 9511173 9701190 9702037 9705130 9706186 9707068 9710049 9711020 9711021 9711112 9712186 9712257 
14: 9512062 9607201 9512059 9703166 9603009 9708003 9708147 9709013 9709014 9709027 9710033 9710097 9710181 9711043 9711094 9711097 9711099 9711106 9711130 9711202 9711205 9712004 9712050 9712070 9712115 9712142 9712148 9712162 9712180 
15: 9701009 9407087 9407106 9408099 9408155 9411149 9503179 9505075 9505100 9509175 9509176 9510222 9603051 9607151 9609059 9611049 9611097 9410167 9502072 9503124 9507121 9508155 9512062 9602022 9602049 9509066 9701014 9402147 9411048 9411057 9505035 9509161 9509162 9510101 9512161 9604078 9607109 9609219 9701015 9505006 9511030 9511222 9512077 9601038 9603042 9605033 9607058 9608129 9609239 9611050 9611090 9612052 9701019 0208020 9501068 9505105 9508143 9510017 9510135 9510225 9511043 9601029 9602052 9603167 9604156 9607235 9608024 9610043 9610125 9612121 9301042 9510209 9512196 9603161 9701025 9611042 9612198 9602064 9610234 9508177 9512059 9602043 9602051 9603060 9603061 9603126 9604035 9604055 9604166 9604179 9604189 9609181 9609212 9612095 9612204 9701045 9504102 9505062 9507008 9608111 9505053 9506126 9508072 9512031 9602136 9603087 9603109 9604168 9611047 9609145 9701075 9407031 9504108 9507158 9608079 9612127 9511064 9605224 9610172 9701093 9512081 9603081 9603127 9610237 9611103 9612115 9604034 9411187 9602065 9603078 9603100 9603147 9603195 9604042 9604089 9606193 9309145 9609075 9612146 9504081 9508154 9510086 9601057 9603150 9603194 9701119 9505004 9505051 9506148 9611197 9701123 9510204 9510224 9511052 9511126 9601168 9602005 9603140 9604199 9607159 9610242 9701125 9510169 9606165 9701139 9512219 9610082 9610236 9611164 9611202 9611215 9701142 9602135 9604065 9309097 9603003 9607163 9701151 9612087 9612157 9612222 9612223 9603090 9609026 9503086 9505088 9609070 9609071 9610251 9607108 9612051 9701166 9506011 9602120 9701168 9701169 9606017 9701187 9405117 9504147 9512078 9601152 9605016 9606185 9607149 9608108 9608126 9609052 9609053 9609076 9611174 9702006 9612162 9702014 9607207 9611230 9702015 9611125 9702045 9610045 9702050 9506160 9605232 9702075 9611189 9702076 9605234 9702083 9607145 9510173 9702099 9606139 9611165 9702101 9608034 9611063 9611201 9702108 9612126 9702109 9212045 9410212 9501020 9507051 9702136 9702153 9608096 9702154 9702163 9702173 9702180 9702174 9607007 9511164 9612131 9702187 9702198 9702202 9702203 9702205 9703016 9703030 9703031 9703038 9703039 9703040 9703041 9703049 9605028 9608012 9611017 9703051 9703052 9703056 9611205 9703076 9703077 9703078 9703098 9611213 9703100 9703102 9703110 9703124 9703133 9703146 9703163 9703166 9703172 9703179 9703180 9703201 9703204 9703208 9703209 9703210 9610140 9703211 9703215 9703216 9703217 9703218 9703228 9704017 9704018 9704029 9704030 9704041 9704043 9704044 9704059 9704061 9704067 9704075 9704080 9704086 9704087 9704089 9704098 9704104 9704112 9612128 9704120 9704123 9704127 9704134 9704143 9704145 9704151 9704156 9704158 9704170 9704172 9704195 9704197 9704198 9704199 9704204 9704205 9705003 9705004 9705005 9705011 9705013 9705014 9705022 9705029 9705031 9705040 9705046 9705053 9705054 9705055 9705057 9705066 9705069 9705074 9705078 9705079 9705084 9705091 9705106 9705107 9705110 9705113 9705116 9705117 9705120 9705128 9705130 9705131 9705132 9705137 9705148 9705162 9705165 9705175 9705188 9705190 9705192 9705199 9705212 9705220 9705221 9705225 9705232 9705239 9706007 9706025 9706039 9706047 9706050 9706057 9706071 9706072 9706073 9706076 9706082 9706087 9706089 9706100 9706109 9706110 9706117 9706121 9706127 9706130 9706131 9706141 9706142 9706144 9706151 9706153 9706155 9706168 9706175 9706187 9706192 9706194 9706195 9706196 9706204 9706217 9707013 9707014 9707018 9707019 9707027 9707042 9707043 9707071 9707079 9707093 9707099 9707102 9707120 9707123 9707124 9707126 9707132 9707134 9707146 9707157 9707158 9707164 9707170 9707179 9707188 9707190 9707192 9707197 9707200 9707205 9707214 9707217 9707222 9707228 9707241 9707244 9707247 9707250 9707251 9707258 9707259 9707261 9708002 9708005 9708012 9708015 9708021 9708022 9708034 9708037 9708039 9708041 9708044 9708060 9708062 9708063 9708068 9708070 9708074 9708082 9708083 9708085 9708089 9708090 9708099 9708116 9708117 9708118 9708119 9708122 9708123 9708127 9708129 9708130 9708134 9708137 9708164 9708168 9709001 9709005 9709006 9709010 9709015 9709029 9709033 9709037 9709038 9709054 9709058 9709062 9709063 9709065 9709081 9709087 9709089 9709091 9709096 9709098 9709099 9709107 9709108 9709114 9709116 9709118 9709122 9709123 9709132 9709137 9709138 9709139 9709146 9709160 9709171 9709172 9709199 9709206 9709211 9709220 9709225 9709228 9710005 9710009 9710014 9710020 9710023 9710026 9710027 9710029 9710030 9710046 9710053 9710057 9710192 9712201 9710064 9710065 9710078 9710098 9710102 9710104 9710116 9710120 9710121 9710122 9710123 9710124 9710129 9710151 9710165 9710168 9710174 9710178 9710191 9710206 9710215 9710217 9710218 9710219 9710226 9710228 9710231 9710239 9710242 9710245 9710247 9711001 9711003 9711005 9711010 9711012 9711013 9711017 9711029 9711030 9711031 9711032 9711037 9711040 9711042 9711046 9711063 9711068 9711069 9711072 9711073 9711074 9711076 9711078 9711081 9711082 9711083 9711090 9711098 9711102 9711105 9711107 9711109 9711116 9711117 9711124 9711131 9711138 9711143 9711153 9711156 9711157 9711160 9711162 9711165 9711169 9711177 9711179 9711194 9711200 9712005 9712011 9712012 9712013 9712020 9712021 9712026 9712029 9712046 9712047 9712049 9712230 9712055 9712061 9712063 9712071 9712072 9712075 9712077 9712079 9712082 9712084 9712086 9712088 9712105 9712110 9712117 9712118 9712130 9712133 9712135 9712136 9712142 9712143 9712145 9712146 9712149 9712150 9712155 9712156 9712159 9712160 9712164 9712166 9712168 9712172 9712177 9712179 9712184 9712185 9712187 9712193 9712195 9712202 9712213 9712215 9712223 9712236 9712238 9712253 
16: 9402044 9411149 9503179 9510222 9503121 9507018 9510228 9602031 9602035 9505004 9505051 9506148 9611197 9701155 9503086 9505067 9510148 9603034 9605113 9611088 9702059 9605232 9705003 9707076 9710213 
17: 9601029 9701077 9605224 9606113 9612248 9705063 9710158 9712253 
18: 9601038 9701137 9509080 9705038 9707051 9709013 
19: 9512062 9601150 9704131 9705162 9706094 9706117 9707011 9707113 9707139 9712064 9712115 
20: 9306009 9508076 9703053 9703132 9709106 9709176 
21: 9701018 9603021 9704016 9708163 9710048 
22: 9604006 9706152 9709025 9711196 9712056 9712247 
23: 9705052 9507136 9509110 9612194 9705124 9707199 9709079 9712066 9712087 9712144 
24: 9602022 9602049 9603116 9604139 9607112 9607185 9612008 9612102 9612119 9602114 9611103 9603150 9611007 9610074 9608017 9703060 9604200 9608061 9703123 9703214 9704040 9704054 9704057 9705205 9706148 9706185 9707215 9708064 9709025 9710066 9710141 9711127 9711128 9712017 
25: 9301042 9701162 9701165 9502012 9503212 9309110 9705210 9710021 9710031 9711036 
26: 9212088 9303012 9401059 9401092 9404031 9405005 9502096 9605183 9609174 9402008 9709032 9711023 9711047 9711057 9711096 9711110 9712006 9712051 
27: 9606001 9701096 9705153 9706107 9707202 9709198 9712206 
28: 9504006 9706108 9512143 9609016 9612203 9706169 9706216 9709088 9709129 9710212 9711025 9711038 
29: 9611238 9702190 9709034 9710019 9712111 
30: 9604097 9210127 9703075 9710127 9711059 9711077 9711089 9712176 
31: 9701028 9405190 9411122 9508017 9704094 9704202 9705088 9709100 
32: 9602114 9603161 9610154 9412117 9701175 9704097 9704129 9706226 
33: 9511065 9703196 9708042 9711035 9711150 9712025 
34: 9702162 9605231 9705021 9708054 9710233 
35: 9402002 9410167 9508143 9607201 9506194 9703009 9509148 9705016 9706165 9709017 
36: 9407087 9408099 9505075 9505100 9509175 9509176 9411048 9411057 9509161 9504102 9507008 9505150 9506102 9604051 9604059 9609116 9609145 9511180 9606043 9608183 9608054 9703176 9609062 9609157 9703180 9703186 9704174 9705131 9705166 9706110 9707022 9708017 9708073 9710068 9712018 
37: 9604136 9704157 9705105 9710112 9711150 9712025 
38: 9510209 9701048 9602070 9603142 9605136 9606036 9609209 9608019 9702110 9506144 9704177 9705037 9706035 9706171 9707143 9707208 9707223 9708049 9708112 9709023 9709043 9709049 9710208 9711080 9711158 9711197 9712022 9712214 
39: 9610249 9612080 9705040 9705056 9706027 9708007 9709044 
40: 9701165 9605036 9702030 9704185 9705173 
41: 9507121 9511030 9601038 9605184 9611050 9504090 9603167 9601036 9603003 9608194 9605036 9602120 9609161 9503212 9702038 9604129 9609159 9612108 9702198 9703098 9703167 9704185 9705022 9705030 9705044 9705104 9705173 9705220 9706047 9706158 9707047 9707075 9707212 9708117 9712143 9712145 9712233 
42: 9407087 9408099 9505150 9506102 9510129 9510183 9602174 9607239 9506181 9610026 9601059 9710112 9710161 9711150 9712025 9712039 9712054 9712109 9712110 
43: 9602022 9604030 9611090 9612052 9701023 9602114 9603161 9605200 9606122 9606148 9610162 9701147 9607091 9610195 9701162 9701165 9703007 9703182 9704097 9704185 9705174 9705197 9705210 9706093 9708049 9709222 
44: 9402044 9411149 9702174 9707260 9710105 9710125 9711166 9712046 
45: 9510225 9605200 9701162 9606086 9609070 9609071 9702198 9703167 9705044 9705104 9705220 9706110 
46: 9407087 9408099 9604034 9610053 9702012 9703145 9705237 9710146 
47: 9407087 9408099 9505062 9511154 9610053 9702166 9703072 9706145 9707017 9710248 9712054 
48: 9602087 9605176 9607126 9704115 9705061 9706154 9708046 
49: 9610043 9612157 9704029 9705005 9705225 9706002 9707261 9709044 
50: 9703059 9611205 9708062 9709061 9711048 
51: 9701055 9505150 9506102 9510129 9510183 9609041 9609145 9610156 9708170 9709053 9712110 
52: 9601038 9510169 9604129 9605049 9606169 9704059 9705163 9706051 9706158 9708040 9711069 9712141 
53: 9511222 9612143 9704167 9705127 9705138 9706225 9707118 9707174 9707186 9709178 9710082 9710165 9710168 9710177 
54: 9610043 9704037 9707190 9709042 9710064 9711044 
55: 9610043 9701139 9704037 9709042 9711081 
56: 9607235 9703031 9705078 9707021 9708091 
57: 9510209 9609122 9701048 9603142 9607011 9704165 9711014 9712022 
58: 9606148 9701162 9701165 9702199 9707198 9710021 
59: 9407087 9408099 9411048 9605090 9701055 9506102 9602174 9606199 9607066 9607076 9607202 9608060 9609041 9609116 9609145 9703176 9704174 9706099 
60: 9407087 9408099 9505062 9605101 9702166 9703072 9703176 9704174 
61: 9703072 9604004 9606191 9608135 9707017 9707260 9708113 9708122 9711030 
62: 9410167 9508072 9602136 9611163 9205027 9602111 9612105 9602014 9603090 9607108 9609204 9702103 9703134 9703156 9705024 9706097 9708025 9708109 9708164 9709113 9712253 
63: 9204099 9302126 9704005 9706192 9711138 9711200 9712251 
64: 9510135 9704167 9705127 9708039 9710059 
65: 9707093 9707158 9709228 9710020 9710029 
66: 9511030 9505105 9602114 9612108 9704097 9705104 9706005 9706158 
67: 9604035 9612095 9703124 9704120 9708055 9710155 
68: 9512059 9701166 9705117 9709069 9711001 9711161 9712117 
69: 9602064 9704021 9704051 9707063 9708093 
70: 9610043 9706132 9707202 9709198 9712206 
71: 9505105 9603170 9704097 9704129 9706110 9706226 9707022 
72: 9601029 9508072 9610105 9602111 9511064 9605016 9705078 9711053 9711067 9712150 9712221 9712253 
73: 9410167 9508143 9504081 9702201 9703009 9705016 9708153 9708154 
74: 9407087 9703166 9705199 9705232 9706023 9706095 
75: 9511030 9701165 9704097 9705104 9706226 9708049 
76: 9407087 9505075 9505035 9509161 9509162 9510101 9703166 9706050 9709001 9711156 
77: 9407087 9408099 9702012 9703145 9704174 9706110 
78: 9508155 9604034 9702012 9703145 9706110 9711013 
79: 9602064 9702133 9704021 9705162 9707011 
80: 9601038 9605184 9603003 9604129 9705030 9707075 9711059 9711077 
81: 9611050 9601029 9602043 9705054 9705116 9706097 9709113 
82: 9507048 9705162 9708003 9711043 9712004 
83: 9510169 9704120 9705162 9710027 9711043 
84: 9503124 9512062 9501068 9512059 9603142 9704165 9707200 9710215 9712082 
85: 9602114 9603161 9605200 9701165 9704097 9705104 9706110 
86: 9407087 9408099 9701069 9704114 9708130 9709062 
87: 9512062 9701037 9701166 9708003 9709107 
