# The contained directed cliques in the directed communities at k=5
# from /Users/bogna/dev/role-mining/datasets/hepth/timeslots/cit-HepTh-1997.edges
# at no lower link weight threshold,
# and at no upper link weight threshold.
# Links were treated as directed.
# No time limit was set for the clique search.

0: 660 661 662 2067 
1: 717 718 1080 1752 2895 8266 11243 1751 2894 8265 11242 2893 2897 2899 8271 11246 11253 11618 11622 12516 15833 15995 15996 16273 16532 2896 8264 11241 12515 15832 16529 16530 16531 2900 8267 11244 11251 8278 9935 5367 5368 5962 5965 5966 5967 5975 5976 5977 5979 6312 6314 7322 8268 8269 8270 8272 8273 8274 8275 8276 8277 8279 8380 9936 9937 9938 9939 9940 9941 9942 9944 9945 9946 9949 9950 9951 9952 10927 11245 11249 11256 11620 12920 15834 15835 15836 15997 15998 17935 17936 18092 18093 19549 5366 5369 6313 7191 8383 8384 10931 11247 11248 12444 12915 6311 5374 6315 11250 12788 12792 12801 6326 12803 6327 6329 6330 12917 6320 12918 6321 6322 6323 6324 7196 7330 8393 8394 9110 10928 10932 11252 11254 11255 11623 12445 12913 12916 17059 11257 12789 12793 12802 5271 8381 11258 5260 5269 5270 5259 5263 5264 7043 10938 10945 5261 5262 5268 7042 10937 10944 7796 7788 7790 11444 11260 7203 9047 11259 6248 7192 7193 7194 3285 6251 3280 3281 3282 7195 7197 7198 7199 7200 7201 8391 9452 12517 7202 7206 8385 8395 8396 8397 8398 9453 12771 15837 15838 15839 17938 18096 7204 7205 7207 9458 10985 10984 11154 11142 15211 8382 18317 8379 8386 8387 8388 8389 8390 8392 8399 8400 8407 8408 8411 8415 8422 12032 12033 12767 13712 8402 8412 8416 8423 12034 12035 12772 13715 15999 16000 18095 8401 8404 12036 12521 12520 12519 17937 19550 12773 13717 16310 17939 12769 12770 12781 12766 12768 12780 12778 12776 12779 13714 12777 12783 13713 8419 13722 8420 5961 16311 5959 5960 5963 5964 5969 5971 5973 5974 5980 5981 5982 5984 5986 11261 5970 5972 5291 5296 7318 7319 7323 7327 3993 5292 5297 5298 5299 7317 3994 5300 5301 5302 5303 5306 9100 9104 10933 11619 3995 5304 5305 5307 6110 6113 6114 6121 6122 3729 5308 5309 5310 3725 3728 3723 3724 3722 6115 6116 6111 6117 6118 6123 6124 8884 9106 9111 12443 6112 8914 10934 6120 6119 5294 10952 5293 7332 7335 7039 7331 7038 7041 7037 7320 7321 7326 7328 7329 10930 13709 13711 7049 10929 10942 10948 11624 7047 7048 7046 10941 10947 9101 9102 9107 9108 10936 1713 4380 1712 4379 8258 15994 12526 13708 13710 13716 9799 12523 6602 8406 9791 9800 9801 9802 6603 6604 6605 6606 9792 8409 9793 9794 9795 4729 8405 8410 8413 8417 8421 4721 4727 4730 4731 4733 4735 4720 4722 4723 4728 4724 4732 4734 4736 8414 8418 8403 13723 17060 9045 12731 13724 13725 5985 9046 5978 5983 9048 9057 9058 9059 9049 9061 7791 19881 12730 6319 12725 12729 12732 12734 12745 12746 6316 12733 12735 12736 12726 13726 12728 12727 12912 17061 2889 9053 2886 2890 2888 6317 9105 11621 6318 11625 9055 6877 2902 8878 8883 8885 2901 2903 8876 8879 3215 3218 3219 9109 9103 12756 12029 9947 12030 12031 11443 5274 5272 5276 5273 12785 6188 11394 12784 12787 6189 6191 6192 11393 11395 6202 12786 12804 17058 17057 4857 3542 4856 3540 2898 
2: 791 1838 3172 
3: 802 
4: 833 1505 2922 2925 3316 3318 4427 4429 7389 7392 9247 9248 9249 10964 10965 10966 2921 3314 3315 3665 4426 5825 5827 5829 7387 7388 9242 9243 9244 9245 9246 9257 9553 12350 12352 2920 5826 9552 2924 3317 5828 7391 10959 10960 3319 12359 3320 5834 7397 10957 10958 7398 10961 10962 10963 7402 4441 7403 12217 12367 12368 4439 4434 4437 4433 4436 5830 7393 12212 15647 15649 10220 10221 10222 10223 10227 10229 13795 10226 10228 10230 10231 5835 7399 10953 12214 13796 5832 5833 7395 10954 3666 7396 10955 10956 4430 7390 12218 12353 12355 12356 12360 4428 9254 9255 9256 12351 3633 11562 3630 7385 10967 10968 
5: 989 4316 4325 4317 4318 4320 4326 3129 4324 4328 9988 3128 5523 8033 9989 5517 4028 5516 5519 8029 8441 8442 9990 8028 8445 8446 8030 8171 8172 8179 8180 2352 2351 4323 3707 3706 6062 5645 6063 6064 6065 2842 5644 2838 2839 2840 2841 2070 2274 2978 2982 5556 5557 2071 2275 2979 2983 5558 5559 
6: 1022 1024 1026 1028 1391 
7: 1051 1053 1737 2073 2106 2502 3663 4410 6352 9121 11638 12210 13976 13981 13986 13994 1739 2074 2108 2507 4416 5486 6354 13978 13983 13988 13991 13996 2109 2110 4417 8499 2107 4418 8500 2503 3664 4411 11639 13982 13987 13995 13980 13979 13985 13990 13993 6350 13313 13984 13989 13992 4414 8501 9122 13294 13302 13314 13315 13316 13317 13319 13324 13326 13339 4404 4412 4413 4419 4420 13320 13323 13340 4401 4402 4403 9113 13318 13322 13325 13296 13297 13292 13298 13306 13293 13336 13337 10846 13299 13309 10847 10848 13310 13311 13312 13303 13307 13304 13305 13295 13308 12961 15976 12960 4399 10133 15972 15973 15974 15975 13328 13334 13977 8504 5634 8502 5635 8503 
8: 1086 1087 2128 2131 2543 4055 5477 5478 5479 8356 3768 8355 1473 1755 2129 1474 1756 2132 2544 5480 5481 5482 5483 
9: 1100 1101 2153 2159 3694 3988 4497 4942 13637 2155 2156 2695 2696 10023 2161 2974 3697 4500 4931 4946 5853 8477 10022 2160 2164 2158 2972 3696 4499 4929 4944 5851 3693 3987 4496 4941 13636 3695 2154 3698 3989 4498 4943 13638 3699 4501 4947 5091 5092 5093 5094 5391 5786 3034 4502 5095 5096 5097 5098 5392 5787 3033 2494 5088 5089 5090 2491 3141 5795 8510 8511 8512 8513 8989 2492 7988 8990 5796 8514 8515 8516 5084 5083 5085 4809 4810 4812 2498 6213 6914 2497 6212 6214 6211 5797 1132 7992 7993 5784 7991 8324 8325 5783 8322 8323 8327 4928 5850 8328 4935 3704 4507 4936 5858 3705 4508 5859 8479 9648 10969 
10: 1128 1602 1878 
11: 1262 2341 
12: 1326 2266 2265 3199 2751 2453 2454 3201 2452 3200 
13: 1334 1336 7800 7802 7801 6236 7511 7799 7803 9993 6238 6462 6463 7512 7514 
14: 1355 4829 4831 3498 5281 3495 3497 4832 3880 3881 3882 6215 6833 6829 6828 6830 10700 10704 6827 6826 7783 7784 3268 11441 3267 5277 
15: 1360 1361 2045 2851 5317 9574 12166 12167 12168 12169 12170 2046 2853 2858 4874 5319 7898 9576 11626 12171 12172 12173 12174 12175 2047 2855 2856 4875 11073 11075 12185 12186 12189 15671 15672 15673 16453 16454 16455 2854 10333 10334 10335 10336 10337 10338 10340 10341 10342 11069 11071 12181 12182 12183 12184 12187 13727 13730 13738 13741 13745 15653 15654 15655 15656 15657 15658 15659 15660 15661 15662 15663 15664 15665 15666 15667 15668 16602 16603 16604 16605 16606 16607 16608 16609 16610 16611 16612 16613 16614 16615 16616 16617 16619 16620 16621 16622 16623 16624 16625 16626 16629 16630 16631 16632 18374 18375 18393 18961 18962 18963 18964 18965 18966 18967 18968 18969 18970 18971 18972 18973 18974 18975 18976 18977 18978 18979 18980 18981 18982 18983 18984 18985 18986 18987 18988 18989 18990 18991 18992 18993 18994 18995 18996 18997 18998 18999 19000 19001 19002 19003 19004 19005 19006 19007 19008 19009 19010 19011 19012 19013 19014 19015 19016 19017 19018 19019 19020 19021 19022 19023 19024 19025 19026 19504 19505 19506 19507 19508 19509 19510 19511 19512 19513 19514 19515 19516 19517 19518 19519 19520 19521 19522 19523 19524 19525 19526 19527 19528 19529 19797 19798 19799 19802 19803 19804 19806 19807 19811 19812 19814 19817 19819 20143 20144 20145 20146 20147 20148 20149 20150 20155 20156 20157 20158 20159 20160 20161 20162 20163 20164 20165 20228 20229 20237 20238 20251 20252 20255 20256 2852 2859 12176 12177 12178 12179 2857 4337 9575 10403 10404 10405 10406 5318 10407 10408 9281 9283 10343 10344 10346 10347 10348 10608 10611 10612 10613 10614 10615 10616 11023 11024 11025 11029 11034 11070 11072 11074 11076 12815 12816 12817 12818 12819 12820 12821 12822 12823 12825 12826 12827 12828 12829 12831 12837 12840 12841 12842 13352 13390 13395 13477 13478 13484 13491 13518 13524 13610 13611 13729 13732 13740 13743 13744 13938 13939 13940 13941 13942 13943 13944 13945 13946 13947 13948 13949 13950 13951 13952 13953 13954 13955 13956 13957 13958 14363 14364 14365 14366 14367 14375 14427 14428 14429 14430 14431 14432 14433 14434 14435 14436 14437 14438 14439 14440 14441 14442 14443 14444 14445 14446 14754 14849 14850 14851 14852 14853 14854 14855 14856 14857 14858 14859 14860 14861 14862 15220 15221 15222 15223 15224 15225 15227 15229 15231 15233 15235 15237 15249 15250 15251 15252 15669 15670 15674 15675 15676 15677 15678 15679 15682 15683 15684 15685 15686 15687 15688 15689 15691 15692 15693 15694 15695 15696 15697 15698 15699 15703 15704 15707 15708 15811 16166 16280 16284 16449 16451 16452 17159 17160 17161 17162 17163 17164 17165 17166 17167 17168 17169 17170 17171 17172 17173 17174 17175 17176 17177 17178 17179 17180 17181 17182 17183 17184 17185 17186 17187 17188 17189 17190 17191 17192 17193 17194 17195 17196 17197 17198 17199 17200 17201 17202 17203 17204 17205 17206 17207 17208 17209 17210 17211 17212 17213 17214 17215 17216 17217 17218 17221 17222 17223 17224 17225 17226 17227 17228 17229 17230 17231 17232 17233 17234 17235 17236 17237 17350 17351 17352 17353 17354 17355 17356 17357 17358 17359 17360 17361 17362 17363 17364 17365 17366 17367 17368 17369 17370 17371 17372 17373 17374 17375 17376 17377 17378 17670 17671 18082 18086 18376 18377 18378 18379 18386 18394 18395 18401 18402 18403 18404 18508 18809 18810 18811 18814 18815 18816 18817 18818 19027 19028 19029 19030 19031 19032 19033 19034 19035 19036 19037 19038 19039 19040 19041 19042 19043 19044 19045 19046 19047 19048 19049 19050 19332 19333 19335 19336 19530 19531 19532 19533 19534 19535 19536 19537 19801 19809 19810 19813 19816 20037 20038 20039 20040 20041 20042 20043 20044 20045 20151 20152 20153 20154 20166 20167 20168 20169 20230 20234 20235 20239 20240 20244 20245 20246 20250 20253 20254 20257 20258 20259 20260 20261 20262 20356 20357 20358 20384 20509 20535 20536 20568 20584 6019 6031 9282 19334 2641 6015 6016 6017 6018 6020 6021 6025 6027 6029 6030 6984 9280 15957 18540 2642 14118 14119 6981 14120 14122 6974 6975 6976 6977 6982 15226 15958 15959 15960 18541 18542 18543 18544 19800 19805 19808 6978 6983 8113 14247 15228 15232 16627 16635 17241 19051 19538 19539 19540 19541 19542 19815 20242 20464 6979 13728 13733 13734 13735 6022 6034 6032 6033 5233 13517 13523 14121 4214 5234 5235 7889 7890 13529 13530 15234 15236 15238 15245 15246 15247 15248 16628 16988 18831 20232 20233 20243 20506 20587 12402 12412 12404 16636 7887 7888 10339 10726 11035 11037 11039 13490 13520 13521 13525 13526 13527 13528 15213 15230 15253 16618 16633 16634 18503 18504 18505 18509 18513 18514 18515 19374 19818 19820 20231 20241 20247 20248 20583 20586 20588 20599 7891 12484 15214 15218 15219 15239 15240 7892 13531 13739 13742 13519 13532 10183 11083 13516 13522 13747 14846 16450 17902 18812 18813 19432 20141 7111 10181 10182 10184 10185 11078 11079 12497 12844 12845 13479 13483 20083 7112 10727 16281 18083 18824 18828 19296 19300 19301 19326 20537 20589 6818 10725 10728 10731 10732 10733 10735 10737 10738 10739 12830 15711 20487 13489 20385 13397 13485 13486 12835 12847 12848 13480 13482 13487 19429 19430 12832 12833 12834 12836 12839 17901 11086 12838 12843 12846 15705 15706 18388 9591 10609 11077 11080 11081 11082 11085 11087 11088 11091 11092 11096 18380 18381 18387 3260 10410 10610 10617 10618 10619 10620 10627 11094 11097 12071 13959 14156 14368 14369 14370 17916 18080 18389 20386 10413 10414 10625 10629 12083 14400 14844 18384 20138 10623 18398 10624 18383 18385 18396 18397 14843 14845 18382 18390 18827 18829 13971 14454 17899 17900 19298 19299 19427 20130 20133 20134 20136 13972 14451 14455 14456 19371 20135 20137 13970 14453 20131 18494 18495 18496 18497 13481 11581 14452 19322 19370 11577 11580 11576 17238 17240 17244 9158 9162 9163 11291 11295 11296 13343 13576 13579 13596 13597 13598 13613 14239 14246 14252 16464 17219 17239 17242 17243 18510 18511 3047 4541 6921 7475 9159 9160 9161 9164 9705 11292 11293 11294 11567 13612 16463 17220 7906 7905 15700 15701 15702 7904 11297 11298 9165 16976 13961 13962 13963 16168 18819 20507 13964 13965 14377 14391 14392 16167 20236 13960 13968 20585 13967 14376 20505 13966 13969 11093 14371 14374 14378 11095 11328 14372 14373 14382 14387 14476 5765 8041 9176 11326 11329 11331 5762 5763 5761 5764 9174 14381 14384 14385 5759 5760 14380 14383 5757 5758 13848 13849 1702 4881 5756 7912 9080 9603 9604 9605 9606 1701 1454 1460 1744 2124 2529 2537 4879 4880 4979 7910 7911 8331 9078 9079 9594 9595 9596 9597 9598 9599 9600 9601 9602 18077 1455 1745 2530 3346 4980 8332 2533 2532 3348 4883 4983 7914 8335 9082 9611 9612 9613 9614 3347 4882 4982 7913 8334 9081 9607 9608 9609 9610 13558 13846 13847 3298 4884 7915 9083 9616 9617 9618 9619 3299 9620 9615 14092 13560 14094 14097 14469 13559 13566 2126 13557 13565 13570 14472 2125 3676 13843 13844 13845 3677 14470 14471 14477 5767 14473 3350 4885 4984 7917 8337 9089 14096 14102 13840 13841 11330 14474 14483 8043 14484 14386 14390 14394 14398 14401 14403 14397 17917 14399 14402 12073 12074 16283 18085 20390 10166 10843 12072 12075 12077 12078 20387 14464 18832 20391 14457 14465 14458 13509 20140 13496 13510 13514 13497 13515 13513 14124 10349 13748 18820 19365 15709 19312 19364 20606 19373 14093 17918 20508 13563 14101 14103 17915 14155 18081 19428 18084 16282 19431 20608 20510 14393 10345 18826 13396 11084 15681 8842 14836 15259 15680 15690 19052 19053 8844 8841 8843 8848 11028 11026 20388 17382 14837 11027 20389 8845 11031 11038 11030 11032 13401 13402 12486 13342 13346 20485 12482 12478 14238 19821 20484 20486 19325 18551 14460 14461 15260 15254 9706 13605 13606 13604 11036 17672 17669 13577 8114 13345 13344 13731 19323 20139 20590 18391 18392 10626 12496 10162 10839 6413 12824 14109 18825 12492 12485 12490 12491 10402 2409 10401 2408 6575 2418 4701 4707 3891 4704 2268 2668 2763 3889 3890 4706 2269 2270 2762 2761 4703 4702 4705 4814 4820 12495 17379 18841 13494 2049 16973 14089 18546 18547 18545 9284 6023 6024 6028 7624 2051 7625 7626 2050 6703 13359 5147 14745 3931 5148 5149 5151 5153 5155 2429 3932 5150 5152 5154 5156 8190 8191 13363 2428 2430 2432 2431 2433 14749 14748 14750 8559 13362 14079 14747 8558 8560 13361 13365 8557 8561 8566 8567 8579 8582 8584 14091 18047 8188 8565 14076 14755 8184 8187 8196 8198 8183 8195 8197 7247 7246 7248 7208 7252 14075 7209 7210 7211 7212 7215 7220 7213 7216 7217 7218 7219 7222 7223 7224 7225 7226 7227 7228 7233 7236 7237 7238 7240 7249 7250 14084 16326 16328 7214 7229 7230 7235 7253 14769 16338 16339 16341 16343 16345 7234 7239 7241 11756 12369 12372 14767 16792 16808 16814 17384 18713 18716 18719 3935 7231 10674 10675 10676 10677 10685 10688 10691 11766 11770 12378 12379 12381 12382 12387 14416 14772 14773 14774 14777 14785 14906 14909 14910 14911 14912 14916 14917 14920 14936 14937 14938 14939 14941 15018 15024 15905 15906 15909 15940 15941 15942 15943 15944 15947 15949 16324 16325 16327 16337 16403 16404 16799 16801 16810 16811 16815 16819 16821 16832 16841 16860 16863 18209 18210 18211 18215 18217 18238 18323 18326 18334 18348 18349 18351 18714 18717 18718 18720 18721 18730 18735 19485 19486 3934 3936 3937 3938 3939 8570 12370 12597 14768 14778 14907 18213 18325 18347 18350 7959 12377 12585 12593 12598 12599 12603 12605 7958 7960 7961 7982 7957 7962 7966 7967 7968 7977 7978 7979 7980 14935 15933 18216 7151 7963 7964 7965 7976 11743 11746 7143 7154 7145 7141 7142 7144 7147 7149 7150 7158 7160 9810 9844 10673 10681 11723 11724 11742 11760 11767 11768 11778 12380 12384 14414 15017 15022 15023 15030 16794 16797 16800 16809 16827 16829 16831 18239 18246 18253 18283 19490 19491 19492 19493 19716 19744 20377 1953 2765 2768 2773 2775 2847 2848 4293 4297 4661 5231 5251 5254 5535 6626 6627 6628 6630 6677 7146 7152 7157 7159 7605 8781 8784 8795 8798 9809 9812 9833 9834 9843 9847 9864 9866 9868 9874 9877 10567 10582 10583 10591 10599 10600 10605 11741 11761 11762 11806 11807 12696 12708 13464 13467 14019 14020 14021 14022 14033 14044 14045 14046 14415 14417 14420 14598 14614 14617 14629 14631 14654 14655 14656 14657 14664 15002 15003 15004 15007 15008 15009 15013 15021 15027 15029 15031 15032 15719 15720 15721 15730 15736 16188 16204 16210 16767 16774 16775 16777 16779 16787 16789 16793 16795 16825 16826 16828 16836 16848 16850 16855 16861 16950 16964 16965 17111 17129 17148 17152 17439 17440 17441 17450 17451 17452 17470 17471 17524 17525 17526 17527 17528 17529 17530 17540 17553 17554 17555 18270 18275 18277 18284 18294 18296 18298 18299 18575 18576 18577 18633 18634 18635 18636 18643 18644 18645 18646 19116 19117 19249 19265 19566 19574 19576 19577 19610 19611 19677 19681 19687 19717 19718 19719 19720 19721 19722 19723 19724 19725 19726 19727 19728 19729 19730 19731 19732 19733 19736 19737 19738 19739 19740 19741 19742 19743 19752 19755 19757 19762 19763 19764 19765 19774 19834 19835 19836 19837 19838 19915 19916 19917 19918 19925 19951 19954 20170 20174 20178 20179 20180 20181 20202 20205 20207 20210 20214 20218 20221 20270 20271 20272 20278 20279 20293 20294 20295 20375 20393 20394 20395 20396 20398 20447 20449 20451 20461 20482 1954 2766 2770 2774 19926 19955 19956 19958 2776 3232 4294 4299 5252 5255 6631 8130 8771 8782 8785 8796 8799 9813 9848 10568 10606 10680 11454 11774 11775 14047 15028 15737 17556 17557 17558 17559 18276 18297 18305 19094 19095 19115 19498 19568 19849 19850 19960 19961 20176 20399 20400 20481 2778 2777 17574 18899 16805 16843 14034 15731 16733 16766 16768 16769 16771 16786 16796 16798 16802 16804 16806 16844 17841 18902 18904 10560 10563 10565 10566 10580 11765 11769 11788 11816 11817 11818 11822 12087 12094 14002 14003 14004 14005 14006 14007 14008 14023 14024 14025 14027 14028 14029 14030 14031 14032 14035 14036 14040 14041 14042 14043 14049 14050 14052 14053 14054 14058 14059 14061 14064 14066 14067 14069 14070 15005 15010 15723 15724 15725 15728 15729 15734 15735 15741 15746 15747 15749 15783 16225 16719 16772 16776 16783 16785 16966 17399 17401 17409 17412 17413 17422 17443 17444 17447 17461 17474 17534 17541 17542 17597 17598 17616 17620 17628 18110 18479 18491 18925 18926 18930 18938 18940 19414 19415 19558 19567 19569 19572 19575 19579 19581 19582 19583 19584 19591 19595 19596 19597 19600 19603 19608 19609 19614 19620 19621 19622 19623 19624 19625 19626 19627 19628 19703 19753 19754 19840 19841 19842 19843 19844 19845 19864 19942 19952 19953 19965 19967 20175 20186 20188 20203 20212 20213 20219 20329 20378 20379 20409 20483 20573 20575 20615 4310 4314 10561 10564 10574 10578 10579 10581 12109 14012 14026 14037 14057 17408 17410 17414 17416 17407 9525 9531 11212 11805 12098 12108 12125 12132 14009 14013 14018 15006 15850 15857 15864 17398 17400 17402 17403 17404 17405 17406 17411 17417 17418 17419 17424 17426 17429 17430 17432 17433 17436 17437 17449 17455 17458 17519 17552 17629 17636 17642 17647 19260 19407 19408 19422 19551 19552 19553 19555 19588 19589 19590 8629 8641 9517 9518 9519 9520 9521 9522 9523 9524 9526 9527 9528 9529 9530 9532 11211 11214 13424 15784 15856 17421 17533 17535 17537 17539 17549 17550 17551 17615 17617 17621 17626 17630 17646 18124 18908 18922 19243 19554 19556 19562 19648 8637 8640 11213 15786 20533 14038 15733 20076 20196 20198 12085 14048 14063 14065 14068 15722 15732 15750 15752 17442 17448 12053 12084 12086 12088 12089 12090 12091 12101 12102 12116 12117 12118 12119 12120 12123 12127 12139 14051 14616 15726 15727 15738 15742 17445 17446 17453 17456 18943 19919 20397 3926 3927 10575 12054 12055 12056 12057 12058 12063 12064 12065 12092 12093 12095 12096 12097 12099 12100 12122 12133 12140 12141 12142 17605 17618 17619 17622 18921 18924 19411 19412 9018 9022 9024 9027 9029 9031 9032 10747 11478 11483 11490 11527 12103 12110 12111 12131 12134 14060 16405 16413 16419 17547 17548 17625 17639 17833 18460 19413 4842 4862 5738 5739 6269 6723 6725 6762 6763 6764 6765 6768 6775 6776 6778 7266 7818 7819 7822 7823 7824 7825 7826 7827 7828 7829 7831 8612 8997 8998 9007 9017 9019 9020 9023 9026 9028 9030 9033 11169 11470 11471 11472 11474 11476 11479 11481 11482 11484 11488 11491 11510 11513 11514 11515 11516 11517 11519 11520 11521 11522 11523 11524 11525 11526 11528 11530 11531 11532 11533 11535 11536 11537 11538 11539 11540 11542 11543 11544 11545 12933 12934 15108 15143 15281 15282 15283 15284 15285 15286 15287 15288 15289 15301 15761 16133 16148 16173 16174 16175 16177 16179 17546 17836 18463 18464 20274 4865 8625 9002 15758 15760 17462 20547 4863 4864 4867 4870 4872 8610 8611 8613 8614 8616 8617 8618 8624 8626 9001 9003 9005 9006 9008 16180 4868 8662 9000 11954 11957 11958 11959 11960 11961 11963 6940 8657 6938 6939 6935 9699 11955 4993 6925 6929 6930 6931 6932 6933 6934 6936 6937 9196 9206 9208 9209 9685 9687 9689 9690 9691 10813 11380 12021 13123 13125 13164 13171 13173 13174 13175 13182 13200 13232 13238 13240 13241 13242 13251 13253 13254 13255 13272 14561 15446 15447 15452 15455 15464 15466 15467 15469 15471 15472 15474 15483 15485 15488 15490 15535 15537 15539 15541 16383 16384 16387 16388 16396 16478 16492 16533 16534 16535 16536 16537 16544 16545 16546 16547 16549 16550 16562 16563 17259 17260 17261 17262 17263 17294 17295 17296 17297 17298 18682 18684 18743 4991 4992 4994 4995 4996 4997 4998 4999 5000 9184 9186 9187 9192 9197 9200 9202 9203 9212 9230 9682 9686 10882 11347 11677 13111 13113 13114 13115 13117 13124 13126 13127 13128 13129 13131 13145 13156 13165 13189 13191 13192 13195 13201 13203 13204 13205 13217 13225 13233 13259 13279 15444 15448 15450 15453 15465 15468 15470 15473 15475 15477 15479 15481 15505 15508 15510 15513 15527 15528 15529 15530 15531 15532 15533 15534 15536 15538 15540 15542 15551 15552 15553 15554 15555 15556 15557 15558 15559 15561 15563 16484 16897 16902 16910 16914 16918 16923 17015 17287 17288 17289 17290 17291 17299 17300 17301 17302 17303 17309 17310 17311 17312 17313 17949 18522 18565 18566 6926 9185 9683 11343 13112 13190 13257 16477 16482 17014 17314 17315 17316 17318 17319 17947 18520 5872 6431 6924 6928 9207 9681 9688 11342 11378 11675 13172 13188 13239 13252 13258 13913 13914 13916 13917 13918 16483 16538 16539 16540 16541 16542 16543 17948 18521 5873 6432 13183 13273 17269 17270 17271 17273 17274 8073 9214 9231 9731 10440 11345 11679 11696 11700 11840 11847 11858 11863 11871 12024 13140 13147 13151 13153 13168 13177 13178 13179 13180 13181 13185 13186 13244 13249 13260 13261 13262 13274 13280 13906 13907 13909 13910 13911 14579 15484 15486 15487 15489 15491 15492 15494 15496 16900 16908 16916 16921 16926 17246 17247 17248 17249 17250 17251 17264 17265 17266 17267 17268 17272 17275 17276 17277 17278 18559 8063 8069 8074 8082 8064 8067 8068 11839 11857 11862 8062 11361 13218 13920 13921 13924 13925 13926 8072 11359 13209 13927 13928 13931 13932 13933 13256 3019 3407 9662 9710 11897 13138 13263 13264 13894 13896 13897 13899 13900 13902 13903 13905 13915 13919 17305 17306 17307 17308 2191 3020 3021 9664 9714 13912 2193 2192 9663 9713 11349 11686 13133 13875 13878 13881 13884 13887 13888 17293 9665 11348 11355 11364 11685 13287 13858 13861 13864 13867 13870 13871 13876 13877 13879 13880 13882 13883 13885 13886 13889 13890 13891 4522 6173 6179 11354 13136 13207 13859 13862 13865 13868 13872 13873 13922 14694 14695 4520 4521 4519 7450 11357 13134 14676 14679 14681 14683 14684 14686 14688 4516 11356 13121 14665 14667 14669 14670 14672 14674 4517 4518 16048 16050 16052 16053 16055 16566 13017 14331 14336 14343 14350 14355 4965 10128 10130 10131 10501 10513 10519 10526 10538 11351 11358 12240 13018 13021 14332 14333 14337 14338 14351 14352 14356 14357 14359 4966 4967 16076 16077 16079 16080 16081 16082 7069 10508 10516 10533 10547 13163 16004 16027 16028 16029 16030 16031 16034 16049 16051 16054 16056 16059 16568 7070 7072 7073 7080 7081 7082 7083 7084 7085 10099 10100 10107 10108 10116 10117 10455 10456 10459 10494 10506 10507 10511 10524 10531 10545 10554 13143 14334 14339 14340 14353 14360 16006 16017 16033 16036 16037 16041 16043 16046 16058 16061 16062 16068 16070 16073 3251 7078 10109 10481 10532 10536 14354 16011 16022 16044 16071 3252 3253 3254 11864 11866 11889 11890 11891 11838 11865 11892 9235 10478 10530 11832 11833 11834 11835 11836 11837 11842 11855 11860 11869 11881 11888 11895 13150 15501 15502 15503 15504 15511 15519 15547 16100 9219 9225 9232 9234 5002 7015 7017 7019 9189 9190 9191 9193 9199 9213 9215 9216 9217 9218 9228 10514 10517 10520 10523 10527 10535 10539 10540 10544 10549 10553 10557 11846 11873 11877 11880 11882 11887 11894 11898 11899 13116 13142 13158 13194 13214 13227 13267 15516 15517 15518 15520 15521 15522 15523 5001 10461 10463 10465 10467 10469 10473 10476 10480 10483 10484 10487 10489 10493 10497 11682 11692 11841 11845 11849 11853 11856 11859 11868 11872 13149 13166 13222 13234 13281 15506 15507 15509 15512 15514 15515 7010 7449 9201 9229 10097 10105 10112 10113 10429 10431 10432 10433 10434 10435 10436 10437 10439 10443 10445 10447 10448 10451 10452 10454 10458 10462 10464 10466 10468 10472 10477 10479 10485 10486 10488 10492 10496 10502 10515 11684 15499 15525 16102 16105 16106 7447 7454 7452 13118 13196 15560 15562 15564 10534 10548 10556 13157 13226 15451 15454 3039 9908 10442 10444 10446 10449 10450 10457 10504 10509 10510 10522 10529 10537 10543 10550 10552 10558 11690 11691 11867 11879 11893 13141 13213 13245 13265 13266 15445 15449 15459 15460 15461 15463 15480 15493 15495 15497 15498 16906 16920 3040 3041 3042 11689 11844 9224 11688 11695 11706 11707 11851 11870 11885 11896 9917 11861 11875 11876 11878 11886 13139 13211 15456 15458 15462 15478 15545 16929 16931 16932 16933 9886 9905 9918 9885 9888 9894 9897 9899 9887 9890 9891 9892 9904 13898 16040 16915 9889 9906 13901 16042 16919 9895 9898 9900 9919 14673 9912 14675 16047 16925 9903 9909 9911 9914 10551 9902 10518 9194 9910 9913 10542 9907 10555 10101 10118 10120 10460 10471 10482 10491 10495 10498 10499 10500 10503 10505 10512 10521 10525 10528 10541 10546 10559 11367 13119 13122 13137 13144 13154 13155 13159 13162 13170 13216 14335 14361 16003 16009 16014 16016 16018 16019 16020 16021 16023 16024 16025 16026 4279 4282 8311 10096 10098 10103 10104 10110 10111 10114 10119 10122 10123 10470 10475 10490 13224 16002 16005 16007 16008 16010 16012 16013 16015 16067 16099 4275 4277 4278 4280 4281 4287 4291 10106 4276 7079 16101 7075 16098 15543 9210 13146 13176 15457 15476 15544 15546 15548 15549 15550 16928 17304 11697 13148 10453 10895 11848 13167 13220 13221 13223 15442 15443 15482 16103 16930 18557 18558 10430 11850 11852 14518 17254 9733 10441 18537 18569 9716 9718 9711 10438 9717 16107 16903 17099 18538 13198 16035 16104 16108 16109 16904 13199 13208 13215 13228 13230 13231 13237 16045 13120 13193 13197 16032 16038 16924 11346 11350 11352 11353 13130 13132 13160 13161 14575 16057 16060 16069 16072 16087 16898 16899 16901 16905 16907 16909 16911 16917 16922 16927 16935 19295 11344 11360 11369 11379 11678 13892 16934 6927 11363 13893 11365 13152 13286 13860 13863 13866 13869 13874 16943 16944 16946 16947 16948 11366 11374 14346 14344 14347 14525 17245 17252 17256 9732 10115 11712 11843 13285 14515 14521 14523 14524 14529 14534 17253 17255 17257 17258 9728 9729 10124 11709 11874 10102 10121 13283 13284 8309 11711 13282 11710 11699 16952 16956 16960 16962 17286 18703 17281 17282 17283 17284 17285 14533 17066 18570 18700 18701 18702 18705 14514 14535 14516 18704 18706 12305 14513 14526 17062 17067 12298 12304 12297 14536 14651 11736 11757 14605 14612 14625 14662 17072 17075 19911 11726 11728 11752 10689 11727 11779 11786 12391 14406 14408 14409 14410 14419 14421 14422 14424 14425 17484 18249 18256 19120 19680 19735 19747 19749 19751 19933 20029 20108 20185 20404 20458 20504 9857 10684 19700 19748 20572 8786 9818 9840 9845 9849 9853 9854 9856 9862 9876 12668 13475 14634 19709 19760 19761 8776 8780 8783 8787 8797 8800 9838 9839 9842 20452 5525 8774 5524 5526 5528 17115 17120 4292 5249 11450 17108 4296 20103 11758 12375 16350 16738 16813 18352 19750 20105 20445 10594 11759 11782 10590 10592 12383 19746 19756 19758 12371 18245 19678 19697 19699 19745 16791 16807 19790 14927 15925 16718 16730 16731 16735 16770 16803 16818 16824 16833 16835 16838 16839 18236 14902 14903 14904 14928 14929 14930 14931 14943 15919 15927 16830 16837 16840 16842 14905 14913 15377 16749 16816 16859 16864 20288 20383 7956 12277 14914 15381 15923 16725 16728 16740 16760 16761 16762 16763 16764 7955 17479 15920 16858 16862 16866 17480 17489 18248 18255 20431 15921 15922 15934 15935 15938 16865 15924 15926 15936 15939 18237 18252 18262 12276 14932 15928 15929 15937 15954 16746 18261 18263 18266 20330 12278 12279 12285 12286 12419 12420 12428 12439 12440 16721 16722 16744 16745 16747 16748 16750 16759 12282 12287 16723 16726 16751 16752 16755 16757 16856 17563 5420 17520 17543 17578 17580 17600 5419 17505 17577 17601 17500 18258 16854 17501 17595 18269 16754 17503 17592 17596 8892 16734 16736 16753 16758 16845 17507 17569 8893 8894 8895 8897 14944 15391 15951 16737 16739 19794 20324 16812 16834 15026 15385 16340 16342 16817 18219 20099 20101 15020 15025 15014 16333 18218 18242 20442 20605 14915 14919 15904 15908 15930 16331 16332 16334 16335 18221 18224 8581 10687 10690 14085 14780 14784 14918 14921 14922 14923 14924 14925 14926 14934 14940 15907 15910 15911 15932 16329 16330 18214 8571 8573 8574 8575 8578 8583 14086 8568 8572 8569 8193 9398 18223 8189 8194 6820 8185 18054 18049 14090 16336 18050 18051 14087 7251 14088 7255 8192 9399 9410 9400 9392 9401 9402 11717 18225 9393 8536 9397 11507 11508 8521 8538 8543 8547 8518 8519 8523 8525 8527 8540 8553 8922 11468 11473 11485 16117 18169 18455 19165 19676 20056 20057 20062 8522 8526 20053 20058 6777 6783 12866 12867 12878 12882 12892 14297 15033 15044 15060 15078 15079 15081 15082 15085 15087 15092 15096 15100 15107 15268 15269 15278 15279 15280 15307 15308 15317 15318 15602 15606 15607 15608 15609 15610 15763 15774 15775 15778 15789 15797 16119 16888 18454 18456 18767 18769 18771 18772 18774 18776 18777 18778 19127 19147 19224 19226 19668 19883 19885 20055 20060 20061 6761 6766 6767 6772 6773 6779 6780 6781 6782 6786 6788 15270 15309 15319 15336 15337 6722 6724 6770 6771 6774 6789 8664 8665 11469 11480 11512 11529 11534 11547 11548 11552 11553 15271 15275 15276 15310 15314 15320 15324 15325 15326 15339 15340 15768 15769 5135 6719 6726 6727 4230 4231 5136 5137 5141 5142 5138 6721 6728 5737 6720 8923 8927 8928 8930 8940 8941 5736 5740 5741 5742 5743 5744 5746 7779 7821 8924 8933 8934 8935 11475 11477 11487 11489 12659 12862 12864 12865 12873 12874 12875 12876 12877 12931 12932 12935 16113 16156 17854 20277 12868 15776 20092 15773 15785 15772 17531 20088 15782 15787 15795 19218 15777 15794 15803 15809 19214 20470 12654 12657 12872 12879 15034 15597 15598 15599 15600 15613 15779 15780 15781 15790 15792 15793 15798 15800 15801 15805 15806 15807 18151 19128 19152 19184 19185 19186 19188 19194 20465 6784 7830 8541 9405 12652 12655 12656 12658 12660 12663 12671 12681 12685 12690 12710 12718 13853 15035 15759 15791 15799 15802 15808 18465 18802 19196 19198 6769 7832 11546 11550 11551 11555 11556 16213 11541 16181 4307 15061 15118 15177 18638 18640 8545 8549 8670 12887 12897 12907 12923 12936 15037 15038 15040 15041 15042 15043 15045 15048 15051 15052 15055 15056 15059 15062 15064 15067 15068 15069 15070 15072 15073 15074 15080 15084 15086 15091 15095 15099 15104 15110 15112 15114 15117 15119 15121 15123 15126 15129 15130 15135 15138 15142 15154 15176 15186 15192 18160 18161 19160 19307 19309 19310 20435 8544 17860 20287 8548 20286 20427 17328 20425 20429 20501 9468 17326 17327 9466 9467 8487 17341 17343 3235 8486 8491 8493 2422 2423 3237 3236 4977 4974 8489 8496 8488 12472 12463 12464 12466 12468 12470 12474 13096 13098 13097 13099 13100 13101 13102 13103 13104 4179 8495 8492 8497 8490 17334 11381 17335 18649 11382 8498 7846 7837 7844 7836 12114 7752 12104 12105 12107 12113 12115 12155 12157 12160 12161 15438 18663 18664 19923 7753 7754 7759 7763 15425 15849 19378 19909 19910 19921 19922 19924 7764 19928 7760 19379 19963 19391 20225 19380 19390 13409 14808 15867 15868 15869 15870 15871 15873 18128 18129 18130 18132 18911 18914 18915 19068 19073 19074 19075 19078 19101 19376 19381 19387 19643 19650 19651 19652 19657 19658 19659 19660 19847 19848 19858 20072 20075 20194 5562 5563 8433 8434 9332 9334 9763 13404 13405 13406 13407 13408 13410 13414 13416 13417 13418 13419 13421 13423 13428 19560 5564 5565 5566 2797 13411 2798 13413 9333 8435 10041 10042 10028 10030 13415 5567 9337 9339 8436 8437 19637 14010 19255 19571 14011 14016 14014 14015 14017 17435 17513 17514 20392 17434 17516 17517 18906 17415 17457 17512 18905 11808 11815 14594 15739 15743 15744 15745 17423 17454 17560 17562 17568 17570 17572 17631 17635 17637 18909 18923 18927 18928 18929 18931 18932 18933 18934 18948 18950 19261 9814 9836 9870 11809 11810 11811 11812 11813 11819 11820 11821 12126 12699 14600 14619 14658 15740 16190 16756 16784 16846 16847 16849 16851 16852 16853 17131 17473 17483 17488 17490 17564 17565 17566 17567 17573 17591 17632 17633 17634 17650 18244 18264 18949 19244 19262 19266 19578 19580 19594 19679 19682 19683 19684 19685 19686 19688 19707 19851 19920 19927 19931 19932 19935 19936 19959 20331 20337 20401 20457 20459 20462 20544 9811 9815 9816 9817 9835 9837 9841 9873 18260 19242 20448 11764 14604 16187 16223 16778 16781 17482 17485 17492 17493 17494 17588 17645 18259 18593 19245 19250 19267 19268 19695 19964 19966 20172 20216 20222 20325 20376 20450 20454 11763 11771 11776 11783 11784 11785 11787 20503 20574 17481 17491 19691 19839 20211 20215 14624 14663 16790 16820 16823 17147 17151 17472 17486 17487 17496 18947 18958 19689 19690 19692 19693 19694 19696 19698 19711 19734 20183 20289 20290 20291 20292 20403 20453 11110 14611 14622 14623 14633 20455 11103 11119 19937 20187 20460 12302 12702 18647 18897 19114 19123 19867 19871 19903 19905 19913 19929 19930 19934 19938 20456 20463 12306 15851 19904 19908 15866 15859 15863 15865 19906 19907 15855 15858 15860 15861 18125 19943 15753 15854 15862 17627 18109 18122 18123 18939 19066 19417 19957 11223 15712 15715 15716 15718 15751 15872 17428 11219 11222 18131 19557 11218 11220 11221 14056 17571 17576 17641 18910 19570 19573 19585 14055 18913 18916 18935 18941 18912 18919 18937 18942 18959 18960 19586 19587 11900 11904 11907 13422 17425 17536 18113 18907 18936 18945 19064 19070 19559 19561 19598 19599 19602 19605 19642 19646 19647 19649 20217 11901 11918 19063 19065 19082 19634 19656 11908 19072 13431 19777 19783 19786 19854 12665 12697 12709 18289 19099 19105 19109 19110 19256 19257 19701 19704 19705 19710 19712 19759 19768 19771 19772 19773 19784 19785 19787 19789 19831 19846 19852 19853 20078 20224 12666 12667 12670 12706 19778 12712 19708 12532 12701 12713 12715 12716 12720 12531 12530 12533 12534 19487 19706 16732 14945 15946 15950 15952 15953 16743 16765 19488 19489 19495 20335 7985 14942 15912 15913 15914 15915 16348 19497 20100 7984 19496 18265 18267 18353 19494 19500 19781 18268 20332 18254 18247 18251 18257 18241 18243 18250 19173 18240 18285 20502 20604 19912 15411 15412 15417 18954 19112 19914 15413 15416 15419 15423 15424 15427 15848 19148 15420 15426 15418 15439 18652 18667 15437 18651 18665 15405 15436 17806 17807 17808 18655 18671 18679 18650 12154 12159 14807 15433 15435 17820 19076 19077 19108 12129 12130 12137 12147 12153 12156 15847 19092 19093 19098 19104 19107 19832 20073 12121 12135 12138 19096 20077 12124 12143 5647 12144 12152 12422 12429 12430 16227 17475 19097 19861 19863 5648 5651 5652 19856 19857 15394 17478 19830 20223 15392 15395 15389 15390 15393 15397 15398 16727 17468 17477 17497 15380 15396 16720 16724 16729 15383 15384 15379 15382 20326 20327 15387 15388 15399 18715 18722 18736 6860 12604 15945 18322 18324 6855 6859 4270 6854 18327 4265 4268 6856 12574 12575 12576 12586 12587 12588 12589 18337 6857 12569 12570 12577 12578 12579 12610 12611 6858 12580 12581 12590 12591 12592 12571 12572 12573 12582 12583 12594 12595 12596 12600 12601 12602 12619 12622 12621 12620 12618 12612 12613 12614 20182 20192 11780 16228 16788 17575 17579 18273 18280 20171 20177 20184 20402 20407 11777 16192 16205 16214 16226 16231 16234 16189 16193 16195 16197 16198 16207 16208 16229 16183 16185 16196 16211 19416 16186 16191 16199 16200 16201 16222 16224 17538 18668 18955 20543 16176 8995 12929 15756 16178 16220 8994 8996 17832 4222 8592 12461 12871 17544 4223 4224 4225 6002 12880 17545 17834 18232 18229 11721 18226 5593 11720 5591 5592 5588 5594 5589 17521 7262 7264 3910 3911 3913 3914 3916 3918 11716 18227 5590 6003 6006 6007 8599 8593 8603 8606 8598 8596 8597 8609 8607 8605 8608 15145 15299 15303 15295 11509 15146 15148 15150 15153 15341 19174 11511 11518 11549 11554 15272 15277 12886 12888 12890 12899 12908 15156 15157 15159 15162 15311 16150 16182 18159 18163 19130 19131 19133 19161 12881 12883 12884 12885 12889 12893 12895 12896 12900 12902 12903 12905 12906 12910 15163 15164 15169 15170 15171 15172 15182 15603 15604 15605 15611 15614 15615 15617 15619 19153 19154 12891 15133 15181 19143 19144 19145 19225 19227 12894 15136 15187 19187 19189 19219 12898 12901 12904 15191 16135 16158 17873 18018 18153 18154 19155 19156 19157 19195 19197 19199 19672 12909 16125 18457 19132 15342 16202 18158 15116 15300 15335 15338 15343 9355 9359 15046 15047 15049 15050 15053 15054 15057 15058 15103 15109 15111 15113 15115 15120 15122 15124 15125 15144 15147 15149 15151 15152 15161 15267 15293 15306 15316 15329 15334 7947 9131 9350 9351 9352 9353 9354 15075 15077 15089 15093 15097 15102 18150 18168 7945 15127 12505 15066 15076 15173 15178 15188 15195 15601 15620 15622 15623 18017 12501 12503 15767 18014 12500 12502 15036 15039 15063 15065 15071 15266 15292 15305 15315 15328 15762 15788 15796 18760 19303 15128 15131 15132 15139 15134 15137 15140 15141 15174 15175 15179 15193 15196 15184 15185 15190 15194 18152 19192 8955 15183 8951 8953 8956 8958 15094 15189 17871 18019 15090 15098 18031 12504 15083 15088 15101 15106 16122 16509 16511 16873 16883 16884 16885 16886 16887 16889 16890 16891 18015 18016 19887 15105 16872 19886 9360 9357 9362 9365 9349 9356 9358 9361 9375 15754 15755 9347 9348 9377 9379 12930 16116 16520 16654 16676 16678 16679 16685 16687 16688 16689 16690 16691 16696 18450 18451 18452 18453 18770 20032 20046 20054 9376 16526 18763 18764 20048 17076 9135 9223 13270 17064 17065 17077 17078 17079 17081 17082 12259 16421 16638 16645 16646 16647 16701 17063 17069 12261 12260 12264 16657 14607 14609 8778 14606 14626 14635 14645 16655 18571 18573 18574 20028 20059 20296 20446 8779 8790 16652 17966 18572 20031 16653 16656 17967 20063 16118 16120 16139 16518 16658 16659 16661 16663 16666 16668 16670 16672 16677 16680 16681 16682 16683 16692 18197 18578 18579 18693 18766 18768 18775 18779 18783 16123 16132 16124 16134 15297 15298 16121 20068 20069 15296 15330 16114 15331 16115 15332 16136 16137 15327 16151 16152 15321 15158 15155 15160 12676 12679 12680 12698 12675 12683 12672 12684 12664 8554 12653 12661 8449 12687 8451 12686 12692 6989 10066 12707 12711 12689 12705 12688 18467 18458 18490 20208 20489 15757 18459 18461 20490 17464 18462 17466 17584 19635 20548 18126 17511 17583 17585 17590 17510 17602 19090 17651 19083 17649 16233 16780 16782 17640 16230 20408 16194 17589 17586 17594 17599 18146 18300 18302 20340 15407 17498 17515 17587 17593 17930 17982 18181 19204 19246 19278 15406 15408 15414 15400 17981 17983 17984 17985 15401 17122 17130 17139 17143 17144 17145 17146 17150 17155 17156 18011 15402 15403 17987 17989 17991 17992 18356 18358 18360 18361 18338 18339 18341 18342 17123 17124 17140 17132 17142 17149 17153 17113 17112 17116 17121 17107 17114 17117 17118 17119 17978 17977 17979 17980 17969 17970 20275 20281 19220 20473 19205 19217 19221 19202 19203 15421 19200 19201 19222 19223 19215 18155 19158 19216 20472 18165 18148 19162 19673 18147 19151 19671 19149 19669 20297 20468 20469 20471 15616 19792 20206 15618 19793 19791 19259 19252 17518 19251 19253 19254 20342 17508 17502 17504 17506 17509 17610 19638 20195 20204 15846 18105 18108 18111 19377 20197 17817 18118 18119 19069 20199 17802 17805 14795 17815 14798 14797 17606 17624 17604 17613 17812 17612 17814 19079 17420 19644 15258 15261 17810 17809 17811 15948 16351 17823 7136 14786 18737 7135 7138 7137 12388 15931 18731 12300 17396 3951 12301 12303 12307 18729 3952 17385 4300 2771 4295 4298 2769 12309 18726 17397 10268 18725 1868 2673 3099 18428 20110 3064 5042 5942 7432 18425 18426 18429 5041 1545 2234 2651 3669 4146 4490 4603 4920 4922 7428 7813 11057 11064 12338 12339 12340 3668 9541 11068 4921 5603 5693 7292 7293 7298 7299 7426 7767 7769 7771 7772 9540 11066 4491 4923 5690 7285 7291 7294 7295 7300 7304 7766 7288 3852 5601 5602 5604 5684 5688 5691 5692 5694 5695 7296 7770 3853 5605 7425 7427 7429 11058 5606 5696 7302 7773 7301 7303 7768 7297 7809 3948 7289 7808 3947 7286 7811 7812 7814 7835 12205 5685 5686 11065 7417 4488 4918 7414 2082 18434 18447 18433 18727 18446 18449 18723 18724 18728 17395 14946 15955 18212 18328 8594 8586 8604 8589 8591 10046 10047 10049 16344 10679 20106 18220 17387 17623 12145 16414 17638 17643 17644 17648 10576 12066 12128 12146 12149 19121 10577 12068 12067 11968 15302 11964 11966 11969 11967 2032 2030 2033 2031 11965 15304 12148 12150 12158 19122 18293 19118 19125 19776 18291 18292 20074 12106 18290 19775 19769 19263 19770 19593 19592 12162 18675 18656 18676 18653 18669 18673 19102 18672 18666 19119 19126 20220 20226 19947 18112 19939 18106 18120 10587 18287 19103 20581 10572 10586 10571 10573 18286 18891 17835 8524 18890 18893 20065 20066 8520 18888 18889 18892 18894 19888 19882 19884 20067 20070 20071 18762 15764 16675 18759 18765 18773 20049 15273 15766 15810 18048 18761 12922 15274 15290 15291 15312 15313 15322 15323 16517 16684 18780 18781 16131 16138 16146 20030 16160 16162 16660 16693 16639 16694 18580 2482 10887 11745 16417 16418 16641 16642 16643 16644 16648 16649 16650 16651 16697 16700 16702 16703 16704 16706 16953 16961 18581 18583 18585 10888 7742 15825 7734 7743 16422 16969 8620 8622 8619 8621 8623 8615 16667 16669 16662 16665 16671 16674 16695 16699 16705 16420 12017 12023 6172 6163 6170 6171 6164 12022 6165 12026 9684 13202 13908 15565 17093 15566 15526 17100 9188 9970 11680 14950 17098 17101 17102 17104 17105 9198 11681 14951 17091 17092 17094 17095 17096 17097 9966 8080 9957 9959 9960 9962 9964 9965 9968 9976 8076 9969 9971 9973 9974 9975 9979 9956 9958 9963 9980 9981 9984 17071 17068 17070 17073 17074 17460 17950 5879 15877 16485 16565 17028 17952 18523 16488 16493 16913 18567 18738 18739 18740 18741 19166 16039 16912 16066 13235 16064 16065 16074 16063 10474 14689 18742 7455 11373 13169 14677 14680 14682 14685 14687 7453 7448 14668 14692 14691 11372 13229 13895 14666 14671 11375 11376 16937 11371 17018 11370 17017 11362 11377 11368 7691 7683 7685 7686 7687 7690 7692 7681 7682 7684 7674 7675 7676 7678 7679 16110 16936 16548 17016 16567 13904 13929 14562 16490 14559 14566 16553 17317 16552 16489 16551 6185 12019 12025 16637 18582 18584 16698 16958 16664 16949 16954 18478 18626 18628 20582 18590 16399 18641 19872 19868 19869 19870 16716 19944 19875 19940 19941 18707 19949 19950 19968 19383 19384 19385 19382 16147 16149 16963 20033 18784 18782 6270 6272 6273 6274 6275 6276 6271 16519 16510 18071 15629 18040 18045 18053 18056 18062 18064 18066 15624 15625 15626 15627 15628 19304 9126 20052 20557 16508 16507 16527 16521 8658 13855 8659 8661 8669 8667 8660 8668 18492 8654 8666 8652 8653 8929 8938 16155 8932 8936 20500 9394 12927 20269 20466 9403 20273 16212 17330 20276 16209 16221 11486 12928 20268 15612 20089 9478 17851 18030 9487 9489 17863 17862 17859 18021 18023 18020 18022 13852 20556 20555 14644 20050 14640 14646 14647 14641 14642 14643 16870 7541 9426 14597 16868 16869 16871 16874 16875 19056 7540 7554 9425 9424 10771 10776 10790 10791 10772 10773 10774 10777 10787 10775 10779 10781 10784 10792 16437 10782 10785 10793 16438 16443 14142 14719 16442 16445 16448 17740 14140 14145 14152 14712 17737 17738 17739 10819 13760 13761 13762 13763 13765 13766 13769 14702 14709 14711 14723 14725 14728 14730 14737 17742 10815 10820 13781 4392 5812 5902 6355 10816 11263 13770 13771 13782 13783 13785 14729 4393 4394 5813 8691 11264 13787 5814 5903 6356 8693 11265 13775 13790 13791 13792 5901 5907 13767 13768 17747 17748 17749 5906 13752 13753 13756 13757 13758 13777 14708 14715 14722 14738 13750 13772 13773 13776 14701 14703 14705 14707 4770 5192 7543 13751 13755 13759 14971 14972 14973 4766 4769 4780 4765 4778 4761 4771 4777 4762 4763 4764 4775 4774 4779 5199 14151 14700 14736 14977 14980 17751 17753 5191 5193 5200 5188 13764 7547 7544 7548 7549 7550 7545 13754 14727 14978 14979 17750 14144 14698 14718 14724 17752 14182 14181 14183 14699 14732 17754 14731 18619 14706 14984 9494 13778 14985 9314 9310 9311 13838 10145 13836 14982 18621 14976 12241 12242 13780 13779 13788 8692 5190 7546 16447 17735 17736 16439 16444 10778 14704 14716 13786 17741 18845 19055 19057 19059 19060 16867 14593 14599 14603 18183 14602 14615 18179 14618 14608 14610 18198 18194 18195 18196 18199 18180 18182 19273 18184 19274 18185 18186 19277 18012 14627 14628 20064 16232 16235 19124 19862 17581 19421 11217 17582 17818 17819 19639 19640 16318 17816 17821 16320 17804 19641 19071 19601 19607 18951 18944 18956 18957 18946 18953 17611 17603 19418 19085 18654 19089 18662 19091 15748 17608 19191 19190 17141 18642 19766 19767 19606 19604 19617 19619 12700 19782 7862 19702 19780 20339 6686 6678 6679 7606 7852 10601 5536 6952 7851 7860 5529 5533 5532 14488 5527 13053 6945 5436 5440 5575 5576 6056 6946 6948 6950 6951 6953 6954 13045 13046 5437 5438 5439 5443 3671 5441 5442 5572 5573 5574 5577 5580 6947 6949 9037 3672 5447 5446 7578 7579 7774 7775 1992 3166 9035 9036 1993 1994 1995 2753 3162 3167 2754 2395 2752 3163 2393 2394 3161 9039 9034 9040 9038 13049 13050 13051 11107 11112 11113 13054 6055 6059 5578 16590 7856 7858 19779 19788 17532 17476 17931 20534 11814 20338 12421 13429 16773 20365 12436 13430 13438 14933 20200 12662 12704 12703 16686 14637 14636 11184 18694 18688 17968 16967 9374 16513 16514 17875 18162 16215 16217 11271 11272 15294 8602 15165 15167 15180 3925 18231 12863 12870 11172 5288 5287 19713 20578 19714 19715 19424 19420 19423 19419 16206 12432 12431 12442 12424 6797 12423 6798 6799 6803 6796 10054 18271 18272 12606 12607 12389 18333 15386 15378 16822 12394 14818 12392 12397 19386 12293 19833 14816 14819 15429 15434 3051 19177 16742 16741 16349 16346 16347 18900 18901 14630 14632 12694 12693 12695 12719 12723 18917 18918 13474 13441 13444 13455 13457 13476 13427 17427 17431 17438 15713 15714 19902 17495 17157 16591 9861 18594 8645 19100 10196 20284 12925 18295 5745 8925 7820 12869 14296 14908 8576 8580 14751 20380 11747 14890 14413 11725 11729 8205 8204 11854 4290 4286 13212 13210 11676 11683 14952 16083 14358 14948 14953 14949 16570 16571 16572 16573 16574 16575 14693 13135 4288 17292 4285 14576 16075 18568 8070 10894 8310 3250 3249 7012 7011 7016 7013 13930 11694 5431 5432 9700 8650 16389 16393 16390 11962 9021 9025 12059 15001 9429 16402 4256 20638 14537 4660 4713 4711 4712 15012 3940 3941 11228 20496 
16: 1368 1369 2170 2556 3359 4092 5335 5451 6301 6845 6916 7470 7900 9154 9703 11288 13666 13667 13668 3045 3600 4097 5337 6306 6850 7474 7908 9167 9265 9266 9267 9268 
17: 1414 2084 2481 2819 
18: 1650 1651 
19: 1653 1654 5552 1655 6131 6129 4302 6130 4301 
20: 1681 1682 
21: 1683 
22: 1692 1693 
23: 1694 1695 1949 1951 1998 1950 1952 
24: 1778 3102 3809 3966 6838 7123 7125 7126 7127 10318 2956 3103 3673 3808 3967 6836 6837 7122 7124 7128 7129 7130 7131 8242 10692 10693 10694 3811 6588 6589 6590 2420 3969 4113 6840 7119 7120 7121 7587 6839 7584 7585 7586 6841 7132 7133 7134 3291 9771 
25: 1799 3800 4243 4245 4246 4247 
26: 1904 1912 2317 3461 3473 3485 3749 3833 2311 3462 3474 3486 3750 3834 3274 1907 3273 3277 3276 
27: 1962 1963 2113 2114 
28: 1967 1968 2375 2376 2737 2738 3228 3229 
29: 2016 
30: 2041 2042 2043 2044 6958 
31: 2057 2058 2878 2879 2880 2881 
32: 2141 2508 8471 8474 
33: 2246 3159 
34: 2248 
35: 2258 4691 4692 4694 4697 4700 
36: 2286 2289 3151 4909 5542 10011 10012 10018 2288 3157 4916 5547 9999 10001 10010 3154 3447 4171 4914 5544 9998 10000 10006 10009 3156 3442 9587 10002 10003 10005 10007 10008 10064 3449 4172 5546 10059 10060 10061 10062 10063 9589 9585 10004 9584 10014 4908 6407 9586 10159 10836 12226 12319 12320 12321 16288 18089 4910 4911 6408 12227 12325 12326 12327 4912 12228 17906 19330 19436 19544 19545 3153 3326 3647 12229 13629 14329 14330 3324 3645 12322 10065 3445 
37: 2342 
38: 2363 5727 3306 3307 5201 5205 5207 5208 5662 5663 5664 5665 5666 5667 5671 5674 5728 5729 5731 5732 5733 5734 7662 7695 7699 7700 7701 7704 7705 7706 8911 3308 3309 4150 5202 5203 5204 5206 7697 7698 8096 8167 7377 7696 5672 7375 7376 5669 5673 7370 7371 7374 7694 5670 7663 7665 8223 7380 5730 7664 7666 8224 3627 3626 3623 3305 8225 8226 8227 8166 8097 3624 9933 
39: 2379 2380 3190 3191 
40: 2565 
41: 2568 2989 4564 14309 14311 14313 14312 14234 14308 17349 5934 14207 14223 14231 14232 14233 5927 5931 5926 5928 5929 5930 14200 14201 14202 14203 14204 14205 14206 14209 14220 14221 14222 10902 14208 14216 14217 14218 14219 10905 11279 14224 14225 11280 14226 14227 8730 9558 8729 3382 5932 8735 9563 14193 14194 14195 3383 10273 10272 5933 10271 11924 9562 9564 9567 9568 9570 11923 9555 9557 9561 9559 14199 14215 9569 14196 8734 8732 8738 17346 
42: 2585 3176 3874 3875 3174 3175 3177 3876 3877 6389 7256 3788 6390 6391 7257 7258 9066 9074 9077 3789 4037 6377 8295 10093 10094 6378 6392 7259 8296 10695 9075 9067 
43: 2728 2729 2730 2732 4187 15991 2733 4189 12635 4197 4188 4191 4192 4193 4194 4195 4196 4199 7367 11240 12637 12640 4186 4190 4198 7364 12634 12636 12639 3972 7355 13585 15895 15898 15901 3971 3976 4080 13584 13599 13615 15893 15894 15896 15897 3974 4079 6445 7354 3975 7357 13586 19358 19360 19361 7358 11235 13587 16597 18506 18604 7359 7366 7360 13588 19329 7356 7368 13618 15992 7365 12641 12643 12642 12644 13385 13387 4087 13379 13386 4083 4081 13384 16600 15899 16601 15900 12631 12632 12633 2731 
44: 2805 2806 2807 2808 
45: 3367 13621 10274 10270 10282 8039 10281 10283 
46: 3377 9776 9777 9778 
47: 3379 3380 7653 7654 7655 7656 7645 7646 7647 7648 7649 7650 7651 7652 
48: 3390 4571 5794 
49: 3513 3514 3516 3518 3517 3515 
50: 3564 
51: 3653 4040 6371 6406 8289 9446 9447 
52: 3759 3760 3761 3842 3843 3844 3845 5119 5121 5952 6643 
53: 3769 4259 5220 4253 4254 4258 4252 4671 6634 7642 
54: 3812 3813 
55: 3814 
56: 3857 
57: 3883 3884 3885 3886 
58: 3977 3978 
59: 4038 4353 4897 4905 5378 6382 6393 6403 6906 10168 13625 18134 18135 18136 
60: 4065 11631 17961 17962 
61: 4158 4159 5047 5626 4160 5048 8169 5049 8359 
62: 4446 4447 4473 4542 5880 7998 15346 15878 17029 18524 4543 5881 7999 15879 17030 18525 4756 4750 4752 4754 4757 4745 4747 4751 4746 4744 4748 4753 4743 4749 4741 4755 
63: 4531 5315 5316 
64: 4675 
65: 5237 
66: 5937 6076 6078 6079 
67: 6219 6224 
68: 6241 6246 6253 
69: 6608 
70: 6713 
71: 6870 6871 10321 
72: 8005 12451 9544 14831 9547 10898 13033 14832 
73: 8371 8372 8373 9435 
74: 8453 8454 
75: 8463 16595 
76: 9086 11928 11930 11931 11932 11933 
77: 9773 9774 
78: 9787 9788 
79: 9804 
80: 10079 10080 10082 10083 
81: 10353 10354 10355 
82: 10696 
83: 10712 
84: 11398 11399 11400 11401 11402 
85: 13623 16593 16594 
86: 14544 14545 
87: 15203 
