# The graph of directed at k=5
# from /Users/bogna/dev/role-mining/datasets/hepth/timeslots/cit-HepTh-1997.edges
# at no lower link weight threshold,
# and at no upper link weight threshold.
# Links were treated as directed.
# No time limit was set for the clique search.

1 5 1
1 7 1
1 13 2
1 14 7
1 15 16
1 19 4
1 30 1
1 39 4
1 41 1
1 57 1
1 68 5
1 69 3
1 76 1
1 79 5
1 81 1
1 82 3
1 83 1
1 84 5
1 87 5
2 36 1
2 42 1
2 51 1
2 59 1
4 7 3
4 15 6
4 41 1
4 62 5
4 67 1
4 72 3
5 8 2
5 14 1
5 15 8
5 36 2
5 42 2
5 46 2
5 47 2
5 59 3
5 60 2
5 74 2
5 76 2
5 77 2
5 86 3
7 15 16
7 17 1
7 35 1
7 62 1
7 67 2
7 72 2
7 73 1
7 81 2
7 84 1
8 15 2
8 36 2
8 42 2
8 46 2
8 47 2
8 53 2
8 59 2
8 60 2
8 74 1
8 76 1
8 77 2
8 86 2
9 48 1
9 73 1
11 37 3
13 15 3
13 41 1
13 81 1
14 15 4
14 18 1
14 19 2
14 35 1
14 68 1
14 74 1
14 76 1
14 82 3
14 83 1
14 84 2
14 87 2
15 16 10
15 17 3
15 18 1
15 19 3
15 24 4
15 25 1
15 32 1
15 35 2
15 36 15
15 38 1
15 39 1
15 41 15
15 42 3
15 43 4
15 44 3
15 45 6
15 46 3
15 47 3
15 49 6
15 50 2
15 51 2
15 52 4
15 53 3
15 54 3
15 55 3
15 56 3
15 57 1
15 59 4
15 60 3
15 61 2
15 62 7
15 63 3
15 64 2
15 65 5
15 66 2
15 67 4
15 68 5
15 69 1
15 70 1
15 71 2
15 72 7
15 73 3
15 74 4
15 75 1
15 76 10
15 77 3
15 78 4
15 79 2
15 80 2
15 81 5
15 82 1
15 83 4
15 84 7
15 85 2
15 86 4
15 87 3
16 44 2
17 62 1
17 72 2
17 81 1
18 41 1
18 52 1
18 80 1
19 79 2
19 82 1
19 83 1
19 84 1
19 87 1
22 24 1
24 32 1
24 43 2
24 66 1
24 85 1
25 40 1
25 41 1
25 43 3
25 45 1
25 58 3
25 75 1
25 85 1
27 70 3
30 80 2
32 43 3
32 66 2
32 71 3
32 75 2
32 85 3
33 37 2
33 42 2
35 62 1
35 73 4
36 42 4
36 45 1
36 46 2
36 47 2
36 51 3
36 59 8
36 60 4
36 71 2
36 74 1
36 76 3
36 77 4
36 78 1
36 85 1
36 86 2
37 42 3
38 43 1
38 57 4
38 75 1
38 84 1
39 49 1
40 41 3
40 43 2
40 58 1
40 75 1
40 85 1
41 43 1
41 45 5
41 52 3
41 66 4
41 75 2
41 80 6
41 81 1
41 85 1
42 46 2
42 47 3
42 51 5
42 59 4
42 60 2
42 74 1
42 76 1
42 77 2
42 86 2
43 45 2
43 58 3
43 66 2
43 71 1
43 75 3
43 85 5
44 61 1
45 58 1
45 66 1
45 71 1
45 75 1
45 77 1
45 78 1
45 85 3
46 47 3
46 59 2
46 60 2
46 74 1
46 76 1
46 77 4
46 78 3
46 86 2
47 59 2
47 60 5
47 61 2
47 74 1
47 76 1
47 77 2
47 86 2
49 54 1
49 55 1
49 70 1
51 59 4
52 66 1
52 80 2
52 83 1
53 64 2
54 55 3
54 70 1
55 70 1
56 72 1
57 84 2
58 75 1
58 85 1
59 60 4
59 74 1
59 76 1
59 77 3
59 86 2
60 61 1
60 74 1
60 76 1
60 77 3
60 86 2
62 72 3
62 73 1
62 81 2
66 71 2
66 75 3
66 85 3
67 83 1
68 84 1
68 87 1
69 79 2
71 75 2
71 77 1
71 78 1
71 85 2
72 81 1
74 76 2
74 77 1
74 86 1
75 85 3
76 77 1
76 86 1
77 78 3
77 85 1
77 86 2
78 85 1
79 82 1
79 83 1
82 83 2
82 87 1
84 87 1
