# The directed communities at k=5
# from /Users/bogna/dev/role-mining/datasets/hepth/timeslots/cit-HepTh-1996.edges
# at no lower link weight threshold,
# and at no upper link weight threshold.
# Links were treated as directed.
# No time limit was set for the clique search.

0: 9205068 9502077 9602032 9410206 9505080 9508073 9602045 9505098 9512155 9603074 9604112 9605221 9607138 9609027 9610106 
1: 9605018 9204044 9502110 9505027 9607044 9610090 9611015 
2: 9504082 9607129 9310004 9608018 9610167 9612098 
3: 9601065 9409187 9602048 9602106 9602151 9608180 
4: 9402032 9407087 9408099 9305068 9505187 9508117 9508156 9601085 9401133 9512116 9601097 9506052 9602167 9603086 9603176 9605054 9605069 9605182 9605229 9606146 9608085 9608114 9608185 9610065 9610142 9611106 9611230 9612195 
5: 9603062 9306067 9405166 9603159 9606174 9608025 9609054 
6: 9601003 9402002 9410167 9503124 9504027 9504047 9504090 9508143 9510017 9510086 9510135 9510161 9510209 9511173 9512062 9512077 9205027 9409021 9507090 9509108 9510134 9511053 9601007 9402032 9407087 9408099 9411048 9411057 9504102 9505150 9507008 9508155 9509175 9511180 9207016 9406105 9411187 9506200 9512031 9505075 9505100 9507032 9509176 9510101 9511154 9601014 9302103 9308083 9308122 9309140 9311042 9406055 9504145 9505105 9505162 9506091 9506110 9506112 9507050 9507115 9507158 9510093 9510142 9510225 9510234 9512138 9309039 9410237 9503209 9601029 9307049 9309145 9401070 9504147 9508072 9510182 9510229 9511026 9511064 9511088 9511222 9512078 9601036 9210127 9305142 9306052 9406198 9412184 9501030 9506126 9507012 9507121 9512053 9512129 9512219 9307158 9504006 9504034 9601038 0208020 9509080 9511030 9502072 9509009 9511171 9601057 9403040 9405117 9407031 9509132 9510169 9510200 9511043 9512059 9503115 9505035 9509161 9509162 9510204 9511052 9511126 9507027 9508144 9512196 9501068 9601077 9401139 9508154 9509148 9406206 9506057 9508042 9508177 9512012 9512153 9210021 9601098 9511194 9601102 9601108 9301042 9309097 9511164 9504081 9503012 9512127 9512157 9507113 9601150 9507048 9601152 9202014 9601164 9503228 9511098 9601167 9512042 9601168 9506102 9506181 9507144 9510129 9510183 9512161 9506101 9601177 9508058 9510097 9512089 9602005 9602010 9602014 9602022 9505053 9512181 9602030 9304104 9602043 9504129 9606169 9607229 9602049 9602051 9410073 9602052 9602057 9602060 9602064 9602065 9602070 9602071 9602073 9503163 9602077 9602082 9504120 9505190 9211021 9509074 9602097 9602102 9506144 9509146 9511108 9602111 9602114 9602118 9602120 9602135 9304159 9602136 9602140 9602144 9602154 9512046 9308154 9512124 9602172 9602174 9603002 9603003 9603037 9603009 9603028 9603033 9603042 9511204 9603060 9603061 9603073 9603078 9603081 9603087 9603089 9603090 9603099 9603100 9603108 9509042 9603109 9603113 9603116 9509151 9603123 9603126 9603127 9603133 9603136 9603142 9603147 9603150 9603156 9303160 9503072 9512210 9603161 9603167 9603170 9603186 9603191 9603194 9603195 9604007 9503005 9507166 9509166 9511134 9605151 9606130 9604013 9604014 9604026 9510149 9604030 9604034 9604035 9604041 9209032 9604042 9604043 9604051 9604052 9604058 9604055 9604057 9604059 9604065 9604068 9604070 9604077 9604089 9604091 9604097 9604103 9604119 9604127 9604129 9604133 9604134 9604139 9604156 9604164 9604166 9604168 9203033 9604171 9604178 9604179 9604189 9604193 9604198 9604199 9604200 9605016 9605017 9605028 9605033 9605042 9605046 9503162 9605047 9605049 9605051 9605053 9605058 9605059 9605062 9605152 9605077 9605082 9605085 9605087 9605090 9606199 9605091 9605096 9605101 9605112 9605131 9605135 9605146 9605150 9207019 9605154 9605168 9403179 9406216 9605174 9605184 9605199 9605200 9605201 9605215 9605216 9605223 9605224 9605234 9605236 9606008 9606009 9207060 9606016 9606017 9606031 9606033 9606044 9606047 9606049 9606050 9606082 9606086 9606091 9606093 9606102 9606111 9606113 9606118 9606122 9606133 9606136 9606138 9606139 9606142 9606146 9606148 9606165 9609066 9606173 9606176 9606185 9606193 9606196 9607001 9607011 9607019 9607020 9607026 9306096 9607027 9607029 9607041 9607050 9607051 9607054 9607057 9607066 9607076 9607077 9607078 9607091 9607092 9607105 9607107 9607108 9607109 9607112 9607121 9607139 9607149 9607157 9607163 9607184 9607185 9607187 9607190 9607193 9607201 9607202 9607207 9607227 9607235 9607239 9608005 9608012 9608015 9608017 9608024 9608039 9608047 9608053 9608054 9608059 9608060 9608061 9608078 9608085 9608086 9608093 9608095 9608096 9608099 9608104 9608105 9608108 9608109 9608111 9608117 9608118 9608126 9608127 9608145 9608154 9608163 9608167 9608173 9608183 9608186 9608194 9608195 9609004 9609015 9609017 9609026 9609041 9609048 9609052 9609053 9609056 9609059 9609062 9609065 9609070 9609071 9609075 9609076 9609082 9609084 9609086 9609087 9609094 9609095 9609101 9609104 9609111 9609112 9609116 9609122 9609126 9609130 9609145 9609151 9609157 9609159 9609161 9609167 9609176 9609181 9609204 9609212 9609217 9609219 9609225 9609238 9609239 9610005 9610024 9610026 9610031 9610041 9610042 9610043 9610045 9610046 9610049 9610053 9610062 9610068 9610074 9610076 9610077 9610082 9610085 9610105 9610107 9610111 9610120 9610125 9610138 9610140 9610142 9610148 9610155 9610156 9610157 9610162 9610166 9610168 9610170 9610171 9610172 9610181 9610195 9610204 9610205 9610211 9610232 9610236 9610237 9610238 9612213 9610249 9610250 9610251 9610252 9611007 9611008 9611012 9611014 9611016 9611017 9611026 9611029 9611036 9611040 9611042 9611047 9611050 9611052 9611060 9611063 9611065 9611072 9611075 9611079 9611090 9611094 9611099 9611103 9611104 9611110 9611111 9611118 9611119 9611123 9611125 9611134 9611136 9611137 9611140 9611146 9611151 9611159 9611160 9611161 9611162 9611163 9611164 9611165 9611173 9611174 9611175 9611176 9611182 9611184 9611186 9611189 9611190 9611195 9611196 9611201 9611202 9611203 9611204 9611205 9611210 9611214 9611215 9611218 9611222 9611230 9611233 9612004 9612008 9612015 9612022 9612027 9612051 9612052 9612056 9612062 9612064 9612076 9612080 9612085 9612087 9612089 9612095 9612096 9612102 9612104 9612105 9612108 9612115 9612119 9612120 9612121 9612126 9612127 9612130 9612131 9612141 9612143 9612144 9612146 9612153 9612157 9612162 9612164 9612167 9612188 9612192 9612200 9612202 9612204 9612215 9612222 9612223 9612224 9612229 9612231 9612236 9612238 9612239 9612240 9612248 9612249 9612251 
7: 9409021 9212030 9401025 9601171 9602145 9609152 9612248 
8: 9309110 9506104 9510055 9301042 9604140 9605222 9609167 9611130 9612067 
9: 9602085 9309034 9311147 9405067 9412167 9510144 9602119 9603115 9604045 9612082 9612084 
10: 9411149 9503086 9505004 9509066 9510222 9602031 9402044 9503179 9505082 9506148 9507018 9507169 9510148 9510228 9403198 9602180 9505006 9603034 9505051 9505067 9505088 9603158 9605108 9605113 9606184 9607021 9607200 9607210 9608046 9608147 9608157 9609183 9610139 9611020 9611088 9611197 9612207 
11: 9601007 9407087 9408099 9411048 9505075 9510101 9505035 9509161 9509162 9510204 9511052 9511126 9601168 9506102 9510183 9510224 9512161 9602005 9602174 9603028 9603069 9603140 9604034 9604078 9604101 9604199 9605135 9606063 9607159 9607219 9607223 9609123 9609219 9610216 9610242 9611190 9612134 9612238 
12: 9603095 9507150 9605001 9607094 9607096 9607237 
13: 9604128 9605107 9607174 9609128 9610128 9611004 9611150 9612010 9612011 9612012 9612013 
14: 9402077 9301114 9307174 9511128 9602012 9604124 9605030 9605039 9612158 
15: 9410237 9601091 9606187 9607051 9610024 
16: 9407087 9408099 9608121 9609130 9611123 9611190 
17: 9510209 9506126 9505053 9603142 9607011 9609122 9609211 9610234 
18: 9505018 9505046 9510223 9602045 9602070 9604112 9604183 
19: 9501065 9504143 9506207 9603181 9605170 9610089 9611149 
20: 9504143 9506207 9202059 9606052 9606135 9610089 9611061 9611149 
21: 9502072 9603004 9605032 9606073 9611184 
22: 9309039 9406206 9503226 9401006 9503045 9601096 9502126 9504148 9507112 9602179 9607051 9610024 
23: 9512006 9604062 9512180 9606093 9611161 9612004 
24: 9407087 9506102 9602082 9604004 9605178 9606191 9608135 9609021 9610026 
25: 9503124 9602022 9607201 9608026 9611223 
26: 9510222 9603051 9607151 9609059 9611097 
27: 9510017 9610043 9612115 9612164 9612215 9612234 9612251 
28: 9211021 9602087 9506027 9510117 9605173 9607126 9607146 
29: 9407087 9408099 9505105 9505162 9506112 9502072 9510227 9509160 9506075 9603004 9510074 9512006 9604004 9605032 9607032 9607077 9608059 9610151 9611188 
30: 9510209 9406132 9602070 9603142 9605136 9608019 9608197 9609046 9611196 9611204 
31: 9510182 9601037 9203071 9204030 9205068 9212045 9303017 9307158 9501020 9502077 9504006 9504034 9602097 9605011 9606087 9608034 9610157 
32: 9406132 9605170 9608010 9610089 9611149 
33: 9507022 9602067 9604177 9607102 9608044 
34: 9602022 9505183 9606077 9606142 9612102 9612171 
35: 9402032 9505187 9508117 9508156 9601085 9601097 9603134 9606096 
36: 9407087 9408099 9411048 9504102 9507008 9509175 9505075 9505100 9507032 9512005 9603002 9603042 9606043 9609059 9609116 9611190 
37: 9507158 9606040 9606112 9606139 9608116 9611036 9612143 
38: 9510182 9604041 9605028 9608012 9610174 
39: 9510135 9602077 9604041 9608005 9608186 
40: 9510169 9602070 9603133 9605028 9609209 
41: 9508042 9512012 9604052 9604058 9604127 9612224 
42: 9410167 9503124 9605136 9608195 9610238 9611204 
43: 9503124 9601150 9604179 9610238 9611134 9611204 
44: 9607201 9608117 9611047 9611174 9611215 
45: 9505105 9602022 9604034 9607223 9612134 
46: 9601003 9503124 9508143 9512062 9603009 9604103 9611202 
47: 9501068 9603087 9607201 9609217 9611047 
48: 9510135 9610043 9612102 9612164 9612215 
49: 9510225 9601038 9602052 9603116 9604070 
