# The contained directed cliques in the directed communities at k=5
# from /Users/bogna/dev/role-mining/datasets/hepth/timeslots/cit-HepTh-1996.edges
# at no lower link weight threshold,
# and at no upper link weight threshold.
# Links were treated as directed.
# No time limit was set for the clique search.

0: 671 1049 2128 3909 3910 2129 2130 1039 4985 1771 
1: 835 1577 1578 
2: 884 1642 
3: 971 1308 
4: 979 980 3274 3541 4185 2021 3277 3597 4192 4670 2020 2851 4191 4395 4669 4674 1699 2848 2849 2850 2852 3276 3543 3546 3595 3599 3600 3601 3602 1698 3542 3544 3547 3549 3550 3275 3548 4186 3279 3280 7409 4394 4668 4673 3278 3446 3545 
5: 1098 1099 1447 1235 
6: 1181 1745 2193 3518 3519 3520 6130 6131 2195 4143 4149 4145 4495 4740 4742 9216 4741 4746 4747 4748 4750 7986 4148 4368 4743 4744 4749 8983 8984 8985 8986 10069 10075 10076 10079 10084 10085 10088 10089 10090 10093 4146 4147 4152 4151 5446 10409 11718 13552 5438 10403 11703 14778 5434 5435 5439 5440 5442 5445 5447 5448 5449 10402 10411 12502 12503 13122 14773 14776 5436 8421 11697 13116 13623 14774 14775 5437 14070 5441 13117 13118 13123 13124 4432 4434 5983 6837 6845 6957 6958 6959 7079 7080 7971 7990 8467 8988 9685 9908 9918 10071 10080 10081 10426 11806 11892 13129 13131 14071 14098 14101 14109 14113 14117 14422 14425 14821 3629 4433 4435 4436 4437 4438 4439 4440 4441 4442 4443 6835 6836 6841 6842 6954 6956 6963 6964 6965 7970 7988 7989 8048 8980 8987 8994 10070 10410 10412 10418 10427 10443 11893 12505 12506 12536 14790 14815 14816 14817 14818 14819 14820 14822 14825 14857 3632 6840 6962 8975 8977 8979 8981 8992 8993 6831 6838 6978 8971 8972 8974 8976 8978 12507 12517 12519 12521 12535 12538 14789 14856 3882 4173 4384 4388 4514 4515 4516 5357 5358 6083 6084 6085 6088 6089 6090 6091 6092 6093 6094 6095 6096 6097 6098 6099 6100 6101 6102 6103 6104 6105 6106 6107 6203 6204 6205 6832 6833 6834 6839 6843 6844 6846 6960 6961 7928 7929 7930 7931 7936 7937 7942 7943 8169 8171 8172 8182 8306 8307 8308 8309 8367 8368 8369 8370 8371 8748 8749 9180 9181 9182 9183 9184 9566 9615 9616 9619 9620 9647 9825 9829 10119 10120 10121 10125 10413 10414 10415 11018 11019 11405 11415 11745 11746 11747 11748 11749 11750 11751 12211 12212 12320 12321 12322 12323 12324 12325 12326 12327 12346 12347 12348 12349 12495 12496 12497 12498 12500 12504 12508 12510 12512 12514 12515 12518 12520 12522 12523 12524 12526 12527 12528 12529 12530 12531 12537 12539 12540 12541 12542 12543 12544 12545 12556 12557 12560 12561 12564 12565 12569 12570 12574 12575 12576 12577 12603 12604 12618 12619 12848 12849 12850 13140 13163 13164 13347 13348 13350 13351 13377 13442 13446 13466 13467 13468 13470 13479 13480 13618 13620 13833 13871 13874 13875 13878 13879 13880 13881 13895 13896 14082 14088 14096 14104 14330 14331 14469 14470 14561 14562 14563 14662 14663 14664 14665 14667 14668 14797 14802 14858 14859 14861 14867 14868 14949 14960 14970 15255 15256 15257 15258 3883 3884 3885 4832 4834 5360 6108 6109 6110 6211 6212 6213 6216 6217 6218 6219 7944 7945 8163 8164 8165 8166 8167 8170 8174 8177 8178 8179 8183 8184 8185 8186 8187 8310 8311 8312 8313 8314 8315 8316 8320 8321 8326 8327 8337 8358 8359 8360 8519 8520 8743 8744 8745 8750 8751 8752 8753 8913 8914 8915 8916 8917 8918 8921 8922 9165 9185 9186 9187 9188 9191 9192 9199 9558 9626 9638 9639 9649 10935 11314 11315 11316 11317 11318 11319 11320 11321 11752 11754 11760 11846 11847 11848 11849 11850 11851 11852 12216 12217 12333 12341 12350 12351 12352 12353 12357 12358 12555 12558 12559 12562 12563 12567 12568 12572 12573 12578 12579 12581 12586 12589 12598 12605 12624 12627 12643 12645 12651 12662 12664 13155 13359 13362 13364 13367 13374 13378 13471 13477 13481 13482 13599 13870 13872 13876 13877 13882 13883 13897 14320 14332 14333 14459 14460 14461 14471 14472 14473 14558 14869 14939 14953 15315 15362 7037 8188 8317 8318 8325 8340 8737 8738 8739 8740 12646 12652 12654 12670 12672 3936 6198 6200 6202 7035 7036 7040 7045 7046 7997 7998 8161 8162 8735 8736 12669 12671 3937 3930 3940 3941 3929 3932 3931 11020 13475 14261 13605 13606 13607 4072 6910 6911 6921 6922 6968 7172 7173 7174 7175 7176 7177 7179 7180 7182 7184 7189 7190 7939 7941 8300 8301 8303 8304 8305 8323 8328 8330 8331 8333 8338 8339 8341 8343 8344 8513 8514 8515 8522 8526 8906 8907 8908 8911 8924 8930 9552 9554 9556 9560 9561 9564 9565 10122 10429 11023 11329 11335 11338 11339 11758 11761 11762 11765 11766 11843 11844 11864 11870 11871 11872 12210 12328 12329 12547 12719 12720 12729 13435 13439 13597 13602 13603 13608 13609 13610 13611 13612 13615 13616 13617 13908 14327 14560 4073 4074 3128 4823 4824 4825 4830 6634 6909 6912 6913 6914 6915 6916 6917 6918 6920 6923 6924 6925 6928 6931 6932 6935 6936 6939 8302 8342 8345 9553 9555 9559 9568 9574 11189 12722 13909 14557 3124 3129 3130 3132 3133 4272 4839 8909 8910 8923 9170 9171 9172 9173 9174 9194 9197 9198 11186 11191 11194 11195 11196 11197 11753 12716 12717 12718 12724 12725 13450 13451 13844 13845 13899 13907 14278 14328 14336 14555 3126 14267 15054 6973 6969 6970 6979 6966 6967 9573 10404 10428 12532 6955 10425 14089 14894 14097 14103 14086 14093 14099 14080 14087 14092 14787 14081 14084 14796 5985 14067 14068 14069 14083 14094 14795 2830 4376 5980 5981 5986 7086 8422 8424 8425 10806 10807 10808 11292 14072 14073 14074 14075 14792 14793 15009 15010 2823 2824 2825 2827 3107 10078 2829 8047 4367 7969 7987 8050 8451 8465 8466 10091 10405 10406 10407 10408 10431 10432 11707 11891 12715 13130 13137 14157 14788 14805 14899 14900 14901 14902 3683 4369 4372 4373 4375 4378 11721 11722 11723 3680 3681 11706 3709 7844 12811 13114 13126 3104 3705 3707 3700 5462 5461 5456 2995 5455 5457 5459 5464 8460 8843 10484 10743 10749 10750 10754 10755 10758 10759 14782 2986 2989 2990 2992 2993 2994 2996 5463 5465 10751 10753 2987 2988 2991 4405 5588 10210 10211 10747 3499 4334 4407 5589 5594 5916 3500 2166 4335 4408 4406 5469 10737 10493 10517 10738 10739 10740 10741 10742 10744 10761 6067 10479 10487 10492 10748 10767 6057 6056 6058 6063 6061 10349 6062 7230 10811 14059 14060 14780 14794 6059 8461 8478 6060 8477 8479 13133 14058 10791 11301 13115 13121 13127 13132 5188 5189 10435 10678 10787 10788 10789 10790 10792 10793 10794 10796 10799 10809 10812 10816 10975 12786 13119 5184 5190 5191 5194 5195 5198 10795 5183 5185 5186 5199 6571 6666 6670 6671 6673 6682 8192 8194 10041 10058 10964 10976 4806 5182 5744 5745 8198 8199 4815 4816 4809 8196 3596 5746 8434 11173 11180 3114 5165 9494 10049 10797 10963 10965 3118 3119 5168 10045 3626 4544 4549 5043 5048 5055 5056 5166 5167 5169 5170 5171 5172 5173 5771 5774 5780 5781 5798 6113 6114 6119 6121 6122 6123 6125 6126 6562 6679 6857 7925 8378 8379 8380 8381 8382 8383 8384 8385 8390 8892 8893 8895 9482 9484 9485 9489 9490 9491 9492 9498 9500 9501 10046 10047 10048 10063 10064 10065 10374 10386 11547 11548 12225 12226 12232 12233 12395 12434 12435 12436 12787 12788 12789 12790 12872 12873 12876 12877 12879 12908 13016 13025 13043 13081 13683 13701 13777 14751 14930 14931 15083 15086 3616 3625 3615 7893 10051 10052 12875 12878 13000 13001 13018 13033 13069 13088 13580 13661 13665 13671 13691 14884 15252 10300 13407 14231 14304 14992 15000 6777 8655 8657 10176 10299 10302 10305 10306 10307 10309 10573 12980 13031 13032 13067 13068 13086 13087 13583 13660 13662 13663 13669 13670 13689 13690 14229 14230 14245 14567 14573 14583 14597 14883 14991 14996 14999 15005 15214 15220 15364 15366 6783 6572 6575 6781 6784 9526 9527 9544 10183 10184 12413 12414 12415 12981 12982 12988 12989 13037 13038 13075 13076 13100 13101 13632 13652 13667 13668 13675 13676 13695 13696 14568 14574 14576 14581 14587 14601 14886 15087 15088 15093 15094 15201 15207 15212 15223 15224 15365 15367 5107 5124 5923 6018 6019 6560 6566 6567 6573 6574 6576 6577 6579 6870 6872 7741 7742 7746 7896 7897 7907 7926 9520 10182 10191 10301 10316 10387 10578 12046 12387 12403 12410 12798 12882 12919 12928 12943 12960 12964 12986 13041 13079 13104 13263 13264 13265 13266 13267 13268 13269 13270 13273 13274 13277 13628 13633 13640 13641 13654 13666 13672 13692 13767 13800 13801 13865 14144 14145 14564 14571 14575 14580 14586 14600 14612 14616 15091 15100 15112 15164 15167 15230 15239 15246 15249 15250 15251 5099 5100 5101 5103 5106 5108 5109 5116 5123 5126 9508 9522 9529 9533 10609 13236 13724 14170 15063 3990 4328 5098 5102 5105 5113 5114 5117 5118 5119 5125 6565 7737 7738 9505 9509 9510 9523 9524 9535 10290 10295 10296 10310 10603 10607 10610 10611 10612 10996 11005 11536 11551 11552 11557 11558 12417 12418 12420 12801 13229 13230 13231 13232 13233 13491 13492 13511 13709 13727 13735 13736 13742 14008 14013 14019 14021 14066 14190 15061 15062 15064 4327 4329 4332 6886 9534 11556 13493 13510 4330 6879 6888 6881 6880 6883 6885 10303 10308 12419 13109 13798 15058 15066 15067 6578 6891 9504 9517 9528 9545 13105 13107 13708 13999 14004 5127 5280 5428 6564 6583 11555 13040 13078 13106 13514 13634 13655 13678 13698 13710 13741 13991 13992 13994 13996 13998 14000 14001 14002 14005 14006 14015 14016 15057 5286 13749 14003 14026 11535 13726 13731 5115 5178 6711 9506 9507 9513 10957 10968 11534 11537 11538 11550 13235 13237 13723 13728 13729 13732 13770 13771 5120 5957 9519 9521 10297 13766 13769 13778 14750 5104 5121 5122 5958 5959 5969 5970 8060 12891 12927 13759 13765 14745 5961 5962 12067 12068 4041 5903 5963 7388 12059 12075 12076 12077 12078 12079 12080 12081 12082 12083 12124 12125 12126 12128 13781 14509 14510 14511 4038 4040 4042 3152 4037 13761 14505 14506 14507 14508 2624 3151 3154 3727 10702 13756 13760 13763 14492 14493 14498 14500 14501 14525 14526 14533 14534 14538 14539 14540 14541 15108 15121 15233 15235 2623 2626 2873 3728 8009 10703 11594 11623 12235 13782 13784 14512 14513 14518 14519 14520 14521 14522 14527 14543 14544 8034 11610 11639 12120 12121 12122 12123 12250 15159 15160 3473 3841 5976 8013 8017 8025 8030 8033 8035 8039 8040 8041 8043 8936 8940 8943 8947 8949 10714 11523 11525 11527 11529 11530 11606 11609 11614 11635 11638 11643 12246 12249 12255 14988 15041 15045 15127 15151 15152 15293 15326 12159 12160 12161 12162 12491 13205 14205 14206 14207 14757 14990 15324 12050 12074 12115 12155 12156 12163 12164 12174 12175 14182 14691 8012 11522 12031 12032 12033 12034 12048 12049 12051 12052 12053 12054 12055 12056 12062 12065 12066 12070 12071 12084 14171 14173 14174 14495 14700 15200 15205 15209 15211 5543 8005 8015 8018 12480 13196 13297 14168 14172 14179 14183 14195 5546 14698 14702 14494 14699 5788 5888 8006 8007 10567 10585 10701 11590 11619 13779 14293 14496 14497 14502 14503 14504 14523 14528 14529 14530 14535 14536 15122 15125 5789 5790 5793 5791 5797 5778 5794 7900 7959 12913 12923 12931 12938 13092 13647 14732 14746 15111 15155 15196 15198 15221 15226 15236 15242 15243 4543 5769 5770 5772 5776 5777 5779 6860 7735 7736 7743 7905 7908 7965 8389 8894 10066 10571 12929 12930 12941 12944 12994 13762 13764 14734 15106 15107 15109 15113 15232 15241 4545 4537 6856 6867 7927 8387 8391 8392 6852 6855 6858 6859 6866 6869 6871 12961 6851 6853 12921 12926 13061 7732 7966 12970 12977 13013 5264 7730 7731 7734 7960 7964 9085 9086 9088 12193 12969 12973 12974 12975 12978 12979 12987 12990 12998 13005 13006 13007 13008 13009 13014 13721 13755 13757 13758 14532 14986 5265 5266 5268 5270 9017 3226 5267 5271 3914 10148 3720 3913 3722 10141 2806 5841 7733 10024 10026 10034 2807 2808 7727 10023 10029 9673 10028 6862 8386 6863 6865 6854 6864 10013 13752 13753 14297 10553 10568 10602 12169 12237 13785 14291 14295 14296 14516 5905 10545 10546 10547 10548 10550 10552 10554 10559 10564 10569 10582 10583 10587 10588 10589 5902 5906 10597 10560 10580 10561 10562 12060 12086 10563 10570 10572 12791 15217 15240 15218 12061 14721 15199 15210 7892 12058 12064 12087 12088 12089 12097 12111 12112 12113 12166 12933 7390 7891 7894 7898 7899 7901 7902 7903 7904 7906 7909 7915 7921 7922 7923 12045 12069 12085 12090 12091 12092 12137 12138 12139 12171 12899 12934 12936 7389 7387 13790 14499 13780 14148 14524 14531 15234 4039 7281 13783 13786 13791 14514 14515 12918 12935 12940 12942 3773 5960 12892 12893 12900 12911 12912 12915 12916 12920 12932 13645 3771 3772 3775 3774 12036 12037 15229 6120 9499 12035 12038 12039 12040 12041 12042 12043 12044 12103 12104 12132 12133 12134 12945 13111 13657 13995 13997 14014 14169 14887 15090 15225 15227 15228 15254 6112 6124 6127 9481 9487 9488 9493 10375 10384 10385 12433 12985 13028 13042 13064 13080 13535 13536 13682 13700 14065 14142 14143 15082 15085 5767 5773 6128 9480 9483 12738 12741 12750 12751 12752 12761 8388 8393 8869 6498 12398 6482 6499 6475 6478 6479 6481 4160 6474 6476 6477 6480 6483 6484 6485 6486 6488 6492 9845 10361 10362 10363 10364 10368 10369 10370 10372 10373 11563 11564 11565 11566 11573 11575 11576 11577 11578 11580 11582 11586 11587 11588 11589 12375 12376 12377 12384 12388 12389 12390 12391 12392 12393 12394 12406 12427 12428 12432 2037 2038 3628 3630 4158 4162 4164 5925 6022 6027 6149 6151 6152 6504 7150 7153 7156 8871 8880 9067 9069 9072 10365 10366 10367 10376 10377 10378 12408 12416 12421 12422 12425 12426 2039 8876 10388 10389 10390 10510 10863 10511 13280 6013 8881 8882 13578 6002 6004 6012 6014 6015 6021 6000 6001 6017 6024 6025 6495 5683 6003 6016 6020 9082 5673 5680 5682 13293 13294 13299 5678 5677 2713 5278 11676 13110 13112 13260 13271 13272 13275 13276 13295 13296 13298 13300 13301 13517 13711 13716 14007 14009 14010 14018 14020 14022 14196 2714 2715 2716 5921 14565 14582 5918 5920 5922 5924 5928 12105 12107 13108 13644 13653 13656 14566 15136 15231 5930 10383 12383 12385 12402 12404 12409 12411 12412 13261 13291 13866 10190 10382 12405 13279 7924 8891 7910 7912 7916 7917 7918 15244 15245 8883 12106 12429 12874 12880 12881 12950 13285 14572 8884 8886 7744 7739 7740 12909 12958 13737 9511 9530 13738 15065 15208 9512 9531 9532 9546 9547 13626 13636 13658 10400 10401 13629 13635 13680 13681 13713 14608 9066 9070 10185 10380 10381 10398 10399 11673 13286 13287 14588 6489 6491 9073 10044 10054 10056 10059 10060 10061 10067 6487 6490 10043 10042 6508 6507 6026 6503 6007 6006 6005 6008 6023 6009 6011 10050 10053 10062 6010 10180 10178 10181 12379 13650 14613 14980 9525 9538 10577 13035 13073 13591 13630 13673 13685 13693 15333 15335 9516 9539 13055 13648 14133 14177 14180 15206 15222 15334 11553 12192 13044 13045 13056 13057 13094 12186 7576 10832 13537 13538 7575 7588 7577 9502 13324 13336 5339 5340 5341 11262 11692 13339 5333 5338 5344 11260 5328 5334 11691 5329 5330 5327 5332 5346 11680 11687 10880 10875 10878 11683 10876 10873 10895 14642 10893 14641 7489 10885 10897 11470 1351 1744 6258 6260 6261 6262 6264 6265 6266 6267 6269 6270 6271 7484 7490 7491 7492 7493 7494 7495 7496 7497 7498 7499 10824 10825 10826 10827 10828 7500 6257 4563 5326 9093 10833 10881 10884 10892 11478 11483 14302 4561 4564 4562 10883 11484 14124 14125 4625 7349 11469 11482 11485 11486 14119 14342 4620 4626 4627 4621 7341 11118 11206 15371 7342 7343 7346 7353 7357 7345 7347 7350 14120 7344 7352 14121 7359 7358 7351 7355 7348 11946 8276 11938 11939 11941 11947 11948 11949 11950 11951 11952 11953 11955 13555 8280 8282 8283 8287 8292 8293 8259 11156 11940 11942 11943 11944 11945 11981 5402 9916 9919 9921 9922 10943 11146 11159 11160 11164 11167 12640 5398 5408 5416 5399 10480 5404 7222 7229 7225 7233 7235 7313 14779 14781 7226 7227 7228 7234 9219 12281 9257 10784 10764 10783 10762 10763 10765 10766 10769 10768 10745 10771 10776 8775 10746 8774 8771 8773 10770 4874 8765 9389 4865 4866 4868 4871 4872 6536 7884 9336 9344 9395 9396 11464 11465 3872 4197 4198 4199 4200 4201 4861 4867 4869 4870 4873 4876 5477 5481 7823 7824 7825 7829 7834 7886 7887 9401 11462 11682 11778 11779 11780 11791 14634 3871 5474 3969 4196 5472 5473 5479 7826 7839 7840 7841 7845 7847 3965 3968 3971 3964 3967 4860 3966 3972 4863 3970 3973 4864 3975 4556 4558 3099 3974 4555 5480 5471 5476 5482 5484 4202 5470 11793 4204 4203 11789 11788 11790 14219 14220 14626 14224 14643 9058 14244 9061 9063 11263 9722 9705 9711 9721 9723 9704 9706 9701 9703 9710 9700 9702 9718 9717 9720 5345 9709 5337 9719 10829 10830 5336 5342 5331 10831 11466 11481 9090 11467 11473 9089 9091 9092 9094 9096 11475 11477 13015 12760 12999 13023 13530 13531 10215 10217 12737 12746 12749 12759 13024 2652 7455 7456 7457 7458 7462 7465 8619 8621 8622 8624 8628 8632 8633 10213 10214 10220 10222 10223 10225 10226 10234 11583 11585 12260 12733 3163 7459 7460 7461 7463 7464 3164 3165 3166 7467 10371 11584 12257 7466 10236 10839 10841 10856 10860 10862 10864 7468 10232 10837 10838 10852 10854 10855 12380 12381 9053 9876 10391 11571 11572 11574 12372 12374 12378 12382 12736 8683 9048 8626 8627 8630 8631 8634 8638 8645 8650 8651 8659 8665 8668 8677 8681 8682 8684 8690 8618 8629 8646 8647 8656 8673 8674 8686 8687 10535 10842 10844 12386 12734 13582 13585 13659 8620 8623 8625 8635 8636 8637 8639 8641 9855 10532 8640 8642 8678 9856 9857 9858 9862 8643 8653 8661 8685 9863 9872 9883 8662 8670 10233 10235 10533 10237 9868 10239 9866 9867 9865 10534 8652 9869 9870 9871 9873 8660 8691 9848 9846 9847 9849 9874 9877 13581 13684 15178 10379 3631 10392 10393 13594 13595 13688 15187 13577 13579 10861 13687 15189 15188 12884 15173 15177 15190 8888 12883 13776 10959 10800 10954 10958 10960 10798 10803 5174 7290 10068 5037 5039 5041 5047 5112 5180 5038 5040 5042 10953 5045 5046 5053 10962 10966 5044 5052 5050 5049 5057 11549 6683 10969 10970 11554 6681 6570 10967 10973 10974 6568 6569 6580 6581 6561 6559 6558 8248 10955 8234 10638 10956 12802 11561 9518 9514 10606 11560 11559 6887 10605 6042 6882 6889 6043 6046 6039 6041 6884 10635 6038 11351 11956 11957 11959 11967 11968 11969 12371 14489 14922 11958 14452 14919 10651 10660 11935 11962 11963 11964 11965 11976 11980 12679 12680 12681 12682 12683 12685 12686 12697 14462 14466 14474 14485 4687 9267 9268 9664 9665 9666 10643 10644 10645 10647 10649 10650 10652 10653 10654 10655 10657 10658 10659 10661 10662 10663 11203 13142 4529 4688 4689 4523 4528 4526 4686 4691 5411 5418 5420 4524 4527 9233 9240 9241 9258 9260 9265 9266 9911 9928 9930 9933 9936 10485 13954 9247 9246 11811 9242 11810 9244 9259 9634 9955 9243 9245 9635 9957 7245 9269 9956 7196 7203 7215 7193 7194 7195 7199 7202 9914 9920 9925 9926 9927 9962 8206 9912 9913 9915 11055 8205 8207 8209 8218 8222 8223 8229 8230 9949 9961 10332 10522 10524 10526 10903 10905 11053 11058 14904 11054 10904 10901 10902 10922 9464 10907 10917 10918 11143 11144 9462 9465 9463 10906 10908 10912 8176 9330 9972 10527 10909 10913 10914 10916 10920 10921 10929 10930 10931 10932 10933 10934 10937 10940 10948 11059 11181 11185 11222 11223 11269 13143 13144 13145 13146 13148 13154 13242 13243 13244 13248 13252 13835 13837 13965 14457 6206 6215 6934 6990 7120 7121 8180 8181 8189 8356 8357 8742 9571 9640 9644 9651 9822 9978 10325 10329 11030 11184 11270 12206 12343 12585 12597 12623 12650 12661 13157 13159 13160 13162 13358 13830 13831 13832 13838 13839 13840 13892 13893 13894 13962 14274 14275 14276 14319 14324 14458 14467 14905 14955 15039 6207 6208 8173 8175 9617 9618 11209 12204 14110 14262 14923 6209 9621 9969 10482 11161 11211 11802 12205 14111 14263 9970 12553 15383 15387 9992 9980 9988 9989 9991 9993 12548 12622 12629 13436 9976 9979 9987 10123 12625 12626 14959 9975 12631 13968 13969 9985 9986 9994 9996 10005 11182 11827 12591 12655 12665 13147 13149 13150 13151 13152 13153 13161 13165 13836 13853 13857 13900 13966 13971 13972 14866 14870 14874 9998 11190 12588 12593 12602 12653 12663 13361 13855 14666 14873 14875 9997 9999 12584 12590 12644 13834 13843 13898 14334 14475 14478 14486 14556 14559 9995 10319 10331 10340 8537 9981 10006 10330 10334 8532 8533 8536 8539 8547 9990 13847 14481 8528 9572 9628 9630 10952 11340 12330 13846 13925 14270 14863 8517 8518 8521 8523 8524 8527 9168 10126 11308 11328 11331 11332 11334 11336 11337 12355 12356 12361 12363 12364 12365 12368 4174 4517 8329 8372 8373 8374 8516 8525 8529 8530 8543 8927 8928 8929 9164 9166 9167 9200 9201 9202 10938 11278 11279 11281 11284 11306 11307 11309 11310 11311 11312 11313 11322 11323 11324 11755 11756 11854 11863 11865 11867 12214 12215 12218 12344 12359 12360 12362 12607 12620 13166 13349 13352 13379 13484 13485 13841 13903 14155 14338 14476 14477 14871 14872 15316 4175 8363 8364 8746 8754 12583 12599 12600 12601 12606 12608 12609 12613 12647 12658 13360 13363 13366 13369 13375 13380 12648 12660 12721 13191 7949 8334 9205 12546 12580 12582 12659 12678 4847 7940 7947 12208 12549 4841 4844 4846 4821 4822 4835 4838 4840 4843 8912 8925 8926 9169 9179 9190 9193 9195 9196 9206 9208 12621 12728 13433 13434 13443 13447 4268 4826 4828 4829 4833 4836 4999 5000 7187 8319 8322 8324 8919 8920 9823 9826 9828 9830 10419 10446 12516 12587 12628 13440 13448 14317 14318 14321 14323 4265 4270 4271 14329 4266 4831 3318 7183 3316 3317 3319 3320 3321 3322 4273 11187 11192 3323 4269 3997 5698 5699 6628 7016 7168 3375 4658 4659 5700 7697 9660 10731 3376 3377 3378 3955 3958 3961 4660 4662 4664 4878 6983 7018 7692 10722 10733 11400 11401 11429 12703 11605 11634 11657 12488 12700 12701 12702 13202 11602 11604 8029 10712 11600 11615 11631 12486 14756 15029 15032 8027 8044 8026 8028 10710 11629 12484 13200 14754 15040 15044 2978 3833 3834 3842 8932 8935 8938 8939 8941 8942 8945 8946 8948 8951 8952 8953 11524 11526 11528 11531 11532 11533 2977 2974 11508 11509 11511 2899 2975 3830 4060 8023 11598 11627 15192 15193 2900 3831 4061 8024 11599 11628 15046 15126 15194 15195 3835 3839 3843 11601 11630 12485 13201 14755 15202 15203 11612 11641 12251 15165 15166 11516 11607 11515 11517 11518 11519 11520 11521 13463 15161 12129 12914 12924 12937 12939 13093 15092 15133 15154 15162 15163 12093 12116 12117 12130 12131 12135 12136 12141 12142 12143 12147 12172 13642 13649 12094 12100 12176 13631 12101 12099 12154 12181 12098 12151 12962 14985 12150 15292 12140 12145 12149 12152 12153 15158 12946 14056 15124 15129 15153 12241 12917 12963 12236 12238 12239 12240 8010 11595 11624 12247 14545 14546 8031 8032 4065 11636 14989 15128 15156 15157 4064 3838 11637 11608 14987 14981 15101 15336 13651 12954 13639 12952 12953 8874 12951 12956 12967 13637 8873 12799 13643 12800 13773 14604 11025 14605 15056 11928 13705 14603 14607 14609 14620 11927 11929 11930 11926 11932 11931 14040 14033 14038 14032 14035 14027 14031 14034 14037 4423 14028 4424 4425 4426 4427 14045 14046 12184 13066 14036 15376 12063 12096 12170 12185 12057 12073 12095 13065 15213 15219 15375 12072 13029 13030 7381 10142 11360 12047 13915 14178 7380 10139 10143 10135 10140 11358 11359 11361 11362 11366 11371 14589 11364 11370 14577 5530 11365 11372 14617 14570 12948 14707 15176 15247 15248 12897 12947 12949 12966 14713 12888 12889 12895 12896 12898 12902 14714 5972 12885 12886 12887 12890 13085 13095 14733 5975 5966 12248 5967 12901 12903 12904 5964 12148 12118 12119 12894 12922 15110 15123 15131 15149 15150 12168 15132 10021 12165 12167 12177 12179 14288 14294 14300 5965 10010 10012 10022 14287 10008 10011 14286 10009 10014 10015 10018 10019 10020 13751 14289 14744 14748 14749 15237 15253 15238 7614 14517 15130 15353 3179 7606 7608 3180 3183 7610 14048 14049 14057 14051 12227 14052 14055 14053 4166 8402 8408 8414 9081 10357 10397 14602 4163 4167 8416 14050 4161 5017 13890 4159 9599 14062 8403 9612 7325 8400 8404 8411 8412 9078 7319 7324 8406 8409 9079 7318 8405 7321 14784 7821 7846 12808 12810 12812 13120 13125 13128 13553 14783 14785 14786 7819 7820 7822 7827 7828 7830 7838 7842 7888 5807 5808 5862 7831 7835 7836 7837 9684 10077 11701 14809 3698 3713 4580 5200 5801 5802 5803 5806 5987 7293 7295 7296 7367 8420 9680 9682 9686 9688 9690 9693 9699 3381 3382 3383 3693 3694 3695 3696 3697 3699 3712 3714 3726 4579 7294 7298 7311 7368 7876 3380 3715 7312 7316 7877 3120 9695 11241 9694 9697 9689 9696 13113 2781 5988 7095 9691 2780 5989 7096 9683 2782 5203 5204 5205 9692 9687 9698 11812 9907 7197 9931 9932 9934 9952 9953 13946 7198 7200 7201 9929 9945 9939 8217 9917 9943 9944 9959 11820 11978 8215 8216 8221 8213 10486 8211 8214 9941 8212 8228 10778 9942 10478 9940 10333 11163 11293 11879 14271 14484 10335 8220 10327 6621 7438 8219 8231 10495 6620 6626 6627 6618 9947 10488 10481 9221 10646 4690 9946 9948 10489 5400 7211 10494 5401 7213 9954 9950 9958 9951 9631 9923 9632 9633 9636 8210 9924 9960 14487 14419 14417 14418 14416 14912 14908 14449 11977 11979 11982 11961 11960 13960 14925 11821 14924 11836 11828 11829 11830 11833 11834 11835 13842 13963 13964 14916 14277 4765 4934 7128 9983 10326 13209 13210 13255 14284 4761 4764 4766 4777 4780 4760 4776 4779 7814 13215 7160 5658 7159 7161 7810 7815 5659 5660 5661 5664 4770 5662 4473 5076 3093 4478 5070 5074 3091 2602 5071 2601 2517 2524 5665 6542 6543 6548 2518 2519 2523 5810 1892 3486 1893 3487 6550 6549 7811 12207 9657 9659 6998 9570 9622 9623 9656 9658 11297 13213 4605 6981 6985 6999 7002 7003 4594 4604 4592 4595 4598 4653 4654 4656 7000 4593 4596 4651 4597 4652 4599 4657 10729 3954 6982 6997 3953 3959 3956 6991 3957 3960 11430 3962 11431 9637 10721 11031 11404 11409 11410 11424 11432 14975 6214 7934 7935 8361 8362 9641 9642 9643 9645 9646 9648 9650 9653 9654 9655 9661 9663 10720 11032 11045 11385 11388 11402 11406 11416 12342 13156 13365 13372 14315 14322 14325 14335 14670 14940 14951 14952 14954 14973 6220 7948 11033 11855 11859 11861 12634 14465 14669 15380 7938 9189 12354 12635 13368 13472 13483 14468 14480 14881 14937 14941 5007 7946 8747 9177 9204 9824 11842 12668 12676 13904 4992 4994 4997 5001 5004 5005 5006 5008 4990 4991 4993 5002 6449 6457 4989 5003 6448 4996 6447 4995 4998 6642 6653 7178 9178 9203 1987 6929 7181 7185 7186 7191 8332 13476 13486 1986 4827 11289 11763 11801 13598 13600 13614 13619 11283 11288 11274 11277 11280 11285 11286 11287 11853 11856 12213 12219 12220 12636 8512 11275 11276 12209 11282 6086 6087 7703 7707 8335 8336 8365 8931 11295 11296 11303 11325 11330 11333 11858 11866 11868 11869 12667 12675 13473 13974 14156 14337 14463 14464 14479 14942 14944 14950 14971 14974 15120 11021 11022 14306 11034 11035 11037 11038 11039 12345 13902 11029 11040 11050 11900 11903 14454 14453 14456 14490 14455 14442 14448 14491 14439 11907 13487 14440 11906 11910 7127 11911 13912 11883 13926 13932 11876 11882 11342 11874 11875 11880 14483 15388 11341 11343 7706 9607 14482 14976 7702 7704 7713 7721 7722 9594 9592 9593 9605 9606 9601 8534 9603 9604 11733 8535 11878 14064 11877 11860 10437 11845 11857 14798 10438 9548 10439 10447 6938 9549 9550 9551 9567 10416 10420 10421 10422 10423 13441 13449 13596 13601 6926 6937 6919 6927 6940 11200 11201 11202 11204 6933 9562 9563 13973 6646 6662 6663 11767 13250 13906 14282 14326 14339 14340 6630 6632 6637 6645 6647 6648 6649 6629 6631 6633 6635 6639 6643 6644 6652 6638 6640 6636 6650 6658 6651 6657 6660 6654 6661 6664 6655 6659 4837 6641 6452 6455 6456 12592 1719 3792 4897 5505 5595 9276 10104 10105 11826 12566 12571 12594 12595 12596 12612 12614 12615 12616 12617 12630 13346 13356 13357 13370 13849 13854 3799 3800 3801 5606 6806 13856 3802 12687 12688 12696 12695 5600 5601 6805 6817 6819 6818 7007 7009 6828 6810 6827 6809 13353 6808 7691 13371 6807 7690 11914 7700 7694 11408 11423 11425 11394 11418 11422 11391 11395 10732 11392 11393 11396 11417 10728 10734 10730 11419 11421 10723 11426 11427 11428 10727 4905 10724 10726 10725 4655 6996 4661 4663 6993 6992 6994 14280 7129 7132 9652 12726 12727 13253 13254 14268 14279 14281 14862 14956 7122 7125 7130 7131 7134 7123 7124 5494 7119 7126 5493 5496 5498 5501 7043 7039 7031 7038 7041 7042 7030 7032 7044 5503 10698 6197 6199 6201 12673 12674 8349 8902 9827 12666 12677 13245 13970 8348 8351 8350 8353 8352 12632 8354 13975 13978 8904 8905 8900 8901 12657 13979 8897 8899 8898 13249 13901 13905 13247 13246 13251 13977 12656 8190 12367 6848 8903 13976 12633 10124 13189 10127 12723 13190 10000 10102 12610 3424 10103 10113 10114 10106 9557 12550 12551 12611 13444 9569 6145 9207 14105 6141 6142 6150 14100 14102 14076 14107 10072 14077 14078 10074 10073 10083 10082 14860 10950 13916 14255 14443 10925 10946 10924 10926 10936 10910 10941 10911 10915 10919 10947 11057 10945 11056 11207 11121 11214 11216 11124 11135 13528 14345 15294 13288 12108 13281 13283 13289 13290 14584 12109 12957 15020 12110 15303 13699 15084 15357 13679 15081 14932 13284 11672 13278 5277 5282 15296 15349 15356 12983 13039 13077 13593 13677 13697 13802 14838 15006 15096 15103 15185 15295 10858 11581 12423 12971 12984 12997 10538 10840 10846 10857 10536 10537 10540 10850 13019 13587 13020 13002 13021 14762 14764 11472 13417 11479 11480 3618 13420 13428 13431 14236 14311 14237 14313 14763 14994 15003 8648 8675 8676 8688 10853 14238 15181 8649 8658 8669 8689 8697 10843 8671 8698 14232 14242 14246 12274 14241 10615 13176 13421 10618 10629 13415 14967 10623 12332 13469 14972 11354 11355 11353 12331 11352 11970 14961 14962 10628 10627 13340 13423 13391 8772 8666 8696 10845 14997 14982 15171 15174 15183 12272 13389 13588 15168 15169 15172 12261 7103 12258 12732 13584 13586 13589 13590 7104 12373 12735 11567 12399 13017 13082 10539 11568 11569 13686 13674 13694 13036 13074 14719 14705 14718 14720 14722 14706 14717 12157 14708 14710 14716 12158 14723 13745 14725 14730 13725 13730 13740 13743 13720 13722 13739 13754 13046 8020 13048 13052 13059 13090 8008 8014 8036 8011 13787 2872 13789 14547 14548 14549 14550 13054 13788 13050 13053 13058 13060 13049 13047 13062 14542 12187 13034 13051 13070 12191 14011 14130 14012 5425 10999 12796 5275 10990 10984 10985 10986 10988 10989 10991 12778 12780 12783 8070 10256 2261 3569 6943 8069 8071 2262 2263 2264 2266 4546 2265 3568 2260 3567 3566 2720 2919 2927 3254 3564 2920 3255 3562 3563 3565 8067 8072 9734 7569 8068 5369 6224 6397 7247 7566 7570 5362 5370 5371 5372 5375 5377 5378 5380 5381 5383 5385 5387 5388 5391 6388 6392 6399 6400 7538 7549 12004 2294 2295 2296 2297 4011 4012 4014 4017 4020 4227 4228 4229 4230 4305 4306 4308 4310 4315 5363 5364 5365 5366 5367 5368 5373 5374 5376 5379 5382 5386 5389 5390 5392 5393 6223 6225 6226 6229 6234 6241 6416 6422 6423 6424 6425 6428 6430 6433 6434 6435 6436 6437 6438 6439 6440 6441 6442 6443 7248 7251 7252 7254 7256 7258 7261 7262 7263 7265 7267 7268 7269 7270 7272 7273 7512 7514 7516 7517 7522 7525 7526 7527 7528 7529 7530 7532 7533 7534 7535 7536 7537 7539 7540 7546 7550 7551 7554 7555 7556 7557 7558 7559 7560 7568 7617 7619 7620 7621 7648 8089 8553 8559 8709 8711 8712 8714 8715 8723 8729 8732 8733 8734 4307 4309 4312 4314 4317 4319 6237 7615 7618 7641 8552 8556 8557 8558 8707 8710 8713 8716 8720 8730 8731 4220 4221 4223 4224 4311 4316 4318 4320 4321 4322 6417 6418 7513 7515 7518 7519 7520 7616 7622 7623 7625 7626 7627 7628 7629 7630 7631 7632 7634 7635 7636 7637 7638 7639 7642 7644 7645 7646 7647 7657 8551 8717 8718 8861 8862 8863 9139 4222 4225 4232 4015 4226 4233 8864 9141 4018 4231 6426 6427 7523 6420 6429 6431 6432 7547 7548 8560 8561 8721 8722 6419 6421 7531 7544 7545 8555 8708 8719 6242 8085 6244 6247 6251 6255 6238 6243 6236 6252 6222 6235 6240 6250 11996 6231 6232 6233 6249 12012 7271 7656 8725 8728 2599 7266 7521 7542 7665 8726 7253 12013 7250 12015 7249 9732 9729 7567 7649 9730 9731 9733 9735 7543 7561 9739 4313 7541 6699 7524 6692 6701 6330 6693 6694 8494 9143 9144 9146 9148 9150 11103 11105 11106 11108 11110 5249 6331 6342 11061 11065 11069 11074 11076 11082 11089 11092 11096 11101 11102 11104 11107 11111 11113 11114 5250 5251 5252 5253 5259 8496 11062 11063 11066 11067 11070 11071 11075 11077 11078 11080 11083 11084 11086 11090 11093 11094 11097 11098 11099 5258 6695 7790 7791 7792 7794 7795 7797 8497 8865 8866 11072 11081 11087 11100 7066 7793 7796 8131 8132 8133 8134 8135 8136 8502 11064 11068 11073 11079 11085 11088 11091 11095 12446 7065 7074 5580 8503 12438 12439 12440 12441 12442 12443 12444 8087 8114 10168 7553 8088 8090 8110 8115 8116 8117 8118 8119 8120 8121 8137 8138 8139 8727 12023 12024 6256 6395 6704 7552 7562 7563 7564 6248 6254 6246 6228 6239 6245 6253 6389 6394 6408 6413 6405 5394 6390 5395 6703 6700 6705 6702 6391 11995 5396 6396 6401 5397 5384 11652 8113 4236 4237 6344 8097 8111 8112 8122 8123 8124 8125 8126 8127 8128 8129 8130 8143 8144 8145 8146 8147 8148 8156 8724 9159 12018 12019 12020 12021 3643 4234 5078 5083 8073 8153 3642 3645 3647 3650 3652 3654 5079 5080 8074 8075 8076 8077 8078 8091 8098 3644 3646 3648 3649 3651 3653 3655 11109 8101 8495 11112 11115 8092 8093 8094 8095 8096 8099 8100 8102 8103 8107 4235 8105 8506 11011 11012 11013 11014 6343 8080 8104 8106 8108 8109 6341 6345 5082 5090 8079 8081 8082 8083 8084 5084 5085 5087 7759 8154 7748 7758 7760 7068 7747 7749 7750 7751 7752 7753 7754 7755 7756 7757 7800 7772 7773 7775 7776 7778 7799 7801 7803 12007 7777 7779 7780 7782 7783 7785 7786 9140 9142 9145 9147 9149 9152 7784 8509 8510 9151 8511 11007 11008 11009 11010 9736 3396 9737 9738 9740 9741 7804 7806 9153 9154 9155 9156 7658 7660 7661 7662 9157 9158 10694 6334 7659 7674 7675 4323 6332 6333 6339 7640 7650 7651 7653 7654 7655 7652 7663 7664 7668 12016 12025 7643 7670 7624 7633 7666 7667 7669 7671 7672 7677 7673 7676 7678 7679 12022 7789 11993 12017 12026 12027 7787 7788 7798 8548 11992 11994 11998 12006 8549 8550 7565 11997 11999 12000 12001 12002 12003 6393 12005 6398 5248 12008 12009 12010 12011 12029 12030 12028 12014 8554 8150 8155 8149 8151 8152 8140 8141 8142 8086 13217 10978 13216 13218 13219 13220 13221 10977 10979 10980 10983 2930 6377 8571 8593 9008 10169 10170 10171 10172 10173 6378 6379 6380 6381 6382 6383 6384 4022 5032 6444 6445 6386 3053 3570 8429 10257 8439 8602 9322 10259 10261 10265 10267 8603 9323 10584 10586 10590 10591 10592 10463 10462 10464 10473 10474 10475 14553 11596 11625 14554 11591 11593 11620 11622 14298 12114 10987 12781 4547 9497 14928 4538 4548 14929 14934 13072 14023 13102 12925 12996 13103 15095 12995 15104 13026 15089 15042 15099 15134 15043 15031 10715 11644 14202 15030 15033 10713 8933 8016 14201 14203 14204 14192 11654 12478 13194 14188 14193 14194 5544 11633 11655 11656 11658 11659 11660 11664 11661 11665 11667 11677 14191 11675 14578 14579 13383 13384 15204 13704 13091 13703 14186 13089 13706 12479 13195 14181 7962 13099 14184 7955 7957 7961 7963 13224 13084 13083 14042 14185 14210 14197 15138 14198 15135 12482 13198 14199 14215 14692 14687 14693 14715 14688 14696 14709 11617 11646 12256 14689 14694 14697 14703 14701 14724 8937 8037 8944 8950 14731 13022 12756 12742 2876 12743 12744 13010 2875 13012 13011 13638 14629 11781 14628 14631 14633 14637 11782 11783 11785 11786 11784 14630 14632 14635 13390 14316 11487 13327 13406 13328 13330 13405 12992 12993 14382 14233 14348 12266 12955 14041 14350 14352 14353 12265 7107 14344 14346 7109 14585 14592 14599 11794 14590 14593 14595 11375 11774 11796 11797 11376 11773 14598 14594 14591 14596 14606 14622 15019 13282 14621 14623 15301 14614 14983 12182 12965 14625 13715 10756 14061 10757 10752 10805 10813 14926 6181 6183 9589 9591 10801 10802 10804 10815 9590 10086 11702 11704 11716 11291 11695 11699 11705 11711 11715 11731 11805 15014 10087 11299 11693 12509 12511 12513 12714 7984 11694 11709 11720 11724 11696 11698 11708 11710 11713 11717 11700 11712 11714 11734 11725 11729 11736 14126 11728 12806 12499 8960 12501 8958 12554 15384 15013 15012 15021 11803 11804 10483 7223 5193 10814 10822 5187 10821 10820 10810 11175 4379 14927 13532 13027 13533 13063 13529 13592 14835 9051 9853 9026 9851 10834 9852 9850 11579 10626 10625 10637 10613 10608 10614 13490 12397 12424 12396 13527 13526 14882 12189 13768 12188 12431 12976 12262 15180 15340 15179 12910 10939 10923 11060 11862 14269 9627 15361 12334 13956 11326 11327 11346 11347 11757 11764 11759 13622 8544 14161 8542 8540 8973 10433 11345 13613 10436 10442 11739 13604 11743 11742 10444 10445 14893 14896 10448 13437 12533 12534 13438 14897 11344 14895 14898 14946 13355 11199 11387 13354 13376 13381 13382 11188 11193 11198 11383 13373 9662 11041 11384 11386 11403 11389 14943 11036 11051 5818 4362 5819 5821 4363 6611 3367 6609 7712 7725 7723 7724 11825 11881 11208 12203 13917 14256 14258 10328 7441 10342 4762 7437 4774 4778 14432 14433 14865 11171 11226 11170 10525 10523 13931 14445 12335 13188 13192 13967 14938 10320 13212 10317 10323 10322 13211 10664 12698 13848 11224 13850 13214 13936 13942 13935 13934 13941 13928 4607 6847 11150 9576 13873 13478 6995 11420 11413 11399 11398 11397 11913 7020 7013 4895 4899 9271 9277 4170 8355 8755 6221 12693 12525 7950 7951 13158 6941 10424 10417 7705 7711 13474 11973 11971 11972 11902 11904 11898 14307 9211 11298 5218 10112 4090 5211 4091 10101 9301 9789 4512 9788 9785 4936 7432 13546 13545 12846 14264 6450 6451 5509 11272 11152 11271 10528 11149 11151 11147 11148 13167 8232 9973 9982 10007 9971 13256 9938 9935 9963 4360 13959 4359 12339 12337 12340 12338 10944 11823 9937 9270 13944 13945 13949 14424 6185 13947 14423 6186 6187 6190 6191 6188 6192 9340 9390 6189 9337 7832 9338 7833 9347 6526 7976 8456 9345 9346 9348 9353 6517 6518 6519 6520 6521 6522 6523 6524 6525 8457 8458 9339 9341 9342 9343 7977 8455 8459 9391 7975 7083 7973 7974 14426 14427 14823 14824 7089 8454 8991 13551 14806 14807 14808 14903 8463 14810 14811 14812 14813 14814 4614 4611 4613 4615 4610 4612 10785 15277 14803 15276 14791 14801 14800 12449 15259 15278 15279 15280 15284 8841 12450 8832 8840 8842 8844 8833 8834 8835 8836 15287 8837 8838 8839 8850 9350 9351 9352 15261 15262 15260 15288 15285 12819 15286 9354 9355 5460 5458 5468 5467 5466 15275 15274 14855 11896 8407 6527 6528 14375 14371 14376 14377 14372 14373 14374 9378 9379 9380 9381 9397 9398 9399 9400 8452 9385 14428 9387 9393 9392 13948 13950 11242 11239 5805 5809 3702 3701 3703 5982 5864 5872 5443 12817 10095 10094 14777 12814 6974 7843 6980 9587 9588 8401 7314 7326 7322 7320 5197 5196 12242 13646 12173 10187 13911 13937 12180 14039 2173 8879 8878 9895 14409 14935 9899 9901 14936 8019 14537 15337 12146 12794 12792 14984 15197 12144 3039 1575 3038 3040 3041 11513 1576 2425 3037 5750 5754 5748 7866 5749 7873 6741 6738 6739 6740 11510 5978 7871 5977 7865 7870 7863 7864 5552 11512 5521 5894 10711 6604 6606 4904 4845 8376 8756 12369 10002 10656 2966 9209 11210 9331 9329 8227 11153 12641 12684 11934 11936 11937 14447 14150 4333 10992 5175 5111 5096 5110 5097 8394 10961 8667 3168 3718 3721 9864 13664 7478 7481 7452 7447 7449 7451 7453 7446 3449 7448 7450 10246 3450 10248 10250 7480 8872 9075 9097 12400 9098 9102 9068 9101 6497 9083 9100 10216 10218 12753 12762 12757 12747 8870 5786 5787 5799 5785 7875 11468 11474 11476 7487 11471 13394 7483 7485 13393 13392 13395 13396 5150 5151 14644 14627 5343 5475 5483 4875 4862 7885 11684 9261 7354 14134 14146 15354 13624 10055 13625 10886 10887 10882 4584 6268 6272 10890 7502 7503 7504 6510 6905 4849 6111 6177 4727 4724 7589 14189 10705 9479 6505 6506 10039 10040 10057 14569 3691 3692 10293 13516 10289 10294 10298 13993 12797 5927 9071 13262 12851 14017 14618 14141 14139 14140 13718 7914 10356 6147 6153 6500 3828 3821 3820 6708 8255 6878 5692 5691 7274 7282 7288 7289 14147 4810 8238 4807 4817 10581 11176 7026 4814 7025 7023 10699 10700 12968 5177 9035 5519 5890 9033 9034 9036 9037 9038 5892 4683 5891 7145 7147 4680 4681 6793 6794 4803 4804 12127 15327 8061 6712 13222 11002 10993 11540 10313 11006 6680 4540 13425 6667 8197 11174 11179 8475 4371 4374 4745 10092 5444 14091 2826 8423 14095 14108 11368 14827 12823 3934 3516 6034 3517 4782 4487 4486 4489 4488 4505 4781 4490 4506 5260 4485 4491 4507 5261 2481 3409 4134 4178 4179 2482 4133 4135 4176 4177 4180 4136 4181 4182 4115 2200 2764 4114 4116 1194 6035 
7: 1264 1265 5492 
8: 1301 2045 2892 4365 2047 2896 4366 
9: 1399 1400 1401 2147 2410 2724 1402 2148 2411 2725 
10: 1440 1442 4466 5228 7135 7136 1441 2445 2747 3807 4411 4417 4468 7021 2444 4416 4467 6613 3806 3354 3810 4410 4415 3348 3351 3355 3356 3359 3349 3350 3352 3357 4533 6133 2945 3353 3358 4460 4472 5702 6134 2942 2947 2705 4456 4463 6036 2401 4455 4457 4458 4550 5703 2403 2404 4551 3584 3586 3593 2743 3585 3588 3592 4469 4700 5705 2745 3587 3589 4552 4459 4461 4471 4107 4534 4535 4462 4470 3908 3907 5704 4553 
11: 1562 1563 3944 3945 3950 3947 3948 3951 3949 3946 3952 5352 5347 5354 5706 5720 5717 5741 3218 5570 5708 5710 5712 5714 5715 5718 5724 5730 5734 5738 5740 5743 8589 9004 12319 3216 3217 3220 3222 5568 5719 5722 5723 5726 5727 5729 5732 5733 5736 5737 9001 12313 3215 5721 5725 5728 5731 5735 5739 5742 8999 11461 3219 3223 3224 5567 8565 8587 8998 9314 10269 10273 10276 10282 10285 10288 3221 8569 8591 9005 10155 10156 10157 10158 10159 8570 8592 9006 10160 10161 10162 10163 8566 5569 8567 8588 9000 9315 10270 10274 10283 10286 9002 9316 10255 10258 10264 10266 9007 6357 10164 10165 10166 6355 6356 6358 6365 3536 6361 3528 3532 3533 3538 3539 3526 3527 3529 3530 3531 6359 6360 6363 6364 6366 6362 6367 12768 5579 12766 12767 12770 8446 8575 8427 8431 8436 8440 8443 8445 8447 8449 9431 5574 8597 9012 9317 9432 9433 9434 9435 9436 9437 5709 5707 5711 5713 5716 
12: 1596 1597 
13: 1619 1983 2216 2284 
14: 1710 2913 2916 3171 
15: 1913 
16: 1940 1941 
17: 1968 1969 1970 1971 
18: 2036 2890 3011 
19: 2179 2452 2760 
20: 2222 2223 2455 2762 2456 2763 
21: 2236 
22: 2355 2359 2663 2672 3174 4400 5230 5584 
23: 2485 2486 
24: 2525 2528 2820 2529 2819 2821 
25: 2562 
26: 2609 
27: 2616 3123 3122 
28: 2726 2955 3478 
29: 2737 4958 6602 4959 2970 3506 6598 2969 3505 3859 9805 9806 9807 9808 9809 9810 9800 9801 9802 7170 7169 
30: 2837 2840 6894 2839 3347 2841 3346 6895 6896 
31: 2881 3157 3743 3755 4678 5934 6290 6875 6877 3745 5936 6876 14200 12481 13197 
32: 3074 
33: 3147 
34: 3237 3238 
35: 3553 3558 3559 3560 
36: 3848 3854 8491 10449 10451 10453 10455 10456 10457 10458 10460 5307 5308 5309 5310 5311 5312 5313 10450 8492 10452 10454 10459 10461 
37: 4255 4256 4257 
38: 4298 
39: 4541 
40: 5138 
41: 5654 5655 
42: 6551 6552 
43: 6617 12200 
44: 7309 
45: 7335 
46: 7878 7879 7880 
47: 8260 
48: 9708 
49: 9886 
