# The directed cliques from /Users/bogna/dev/role-mining/datasets/enron/timeslots/08-filtered2.edges
# at no lower link weight threshold,
# and at no upper link weight threshold.
# Links were treated as directed.
# No time limit was set for the clique search.

0: 00007 00075 00076 
1: 00086 00130 00133 
2: 00127 00128 00105 
3: 00086 00087 00149 
4: 00017 00103 00127 
5: 00107 00103 00127 
6: 00049 00034 00124 
7: 00034 00124 00127 
8: 00044 00078 00127 
9: 00078 00127 00129 
10: 00049 00118 00119 
11: 00137 00066 00068 
12: 00066 00127 00068 
13: 00086 00087 00133 
14: 00118 00077 00101 
15: 00017 00061 00042 
16: 00017 00061 00127 
17: 00061 00042 00118 
18: 00065 00014 00023 00027 
19: 00006 00065 00027 
20: 00023 00148 00127 
21: 00014 00023 00148 
22: 00049 00124 00083 
23: 00124 00083 00127 
24: 00092 00044 00127 
25: 00049 00039 00083 
26: 00092 00039 00083 00127 
27: 00017 00127 00077 
28: 00127 00122 00128 
29: 00006 00013 00050 00065 00067 
30: 00013 00050 00065 00076 
31: 00013 00067 00033 
32: 00010 00017 00127 
33: 00010 00127 00129 
34: 00075 00011 00038 00033 
35: 00075 00011 00033 00076 
36: 00011 00038 00127 
37: 00019 00018 00028 00032 
38: 00019 00141 00018 00028 
39: 00141 00137 00018 
40: 00137 00018 00032 
41: 00023 00073 00051 00069 
42: 00023 00051 00069 00127 00129 
43: 00109 00054 00127 00122 00129 
44: 00002 00020 00070 00141 00028 
45: 00002 00019 00020 00070 00141 00029 
46: 00019 00020 00070 00141 00028 
47: 00013 00033 00076 
48: 00065 00075 00076 
49: 00054 00083 00127 
50: 00006 00107 00109 
51: 00006 00065 00107 
52: 00014 00023 00073 
53: 00017 00038 00127 
54: 00019 00020 00028 00032 
55: 00107 00073 00051 00054 00151 
56: 00107 00051 00054 00127 00151 
57: 00051 00054 00066 00127 00151 
58: 00065 00107 00054 00127 00151 
59: 00065 00051 00054 00127 00151 
60: 00107 00038 00073 
61: 00107 00023 00073 00051 00054 
62: 00019 00020 00137 00032 
63: 00137 00032 00066 00129 
64: 00032 00051 00066 00129 
65: 00019 00020 00141 00137 00029 
66: 00141 00137 00029 00129 
67: 00107 00038 00127 00129 
68: 00107 00109 00051 00054 00127 00129 
69: 00107 00109 00051 00092 00127 00129 
70: 00137 00029 00066 00129 
71: 00029 00066 00127 00129 
72: 00051 00054 00066 00127 00129 
73: 00107 00023 00051 00054 00127 00129 
74: 00065 00107 00023 00054 00127 00129 
75: 00065 00023 00051 00054 00127 00129 
