# The directed cliques from /Users/bogna/dev/role-mining/datasets/enron/timeslots/10-1999.edges
# at no lower link weight threshold,
# and at no upper link weight threshold.
# Links were treated as directed.
# No time limit was set for the clique search.

0: 1062 558 641 
1: 10759 11679 11680 
2: 10759 20683 505 
3: 10759 425 505 
4: 10759 505 581 
5: 527 11683 127 
6: 527 11683 146 
7: 1223 1189 723 
8: 558 1336 28196 
9: 558 1375 3425 
10: 544 1411 21697 
11: 786 1541 1364 
12: 558 1552 28236 
13: 558 641 17317 
14: 21038 20742 21165 
15: 21038 20767 21165 
16: 21038 20778 21165 
17: 21038 20822 21165 
18: 21038 20828 21165 
19: 21038 20848 21165 
20: 21038 20851 21165 
21: 21038 20901 21165 
22: 21038 20946 21165 
23: 21038 21039 21165 
24: 21038 21040 21165 
25: 21038 21041 21165 
26: 21038 21042 21165 
27: 21038 21043 21165 
28: 21038 21044 21165 
29: 21038 21046 21165 
30: 21038 21047 21165 
31: 21038 21048 21165 
32: 21038 21049 21165 
33: 21038 21050 21165 
34: 21038 21051 21165 
35: 21038 21052 21165 
36: 21038 21053 21165 
37: 21038 21054 21165 
38: 21038 21056 21165 
39: 21038 21057 21165 
40: 21038 21058 21165 
41: 21038 21059 21165 
42: 21038 21060 21165 
43: 21038 21061 21165 
44: 21038 21062 21165 
45: 21038 21063 21165 
46: 21038 21065 21165 
47: 21038 21066 21165 
48: 21038 21067 21165 
49: 21038 21068 21165 
50: 21038 21069 21165 
51: 21038 21070 21165 
52: 21038 21071 21165 
53: 21038 21072 21165 
54: 21038 21073 21165 
55: 21038 21074 21165 
56: 21038 21075 21165 
57: 21038 21076 21165 
58: 21038 21077 21165 
59: 21038 21078 21165 
60: 21038 21079 21165 
61: 21038 21080 21165 
62: 21038 21081 21165 
63: 21038 21082 21165 
64: 21038 21083 21165 
65: 21038 21084 21165 
66: 21038 21085 21165 
67: 21038 21086 21165 
68: 21038 21087 21165 
69: 21038 21088 21165 
70: 21038 21089 21165 
71: 21038 21090 21165 
72: 21038 21091 21165 
73: 21038 21092 21165 
74: 21038 21093 21165 
75: 21038 21094 21165 
76: 21038 21095 21165 
77: 21038 21096 21165 
78: 21038 21097 21165 
79: 21038 21098 21165 
80: 21038 21099 21165 
81: 21038 21100 21165 
82: 21038 21101 21165 
83: 21038 21102 21165 
84: 21038 21103 21165 
85: 21038 21104 21165 
86: 21038 21105 21165 
87: 21038 21106 21165 
88: 21038 21107 21165 
89: 21038 21108 21165 
90: 21038 21109 21165 
91: 21038 21110 21165 
92: 21038 21111 21165 
93: 21038 21112 21165 
94: 21038 21113 21165 
95: 21038 21114 21165 
96: 21038 21115 21165 
97: 21038 21116 21165 
98: 21038 21117 21165 
99: 21038 21118 21165 
100: 21038 21119 21165 
101: 21038 21120 21165 
102: 21038 21121 21165 
103: 21038 21122 21165 
104: 21038 21123 21165 
105: 21038 21124 21165 
106: 21038 21125 21165 
107: 21038 21126 21165 
108: 21038 21127 21165 
109: 21038 21128 21165 
110: 21038 21129 21165 
111: 21038 21130 21165 
112: 21038 21131 21165 
113: 21038 21132 21165 
114: 21038 21133 21165 
115: 21038 21134 21165 
116: 21038 21135 21165 
117: 21038 21136 21165 
118: 21038 21137 21165 
119: 21038 21138 21165 
120: 21038 21139 21165 
121: 21038 21140 21165 
122: 21038 21141 21165 
123: 558 1336 28199 
124: 558 825 28229 
125: 786 28792 29338 
126: 928 29337 748 
127: 558 3312 5293 
128: 558 4264 919 
129: 641 786 4623 
130: 786 489 531 
131: 786 489 624 
132: 498 663 508 
133: 786 498 616 
134: 5205 10436 79 
135: 527 723 804 
136: 558 641 914 
137: 641 786 5197 
138: 641 786 5240 
139: 641 786 572 
140: 641 786 720 
141: 641 786 864 
142: 786 663 1067 
143: 8454 1149 8526 
144: 8454 1964 8460 
145: 8454 25952 8460 
146: 8454 26711 8460 
147: 8454 26712 8460 
148: 8454 26715 8460 
149: 8454 26717 8460 
150: 8454 26718 8526 
151: 8454 5359 8460 
152: 8454 8394 8460 
153: 8454 8395 8460 
154: 8454 8396 8460 
155: 8454 8402 8460 
156: 8454 8404 8460 
157: 8454 8405 8460 
158: 8454 8408 8460 
159: 8454 8411 8460 
160: 8454 8414 8460 
161: 8454 8415 8460 
162: 8454 8416 8460 
163: 8454 8417 8460 
164: 8454 8418 8460 
165: 8454 8420 8460 
166: 8454 8423 8460 
167: 8454 8428 8460 
168: 8454 8429 8460 
169: 8454 8430 8460 
170: 8454 8434 8460 
171: 8454 8435 8460 
172: 8454 8436 8460 
173: 8454 8437 8460 
174: 8454 8438 8460 
175: 8454 8439 8460 
176: 8454 8440 8460 
177: 8454 8441 8460 
178: 8454 8442 8460 
179: 8454 8443 8460 
180: 8454 8446 8460 
181: 8454 8447 8460 
182: 8454 8449 8460 
183: 8454 8453 8460 
184: 8454 8455 8460 
185: 8454 8460 8464 
186: 8454 8460 8467 
187: 8454 8460 8468 
188: 8454 8460 8469 
189: 8454 8460 8471 
190: 8454 8460 8472 
191: 8454 8460 8475 
192: 8454 8460 8477 
193: 8454 8460 8478 
194: 8454 8460 8479 
195: 8454 8460 8483 
196: 8454 8460 8485 
197: 8454 8460 8486 
198: 8454 8460 8488 
199: 8454 8460 8490 
200: 8454 8460 8495 
201: 8454 8460 8496 
202: 8454 8460 8497 
203: 8454 8460 8500 
204: 8454 8460 8503 
205: 8454 8460 8504 
206: 8454 8460 8506 
207: 8454 8460 8511 
208: 8454 8460 8512 
209: 8454 8460 8513 
210: 8454 8460 8515 
211: 8454 8460 8518 
212: 8454 8460 8520 
213: 8454 8460 8521 
214: 8454 8460 8522 
215: 8454 8460 8523 
216: 8454 8460 8524 
217: 8454 8460 8525 
218: 8454 8460 8528 
219: 8454 8460 8530 
220: 8454 8460 8531 
221: 8454 8460 8532 
222: 8454 8460 8533 
223: 8454 8460 8534 
224: 8454 8460 8535 
225: 8454 8460 8536 
226: 8454 8460 8537 
227: 8454 8460 8538 
228: 8454 8460 8539 
229: 8454 8460 8540 
230: 8454 8460 8549 
231: 8454 8460 8550 
232: 8454 8460 8553 
233: 8454 8460 8555 
234: 8454 8460 8557 
235: 8454 8460 8558 
236: 8454 8460 8562 
237: 8454 8460 8563 
238: 8454 8460 8565 
239: 8454 8460 8566 
240: 8454 8460 8567 
241: 8454 8460 8568 
242: 8454 8460 8569 
243: 8454 8460 8572 
244: 8454 8460 8573 
245: 8454 8460 8574 
246: 8454 8460 8576 
247: 8454 8526 8658 
248: 8454 8526 8667 
249: 8454 8526 8672 
250: 8454 8526 8681 
251: 8454 8460 8708 
252: 8454 8526 8717 
253: 8454 8460 8726 
254: 8454 8526 8728 
255: 8454 8460 8732 
256: 8454 8460 8734 
257: 8454 8460 9047 
258: 8454 8460 9049 
259: 8454 8460 9052 
260: 8454 8460 9053 
261: 8454 8460 9056 
262: 558 854 949 
263: 10759 11679 4250 505 
264: 10759 505 565 
265: 505 565 498 
266: 527 11666 10808 
267: 527 10808 11683 
268: 527 11678 11683 
269: 558 1375 28321 
270: 558 28321 603 
271: 2073 8454 8460 
272: 558 15505 1552 
273: 641 786 17265 600 
274: 1223 544 21463 
275: 2100 641 786 3298 
276: 786 489 713 
277: 641 786 617 
278: 641 786 518 
279: 786 498 518 
280: 558 641 786 1548 
281: 558 786 985 
282: 786 663 985 
283: 641 786 663 851 
284: 8454 1135 8460 8526 
285: 8454 1150 8460 8526 
286: 8454 8388 8460 8526 
287: 8454 8397 8460 8526 
288: 8454 8403 8460 8526 
289: 8454 8407 8460 8526 
290: 8454 8410 8460 8526 
291: 8454 8419 8460 8526 
292: 8454 8444 8460 8526 
293: 8454 8457 8460 8526 
294: 8454 8458 8460 8526 
295: 8454 8460 8487 8526 
296: 8454 8460 8493 8526 
297: 8454 8460 8499 8526 
298: 8454 8460 8505 8526 
299: 8454 8460 8526 8541 
300: 8454 8460 8526 8548 
301: 8454 8460 8526 8551 
302: 8454 8460 8526 8554 
303: 8454 8460 8526 8559 
304: 8454 8460 8526 8570 
305: 527 11666 11668 
306: 527 11668 5358 
307: 527 544 1411 550 723 
308: 558 641 786 927 
309: 786 1545 927 
310: 558 15505 628 
311: 641 786 17265 1070 
312: 641 786 1070 663 
313: 558 628 2249 
314: 558 628 5293 
315: 558 5293 1586 
316: 558 786 686 
317: 786 489 686 
318: 786 663 686 
319: 544 723 452 
320: 558 641 786 1586 
321: 8391 8454 8460 
322: 544 8391 8454 
323: 1223 544 1411 723 
324: 558 1375 641 786 
325: 544 1411 1891 723 
326: 544 1891 8454 
327: 1891 8454 8460 
328: 142 641 786 1541 
329: 142 599 641 786 
330: 599 786 498 
331: 599 786 29338 
332: 558 641 786 1550 
333: 786 1545 1550 498 
334: 786 1545 498 889 
335: 786 889 3191 
336: 21038 21055 21165 
337: 558 641 786 603 
338: 786 489 603 
339: 786 1541 519 29338 
340: 1066 641 786 519 17265 
341: 1066 641 786 1541 519 
342: 1066 2100 641 786 
343: 2100 641 786 1541 
344: 641 786 3191 
345: 641 786 714 17265 
346: 641 786 1541 714 
347: 786 1541 714 1545 
348: 786 714 1545 498 
349: 786 714 693 
350: 558 628 5467 
351: 558 641 786 854 
352: 641 786 663 854 
353: 558 1336 825 641 786 
354: 825 786 489 
355: 558 641 786 628 
356: 10759 11679 505 527 
357: 527 126 11666 
358: 527 126 11683 
359: 786 1541 519 1545 
360: 641 786 519 663 
361: 786 519 1545 498 
362: 786 519 498 663 
363: 786 489 693 
364: 505 498 663 
365: 544 21038 21165 
366: 544 8454 8526 
