# The contained directed cliques in the directed communities at k=8
# from /Users/bogna/dev/role-mining/datasets/enron/timeslots/1-2002.edges
# at no lower link weight threshold,
# and at no upper link weight threshold.
# Links were treated as directed.
# No time limit was set for the clique search.

0: 1695 
1: 1747 3001 3766 4014 3000 3997 3998 4013 4016 5576 5586 4015 4858 5581 5584 4852 4856 4006 4769 4850 4854 5580 5587 4004 4005 4007 5739 4762 2638 4760 4763 4764 4770 2634 2639 4761 4846 4848 2635 4765 4766 5989 5643 5837 5990 5273 5644 5645 4847 5271 5274 5277 4845 4851 3010 3011 3018 3019 4855 5278 5276 5272 5275 4730 5646 5838 5834 5835 5839 5843 5844 4771 4857 5589 5588 3762 4865 4864 3999 4001 5057 5575 3465 4773 3296 3462 3466 3468 4000 4772 2642 2643 2644 2645 2646 2647 3288 3289 3301 5056 5058 5059 5390 5391 1841 1842 3290 5392 5395 5590 5398 
2: 1756 2046 2047 2317 2790 3143 3456 4625 5534 5568 6079 6083 4195 5026 5641 5934 6073 6077 6232 4193 3458 5016 5018 5024 5567 5621 5552 5553 5545 5554 5555 5542 5546 5547 5549 3621 5536 5539 5541 5726 6027 3622 5538 2290 3959 2291 4953 5614 4949 4951 4952 4950 4955 4956 4962 5461 5475 5979 4954 5882 4958 4957 5301 5300 5299 5304 6053 5477 5460 6056 4963 6059 6237 5551 5544 4650 4647 4651 4646 4648 4649 5476 5728 5798 5978 4832 5164 5297 5794 5795 5796 5797 5801 5810 5816 5817 5818 5819 4107 4828 4831 4098 4105 5160 5165 2745 3377 3542 3818 5162 3543 3544 3545 5161 5787 4405 4692 5246 5751 5783 5785 5786 5788 5793 5806 5807 5808 6111 6147 6158 6160 6181 4400 4402 4397 4399 4398 6152 6153 4401 5168 6156 4404 4594 5800 5815 5813 4685 5814 5799 5805 5812 5802 5803 5809 5172 5177 5804 6112 5173 5169 5178 6113 6157 4691 4693 4697 4699 4694 4695 6146 6219 4696 4698 5114 5110 5112 5113 5202 5890 6197 6199 6208 5111 6198 6200 4687 5117 5754 5885 6180 6188 6196 4684 4686 4688 5766 5894 6187 6190 3849 4683 5887 6212 5886 5892 5893 6210 5884 6195 5895 5896 6209 6155 6211 5889 5888 5755 5767 5768 5773 5916 6189 5752 5761 5763 6182 6183 5750 5764 5756 5762 6007 5749 5757 5769 5747 5748 4383 5753 4385 4666 6242 6243 6250 6037 6244 6041 6179 5109 6178 4589 5784 6177 4588 5118 5914 2492 3078 5201 5199 5200 5197 5198 5966 5811 3857 5792 5820 3324 5250 6110 4903 5064 5134 6097 6098 4794 4902 4904 4905 4906 4907 4908 4909 4910 4911 4916 4917 4920 5063 5065 5066 5068 5071 5074 4039 4793 4038 4795 3800 4918 4921 5073 5133 3801 3805 5067 5069 5070 5072 4064 4065 6099 4912 4913 4914 3806 5075 4800 4922 5076 5077 5078 5079 4045 4555 4801 4802 4047 4557 4559 4919 4980 4924 5080 4926 5082 4928 5135 5136 5423 6115 6028 5302 3821 5478 5482 5615 5483 2051 4147 4623 5471 5485 5985 4148 4149 5473 3394 3597 3633 2049 2315 3603 5531 6144 4140 4139 3221 3227 3595 5617 5537 5548 5664 3274 3369 3370 3372 4814 4815 4817 5505 5506 5508 5509 5662 5663 5665 5667 5668 5669 5670 6038 3271 3272 3273 3275 3276 3277 3269 3270 5672 5671 4816 5510 6046 2076 3373 3709 3711 4489 5512 5355 5693 5356 2735 3375 3534 2736 2739 2740 3535 4250 3539 2389 3538 2390 2391 4819 3363 3638 2822 5543 5550 5557 5556 4145 5563 5639 5930 6070 
3: 2250 2251 
4: 2501 3127 3384 3131 3386 
5: 2759 2761 2765 2760 2762 2767 2766 2768 
6: 2771 4254 
7: 3354 3890 3891 
8: 3357 
9: 3390 3629 
10: 3572 3577 
11: 3695 
12: 3723 3727 
13: 4453 
14: 4537 4538 4541 5637 5628 5559 
15: 4936 4937 
16: 5695 5696 
17: 6207 
