# The links inside the directed communities at k=8
# from /Users/bogna/dev/role-mining/datasets/enron/timeslots/1-2002.edges
# at no lower link weight threshold,
# and at no upper link weight threshold.
# Links were treated as directed.
# No time limit was set for the clique search.

0:
2965 2966
2965 123
2965 2896
2965 3905
2965 3972
2965 4016
2965 5560
123 2966
2896 2966
3905 2966
3972 2966
2966 4016
5560 2966
123 2896
123 3905
123 3972
123 4016
123 5560
2896 3905
2896 3972
2896 4016
2896 5560
3905 3972
3905 4016
3905 5560
3972 4016
5560 3972
5560 4016
1:
2024 193
193 251
193 112
17781 193
193 277
288 193
193 401
193 8336
193 312
193 321
8361 193
8608 193
8627 193
193 279
193 2619
193 181
2024 251
2024 278
2024 112
2024 17781
2024 277
288 2024
2024 401
2024 8336
2024 8349
2024 8627
2024 279
2024 29
181 2024
9045 2024
32889 2024
251 278
251 10345
251 10388
251 112
251 17781
251 277
251 288
251 322
251 401
251 8336
251 8349
10354 251
251 172
312 251
251 321
32873 251
7659 251
8346 251
251 8361
8595 251
8608 251
251 8627
251 279
71 251
7675 251
10459 251
251 32894
251 29
251 2619
251 181
251 9045
32889 251
197 118
197 172
29772 197
29776 197
29794 197
29821 197
32864 197
32873 197
32874 197
8346 197
8608 197
197 235
41798 197
278 112
288 278
278 8336
278 8627
278 279
71 278
7675 278
118 172
29772 118
29776 118
29794 118
29821 118
32864 118
32874 118
8346 118
8361 118
8608 118
8627 118
118 235
41798 118
10345 10388
10345 17781
10345 277
10345 288
10345 322
10345 401
10345 8336
10345 8349
32889 10345
10388 17781
10388 277
288 10388
10388 322
10388 401
10388 8336
10388 8349
10354 10388
312 10388
32864 10388
10388 7659
8361 10388
29 10388
9045 10388
32889 10388
17781 112
112 277
288 112
112 401
112 8336
8627 112
112 279
112 71
7675 112
29 112
2619 112
181 112
9045 112
32889 112
17781 277
17781 288
17781 322
17781 401
17781 8336
17781 8349
10354 17781
172 17781
312 17781
17781 321
7659 17781
8361 17781
17781 8608
10459 17781
32894 17781
29 17781
17781 2619
181 17781
9045 17781
277 288
277 322
277 401
277 8336
277 8349
10354 277
172 277
277 29796
29821 277
312 277
321 277
277 32864
277 7659
277 8361
277 8608
8627 277
9947 277
277 10459
32894 277
277 29
277 2619
181 277
9045 277
32889 277
288 322
288 401
288 8336
288 8349
288 8627
288 279
288 71
288 7675
288 10459
29 288
288 2619
288 181
32889 288
322 401
8336 322
322 8349
10354 322
172 322
312 322
322 32864
7659 322
8361 322
8608 322
10459 322
32894 322
29 322
181 322
9045 322
8349 401
10354 401
401 312
321 401
401 32864
401 8361
401 8595
401 8608
10459 401
32894 401
29 401
181 401
9045 401
32889 401
8336 8349
10354 8336
172 8336
312 8336
321 8336
8336 32873
7659 8336
8361 8336
8336 8608
8336 8627
8336 279
8336 71
10459 8336
32894 8336
29 8336
181 8336
9045 8336
32889 8336
10354 8349
8349 29810
312 8349
8349 32864
32873 8349
8349 7659
8361 8349
8349 8595
8608 8349
8349 8627
10459 8349
32894 8349
29 8349
181 8349
9045 8349
32889 8349
10354 172
10354 29768
10354 29785
10354 29786
10354 29790
10354 29791
10354 29793
10354 29794
10354 29796
10354 29802
10354 29805
10354 29806
10354 29810
10354 29813
10354 29821
10354 29943
10354 312
10354 321
10354 32864
10354 32873
10354 32874
10354 32923
10354 32927
10354 32935
10354 7659
10354 7674
10354 8346
10354 8361
10354 8595
10354 8608
10354 8627
10354 9947
172 29772
29776 172
29786 172
29791 172
172 29794
172 29796
172 29805
29806 172
172 29810
172 29821
172 32864
172 32873
172 32874
32927 172
172 7659
7674 172
172 8346
8361 172
8608 172
172 8627
172 9947
172 235
172 41798
172 9972
35011 172
29785 29768
29786 29768
29790 29768
29791 29768
29806 29768
32874 29768
32927 29768
7674 29768
8346 29768
8608 29768
10364 29768
32874 29772
29772 8346
29772 235
29772 41798
32874 29776
29776 8346
29776 235
29776 41798
29785 29786
29785 29790
29785 29791
29785 29793
29785 29802
29785 29805
29785 29806
29785 29813
29785 29943
32864 29785
29785 32873
32874 29785
29785 32927
29785 32935
29785 7674
29785 8346
8608 29785
29785 8627
10364 29785
29786 29790
29786 29791
29786 29793
29786 29802
29786 29805
29786 29806
29786 29813
29786 29943
32864 29786
29786 32873
32874 29786
32927 29786
29786 7674
29786 8346
8608 29786
29786 8627
29786 10364
29786 235
29786 35011
29790 29791
29790 29793
29790 29802
29790 29806
29790 29813
32874 29790
29790 32927
29790 32935
29790 7674
8346 29790
29791 29793
29791 29802
29791 29805
29791 29806
29791 29813
29791 29943
29791 32873
32874 29791
29791 32927
29791 32935
29791 7674
29791 8346
8608 29791
29791 8627
29791 10364
29791 235
29791 35011
29806 29793
32874 29793
32927 29793
7674 29793
8346 29793
8608 29793
32864 29794
29794 32873
32874 29794
29794 8346
8361 29794
8608 29794
8627 29794
29794 235
29794 41798
32864 29796
32874 29796
7659 29796
8346 29796
8361 29796
8608 29796
8627 29796
29806 29802
32874 29802
32927 29802
7674 29802
8346 29802
8608 29802
29806 29805
32927 29805
7674 29805
8346 29805
29805 8627
235 29805
29806 29813
29806 29943
29806 32873
32874 29806
32927 29806
29806 7674
29806 8346
8608 29806
29806 8627
29806 10364
29806 235
29806 35011
32864 29810
32874 29810
7659 29810
8346 29810
8361 29810
8608 29810
8627 29810
32874 29813
32927 29813
7674 29813
8346 29813
8608 29813
29821 32873
32874 29821
7659 29821
29821 8346
8361 29821
8608 29821
29821 8627
29821 9947
29821 235
29821 41798
32874 29943
32927 29943
7674 29943
8346 29943
8608 29943
312 321
312 7659
312 8361
312 8595
312 8608
312 8627
9045 312
8361 321
321 8608
32864 32873
32864 32874
32923 32864
32864 7659
32864 8346
8361 32864
8608 32864
32864 8627
32864 9947
32864 235
32926 32864
32864 41798
32864 9972
32874 32873
32923 32873
32927 32873
7659 32873
7674 32873
32873 8346
8361 32873
32873 8608
32873 8627
32873 9947
32873 32926
41798 32873
32874 32923
32874 32927
32874 32935
32874 7659
32874 7674
32874 8346
32874 8361
8608 32874
32874 8627
32874 9947
32874 235
32874 32926
32874 41798
32874 9972
32923 7659
8608 32923
32923 8627
32923 32926
32927 7674
32927 8346
8608 32927
32927 8627
32927 10364
32927 235
32927 35011
7674 32935
8346 32935
8608 32935
7659 8346
7659 8361
8608 7659
7659 8627
7659 9947
32926 7659
7659 9972
7674 8346
8608 7674
7674 8627
8361 8346
8608 8346
8346 8627
8346 9947
8346 235
8346 32926
8346 41798
8346 9972
8346 35011
8361 8595
8361 8608
8361 8627
8361 9947
8361 235
8361 9972
8608 8595
8595 8627
8608 8627
8608 9947
8608 10364
8608 32926
8627 9947
8627 279
71 8627
8627 7675
8627 235
32926 8627
8627 9972
279 71
279 7675
71 7675
10459 32894
9045 32894
41798 235
35011 235
32889 29
181 2619
9045 181
2:
142 2913
142 2965
142 3121
142 4064
142 151
142 2969
142 1061
142 1888
142 2050
142 2100
142 2938
142 2972
142 3046
142 3655
142 663
2701 142
1811 142
142 969
142 419
142 422
142 141
142 457
142 1494
142 123
142 143
142 2606
2896 142
142 2907
2919 142
2937 142
142 3006
142 3011
142 3028
142 446
142 5560
142 766
1311 142
142 2827
2965 2913
3121 2913
2913 4064
2913 10257
2913 2844
2913 2912
2913 2930
2913 2936
2913 2956
2913 2966
2913 2988
2913 2998
2913 10260
151 2913
2913 2969
2913 3724
2913 3860
4036 2913
2913 1061
2913 2050
2913 2938
3117 2913
3655 2913
2913 457
123 2913
2913 143
2896 2913
2937 2913
2957 2913
3385 2913
3387 2913
3585 2913
2913 3692
4012 2913
5560 2913
8052 2913
3735 2913
2913 3916
4046 2913
2965 3121
2965 3871
2965 4064
2965 2844
2965 2912
2965 2930
2965 2936
2965 2956
2965 2966
2965 2988
2965 2998
2965 1233
2965 151
2965 2969
2965 3848
2965 3860
2965 3987
2965 4011
2965 4036
2965 1061
2965 1888
2965 2050
2965 2100
2965 2883
2965 2938
2965 2972
2965 3020
2965 3046
2965 3117
2965 3655
2965 663
2965 2701
2965 1811
2965 3015
2965 969
2965 1415
2965 1526
2965 3163
2965 419
2965 4212
2965 4213
2965 422
2965 799
2965 3533
2965 3699
2965 1522
2965 1523
2965 3158
2965 4820
2965 24246
2965 141
2965 457
2965 1178
2965 1494
2965 1524
2965 1525
2965 1814
2965 123
2965 1343
2965 143
2965 2049
2965 2516
2965 2517
2965 2606
2965 2896
2965 2907
2965 2919
2965 2921
2965 2927
2965 2937
2965 2944
2965 2954
2965 2957
2965 2962
2965 2991
2965 2999
2965 3006
2965 3011
2965 3021
2965 3028
2965 3031
2965 3032
2965 3033
2965 3034
2965 3048
2965 3147
2965 3155
2965 3385
2965 3387
2965 3585
2965 3692
2965 3837
2965 3842
2965 3886
2965 3905
2965 3912
2965 3972
2965 3975
2965 3985
2965 3995
2965 4010
2965 4012
2965 4015
2965 4024
2965 4033
2965 4034
2965 4067
2965 418
2965 4215
2965 446
2965 5560
2965 766
2965 8052
2965 2827
2965 3735
2965 2964
2965 3866
2965 3753
3121 4064
3121 2930
3121 2988
2998 3121
3121 151
3121 3848
3121 3860
3121 3987
3121 4011
3121 4035
3121 4036
1061 3121
2896 3121
3121 3585
3121 3692
3886 3121
3121 3905
3121 3972
4015 3121
5560 3121
3735 3121
19115 3121
3121 15523
19136 3121
4046 3121
3871 4064
3699 3871
123 3871
3871 2516
2896 3871
3905 3871
5560 3871
3735 3871
19115 3871
19136 3871
4046 3871
4064 2930
2988 4064
4064 1233
4064 151
4064 3860
4064 3987
4064 4011
4036 4064
1061 4064
4064 2972
3117 4064
4064 3655
4064 419
3533 4064
4064 3699
123 4064
4064 2516
2606 4064
2896 4064
4064 2907
2919 4064
4064 3011
4064 3048
4064 3147
4064 3585
4064 3692
4064 3886
3905 4064
4064 3912
3972 4064
4064 3975
4064 3995
4064 4010
4064 4015
4064 4024
4064 4033
4034 4064
4064 4067
5560 4064
4064 766
8052 4064
3866 4064
10257 2844
10257 2912
10257 2930
10257 2936
10257 2956
10257 2966
10257 2988
10257 2998
3724 10257
2957 10257
3385 10257
3387 10257
2844 2912
2844 2930
2844 2936
2844 2956
2844 2998
2844 10260
3724 2844
123 2844
2896 2844
2927 2844
2844 2944
2957 2844
3385 2844
3387 2844
2844 3728
3905 2844
2844 4012
5560 2844
3735 2844
19115 2844
2844 19136
4046 2844
2844 2852
2844 6110
2912 2930
2912 2936
2912 2956
2912 2966
2988 2912
2912 2998
2912 10260
2912 3724
2912 3971
123 2912
2896 2912
2912 2944
2954 2912
3385 2912
2912 3692
2912 3735
2912 3916
2912 2852
2912 6110
2930 2936
2930 2956
2930 2966
2930 2988
2930 2998
2930 10260
2930 1233
2930 3724
2930 3848
2930 3860
2930 3971
2930 3987
2930 4036
123 2930
2896 2930
2930 2921
2927 2930
2930 2944
2930 2954
2930 2957
2930 2991
2930 2999
3385 2930
2930 3387
2930 3585
2930 3692
2930 3905
2930 3912
4010 2930
2930 4012
4033 2930
2930 4067
2930 4143
3735 2930
19136 2930
3866 2930
2930 3916
4046 2930
2930 2882
3753 2930
2930 6158
2930 6735
2936 2956
2936 2966
2936 2988
2936 2998
10260 2936
2936 3724
2936 3971
123 2936
2896 2936
2936 2921
2936 2944
2936 2954
2936 2957
2936 2991
3385 2936
3387 2936
2936 3692
2936 4012
2936 3735
3916 2936
2936 2852
2936 6110
2936 2882
2936 3753
6735 2936
2956 2966
2956 2988
2956 2998
10260 2956
3724 2956
123 2956
2896 2956
2956 2944
2954 2956
2957 2956
3385 2956
3387 2956
3735 2956
2956 3916
2956 2852
2956 6110
6735 2956
2966 2998
3724 2966
3971 2966
123 2966
2896 2966
2957 2966
2999 2966
3385 2966
3387 2966
3905 2966
3972 2966
5560 2966
3735 2966
19115 2966
19136 2966
2979 2966
3916 2966
4046 2966
2988 2998
2988 1233
3724 2988
2988 3987
2988 4011
2988 4036
123 2988
2896 2988
2988 2957
3385 2988
3387 2988
2988 3905
2988 3912
2988 3975
2988 4033
3866 2988
10260 2998
3724 2998
2998 3971
123 2998
2896 2998
2998 2944
2954 2998
2957 2998
3385 2998
3387 2998
2998 3585
2998 3692
2998 3729
2998 3730
3905 2998
2998 3944
2998 3975
5560 2998
3735 2998
2998 19115
2998 17250
2998 19114
19136 2998
2998 3916
2998 4046
2998 2852
2998 6110
2882 2998
10260 3724
3987 1233
123 1233
4033 1233
1061 151
3117 151
151 3655
419 151
151 457
151 123
151 143
151 2896
151 2907
151 3692
5560 151
2969 1061
1888 2969
2969 2050
2972 2969
3020 2969
2969 3046
2969 419
2969 422
2969 457
123 2969
1343 2969
2969 143
2049 2969
2969 2606
2896 2969
2907 2969
2919 2969
2962 2969
2969 446
1311 2969
2827 2969
2964 2969
3848 3860
4036 3848
3585 3848
3905 3848
5560 3848
3735 3848
19115 3848
19136 3848
4046 3848
3987 3860
4036 3860
3585 3860
3905 3860
5560 3860
3735 3860
17169 3860
19115 3860
19136 3860
4046 3860
2896 3971
3971 3692
3916 3971
3987 4011
3987 4035
3987 3699
123 3987
3987 2516
3987 2606
2896 3987
3886 3987
3987 3905
3912 3987
3987 3975
3995 3987
3987 4010
3987 4015
4024 3987
3987 4033
3987 4067
4143 3987
5560 3987
3735 3987
19115 3987
19136 3987
3987 3283
3866 3987
4046 3987
123 4011
2896 4011
3886 4011
3905 4011
4011 3975
3995 4011
4010 4011
3972 4035
5560 4035
3735 4035
19115 4035
19136 4035
4046 4035
123 4036
2896 4036
4036 2957
4036 3585
4036 3905
4036 3912
3972 4036
4036 4033
5560 4036
8052 4036
3735 4036
19115 4036
4036 19136
4046 4036
1061 1888
1061 2050
1061 2100
1061 2938
1061 2972
1061 3020
1061 3046
1061 3117
1061 3655
123 1061
1343 1061
2896 1061
2907 1061
2919 1061
2937 1061
3028 1061
2827 1061
2964 1061
1888 2938
2896 1888
2907 1888
2937 1888
1888 2827
2050 2938
2050 2972
2050 3020
2050 3046
2050 419
2050 1494
123 2050
1343 2050
2050 143
2050 2049
2896 2050
2907 2050
2919 2050
2937 2050
2050 2962
2050 418
2050 2827
2964 2050
2100 2883
2100 2938
2100 3020
2100 2701
2100 3015
969 2100
2100 422
141 2100
123 2100
2100 2606
2896 2100
2919 2100
2100 3021
2100 3028
2883 3020
2883 2701
2883 3015
969 2883
2883 422
2883 3533
123 2883
2883 2516
2883 2517
2883 2606
2896 2883
2883 3011
2883 3021
3028 2883
2883 3031
2883 3032
2883 3033
2883 3034
2883 3048
2883 3147
2883 3155
2883 766
2938 2972
3020 2938
422 2938
123 2938
2938 143
2896 2938
2938 2907
2919 2938
2937 2938
2938 3028
2827 2938
2972 419
2972 123
2972 143
2896 2972
2972 2907
2972 446
3046 3020
3020 2701
1811 3020
3020 3015
3020 419
3020 141
3020 457
123 3020
1343 3020
3020 143
2516 3020
3020 2606
2896 3020
3020 2907
2919 3020
3020 2937
3020 3011
3020 3021
3020 3048
3020 3147
3020 3585
3020 3886
4024 3020
3020 418
4215 3020
3020 766
1311 3020
2964 3020
123 3046
1343 3046
3046 143
2896 3046
2907 3046
2919 3046
2937 3046
3006 3046
2964 3046
123 3117
2896 3117
123 3655
3655 143
2896 3655
1077 663
1811 663
969 663
422 663
2606 663
2896 663
2919 663
3147 663
2701 1811
2701 969
123 2701
2701 2606
2896 2701
2701 2907
2919 2701
2701 3028
3048 2701
3886 2701
2701 4215
2701 766
2964 2701
1077 1811
1077 969
422 1077
2606 1077
2896 1077
2919 1077
1811 3015
1811 969
1811 3163
1811 419
1811 422
3533 1811
1811 1522
1811 1523
1811 457
1811 1178
123 1811
1811 143
1811 2516
1811 2606
2896 1811
2919 1811
1811 3021
1811 3031
1811 3034
1811 3147
3886 1811
1811 766
969 3015
123 3015
3015 2606
2896 3015
2919 3015
3048 3015
4024 3015
3163 969
969 419
969 422
3533 969
1523 969
969 141
969 457
969 1178
123 969
969 143
969 2606
2896 969
2907 969
2919 969
969 766
1311 969
3163 1415
419 1415
422 1415
3158 1415
1178 1415
123 1415
2896 1415
3837 1415
3842 1415
3163 1815
419 1815
4213 1815
422 1815
1178 1815
1794 1815
3837 1815
3842 1815
22222 1815
3163 1526
1526 419
123 1526
2896 1526
3837 1526
3842 1526
3163 419
3163 4212
3163 4213
3163 422
3163 799
3163 1522
3163 1523
3163 3158
3163 1178
3163 1524
3163 1525
3163 1794
123 3163
2896 3163
3837 3163
3842 3163
3163 4278
1335 3163
22222 3163
419 4212
419 4213
419 422
419 799
419 1522
419 1523
419 3158
4820 419
419 457
419 1178
1494 419
419 1524
419 1525
419 1794
419 1814
419 123
1343 419
419 143
419 2606
2896 419
419 2907
2919 419
3585 419
3837 419
3842 419
3886 419
419 4033
419 446
1311 419
4278 419
1335 419
22222 419
4213 4212
422 4212
1178 4212
1794 4212
123 4212
3842 4212
22222 4212
422 4213
1522 4213
1178 4213
1794 4213
123 4213
3837 4213
3842 4213
22222 4213
422 799
422 3533
422 1522
422 1523
422 4820
141 422
422 457
422 1178
422 1524
422 1525
422 1794
422 1814
422 123
422 143
422 2516
422 2606
2896 422
422 2907
2919 422
422 3028
422 3031
422 3032
422 3033
422 3034
3147 422
3842 422
4033 422
422 446
422 766
1311 422
1335 422
22222 422
1523 799
1794 799
123 799
2896 799
2907 799
3842 799
22222 799
123 3533
3533 2516
2896 3533
3533 3031
3533 3032
3533 3033
3533 3034
3533 3147
4024 3533
3533 766
123 3699
2896 3699
3699 3692
3886 3699
3905 3699
3975 3699
3995 3699
4015 3699
4024 3699
4034 3699
5560 3699
3735 3699
19115 3699
19136 3699
4046 3699
1522 1523
1522 4820
1522 24246
1522 1178
1494 1522
1522 1524
1522 1525
1794 1522
123 1522
2896 1522
3837 1522
3842 1522
3886 1522
4033 1522
4278 1522
1335 1522
22222 1522
4820 1523
24246 1523
1178 1523
1494 1523
1523 1524
1523 1794
123 1523
2896 1523
2907 1523
3837 1523
3842 1523
3886 1523
3985 1523
4033 1523
4278 1523
1335 1523
22222 1523
1494 3158
1524 3158
1525 3158
123 3158
2896 3158
3837 3158
3886 3158
4820 24246
1178 4820
4820 1524
4820 1525
4820 1814
123 4820
2896 4820
4820 2907
3837 4820
3886 4820
4820 3985
4033 4820
4820 22222
123 24246
2896 24246
3837 24246
24246 3985
141 457
123 141
141 143
2896 141
2937 141
141 446
1311 141
123 457
143 457
2606 457
2896 457
2937 457
446 457
1311 457
1178 1494
1178 1524
1178 1525
1178 1794
1178 1814
123 1178
2896 1178
22222 1178
1494 1524
1494 1525
123 1494
2896 1494
2907 1494
1525 1524
1794 1524
123 1524
2896 1524
2907 1524
3837 1524
3842 1524
3886 1524
4033 1524
4278 1524
1335 1524
22222 1524
1525 1794
123 1525
2896 1525
2907 1525
3837 1525
3842 1525
3886 1525
4033 1525
4278 1525
1335 1525
22222 1525
2896 1794
3837 1794
3842 1794
4278 1794
1794 1335
22222 1794
123 1814
1814 2896
1814 4033
123 1343
123 143
123 2049
123 2516
123 2517
123 2606
123 2896
123 2907
123 2919
123 2921
123 2927
123 2937
123 2944
123 2954
123 2957
123 2962
123 2991
123 2999
123 3006
123 3011
123 3021
123 3028
123 3031
123 3032
123 3033
123 3034
123 3048
123 3147
123 3155
123 3385
123 3387
123 3585
123 3692
123 3837
123 3842
123 3886
123 3905
123 3912
123 3972
123 3975
123 3985
123 3995
123 4010
123 4012
123 4015
123 4024
123 4033
123 4034
123 4067
123 418
123 4215
123 446
123 5560
123 766
123 8052
1311 123
1343 143
2896 1343
2937 1343
1343 3048
1343 418
1343 766
2049 143
143 2606
2896 143
2919 143
2937 143
2962 143
3006 143
3585 143
143 446
1311 143
2964 143
2896 2049
2919 2049
2606 2516
2896 2516
2907 2516
2919 2516
3021 2516
3147 2516
3155 2516
3886 2516
3905 2516
2516 4015
2516 4024
2516 4034
5560 2516
2516 766
3735 2516
19115 2516
19136 2516
4046 2516
2606 2517
2896 2517
3147 2517
3155 2517
3886 2517
4024 2517
2896 2606
2606 2907
2606 2919
2937 2606
2606 3011
2606 3021
2606 3028
2606 3048
2606 3147
2606 3155
3585 2606
3886 2606
2606 4024
4215 2606
2606 446
2606 766
1311 2606
2964 2606
2896 2907
2896 2919
2896 2937
2896 2944
2896 2954
2896 2957
2896 2962
2896 3006
2896 3011
2896 3021
2896 3028
2896 3031
2896 3032
2896 3033
2896 3034
2896 3048
2896 3147
2896 3155
2896 3585
2896 3692
2896 3837
2896 3842
2896 3886
2896 3905
2896 3912
2896 3972
2896 3975
2896 3985
2896 3995
2896 4010
2896 4012
2896 4015
2896 4024
2896 4033
2896 4034
2896 4067
2896 418
2896 4215
2896 5560
2896 766
2896 8052
2896 2827
2896 2964
2896 3916
2896 4046
2907 3011
2907 3028
2907 3147
2907 4215
2907 446
2907 766
2907 2827
2919 2962
2919 3006
2919 3011
2919 3021
2919 3028
2919 3031
2919 3147
2919 766
2957 2921
2999 2921
3385 2921
3387 2921
3753 2921
6158 2921
6735 2921
2957 2927
3385 2927
3387 2927
2937 3006
2937 3048
2937 3147
2937 3585
2937 418
2937 766
2937 2827
2957 2944
3385 2944
3387 2944
2852 2944
6110 2944
3753 2944
2944 6735
2957 2954
3385 2954
3387 2954
2882 2954
2957 2991
2957 2999
2957 3385
3387 2957
2957 6110
2957 2882
2957 3753
2957 6158
2957 6735
2999 2991
3385 2991
3387 2991
3753 2991
3385 2999
3387 2999
2999 3753
2999 6158
6735 2999
3048 3011
3886 3021
3147 3031
3147 3032
3147 3033
3034 3147
3034 766
4024 3048
4034 3048
3048 766
2964 3048
3155 3147
3886 3147
4024 3147
3147 766
3886 3155
4024 3155
3385 3387
3385 2852
3385 6110
3385 2882
3385 3753
3385 6158
3385 6735
3387 6110
3387 2882
3387 3753
3387 6158
3387 6735
3585 3905
3585 3975
3585 4033
5560 3585
8052 3585
3735 3585
19115 3585
3585 19136
4046 3585
3692 3728
3692 3729
3886 3692
3905 3692
3944 3692
3972 3692
4015 3692
4024 3692
4033 3692
4034 3692
5560 3692
3735 3692
19115 3692
19136 3692
3916 3692
4046 3692
3905 3728
5560 3728
3735 3728
19115 3728
19136 3728
4046 3728
3905 3729
5560 3729
3735 3729
19115 3729
19136 3729
4046 3729
3905 3730
5560 3730
3735 3730
19115 3730
19136 3730
4046 3730
3837 3842
3837 3985
22222 3837
22222 3842
3905 3878
3972 3878
5560 3878
3735 3878
19115 3878
19136 3878
4046 3878
3905 3886
3972 3886
3886 3975
3995 3886
5560 3886
3886 766
3735 3886
19115 3886
19136 3886
4046 3886
3886 4863
3905 3944
3905 3972
3905 3975
3905 4015
3905 4028
3905 4033
3905 4143
3905 5560
3905 3735
3905 17169
3905 3863
3905 19115
3905 15523
3905 17124
3905 17250
3905 17251
3905 19114
3905 19136
3905 19137
3905 2924
3905 2979
3905 3283
3905 3866
3905 3894
3905 3939
3905 4046
3905 4863
4033 3912
5560 3944
3735 3944
19115 3944
19136 3944
4046 3944
3972 4015
3972 4024
3972 4028
3972 4034
5560 3972
3972 3735
3972 17169
3972 3863
19115 3972
3972 15523
3972 17124
3972 17251
19136 3972
3972 19137
3972 3283
3972 4046
3995 3975
4010 3975
5560 3975
3735 3975
19115 3975
3975 19136
4046 3975
4010 4015
4024 4010
4010 4033
4010 4067
5560 4010
4024 4015
5560 4015
4024 4034
4024 766
5560 4028
3735 4028
19115 4028
19136 4028
4046 4028
4033 4067
3866 4033
22222 4033
5560 4034
4034 766
5560 4067
5560 4143
3735 4143
19136 4143
3866 4143
4046 4143
1311 446
5560 3735
5560 17169
5560 3863
5560 19115
5560 15523
5560 17124
5560 17250
5560 17251
5560 19114
5560 19136
5560 19137
5560 2924
5560 2979
5560 3283
5560 3866
5560 3894
5560 3939
5560 4046
5560 4863
2964 766
1335 4278
3735 17169
3735 3863
3735 19115
3735 15523
3735 17124
3735 17250
3735 17251
3735 19114
3735 19136
3735 19137
3735 2924
3735 2979
3735 3283
3735 3866
3735 3894
3735 3939
3735 4046
3735 4863
17169 3863
19115 17169
19136 17169
4046 17169
19115 3863
19136 3863
4046 3863
19115 15523
19115 17124
19115 17250
19115 17251
19115 19114
19115 19136
19115 19137
19115 2924
19115 2979
19115 3283
19115 3866
19115 3894
19115 3939
19115 4046
19115 4863
19136 15523
4046 15523
19136 17124
4046 17124
19136 17250
4046 17250
19136 17251
4046 17251
19136 19114
4046 19114
19136 19137
19136 2924
19136 2979
19136 3283
19136 3866
19136 3894
19136 3939
19136 4046
19136 4863
4046 19137
2924 2979
2924 3894
2924 3939
4046 2924
4046 2979
4046 3283
4046 3866
4046 3894
4046 3939
4046 4863
2852 6110
6735 6110
3753 6158
6735 3753
6158 6735
3:
142 2965
142 2972
142 123
142 143
2896 142
142 2901
142 2907
142 2953
2965 2972
2965 123
2965 143
2965 2896
2965 2901
2965 2907
2965 2953
2972 123
2972 143
2896 2972
2972 2901
2972 2907
2972 2953
123 143
123 2896
123 2901
123 2907
123 2953
2896 143
2901 143
2953 143
2896 2901
2896 2907
2896 2953
2901 2907
2953 2901
2953 2907
4:
2965 2883
2965 3020
2965 123
2965 2896
2965 3013
2965 3036
2965 3038
2965 3140
2965 3666
2965 3886
2883 3020
123 2883
2896 2883
2883 3013
2883 3036
2883 3038
2883 3140
2883 3666
123 3020
2896 3020
3020 3013
3020 3036
3020 3038
3020 3140
3020 3666
3020 3886
123 2896
123 3013
123 3036
123 3038
123 3140
123 3666
123 3886
2896 3013
2896 3036
2896 3038
2896 3140
2896 3666
2896 3886
3013 3036
3013 3038
3013 3140
3013 3666
3886 3013
3666 3036
3886 3036
3666 3038
3666 3140
3886 3140
3886 3666
5:
2965 3046
2965 123
2965 2896
2965 2919
2965 2937
2965 3042
2965 3043
2965 3053
2965 3054
2965 3566
2965 2964
123 3046
2896 3046
2919 3046
2937 3046
3046 3042
3046 3043
3046 3053
3046 3054
3046 3566
2964 3046
123 2896
123 2919
123 2937
123 3042
123 3043
123 3053
123 3054
123 3566
2896 2919
2896 2937
2896 3042
2896 3043
2896 3053
2896 3054
2896 3566
2896 2964
2919 3042
2919 3043
2919 3053
2919 3054
2937 3042
2937 3043
2937 3054
2937 3566
3053 3042
3054 3042
3566 3042
2964 3042
3053 3043
3043 3054
3566 3043
2964 3043
3053 3054
3566 3053
2964 3053
3566 3054
3054 2964
2964 3566
6:
2965 2883
2965 2701
2965 123
2965 2896
2965 3017
2965 3028
2965 3060
2965 3156
2883 2701
123 2883
2896 2883
2883 3017
3028 2883
2883 3060
2883 3156
123 2701
2896 2701
2701 3017
2701 3028
3060 2701
3156 2701
123 2896
123 3017
123 3028
123 3060
123 3156
2896 3017
2896 3028
2896 3060
2896 3156
3028 3017
3060 3017
3156 3017
3028 3060
3060 3156
7:
121 197
121 118
121 172
121 408
121 407
121 204
121 212
121 235
32981 121
197 118
197 172
197 408
197 407
197 204
197 212
197 235
32981 197
118 172
118 408
118 407
118 204
118 212
118 235
32981 118
172 408
172 407
172 204
172 212
172 235
32981 172
407 408
212 408
32981 408
407 204
212 407
407 235
32981 407
212 204
32981 204
212 235
32981 212
32981 235
8:
197 118
197 172
197 407
197 204
197 212
183 197
8327 197
118 172
118 407
118 204
118 212
183 118
8327 118
172 407
172 204
172 212
183 172
8327 172
407 204
212 407
183 407
8327 407
212 204
183 204
8327 204
183 212
8327 212
183 8327
9:
2965 2998
2965 123
2965 2896
2965 3692
2965 3729
2965 3905
2965 3944
2965 5560
123 2998
2896 2998
2998 3692
2998 3729
3905 2998
2998 3944
5560 2998
123 2896
123 3692
123 3729
123 3905
123 3944
123 5560
2896 3692
2896 3729
2896 3905
2896 3944
2896 5560
3692 3729
3905 3692
3944 3692
5560 3692
3905 3729
5560 3729
3905 3944
3905 5560
5560 3944
10:
2965 2883
2965 3020
2965 123
2965 2896
2965 3013
2965 3021
2965 3583
2965 3886
2883 3020
123 2883
2896 2883
2883 3013
2883 3021
2883 3583
123 3020
2896 3020
3020 3013
3020 3021
3020 3583
3020 3886
123 2896
123 3013
123 3021
123 3583
123 3886
2896 3013
2896 3021
2896 3583
2896 3886
3013 3021
3013 3583
3886 3013
3021 3583
3886 3021
3886 3583
11:
193 8336
193 279
193 210
193 32900
20505 193
20517 193
20523 193
8336 279
8336 210
8336 32900
20505 8336
20517 8336
20523 8336
279 210
279 32900
20505 279
279 20517
20523 279
32900 210
20505 210
20517 210
20523 210
20505 32900
20517 32900
20523 32900
20505 20517
20505 20523
20517 20523
12:
7968 446
446 3176
446 287
446 3174
446 3179
446 3323
446 8031
7968 3176
7968 287
7968 3174
7968 3179
7968 3323
7968 949
7968 8031
287 3176
3176 3174
3176 3179
3176 3323
949 3176
8031 3176
287 3174
287 3179
287 3323
949 287
8031 287
3179 3174
3323 3174
949 3174
8031 3174
3179 3323
949 3179
8031 3179
949 3323
8031 3323
949 8031
13:
2965 2998
2965 2876
2965 2938
2965 123
2965 2878
2965 2896
2965 2994
2998 2876
2998 2938
123 2998
2998 2878
2896 2998
2998 2994
2938 2876
123 2876
2876 2878
2896 2876
2876 2994
123 2938
2938 2878
2896 2938
2938 2994
123 2878
123 2896
123 2994
2896 2878
2994 2878
2896 2994
14:
3121 2913
2913 4064
2913 2930
2913 10260
2913 3860
4036 2913
5596 2913
7991 2913
3121 4064
3121 2930
3121 10260
3121 3724
3121 3860
3121 3987
3121 4036
3121 5024
3121 5596
3121 7991
4064 2930
4064 10260
4064 3724
4064 3860
4064 3987
4036 4064
4064 5024
5596 4064
4064 7991
4064 4033
2930 10260
2930 3724
2930 3860
2930 3987
2930 4036
2930 5024
2930 5596
2930 7991
4033 2930
10260 3724
10260 3860
10260 3987
10260 4036
10260 5024
10260 5596
10260 7991
4033 10260
3724 3987
3724 5024
7991 3724
3987 3860
4036 3860
5596 3860
7991 3860
3987 5024
3987 5596
3987 7991
3987 4033
5596 4036
5596 5024
7991 5024
5024 4033
5596 7991
5596 4033
7991 4033
15:
2965 2969
2965 1061
2965 2050
2965 2938
2965 3481
2965 2896
2965 3965
2965 2924
2969 1061
2969 2050
3481 2969
2896 2969
3965 2969
2924 2969
1061 2050
1061 2938
1061 3481
2896 1061
3965 1061
2924 1061
2050 2938
2050 3481
2896 2050
3965 2050
2924 2050
2938 3481
2896 2938
3965 2938
2924 2938
2896 3481
3481 3965
3481 2924
2896 3965
2896 2924
3965 2924
16:
3121 2913
2913 2930
2913 2998
2896 2913
3585 2913
2913 3692
2913 3916
4046 2913
3121 2930
2998 3121
2896 3121
3121 3585
3121 3692
3916 3121
4046 3121
2930 2998
2896 2930
2930 3585
2930 3692
2930 3916
4046 2930
2896 2998
2998 3585
2998 3692
2998 3916
2998 4046
2896 3585
2896 3692
2896 3916
2896 4046
3916 3585
4046 3585
3916 3692
4046 3692
3916 4046
17:
2965 2913
2913 2930
2913 2936
2913 2050
123 2913
2896 2913
2937 2913
2965 2930
2965 2936
2965 2050
2965 123
2965 2896
2965 2937
2930 2936
2930 2050
123 2930
2896 2930
2937 2930
2936 2050
123 2936
2896 2936
2937 2936
123 2050
2896 2050
2937 2050
123 2896
123 2937
2896 2937
