# The directed communities at k=8
# from /Users/bogna/dev/role-mining/datasets/enron/timeslots/1-2002.edges
# at no lower link weight threshold,
# and at no upper link weight threshold.
# Links were treated as directed.
# No time limit was set for the clique search.

0: 2965 2966 123 2896 3905 3972 4016 5560 
1: 193 2024 251 197 278 118 10345 10388 112 17781 277 288 322 401 8336 8349 10354 172 29768 29772 29776 29785 29786 29790 29791 29793 29794 29796 29802 29805 29806 29810 29813 29821 29943 312 321 32864 32873 32874 32923 32927 32935 7659 7674 8346 8361 8595 8608 8627 9947 10364 279 71 7675 10459 32894 235 29 32926 2619 41798 9972 181 9045 35011 32889 
2: 142 2913 2965 3121 3871 4064 10257 2844 2912 2930 2936 2956 2966 2988 2998 10260 1233 151 2969 3724 3848 3860 3971 3987 4011 4035 4036 1061 1888 2050 2100 2883 2938 2972 3020 3046 3117 3655 663 2701 1077 1811 3015 969 1415 1815 1526 3163 419 4212 4213 422 799 3533 3699 1522 1523 3158 4820 24246 141 457 1178 1494 1524 1525 1794 1814 123 1343 143 2049 2516 2517 2606 2896 2907 2919 2921 2927 2937 2944 2954 2957 2962 2991 2999 3006 3011 3021 3028 3031 3032 3033 3034 3048 3147 3155 3385 3387 3585 3692 3728 3729 3730 3837 3842 3878 3886 3905 3912 3944 3972 3975 3985 3995 4010 4012 4015 4024 4028 4033 4034 4067 4143 418 4215 446 5560 766 8052 1311 2827 4278 1335 3735 17169 3863 2964 19115 15523 17124 17250 17251 19114 19136 19137 2924 2979 3283 3866 3894 3916 3939 4046 4863 22222 2852 6110 2882 3753 6158 6735 
3: 142 2965 2972 123 143 2896 2901 2907 2953 
4: 2965 2883 3020 123 2896 3013 3036 3038 3140 3666 3886 
5: 2965 3046 123 2896 2919 2937 3042 3043 3053 3054 3566 2964 
6: 2965 2883 2701 123 2896 3017 3028 3060 3156 
7: 121 197 118 172 408 407 204 212 235 32981 
8: 197 118 172 407 204 212 183 8327 
9: 2965 2998 123 2896 3692 3729 3905 3944 5560 
10: 2965 2883 3020 123 2896 3013 3021 3583 3886 
11: 193 8336 279 210 32900 20505 20517 20523 
12: 446 7968 3176 287 3174 3179 3323 949 8031 
13: 2965 2998 2876 2938 123 2878 2896 2994 
14: 2913 3121 4064 2930 10260 3724 3860 3987 4036 5024 5596 7991 4033 
15: 2965 2969 1061 2050 2938 3481 2896 3965 2924 
16: 2913 3121 2930 2998 2896 3585 3692 3916 4046 
17: 2913 2965 2930 2936 2050 123 2896 2937 
