# The links inside the directed communities at k=3
# from /Users/bogna/dev/role-mining/datasets/enron/timeslots/08-filtered2.edges
# at no lower link weight threshold,
# and at no upper link weight threshold.
# Links were treated as directed.
# No time limit was set for the clique search.

0:
00002 00019
00002 00020
00002 00070
00002 00141
00028 00002
00029 00002
00019 00020
00019 00070
00019 00141
00137 00019
00019 00018
00019 00028
00019 00032
00029 00019
00020 00070
00020 00141
00020 00137
00020 00028
00020 00032
00029 00020
00070 00141
00028 00070
00029 00070
00137 00141
00018 00141
00028 00141
00029 00141
00129 00141
00006 00013
00006 00050
00006 00065
00006 00067
00006 00107
00109 00006
00027 00006
00013 00050
00065 00013
00013 00067
00013 00033
00013 00076
00065 00050
00050 00067
00076 00050
00065 00067
00107 00065
00065 00075
00065 00014
00065 00076
00023 00065
00065 00027
00065 00051
00065 00054
00127 00065
00151 00065
00129 00065
00033 00067
00038 00107
00023 00107
00107 00073
00103 00107
00109 00107
00051 00107
00054 00107
00092 00107
00127 00107
00151 00107
00129 00107
00007 00075
00076 00007
00075 00011
00075 00038
00033 00075
00075 00076
00010 00017
00127 00010
00129 00010
00014 00023
00014 00073
00027 00014
00148 00014
00017 00038
00017 00061
00017 00103
00042 00017
00127 00017
00077 00017
00011 00038
00033 00011
00076 00011
00127 00011
00038 00033
00038 00073
00127 00038
00129 00038
00033 00076
00023 00073
00023 00027
00023 00051
00023 00054
00023 00069
00023 00148
00127 00023
00129 00023
00073 00051
00073 00054
00073 00069
00073 00151
00018 00137
00137 00032
00137 00029
00066 00137
00129 00137
00137 00068
00042 00061
00118 00061
00127 00061
00127 00103
00018 00028
00018 00032
00028 00032
00051 00032
00066 00032
00129 00032
00109 00051
00109 00054
00109 00092
00127 00109
00109 00122
00129 00109
00049 00034
00049 00124
00049 00039
00049 00083
00051 00054
00051 00069
00051 00092
00051 00066
00051 00127
00051 00151
00129 00051
00083 00054
00066 00054
00127 00054
00151 00054
00054 00122
00054 00129
00127 00069
00129 00069
00127 00148
00092 00044
00092 00039
00092 00083
00127 00092
00129 00092
00066 00029
00127 00029
00129 00029
00034 00124
00127 00034
00083 00124
00127 00124
00042 00118
00044 00078
00127 00044
00127 00078
00129 00078
00083 00039
00127 00039
00127 00083
00066 00127
00151 00066
00066 00129
00066 00068
00127 00151
00127 00122
00129 00127
00127 00068
00127 00077
00127 00128
00127 00105
00129 00122
00122 00128
00128 00105
1:
00086 00087
00086 00130
00086 00133
00149 00086
00087 00133
00149 00087
00130 00133
2:
00049 00118
00049 00119
00118 00119
3:
00118 00077
00118 00101
00101 00077
