# The directed communities at k=11
# from /Users/bogna/dev/role-mining/datasets/hepth/timeslots/cit-HepTh-2000.edges
# at no lower link weight threshold,
# and at no upper link weight threshold.
# Links were treated as directed.
# No time limit was set for the clique search.

0: 9910219 0005032 0005239 0009010 0010063 0004160 0004166 0005025 0006007 0010133 0012044 
1: 9912249 0001084 0001201 0002117 0002211 0002237 0003031 0005036 0006052 0008242 0101002 
2: 9902105 9911116 9912249 9805019 9805170 0001084 9503099 0001201 0002117 0002211 0002237 0003031 0003101 0003220 0004015 0005031 0005036 0005085 0006071 0006240 0007153 0007226 0007235 0008013 0008033 0008053 0008101 0008127 0008227 0008252 0009038 0009061 0009105 0009189 0009191 0009213 0009246 0009252 0010016 0010060 0010108 0010190 0010240 0010247 0011002 0011029 0011226 0012081 0012251 
3: 9906064 9611213 0002072 0002161 0002190 0003020 0003045 0003054 0005016 0009199 0004057 0005217 0006059 0006215 0008041 0008054 0008128 0009022 0011111 0011245 0012049 
4: 9908142 9912072 0002067 0002075 0002186 0003113 0003145 0003180 0003215 0004013 0004080 0004183 0005129 0005048 0006014 0006209 0008002 0011019 0011119 0011233 
5: 0005015 0005129 0005040 0005046 0005048 0005073 0006013 0006023 0006062 0006225 0006085 0006193 0006236 0006202 0007089 0007106 0007147 0007168 0007215 0008119 0008213 0009141 0009182 
6: 0005040 0005048 0006023 0006062 0006112 0006225 0006193 0006236 0006202 0007052 0007147 0007168 0007215 0008119 0009141 0011282 
7: 9912072 0001215 0002067 0002075 0002186 0003113 0003145 0003180 0003215 0004013 0004080 0004115 0004183 0006209 0006210 0011003 
8: 9908142 9912072 0002075 0002186 0003113 0003145 0003180 0003215 0004013 0004183 0005129 0005208 0006210 0011003 
