# The contained directed cliques in the directed communities at k=11
# from /Users/bogna/dev/role-mining/datasets/hepth/timeslots/cit-HepTh-2000.edges
# at no lower link weight threshold,
# and at no upper link weight threshold.
# Links were treated as directed.
# No time limit was set for the clique search.

0: 11812 
1: 12526 
2: 12860 12861 12865 12869 22589 22592 22594 22635 24321 12863 12864 24269 12868 24270 24246 24256 19285 23571 23757 23763 24204 24205 24211 24230 24231 24232 24236 24237 24244 24245 24249 24253 24255 24262 24315 25019 27147 19283 19302 19208 19287 19300 19321 19327 19210 19214 19218 19236 24278 19217 19220 19239 19206 19212 19215 19216 19243 19244 19246 19259 19306 19315 21045 24280 19207 19233 19234 19253 19271 21095 21133 27179 19213 19245 19254 19272 21096 21134 19241 19242 25934 25966 27180 27181 19235 19247 19332 19348 19349 19352 21017 24283 24963 24965 25007 19237 19238 19326 24964 19240 19249 19328 19252 19331 19250 19343 19251 19341 19248 19342 19339 19333 19338 19336 24318 19330 19335 19329 19346 19344 19347 19354 19345 19350 19351 19334 19355 22595 19337 19340 19353 20967 20951 20959 20964 20965 22593 20950 20953 20958 20968 20969 20977 21000 21002 21006 22577 22584 20952 20976 20999 21001 21005 22583 22587 22608 20960 20970 22578 20961 20966 20978 22588 20979 20971 21039 22624 21038 21041 21049 24226 21048 24225 21117 24268 21101 21118 27152 21099 21102 21106 27146 19304 21044 21093 21100 21104 27149 19305 19381 19382 19357 19356 24258 23766 24212 24217 24235 24238 24241 24252 24257 24259 27142 27148 27150 23760 23765 23759 23756 24248 23762 27145 13666 13673 22605 22632 22633 24267 24279 27135 27136 27140 27151 27168 13664 13667 13668 13669 13671 22606 22619 24209 24210 27122 27123 13665 22603 22604 23547 23570 23581 22599 22598 22602 16955 22610 22621 16956 16958 16962 16957 16960 16967 16959 16966 22614 22623 22642 16971 22641 16972 24285 24286 22644 24284 24320 19546 24316 19515 19535 19543 19504 19512 19501 19502 19533 25008 25006 25026 22590 22581 22579 22612 22585 22616 22609 25025 25036 25030 25034 24985 25027 24978 24982 27129 24980 27130 24227 24221 24222 24223 13670 24218 13672 13674 24220 27128 24214 24219 24240 28170 24213 28167 24216 24239 28166 24207 24215 24224 24242 28150 28168 24206 24233 28149 27124 27141 27143 27153 27133 28174 27126 27131 27137 28286 27125 28276 22618 28274 22607 22626 27132 28275 28285 28173 28284 28297 28172 28176 28169 28175 28171 28151 28153 28277 28152 28155 28287 28154 24250 24263 28177 28298 28296 28299 24260 27157 21074 24939 27155 21070 21075 21076 20997 21071 21072 20998 21003 24932 21004 21077 21079 21073 21078 24933 27156 22643 20981 22634 20980 22615 22629 25949 22620 25902 24276 24275 27175 27959 27968 24277 27167 27178 27171 27169 27170 21094 21105 21107 21050 21047 24273 19323 21042 21046 24266 24282 21018 24958 21014 20987 20993 20991 19228 19267 19223 19227 19222 19258 19263 19266 19257 19262 19268 
3: 13105 13106 13107 13109 13119 20467 13110 13112 20468 13111 13113 13108 13114 13116 13115 20465 20466 
4: 16087 16088 22561 16098 22562 23821 23833 28366 22568 22555 22567 22554 23398 23390 
5: 18814 18815 18816 18817 18831 18832 18834 19156 19157 20063 20064 20065 20066 20067 20068 20069 20070 18833 19135 19136 19158 19159 19160 19161 19139 19140 19137 20073 19131 19138 20071 20079 19132 20072 20080 20074 20078 22431 20093 22433 18835 20092 22414 22415 22416 22432 22417 22418 22428 22419 22429 22430 20076 20077 20075 
6: 20053 20054 20055 22422 20056 22426 20062 22440 20060 20061 22481 20059 22469 22468 22480 22436 
7: 21677 21707 25551 21683 21695 25590 25561 25571 25764 25765 25766 25763 
8: 21697 21709 25573 25592 25492 25474 
