# The links inside the directed communities at k=17
# from /Users/bogna/dev/role-mining/datasets/hepth/timeslots/cit-HepTh-2001.edges
# at no lower link weight threshold,
# and at no upper link weight threshold.
# Links were treated as directed.
# No time limit was set for the clique search.

0:
0101073 0008140
0101073 0009244
0101073 0010127
0101073 0101076
0101073 0101083
0102042 0101073
0102113 0101073
0102138 0101073
0103108 0101073
0103241 0101073
0104141 0101073
0105052 0101073
0105070 0101073
0105093 0101073
0105117 0101073
0105214 0101073
0107134 0101073
0108172 0101073
0111008 0101073
0111093 0101073
0111238 0101073
0111182 0101073
0101076 0008140
0101083 0008140
0102042 0008140
0102113 0008140
0102138 0008140
0103108 0008140
0103241 0008140
0104141 0008140
0105052 0008140
0105070 0008140
0105093 0008140
0105117 0008140
0105214 0008140
0107134 0008140
0108172 0008140
0111008 0008140
0111093 0008140
0111238 0008140
0111182 0008140
0101076 0009244
0101083 0009244
0102042 0009244
0102113 0009244
0102138 0009244
0103108 0009244
0103241 0009244
0104141 0009244
0105052 0009244
0105070 0009244
0105117 0009244
0105214 0009244
0107134 0009244
0108172 0009244
0111008 0009244
0111093 0009244
0111238 0009244
0111182 0009244
0101076 0010127
0101083 0010127
0102042 0010127
0102113 0010127
0102138 0010127
0103108 0010127
0103241 0010127
0104141 0010127
0105052 0010127
0105070 0010127
0105117 0010127
0105214 0010127
0107134 0010127
0108172 0010127
0111008 0010127
0111093 0010127
0111238 0010127
0111182 0010127
0101076 0101083
0102042 0101076
0102113 0101076
0102138 0101076
0103108 0101076
0103241 0101076
0104141 0101076
0105052 0101076
0105070 0101076
0105093 0101076
0105117 0101076
0105214 0101076
0107134 0101076
0108172 0101076
0111008 0101076
0111093 0101076
0111238 0101076
0111182 0101076
0102042 0101083
0102113 0101083
0102138 0101083
0103108 0101083
0103241 0101083
0104141 0101083
0105052 0101083
0105070 0101083
0105117 0101083
0105214 0101083
0107134 0101083
0108172 0101083
0111008 0101083
0111093 0101083
0111238 0101083
0111182 0101083
0102113 0102042
0102138 0102042
0103108 0102042
0103241 0102042
0104141 0102042
0105052 0102042
0105070 0102042
0105093 0102042
0105117 0102042
0105214 0102042
0107134 0102042
0108172 0102042
0111008 0102042
0111093 0102042
0111238 0102042
0111182 0102042
0102138 0102113
0103108 0102113
0103241 0102113
0104141 0102113
0105052 0102113
0105070 0102113
0105093 0102113
0105117 0102113
0105214 0102113
0107134 0102113
0108172 0102113
0111008 0102113
0111093 0102113
0111238 0102113
0111182 0102113
0103108 0102138
0103241 0102138
0104141 0102138
0105052 0102138
0105070 0102138
0105093 0102138
0105117 0102138
0105214 0102138
0107134 0102138
0108172 0102138
0111008 0102138
0111093 0102138
0111238 0102138
0111182 0102138
0103241 0103108
0104141 0103108
0105052 0103108
0105070 0103108
0105093 0103108
0105117 0103108
0105214 0103108
0107134 0103108
0108172 0103108
0111008 0103108
0111093 0103108
0111238 0103108
0111182 0103108
0104141 0103241
0105052 0103241
0105070 0103241
0105093 0103241
0105117 0103241
0105214 0103241
0107134 0103241
0108172 0103241
0111093 0103241
0111238 0103241
0111182 0103241
0105052 0104141
0105070 0104141
0105093 0104141
0105117 0104141
0105214 0104141
0107134 0104141
0108172 0104141
0111008 0104141
0111093 0104141
0111238 0104141
0111182 0104141
0105093 0105052
0105117 0105052
0105214 0105052
0107134 0105052
0108172 0105052
0111008 0105052
0111093 0105052
0111238 0105052
0111182 0105052
0105093 0105070
0105117 0105070
0105214 0105070
0107134 0105070
0108172 0105070
0111008 0105070
0111093 0105070
0111238 0105070
0111182 0105070
0105117 0105093
0105214 0105093
0107134 0105093
0108172 0105093
0111093 0105093
0111238 0105093
0111182 0105093
0105214 0105117
0107134 0105117
0108172 0105117
0111008 0105117
0111093 0105117
0111238 0105117
0111182 0105117
0108172 0105214
0111008 0105214
0111093 0105214
0111238 0105214
0111182 0105214
0108172 0107134
0111008 0107134
0111093 0107134
0111238 0107134
0111182 0107134
0111008 0108172
0111093 0108172
0111238 0108172
0111182 0108172
0111008 0111093
0111238 0111008
0111182 0111008
0111238 0111093
0111182 0111093
0111238 0111182
