# The directed communities at k=5
# from /Users/bogna/dev/role-mining/datasets/hepth/timeslots/cit-HepTh-1999.edges
# at no lower link weight threshold,
# and at no upper link weight threshold.
# Links were treated as directed.
# No time limit was set for the clique search.

0: 9901010 9809119 9909033 9909221 9910191 
1: 9701125 9708147 9709027 9901073 9711205 9804180 9807197 9812094 9902081 9904065 9807169 9905223 9904186 9906164 9906244 9908105 9911065 9912023 
2: 9507090 9703059 9402032 9603126 9508094 9512031 9607026 9902032 9209016 9304154 9305185 9507160 9510097 9512129 9512188 9604055 9902072 9902107 9903064 9908137 
3: 9410073 9602135 9711200 9802109 9804058 9901004 9608024 9705057 9802150 9805114 9806214 9807225 9808016 9808017 9809022 9811120 9610043 9510209 9602070 9603142 9704177 9803235 9806022 9901012 9712117 9802042 9805041 9805171 9808006 9901014 9503124 9507012 9510161 9510169 9603167 9701137 9803194 9805019 9806155 9808141 9809111 9810188 9812031 9804026 9901018 9307049 9510017 9601029 9611050 9611075 9708005 9711002 9802183 9803001 9803002 9803015 9803131 9805028 9806021 9806125 9807080 9808088 9809057 9809106 9811035 9811156 9811224 9812089 9407190 9512081 9606169 9901021 9806087 9712028 9901030 9803171 9804085 9806024 9806104 9806194 9812027 9812046 9803076 9901041 9503121 9611230 9807164 9810126 9810206 9812035 9901042 9601038 9604091 9609017 9710230 9805170 9812135 9811002 9711027 9803051 9803053 9803077 9409089 9901056 9805129 9806171 9808117 9810186 9810225 9811167 9812121 9901057 9803135 9803137 9803263 9901076 9809179 9901079 9807033 9901085 9811056 9506160 9804170 9805217 9808020 9808038 9901101 9509080 9702093 9707160 9803249 9612229 9901106 9809032 9703059 9901118 9503205 9811245 9812100 9812216 9901121 9803028 9803251 9804035 9805105 9805145 9805162 9806074 9807046 9807097 9807098 9808162 9809009 9809067 9810051 9811106 9811152 9811257 9812238 9712186 9809145 9809164 9812062 9901128 9707079 9808157 9811047 9901134 9605199 9612062 9708042 9805096 9605051 9510106 9812073 9901143 9805156 9810053 9901144 9812067 9604156 9901149 9203018 9807187 9808097 9810090 9810227 9903165 9901159 9403040 9511194 9612215 9812226 9902012 9811208 9902022 9807196 9810226 9908142 9902042 9902046 9902047 9811172 9808079 9902052 9902055 9603133 9805157 9809147 9809124 9811141 9812240 9902067 9806128 9902071 9809195 9902073 9705053 9902074 9902079 9605049 9704059 9705163 9706051 9708040 9804092 9806008 9806131 9810214 9812093 9812118 9902086 9902095 9902098 9404162 9511187 9604123 9608078 9712258 9812252 9902099 9902101 9902102 9807138 9902116 9902160 9303160 9807034 9902105 9902106 9902110 9603097 9607229 9707068 9802088 9902121 9810008 9811005 9902125 9812017 9902131 9611074 9902153 9903161 9907047 9902155 9902158 9604129 9704006 9902168 9807213 9812117 9902170 9808177 9809035 9902180 9902181 9711201 9902190 9902195 9902196 9902197 9902200 9806103 9210127 9903023 9903026 9903029 9409188 9903033 9807150 9903048 9511080 9604178 9608053 9803141 9903054 9903078 9808032 9903085 9903086 9903090 9903091 9612164 9903094 9811155 9903109 9903118 9903123 9805091 9905006 9903124 9903125 9903128 9903129 9903132 9903140 9903142 9903143 0208020 9903162 9903163 9903186 9903190 9903195 9903196 9903201 9903203 9903207 9904036 9903214 9903219 9712256 9903224 9903225 9604090 9903226 9805104 9903228 9903229 9808085 9903238 9509140 9607060 9903237 9904197 9907188 9903269 9904007 9904010 9904013 9904017 9904021 9904024 9904039 9904040 9904056 9904069 9904071 9904092 9311183 9503207 9807011 9808056 9812158 9904098 9904104 9904148 9904153 9904164 9904179 9904207 9904211 9905002 9905004 9905012 9905018 9905020 9905030 9905205 9905032 9905033 9905034 9905037 9905042 9905046 9905049 9905064 9905067 9905075 9905078 9905080 9905081 9905085 9412147 9905096 9905097 9905104 9905111 9905130 9905146 9905157 9905159 9905174 9905180 9905181 9905195 9905200 9907143 9908198 9909047 9905210 9905219 9905227 9906030 9302099 9906040 9906048 9906051 9906055 9707148 9906057 9907051 9908167 9906064 9910093 9906075 9906081 9906090 9906099 9906101 9906109 9906127 9906147 9906151 9906168 9906179 9906182 9906188 9906191 9906194 9906201 9906196 9906204 9906206 9906210 9906211 9906215 9906216 9906217 9906220 9906221 9906224 9906226 9906234 9906242 9907003 9907006 9907007 9907015 9907024 9907038 9907054 9907070 9201007 9907080 9907085 9907087 9907088 9907093 9907106 9907107 9907108 9907123 9907177 9907128 9907129 9907140 9907142 9907209 9907178 9907184 9907200 9907201 9907203 9907204 9908001 9908010 9908022 9908023 9503030 9908041 9908047 9908060 9908064 9908065 9908066 9908072 9908076 9908091 9908092 9908104 9908109 9908110 9908114 9908116 9908121 9908126 9908130 9908144 9908148 9908155 9908160 9908163 9908166 9908171 9908174 9908175 9908186 9908189 9908196 9909001 9909003 9909010 9909013 9909041 9909048 9909053 9909054 9909056 9910082 9909058 9909062 9909063 9909070 9909071 9909076 9909077 9909088 9909103 9909109 9909110 9909116 9909121 9909127 9909130 9909134 9910132 9911055 9909146 9909172 9909179 9909186 9909194 9909197 9909199 9909203 9909205 9909212 9909222 9910001 9910011 9910016 9910036 9910040 9910045 9910047 9910081 9910090 9910092 9911169 9912140 9910094 9910099 9910109 9910111 9910113 9910117 9910124 9910145 9910149 9910150 9910174 9912249 9910192 9910197 9910217 9910219 9910228 9910241 9910249 9910251 9910252 9910256 9910266 9910267 9911016 9911021 9911040 9911043 9911060 9911081 9911083 9911088 9911095 9911096 9911104 9911116 9911124 9911135 9911152 9911160 9912073 9911161 9911163 9911164 9911165 9911173 9911181 9911190 9911199 9911202 9911205 9911222 9911230 9911234 9912182 9911237 9911238 9911240 9912001 9912007 9912010 9912012 9912013 9912018 9912028 9912029 9912042 9912060 9912076 9912090 9912117 9912118 9912233 9912125 9912132 9912135 9912145 9912155 9912156 9912164 9912175 9912187 9912191 9912193 9912204 9912209 9912210 9912250 9912218 9912230 9912232 9912255 9912257 9912275 9912284 9912287 
4: 9901006 9407087 9408099 9411048 9503163 9505035 9505062 9505150 9509161 9509162 9511126 9512161 9701055 9712062 9802007 9802185 9805172 9510101 9703166 9505105 9901120 9504102 9506102 9507008 9509175 9510129 9510183 9510204 9510224 9607109 9610156 9701014 9701123 9711108 9801061 9901124 9609041 9609145 9706110 9709053 9804105 9804151 9806144 9509176 9705199 9708118 9710239 9803054 9803123 9804126 9611190 9705131 9805158 9505075 9505100 9804124 9902161 9411057 9902205 9407018 9903002 9808156 9609239 9903068 9710146 9903088 9512005 9606043 9903252 9904078 9705232 9904087 9905053 9911115 9905224 9906027 9906029 9511125 9912271 9906193 9906240 9911022 9912088 9912124 9912133 9912180 
5: 9901099 9609128 9808042 9810022 9810087 9903249 9904014 9904044 9906111 9909126 9912092 9912170 9912171 9912221 9912290 
6: 9901032 9612128 9706089 9706109 9706141 9706217 9801142 9807140 9905165 9905196 9905217 9907066 9908090 9909015 9910050 9910057 9910095 9910229 9911083 9911104 9911154 9912015 9912081 9912162 
7: 9901096 9609180 9612101 9903063 9903235 9909090 
8: 9901100 9811117 9812147 9905077 9906189 9908131 9910103 
9: 9805018 9610043 9901105 9808119 9808183 9901152 9903022 9903049 
10: 9711200 9802109 9802150 9802203 9603167 9801134 9805139 9807080 9611230 9703166 9807164 9811004 9802067 9810201 9803060 9803109 9901091 9704151 9711124 9808014 9810244 9811139 9811230 9812025 9803054 9902045 9902118 9801017 9808161 9803039 9902210 9903036 9903093 9808075 9903181 9904017 9904050 9904131 9904187 9904198 9905104 9905226 9905111 9905134 9907216 9906012 9907074 9907086 9907219 9908162 9908163 9909137 9909188 9910066 9911199 9912007 9912107 9912266 9912277 
11: 9604035 9711200 9802042 9603087 9604179 9704120 9705011 9801049 9604168 9902045 9803103 9902128 9601177 9612095 9702163 9902208 9802163 9902210 9903038 9903213 9905073 9905094 9905155 9906203 9910098 9912266 
12: 9901009 9701162 9811168 9811240 9701023 9801057 9903104 9606122 9706093 9904054 9908193 9912025 9912181 
13: 9701061 9904105 9708120 9908187 9910079 9912084 
14: 9712028 9901154 9805183 9902029 9902186 9908164 9909136 
15: 9508072 9711067 9812082 9807087 9603090 9602111 9807056 9904005 9906094 9906095 9910179 
16: 9307045 9312118 9906052 9908203 9909152 9910256 
17: 9812211 9812247 9902053 9604044 9906219 9910102 9910215 
18: 9611230 9902033 9506170 9703110 9808111 9903005 9904118 9904181 9908006 9908075 9908120 
19: 9711200 9802109 9802150 9805114 9211021 9506027 9611039 9708046 9409089 9811089 9902088 9806039 9811008 9811051 9812043 9902097 9703150 9705035 9706221 9801073 9806230 9902126 9902173 9903146 9903166 9905177 9906022 9910146 9904110 9904120 9905111 9907012 9907032 9907062 9907115 9908024 9908061 9908070 9908093 9910106 9910169 9910185 9911002 9911157 9912055 
20: 9605150 9804210 9812028 9408099 9602022 9608047 9610076 9903215 9907134 9907164 9909122 
21: 9903012 9708002 9905153 9906160 9908182 9911007 
22: 9802109 9802150 9804166 9805208 9806104 9809027 9812034 9812073 9811147 9903231 9905111 9906056 9906102 9906105 9907101 9909069 
23: 9906064 9910093 9910132 9911015 9911083 9912160 
24: 9901009 9603161 9701162 9701165 9802202 9803224 9811240 9903052 9904054 9912208 
25: 9711200 9802109 9802150 9804085 9806194 9204099 9712251 9806026 9802076 9806065 9809021 9901148 9405171 9807019 9903178 9903248 9903222 9903244 9905111 9906191 
26: 9803011 9903011 9903055 9905190 9910060 9911118 9912097 9912114 9912128 9911214 9912240 
27: 9811149 9808004 9903059 9809192 9905005 9906167 9908014 9910255 9912122 
28: 9804006 9905148 9906221 9909070 9909121 
29: 9902034 9803163 9803216 9905156 9907170 9909096 
30: 9510169 9804026 9606169 9704059 9705163 9706051 9804092 9808139 9802103 9210127 9605184 9903051 9810010 0208020 9903160 9905098 9906039 9907203 9909172 9910143 9911021 9911156 9912108 9912206 
31: 9802109 9803023 9802150 9802042 9803002 9612146 9803263 9703216 9903067 9905111 9906087 9910012 9910222 
32: 9711200 9802109 9805140 9802150 9610043 9711162 9711165 9803031 9803067 9805034 9806099 9807198 9810072 9810099 9810116 9810219 9811159 9802042 9710009 9901077 9901080 9802052 9803044 9804188 9810179 9812219 9802068 9901146 9902004 9812180 9908142 9903077 9804001 9903107 9903187 9903205 9903239 9611047 9904132 9905014 9611174 9906161 9906192 9907008 9907055 9907114 9907166 9907211 9908019 9908056 9908134 9908141 9908152 9909059 9909081 9909085 9909176 9909202 9909215 9910004 9910019 9910031 9910083 9910091 9910092 9911057 9911169 9912140 9910126 9910135 9910138 9910194 9910196 9910258 9911018 9911031 9911041 9911085 9911098 9911137 9911140 9911153 9911183 9911193 9912288 9911186 9911203 9911245 9911251 9912036 9912038 9912070 9912072 9912075 9912094 9912100 9912130 9912153 9912165 9912167 9912171 9912185 9912212 9912254 9912258 9912272 9912274 
33: 9607163 9707042 9909229 9910238 9910248 9910268 9911084 9911113 
34: 9703030 9804121 9805071 9807232 9901093 9905087 9905092 9912227 
35: 9602064 9510135 9901107 9401133 9601085 9704011 9712211 9803127 9804139 9804160 9804164 9804174 9601097 9902005 9305068 9903095 9602077 9906119 9907090 9907157 9909035 9909218 9912082 9912083 
36: 9812193 9903205 9907183 9908040 9908115 
37: 9711200 9802109 9802150 9512077 9807033 9511030 9604198 9804170 9901128 9708036 9709072 9804009 9810243 9903124 9905111 9905173 9905209 9908035 9908125 9908201 9910118 9911112 
38: 9804177 9810230 9706207 9907191 9908044 9908202 9910022 9910028 9910160 9911001 9911066 
39: 9711200 9712251 9809027 9812056 9902040 9810251 9910065 9910076 9910244 9911091 
40: 9612115 9803117 9803265 9804199 9802085 9902113 9811220 9903037 9903050 9903217 9908038 
41: 9407087 9505035 9509161 9510101 9510204 9607109 9701123 9709053 9710239 9902205 9812078 9912271 9909196 9909224 9912180 
42: 9610043 9711162 9510017 9612115 9705120 9903217 9908038 9908141 9910004 9912258 
43: 9503124 9901020 9608096 9707018 9707126 9709058 9804176 9811013 9811228 9901162 9902202 9710102 9903113 9903232 9906018 9907133 9910144 9910207 
44: 9901044 9211021 9506027 9611039 9702043 9708046 9811089 9903008 9907032 9908024 9909061 9910169 
45: 9711200 9802109 9802150 9808016 9809022 9802042 9612146 9901135 9301052 9809033 9810200 9810224 9902058 9905111 9911004 
46: 9812071 9812088 9605033 9710206 9903145 9907112 9910143 9911223 9912090 9912108 
47: 9510209 9602070 9603142 9707143 9707223 9801030 9705037 9905139 9906148 9908147 9912206 
48: 9711200 9610043 9901033 9802026 9903165 9905111 9905174 9910052 
49: 9711200 9804177 9810230 9812034 9901139 9812073 9902007 9902040 9905111 9907006 9908044 9910065 9910220 
50: 9711200 9805114 9809022 9610043 9802042 9612146 9707079 9901135 9301052 9705221 9709091 9809033 9810224 9905111 9906044 9906137 9909049 
51: 9603167 9801134 9805139 9802183 9803015 9611230 9703166 9803086 9811183 9902118 9903056 9903242 9905212 9905230 9906031 9909125 9911114 
52: 9711200 9802109 9802150 9805114 9803001 9803002 9901021 9809188 9904191 9905111 9908113 9909040 9910256 
53: 9711165 9908142 9903205 9909089 9910048 
54: 9805112 9901060 9807179 9810092 9902197 9905118 9907022 
55: 9707093 9711200 9802109 9802150 9812237 9707079 9808149 9704089 9705221 9710014 9511164 9904142 9905111 9907178 9907210 9909017 9909101 9909110 9911039 9911147 9912044 
56: 9510227 9906070 9908088 9911011 9912152 
57: 9507158 9603167 9712230 9810188 9510017 9609017 9606112 9712186 9605033 9606040 9610236 9902120 9808080 9903031 9906200 9906242 9907013 9907131 9908135 9910170 9910172 9912079 9912147 9912151 9912157 9912188 
58: 9902157 9804124 9804125 9903068 9906033 9912271 
59: 9504081 9907132 9907152 9907202 9912236 
60: 9604090 9905210 9909053 9911043 9912135 
61: 9711200 9802109 9804058 9802150 9803251 9804083 9805145 9902123 9905048 9907079 9910017 9912139 
62: 9612080 9701125 9510017 9611050 9703217 9908142 9908105 9909154 9910052 9910053 9911136 
63: 9804188 9903205 9906161 9907114 9907183 9908040 
64: 9804026 9606169 9605049 9704059 9705163 9706051 9708040 9804092 9804110 9806008 9904007 9904211 9905033 9906222 9908016 9910087 
65: 9510017 9508143 9904112 9904129 9611047 9905014 9905056 9905162 9906214 9912165 9912275 
66: 9601003 9906214 9909027 9909095 9912275 
67: 9708147 9709027 9711097 9903156 9903207 9908154 9911119 
68: 9507158 9902034 9803163 9803216 9905156 9911154 9912022 
69: 9711200 9804085 9902059 9905064 9907144 9910111 
70: 9711200 9802109 9802150 9805028 9808088 9805217 9808020 9808038 9809145 9809164 9812062 9902046 9903086 9906013 9910067 9912076 
71: 9711200 9802109 9802150 9803001 9803002 9803131 9805028 9808088 9901057 9803137 9808020 9902046 9902068 9903042 9904147 9904149 9904191 9905111 9906073 9906201 9910089 9911088 9911123 9911172 
72: 9407087 9607163 9901128 9603136 9607202 9804009 9905015 9906011 9911112 
73: 9711200 9802150 9902208 9905111 9905148 9906221 9907206 9909121 
74: 9802068 9908142 9911206 9911245 9912019 
75: 9711200 9601029 9810210 9903224 9907075 9910194 9911003 
76: 9809027 9812034 9902040 9904143 9905099 9906102 
77: 9610043 9510135 9806108 9903049 9904095 9905174 9910052 
78: 9511164 9903224 9907178 9909101 9909229 
79: 9708147 9709027 9903156 9903207 9904020 9906084 
80: 9711200 9804177 9904086 9907006 9909180 9910065 
81: 9707093 9711200 9901128 9707079 9903224 9907100 9909101 9910098 9911066 
82: 9712186 9603097 9902132 9908025 9910228 9912218 
83: 9711200 9903043 9904143 9905111 9907006 
84: 9711200 9802109 9802150 9803001 9803002 9904191 9906153 9906211 9911172 
85: 9610043 9901079 9901158 9903165 9907029 
