# The contained directed cliques in the directed communities at k=5
# from /Users/bogna/dev/role-mining/datasets/hepth/timeslots/cit-HepTh-1999.edges
# at no lower link weight threshold,
# and at no upper link weight threshold.
# Links were treated as directed.
# No time limit was set for the clique search.

0: 961 
1: 1007 2608 8751 9337 9338 9339 9340 2607 6566 6584 6585 6586 7759 4287 4717 4285 4286 3507 3506 3311 3312 
2: 1106 2153 2711 3878 5164 5166 6382 6387 7007 9468 9476 10669 11499 11658 10129 
3: 1148 2676 2753 5863 7327 7330 7331 2752 4569 4570 7328 9682 7332 11433 14163 14615 14626 14627 15402 11427 11432 14613 14616 11426 11430 14159 14160 14161 14162 14164 15394 15396 15400 15409 8883 10749 11425 11431 11484 14154 14155 14156 14157 14158 5761 8882 8889 10748 10751 10757 11483 11488 11490 14603 14605 14606 14607 14608 17715 17718 17760 17761 17762 17763 17777 17778 17800 17807 5758 5757 5754 5759 6235 8885 10753 14182 14183 14185 14186 14188 14189 3179 5756 6231 8190 13822 14181 14184 14187 3180 3181 6233 8192 13823 16319 16320 16321 6232 8191 9617 9619 9620 5755 9621 6828 7728 7730 7732 13824 16322 16323 16324 6830 13831 17551 17552 17558 17559 17562 17563 7718 7719 7720 7721 7741 13829 13832 13834 17549 17553 17554 17556 17560 4783 7722 7723 7724 7729 7731 7733 7742 7743 16889 4784 4785 8457 12951 14191 17547 5866 5869 5967 6834 8456 8459 8460 8464 12949 4564 5865 5868 6907 12950 12958 14190 17546 4563 4562 6904 8890 10758 11491 18266 18267 3931 6903 16155 16167 16168 6905 6906 6908 17550 17557 17561 5867 12952 14618 17555 18791 8458 12956 12957 12959 5872 8461 14609 14620 14621 11792 14610 14611 14612 14604 14614 15405 17804 16160 17802 16158 15403 15406 15404 11977 12550 14166 14167 14168 15395 15407 15408 15410 11975 11979 11981 11983 11987 11989 9789 9788 9790 9792 9793 9796 9797 9798 14172 9795 9799 9800 17059 14173 8022 12564 14174 15397 15398 15399 15401 8023 8025 8026 12552 12561 12562 12563 12549 12551 18790 11171 11165 11178 11164 11156 11177 11180 11159 7734 7736 7725 7735 7726 7727 12470 16912 12469 12474 12473 14192 14194 8888 10756 14195 14196 16914 8886 8887 8891 10754 10755 10759 11492 16915 14193 14197 5966 5870 5871 5968 5969 8195 13833 17066 17565 17566 17567 17568 13835 17067 18941 18943 18947 16957 16964 16966 15163 15162 5179 16325 17427 17770 17771 17426 17764 17765 17766 17767 17768 18824 18858 16433 18054 18825 18826 18827 7162 7169 11620 11625 11631 13674 14684 16431 16432 16434 16437 16438 16443 16445 16446 17779 18056 18059 18061 18063 18823 7163 7164 7165 7166 7167 7168 7170 7171 7173 7174 7176 7177 7178 7179 7180 7181 7182 8471 8475 11621 11622 11624 11626 11627 11629 11630 11632 11633 11635 11636 11641 11643 11645 7172 7175 7183 11623 11628 11634 11646 14685 17780 19438 7184 7185 14688 15195 15202 17782 19439 7186 7187 13680 13694 13688 13693 13700 11655 13681 13675 15203 15201 18822 19435 19436 19441 19555 16830 18860 19437 16813 16817 16819 16821 16823 16825 16828 16839 19559 14055 15196 16808 16810 16812 14051 14052 14053 14054 14048 14049 14050 14059 16807 14056 14060 14061 14399 14057 14058 14077 14078 14079 14080 14081 14082 14087 14088 16060 14089 14090 16062 11233 14044 14085 19951 10518 11216 11219 11221 11222 11224 11225 11226 11227 11228 11229 11230 11232 11235 12024 12593 12877 15551 15552 15553 18400 18683 18685 18686 18929 19259 19362 19616 19634 19752 19753 19754 19758 19769 19944 19945 19946 19948 19949 19950 19952 19954 19955 19956 19960 19961 10503 10510 10517 10519 10522 10502 10504 10509 10511 10512 16278 16289 18682 18684 18693 10513 15472 19358 19757 10505 10506 10521 14380 10499 14378 10514 14377 14381 14368 14379 14382 14405 14362 14365 14369 14370 14371 14363 14364 9891 14366 14372 14373 14387 17260 18728 9890 17261 7359 8635 11077 11279 11280 17256 11075 10470 11073 11076 17258 7243 7245 10443 10448 10460 10461 10463 10464 10465 10466 10471 10472 10473 10474 10478 11070 12422 7241 7242 12416 7246 9916 9918 9920 9921 12429 13061 13633 15770 13062 13065 13064 7633 9913 9914 10228 10441 10442 10445 10452 12414 12441 13066 13067 13068 13073 13074 13076 13624 13625 13627 13634 13636 13666 7632 10227 10217 10218 10219 10222 10229 11069 13654 13655 16573 3307 7800 9260 10223 10439 12807 14110 14111 15687 7798 7799 7801 17933 12415 12417 12418 13656 16708 17250 17932 17934 18332 9919 10462 12411 12413 12423 12425 12431 12432 13628 14296 16574 9923 12430 12433 12445 12449 12486 13631 14297 14300 14302 10476 13659 13663 10451 10453 10454 10458 10467 10469 10475 10477 10444 10446 10449 10455 10456 10459 10479 12450 14298 10447 10457 10468 11286 12451 13075 14811 16713 17251 17252 17254 17255 18333 10450 13069 13077 13667 13668 12491 12812 13070 13078 13084 14800 14809 14815 14816 12482 12489 12492 12476 12477 12480 12490 14813 9753 12439 12446 12447 12475 12478 12479 12481 12483 12487 14299 14812 14814 17569 8620 9754 7957 8621 8622 5458 6092 7958 8618 5457 5460 6089 5459 8617 8641 8640 10434 10433 12496 10435 12495 12497 12498 14112 12493 12494 9117 14113 14798 19908 9190 12811 17259 19907 9195 9196 9199 12808 12813 10226 10225 12809 12810 14803 15688 15692 17253 13083 13079 13080 13081 13082 15691 12419 13629 13630 12412 12420 12421 12427 12428 17575 14806 15693 17570 17576 14804 14807 14808 14801 14805 14817 11882 14799 15771 11879 11880 11881 11884 11885 11883 9751 14810 18913 18914 13578 18033 4705 6284 7903 8576 8579 8582 8584 13579 13580 13581 13582 13583 13584 13585 13586 13587 13588 13590 13594 13595 13596 13597 13604 16100 18034 18741 18742 18743 18907 18920 18924 18925 19785 19798 4706 18035 18024 18031 18032 8404 18018 18023 8403 10039 12575 17151 17661 18015 18021 18022 5119 7527 8735 8738 9322 11859 12574 12576 18014 18016 18025 18026 18027 18629 18630 19004 19005 5116 7529 8743 8744 8748 9328 9329 9330 9331 9335 11856 11857 11858 11860 11861 11863 11864 11865 11872 11874 11875 17849 17853 17854 17856 19154 19155 19156 19160 19161 19162 19163 19164 19165 19670 19671 8742 8745 9333 9334 9657 9658 9659 9663 9664 9665 10041 11862 17136 17138 17139 17140 17507 17508 17509 17510 17848 17850 17851 17852 17855 18957 18963 18966 18968 19166 19167 19168 19584 19672 8737 8741 9327 17137 8734 8739 10040 17145 17152 17155 9321 10036 17144 17154 9324 9325 10042 17141 17142 17143 8740 10043 17658 17660 17662 10037 10038 10045 9546 10034 10321 10324 10326 10332 9539 9542 9547 18007 6275 8698 10035 12572 12573 15823 18008 18009 18010 18011 18012 18013 18618 18622 18623 19675 6278 6281 8344 9974 12584 15827 18042 18141 18142 18143 18144 18145 18146 18173 18619 18620 18621 18624 18625 19202 19204 19206 19208 19209 19210 19602 19604 19606 19608 19609 19610 19629 8701 11086 11090 11091 11092 11093 11094 11079 18037 15829 18147 18148 18174 19203 19205 19207 19211 19603 19605 19607 19611 19630 15828 18658 18664 18671 19628 19632 19636 6511 8381 10282 10283 10290 10425 10430 11004 11005 11007 11009 11012 11215 11218 12595 12842 12843 12844 12845 12846 12847 12848 12849 12850 12851 12852 12853 12854 12855 12856 12857 12858 12859 12860 12861 12862 12865 12867 12868 12871 12872 12873 12874 12879 12880 12881 12888 12892 12896 12898 12899 13861 13939 13940 13944 14041 14042 14043 14045 15542 15544 15549 15550 15555 16092 16102 16103 16104 16111 16269 16283 16294 18043 18150 18152 18154 18156 18157 18162 18163 18164 18165 18166 18167 18168 18169 18170 18171 18172 18175 18177 18178 18179 18398 18399 18656 18657 18659 18660 18661 18662 18663 18665 18666 18667 18668 18669 18672 18673 18674 18675 18676 18677 18678 18679 18680 18687 18689 18691 18692 18696 18697 18698 18699 18700 18701 18702 18703 18926 19212 19213 19214 19215 19216 19217 19218 19219 19220 19221 19222 19223 19224 19590 19591 19592 19601 19612 19613 19614 19615 19617 19618 19619 19620 19621 19622 19623 19627 19631 19633 19635 19637 19638 19639 19640 19641 19642 19643 19644 19647 19649 19650 19651 19660 19678 19750 19751 19759 19760 19764 4608 10284 10286 10288 10291 4605 10427 11002 18681 10424 10426 10428 10429 11003 11008 11010 12596 17448 19625 10423 11006 12875 10297 12863 14040 12864 12866 12869 12870 12876 12878 12883 12885 12886 12887 12889 12890 12891 12893 12894 12895 12897 12900 12901 12902 12939 17446 17447 17449 17451 17452 17453 17454 17455 17456 19225 19232 19253 19624 19626 19860 12882 12903 12941 12942 12944 12945 12946 12947 14982 18149 18151 18153 18155 18158 18159 18160 19226 19227 19228 19229 19230 19231 19233 19234 19236 19237 19238 19239 19246 19254 19255 19264 19270 12884 18176 18180 19256 19258 19260 19262 19669 18181 19947 10047 12581 13858 15862 16270 13859 12017 15525 16268 16271 16293 12019 12023 6838 12025 12030 15528 16091 16101 16120 16122 16124 12026 12027 12028 12032 16077 16081 16085 16089 16094 16095 16105 16113 16114 16125 16126 12029 12031 12033 12034 15554 15559 15560 18401 18923 18928 18931 19355 19659 19661 19662 19755 19756 19761 19762 12036 14397 16711 16712 14385 14386 14383 14411 14384 14409 14390 14410 14389 14388 14400 14403 14406 14402 15557 18403 19767 19768 14092 15556 15558 18402 19763 19765 19770 19918 14068 14086 14091 14067 19766 19916 19917 16058 16066 16070 16071 16281 16282 15543 16279 16280 15545 15546 16290 18688 18690 18695 18694 19676 19680 19679 18041 19175 19677 18039 18040 19173 19174 19179 19180 19183 19184 19185 19188 19189 19190 19194 19195 19198 19199 19200 15471 15473 16078 16082 16086 18404 15474 15477 15489 16079 19356 19357 8514 15480 15482 19349 7924 8515 8516 7901 7902 7907 7912 7915 7921 7923 7928 7929 7933 7934 16099 7899 7900 7904 7906 7909 7911 10363 7905 7910 7914 7926 7931 9633 18950 7908 7913 18921 18952 15561 16106 16110 18922 14339 16096 16115 18406 18956 16080 16083 16087 16119 16127 8574 8577 8580 13598 16084 16088 8575 8578 8581 8583 13599 13600 13601 19359 19360 19363 20150 19364 19786 19787 19351 19788 19791 20151 19350 19792 19789 19790 18927 18930 11223 20149 11217 11220 16109 16118 16073 16090 16072 16074 16075 12462 12461 12458 12459 12460 18951 18953 18955 19897 19957 19958 19959 18954 18964 7011 7012 7014 9636 12778 15993 18958 18961 5795 7010 7013 7016 18960 3256 3840 4508 5796 5797 5799 11873 12781 12783 3257 3259 3842 4509 7015 12782 17479 17480 3841 12779 4513 4512 10366 8508 10367 7916 7918 8509 8510 8511 8512 8513 17370 7917 7919 17371 14577 17373 17375 17389 8519 10239 10240 10241 11095 11101 13249 14571 14572 14573 14578 14579 14580 14581 17398 8523 4385 4990 6248 6927 10242 11096 11097 11099 11104 4386 4991 6249 9272 14470 6928 11111 11126 11114 11117 11119 11121 11142 16610 11100 11113 11116 11129 11138 13313 17241 11102 11103 17391 11128 17394 11106 11130 11132 11137 19702 11107 11108 19700 11109 11115 11139 19829 11118 11124 11133 11143 14902 16619 14906 16620 10686 14903 14904 14907 14908 14909 14911 14914 14915 14916 14918 14919 14920 14922 14923 14924 16602 16621 16622 16624 19831 19832 10670 10687 10689 6346 10699 11455 13243 15877 16228 16332 18427 19037 19828 19834 19835 19838 10720 10152 10714 10717 10718 10719 10721 11013 11014 11015 11016 11017 11018 11478 16246 16248 16249 16350 16352 16353 17245 17246 17248 17513 18437 18438 19043 19830 19833 19836 19837 19839 10141 10144 10150 10153 10716 11476 13210 13215 13216 13270 15294 15295 15296 16243 16247 16347 16351 16623 16625 17237 17238 17239 17240 17242 17244 17247 17514 17526 6997 7672 10140 10702 10738 11473 13214 13246 13261 13263 13265 13268 16230 16231 16234 16244 16333 16337 16348 16898 16901 16903 16907 17243 17515 17516 17517 17518 17519 17520 17521 17522 17523 17524 17528 17529 17530 17531 17532 17533 17534 17535 18428 18434 19026 19536 19540 19701 19704 19705 19706 19707 6991 6998 6999 6992 6993 7000 7678 13281 16599 16600 17220 17221 17229 17230 17231 7679 13283 17218 17219 17222 9467 16900 9465 7306 8311 10679 14836 14930 15057 15058 16592 16593 16594 16595 16608 16911 7305 7308 7310 7312 7314 7316 7323 7325 13292 14824 14954 14960 7307 7309 7311 7313 7315 7317 7319 7324 13282 13289 14822 14823 14826 14828 14833 14835 14837 14838 14841 14845 14820 14825 14847 6562 7449 8309 8312 8313 10585 10674 10676 10680 10681 11026 13277 13278 13279 13284 13285 14821 14839 14840 14842 14843 14844 14848 14851 16609 16617 17272 2964 3971 4710 5261 6560 6563 7448 8310 10584 10671 10675 2963 3973 14849 16591 3972 4712 14846 14850 14852 10673 13275 16596 16597 16598 10583 16618 10582 10586 13273 13274 13524 13529 13534 13539 13549 13553 16626 16628 16630 16632 16635 16637 13276 13280 13543 13525 13530 13535 13540 13550 13554 10742 13286 13290 16601 16604 16606 16611 16612 16613 16615 16616 19703 10739 10743 10744 10732 11474 19042 10705 10715 10727 10733 10741 11468 13205 13211 13314 13315 13316 13320 15281 15299 15300 15301 10700 10706 10701 11457 13199 15282 15283 15285 15286 15288 10728 11458 13200 15289 15290 15292 15293 13206 13317 13318 13319 11459 11460 11461 11471 13201 16233 16336 19038 19345 19346 19347 19348 11790 11794 11798 11800 11810 11811 11472 13212 16241 17399 17402 13213 16242 17377 17379 17383 17386 17387 13202 10729 17541 17543 11470 14905 14913 15302 15303 11469 11477 11479 15297 15298 14900 14901 14910 14912 14917 10692 10745 13291 14921 14925 14934 14945 14953 14959 16603 16605 16607 10690 10691 10693 10684 13293 14831 14834 14827 14829 14830 14832 5259 7444 8308 14937 14942 14943 14944 14940 13266 14926 14931 14946 14955 17273 13262 13267 16334 17271 17274 17275 19025 19535 19717 19718 19719 14927 14947 14948 14950 14956 16899 15065 16902 16904 16906 16908 8307 15066 15067 15068 8306 15060 15063 16905 16909 14928 14932 14949 14951 14957 19297 14929 19295 14933 14952 14958 17224 17225 17226 17227 17228 19296 19301 19302 19300 19303 19446 19444 19445 19447 19298 10711 11465 13251 16238 16342 18432 19040 19299 13551 13049 13521 13526 13531 13536 13541 13547 13037 13039 13041 13048 16614 7001 17527 19044 19840 12969 12965 12967 15059 11141 11123 19712 13269 18435 19541 19708 19709 19711 7320 7318 16852 14941 7322 6564 8318 8315 8317 11027 13245 16358 4487 11966 11964 11969 11972 2199 11965 11967 11970 2200 6485 11968 11971 4115 4116 11131 11134 11140 11144 11098 14576 9982 9981 7290 7291 7292 17372 17374 18959 18965 18967 12586 17492 18028 18962 12577 18029 18030 9654 17132 17481 17491 17494 17495 17496 17497 17498 19157 9332 9645 9646 9647 9651 9655 9656 8747 9650 9673 11538 17440 19169 8746 17129 17130 17131 17134 17135 19158 19159 11518 17438 18717 19585 4504 8077 8078 9653 11510 11511 11512 11513 11514 11515 11516 11517 11519 11523 11528 11534 11535 11536 11537 11540 12296 14346 14352 4505 11520 11521 11522 11524 8079 11541 12298 18711 8081 8080 12299 12300 12301 12302 3860 6019 6020 6021 12293 12294 12295 12297 3862 6024 6025 6026 6022 11539 17857 18712 18713 18715 17858 17859 17861 17863 15172 15441 17485 17860 17862 17864 15173 15174 15189 15211 15439 15440 15444 15448 15451 15190 15212 15442 15443 15453 15178 15191 15198 15177 15179 15180 15181 17170 19113 15197 17169 15182 15199 15200 15214 16818 12996 13605 15183 15184 15185 15186 15187 15194 15204 15205 15206 15207 15208 15209 16424 17956 7866 12997 12998 7867 12999 16429 16814 16426 16428 16430 16444 16427 16436 16809 16425 16435 16442 19010 16439 16440 19557 19558 6142 8666 9075 9077 9079 9082 17598 18752 19009 19011 19556 19560 19563 6144 18744 18747 18753 2538 9076 9078 17590 17591 17595 17603 17594 16811 16815 16816 16822 16826 16827 16829 16835 15649 16820 16824 16831 16836 12816 15645 15647 7092 12817 12828 7090 7093 5342 7088 7089 7091 12829 1837 4631 4637 5341 6678 6679 8406 8407 1838 4630 4636 6682 7964 7972 15446 15447 15449 6681 6683 7968 9138 7967 7970 7966 7969 7971 9205 15456 15458 15445 15450 15454 15455 8322 15452 15457 17483 17482 17484 17486 17493 18714 17488 18718 15752 17487 15753 5948 15385 18716 5947 15369 15375 6680 7965 15646 11878 11876 11877 19982 15351 19981 10655 13863 15352 15353 10656 10657 15354 10662 15371 15376 15386 3909 10663 10665 15358 15363 10666 16010 16011 17655 17656 17657 15355 15356 15357 13853 15855 16308 11607 16804 8563 14655 16803 4825 4821 4823 4824 5885 5886 7828 7829 7830 4835 9989 4834 4833 9108 9104 9101 9102 9103 16841 5778 8268 8909 9987 9988 16834 16837 16832 13606 13608 13611 13612 13609 13613 9711 9712 9713 9714 9715 9717 9719 9735 9720 9722 9723 9726 9728 9725 9727 15216 15217 15215 15213 17588 17171 17172 9652 9670 9649 9669 9648 9667 9666 5729 9660 9668 5726 5728 5725 5727 9661 9662 14347 14343 14348 14351 14344 14345 11525 11526 11527 19586 19587 17636 19588 19589 8076 8696 9973 15820 17351 17437 17634 17635 17637 17638 17645 17646 17647 17648 17832 20238 20247 20326 17349 17352 17354 17356 17357 17358 17359 17360 17361 17350 17829 20325 17353 17368 17643 17830 18834 17644 17836 18835 17649 17835 17838 20327 20237 20246 20239 20248 20249 17439 19673 9671 18812 11855 19172 19735 15992 9642 9638 10364 10365 16093 16112 19654 19663 19668 19658 19665 18937 19656 19657 18909 18933 18935 18936 18908 18932 18934 19655 19653 19664 19667 19962 19963 19257 19261 7345 7349 7353 18182 18183 18184 12074 12084 12085 12086 12087 12088 12089 12093 12324 12920 15567 15835 18076 18186 18187 18189 18192 18193 18196 18197 18198 19240 19241 19242 19243 19244 19245 19250 19265 19266 19267 19268 19269 19271 19272 19273 19274 19275 19478 19479 19494 11665 12065 12066 12067 12068 12071 12072 12073 12075 12076 12077 12078 12079 12080 12081 12082 12083 12090 12091 12092 12094 12095 12096 12097 12098 12102 12104 12105 12350 14983 19247 19248 19251 19252 19471 9360 11661 11662 11663 11664 11666 9357 9361 9358 9365 14585 14586 14588 14590 9362 9366 14596 14597 14599 9359 9367 9369 9371 12064 12069 12070 12099 12100 12101 12919 12921 12922 12924 14116 14117 14118 15836 15837 15840 15841 15846 16578 16588 17808 17809 17810 17811 17812 17813 17814 17815 18068 18069 18070 18095 18194 19465 19466 19467 19468 19469 19470 19472 19473 19474 19475 19476 19477 19495 19496 19497 19498 19499 19500 19501 19502 20079 9343 10417 10419 10421 12103 12918 12925 12928 12932 12933 15026 15838 15843 16586 18071 18072 18074 18075 18079 18080 18097 18190 19570 19571 20042 20045 5370 5748 9342 9344 9348 9349 9351 9352 11595 12331 12916 12917 12923 15023 15025 15027 15032 15034 16453 16454 16456 16577 16587 18073 18082 18083 18084 18096 18188 18191 19572 20043 20044 20046 20075 20076 5373 12929 12930 12931 12936 15570 16451 12326 12333 12926 12934 16576 16589 16590 18081 12316 12320 12322 12323 12325 12328 12330 12315 12317 12318 12329 12332 12351 12319 12327 12349 12321 15569 15572 18200 15568 15571 15573 7205 12352 19235 19249 19568 19862 7199 7200 7201 7202 7203 7204 7206 12937 19861 10262 15024 19566 20077 20078 10263 10264 15022 19567 13380 13941 19565 19569 13378 13379 13381 13942 13946 13938 13945 13947 13943 12940 18195 20080 20081 7207 7209 16579 12935 12353 12354 12345 12346 12943 18161 18085 18199 18202 10418 18086 10388 10389 10394 10395 10410 10411 10412 10414 10420 16585 10391 10390 10385 10413 10407 10408 10409 16584 15844 14121 15847 16580 5353 5354 14119 14120 14123 4190 4188 4189 3988 4187 14122 16582 16583 12334 16452 15031 16457 9350 11584 15028 15033 15035 16455 9353 9354 11585 5368 9347 11588 11589 11590 13964 15037 15038 15039 16464 5367 5364 5753 5751 5332 7150 7151 7152 7746 9346 9355 10836 10837 10838 10926 10927 10928 11581 11582 11591 12663 14009 14011 15029 15030 16450 18124 18126 19457 5331 5334 5335 5337 7748 10835 10925 12662 12666 14008 14019 18123 18133 19799 7857 7860 7862 10839 10929 12665 12726 14010 14017 18125 18132 19853 6501 7855 7856 7858 7859 7861 7863 19055 6500 9494 17709 7340 7854 18119 7337 7338 7339 5190 6506 7341 13962 13981 15105 15508 15516 15519 15521 17713 19058 5188 5933 13343 13959 13979 14516 15104 15507 15959 15960 5934 6450 10825 11561 12180 12717 13345 13957 13978 14518 15958 15962 15963 6452 10827 11563 12182 12720 13961 13980 15961 13955 13977 15956 11587 13963 13965 15036 15103 15957 11586 11583 11579 16458 11580 9345 16460 13354 13987 14527 15115 16749 13970 15515 19054 12734 15522 19366 14005 18121 14006 19057 19056 16142 16461 18120 12188 13352 14525 15517 16139 4757 7160 10847 11592 16463 18134 19800 19849 4755 4756 4758 19850 20157 14531 15523 18113 18114 18131 19874 7157 9971 10846 16638 19463 20224 7158 7159 2975 7750 12669 12730 8502 14324 14321 14323 14325 14320 19876 16368 19454 19873 10132 10232 15898 19877 10249 15901 19803 10251 5439 7864 10252 5448 5449 5991 5990 10840 10250 10848 5447 1478 19002 15044 15043 15045 15040 18135 11593 19878 20172 19904 18533 11932 11935 16674 16679 17993 18369 18534 18536 18538 18540 19851 19902 5513 11931 11933 11934 11937 11938 11940 11941 11946 11949 15335 16668 16671 16673 16675 16676 16678 16681 16685 16687 17001 17336 17698 18537 18546 18557 3558 5514 5515 5517 14741 15316 15331 15333 15334 15337 15340 15341 16971 16999 17000 17002 17003 17004 17007 17323 17329 17332 17334 17335 17338 17340 17342 17695 17697 17699 17702 17704 17991 18610 19408 19693 19847 20119 3557 12196 15312 15314 15317 15318 15321 15322 15329 15330 15332 15336 15338 15339 16680 16973 17325 17339 17985 17990 18410 18539 18559 18596 18611 18612 18613 19090 19124 19152 19409 19694 19695 20040 20118 14738 14739 14740 14742 14743 14755 14744 14745 14746 14747 14748 14749 16667 16969 16970 16972 16974 17320 17321 17322 17324 17326 17972 17973 18351 18352 19118 19119 19407 20047 20048 14750 14756 17313 17974 18335 18337 18338 18340 18353 19079 19080 19081 19082 14732 18564 19083 14733 14734 14735 14736 14737 17979 18359 18549 18550 18565 18566 18567 18568 17970 17977 17981 16251 17105 17106 17107 17108 17277 17278 17279 17280 17281 17282 17283 17284 17285 17286 17287 17288 17289 17293 17299 17305 17310 17317 17967 17969 17978 17980 17983 17987 17988 17989 17994 18336 18343 18348 18349 18356 18361 18366 18541 18542 18543 18544 18545 18547 18548 18551 18552 18553 18554 18556 18558 18560 19153 9277 16252 16253 18360 18569 18777 18778 18779 18780 18357 19121 20035 20036 20037 8294 9009 12194 14555 17290 17291 17292 17294 17295 17297 17303 17992 18347 18350 18363 18368 18370 18413 19125 20038 20039 20041 20052 8287 8288 8290 8293 4618 8285 9445 9447 12193 12195 12197 12198 12199 16672 16684 16686 4619 4617 9006 14550 8292 15310 15311 15313 15315 15319 15320 8286 8289 15143 15145 15147 15149 15151 15152 17079 17080 17081 17082 17083 17100 17101 17102 17706 17984 18409 18593 18595 18597 19117 19123 19148 19149 19150 17084 17085 17086 17087 17094 17097 17098 17099 17103 17104 17110 18603 18604 18605 10001 15154 15155 17088 17089 17090 17091 17092 17093 17095 17096 17109 17968 17982 18594 18638 18642 18644 19147 19697 6478 15156 18535 18598 19072 19088 19151 6482 15144 15146 15148 15150 15153 17971 18606 18607 18608 18852 18853 18854 18855 19696 18609 2129 7003 7023 9444 17041 2128 7002 9443 17037 18415 18599 18600 18601 18602 15323 17038 17044 17986 18341 18364 18411 19089 19091 19095 17047 17314 17315 17316 17318 17319 17301 17302 17304 17306 14559 15589 16992 16993 16994 16995 16996 16997 17296 17298 17300 19069 14560 14553 14552 16981 16982 16983 16984 16985 16986 17006 17009 14551 3463 9007 14554 18418 19410 9008 18421 18422 18417 18420 18412 18781 18344 18367 19074 19075 19077 19078 18342 17330 18365 16523 16670 17307 17308 17309 17311 17312 17331 17333 17337 17696 16506 16516 16524 16525 16526 16527 16528 16530 16531 16498 16507 16508 16509 16510 16511 16512 16514 16515 16499 16500 16501 16502 16503 16504 16669 16517 16518 16519 16520 16521 16522 11936 11939 11942 11950 11953 11947 11952 11956 11951 11955 11945 11948 11954 16677 3148 9700 9696 9698 9699 9703 9705 9709 9695 9697 9702 9704 9599 9600 9601 9602 9607 9608 9604 9609 9610 9603 9605 9606 16979 16977 16989 16975 16976 16978 16980 16987 16988 16990 16991 17005 17008 17975 18354 18784 18785 18786 18787 5516 5518 5471 5488 5472 6533 5489 6531 6532 18371 18362 19073 19076 13447 19070 19071 13445 13446 17111 17112 17113 17114 18561 18555 19096 18419 18570 7005 18851 12201 12202 12203 12204 12205 12206 12207 12224 15928 12227 15920 11922 12229 12230 11918 11920 11923 11926 11919 4299 11921 11927 4300 4303 4301 4304 15919 15923 12200 2512 17431 18414 18643 18645 18647 17327 17328 18563 17976 18355 19120 20049 20050 20051 10373 10371 10372 10374 10375 17700 10841 12727 7153 10930 12722 19000 6524 16465 5747 19573 18098 18077 18090 9368 18087 18088 18089 14589 14591 14598 14600 14124 14985 14073 14072 14074 19648 19263 19859 20219 20218 19652 20216 17450 19645 19646 20274 20270 20271 20272 20273 20269 19600 17457 11011 12594 12592 14046 14047 10285 10520 19593 2865 18881 18626 18019 18627 18628 18017 18020 17659 17663 5942 5943 12539 19014 13591 13592 13593 19007 17572 18915 14819 17935 17571 18334 11074 12484 18723 15907 15910 15908 17654 12424 13632 13637 11071 13635 9912 9915 13660 13657 13664 13658 9917 9910 9911 10224 10440 10438 10437 15690 15689 17579 12442 17652 14303 13669 17257 11278 6716 12438 12440 12448 6039 14301 6040 6041 11288 11287 11289 7261 14337 9085 15610 13665 13626 10911 9261 9262 4983 14367 19549 19550 19551 19552 19553 18859 17194 18064 19305 19443 17195 17193 14690 14687 14692 17781 17783 17784 11648 11647 11649 11650 6347 6916 8247 8837 8868 15880 16769 17192 
4: 1435 5090 12131 15756 15759 15762 15765 5088 5089 8232 8823 9244 12129 12130 12622 13906 16729 16730 18377 18378 19320 19321 19514 19515 4644 8682 9242 15777 9243 9248 15778 5092 9249 12148 15495 15790 16739 18385 19317 19318 8061 12123 12151 12684 15500 15792 16741 18391 20170 20171 8060 12122 12149 15791 16740 18389 20169 12117 4054 8958 9388 12116 12118 20028 4055 8959 9389 12679 13774 13897 8960 6944 8262 9390 12119 12680 13777 13898 6938 6946 7582 8209 8222 9053 9935 11601 13785 13786 3211 3212 3801 3802 4468 4469 5559 6936 6937 6940 7577 8204 8217 8252 8253 9049 9378 9379 10765 10766 10767 10768 10778 10779 13895 3210 3213 3214 3800 3804 4467 4471 5558 7576 8203 8216 8251 8255 9048 9377 9381 9937 10763 10764 10769 10774 10775 10776 10777 13894 3803 4470 5557 6939 8254 9380 10770 10771 10772 10773 2925 3875 5221 6466 7586 7602 10780 10904 15050 18386 2926 3876 4075 4086 5222 5553 5834 5859 6467 7395 7578 7587 7603 8205 8218 8816 9050 9938 10905 15051 18387 3870 3873 3407 3869 7597 7641 8950 12137 13913 14023 3406 3410 3409 7596 7639 8948 12135 13911 14022 3872 4052 6405 7599 7643 8256 8954 9384 12141 13917 15783 15889 18453 18454 4053 6406 7600 7644 8257 8956 9385 12143 13919 15784 15890 18455 18456 8266 4077 5562 6947 7583 8210 8223 8264 8819 9054 9393 9943 15793 19352 5555 5556 9936 13778 13787 5575 7581 8208 8221 9052 9391 11600 13779 13780 13900 5574 4890 5573 8679 9237 13771 13772 13773 13775 13776 13783 13784 4891 5564 6335 6748 8052 9236 9387 12678 13781 13782 13896 3200 5577 6331 6750 8056 8226 8681 9239 9376 12108 13892 15494 15773 19406 5576 5571 6749 8055 8225 8680 9238 12107 13891 15493 15772 18112 6747 8051 8678 9235 13762 13763 13764 13765 13766 5565 8053 8054 7580 8207 8220 11599 12147 15789 16738 18384 19316 13905 
5: 1451 3625 2636 3626 5526 2637 2066 3777 4252 1988 1987 
6: 1548 6229 7462 9066 6230 7365 7366 7369 1552 2026 2485 5390 6069 7367 13059 13488 2484 9625 5389 4241 5388 4240 7984 7983 7368 6070 
7: 1580 1582 
8: 1584 2067 
9: 1593 3169 11303 13302 
10: 1684 4577 7595 14442 18867 18868 18869 6874 18870 19856 6868 3158 6869 6873 10635 14435 15008 17729 17730 17731 17750 17751 18497 3153 3156 3152 10629 14433 17728 9285 10628 14431 17725 17726 10631 14436 15006 17732 17733 17734 17735 10630 10636 13811 14434 16178 10627 11417 13813 14441 16171 16179 16183 14430 16170 16177 16180 14440 4406 12764 14432 14439 15007 17746 17747 17748 17749 5734 12762 12763 12765 12766 12769 12767 12759 12770 17740 12760 14209 17794 14211 17796 4413 6668 6676 14198 14200 14203 14205 14207 14208 14210 14228 17742 17793 17795 4414 6665 6666 6667 6669 6670 6674 6677 14199 6671 6673 10898 10899 11726 11731 14217 14224 11728 11733 14219 11716 11717 11718 11719 11720 11723 11727 11729 11730 11732 11734 11735 14214 14218 14220 14221 14223 11721 11722 11724 11725 14212 14213 14215 14216 14222 14308 14201 14202 14204 14206 17865 4683 14225 15538 17791 17866 17867 17868 17869 14226 14227 14231 14232 14234 17744 17792 6872 17741 17743 17745 6871 14438 14448 14449 15537 17790 10900 10901 6675 3568 3569 3567 3566 4366 14233 14314 14310 14312 14313 14315 6672 3713 18802 15532 15813 18803 18804 18806 15534 15814 18805 18807 5913 17727 
11: 1742 8977 9499 10020 18275 3731 3754 3967 5226 6845 8453 8455 8978 8979 8982 9501 12672 12674 3732 3733 8448 8452 5227 9500 3755 8454 6851 8975 16389 16390 16391 16392 16175 18276 16172 16174 18280 12671 10019 
12: 1791 1792 3429 4920 6805 10482 3320 3430 4921 5953 10480 4919 6797 10481 
13: 1900 3041 
14: 1981 1982 2463 2464 
15: 2063 3493 4422 6527 6613 6615 6616 
16: 2135 2137 
17: 2139 2141 3303 
18: 2154 2155 3879 6575 8966 
19: 2185 2188 3915 3925 4977 5207 6240 7476 13839 15932 3926 5208 15915 5209 8591 4235 4236 4237 4238 4239 5200 5406 6459 6460 6461 6463 6638 6639 6640 6641 6642 6643 7072 7073 7074 7235 7236 7237 7238 7239 7240 8388 8415 8541 8542 8565 8571 8572 8573 8589 8590 8592 10274 10275 10276 10277 10278 10279 10280 14257 14331 14536 15916 4234 5202 5203 8566 8567 14256 6464 8414 6462 7075 14250 14252 14254 14249 14251 14253 14258 14259 14260 14261 7071 6458 7070 6457 5201 5401 5404 5405 5400 5403 10273 10272 6465 8339 8387 8341 
20: 2251 2256 4319 6125 11062 11063 11065 
21: 2272 2273 
22: 2337 2338 5625 5632 11047 11049 11052 11056 5627 11045 11048 11050 11053 11055 11057 11039 11040 3564 
23: 2515 4282 
24: 2553 3671 4918 6178 9060 9061 
25: 2619 7544 8778 10098 10298 10301 10302 10303 10304 4601 10299 10300 15223 8394 16403 8389 8392 8393 8395 8396 16398 10099 16401 16402 
26: 2828 2829 2830 3235 4260 3017 
27: 2854 2855 3222 4870 3223 4767 3422 3421 
28: 2900 
29: 3004 3005 
30: 3400 3401 3402 4043 10817 11552 12172 13367 14639 14640 4044 10818 11553 12173 13368 14643 4042 4045 4046 10816 11551 12171 13366 14636 14637 14642 14632 13371 13996 14630 14631 10821 11556 11991 11995 12176 13372 13373 14633 14634 11558 4047 11992 11993 11994 14644 13998 13370 13369 10819 11554 12174 14647 
31: 3441 12741 12742 12743 12744 12745 12746 12747 12736 12737 12738 12739 12740 
32: 3525 6580 6582 10614 13706 15695 15697 15698 16029 16030 16035 16703 7945 13704 15696 6686 6687 6688 7943 7944 13731 13733 13737 13741 13744 13745 13746 13747 13748 13749 13750 5430 5431 7947 9781 9824 9831 12507 13097 13102 13730 13732 15734 16936 18776 5432 5433 5434 5435 5437 11194 5429 11195 5428 8627 12536 14760 14764 14767 14867 14868 16032 17413 17943 18510 18511 12509 12510 14761 7949 7994 7995 9783 9864 12503 12512 12515 13710 17056 7948 7946 7950 9867 9826 9862 9866 8624 9780 9819 9820 9822 9825 9827 9832 9833 9863 9865 9869 12506 13096 13099 13707 8623 8625 9823 7987 7990 9829 9830 13100 13101 7986 7989 7992 13705 4660 4662 4663 7988 7997 9782 12505 13098 4661 4664 5173 5168 5171 5172 13709 12504 12511 11193 12499 13106 11188 11189 13104 13107 13108 6773 10531 11190 11191 6170 10529 16653 6169 6176 9950 10528 10603 6175 6116 6174 7401 9949 10602 6113 6115 7402 9951 10496 10601 13708 16657 16656 16663 18255 18252 8766 12011 13799 14766 14862 17411 17414 17415 17421 17942 18251 18254 18995 9153 12010 9146 9152 9159 9145 6707 9158 11240 14357 6705 6712 11239 14354 11241 11244 11246 14768 14871 17944 12533 12534 12537 13794 14769 14771 14886 17948 4839 8631 9188 9219 10086 12516 12519 12524 12525 12526 12527 12532 12535 13796 14861 14876 14882 14885 4837 4838 6738 6740 8626 9179 9180 9181 14857 6769 10081 13791 14854 14860 14863 14869 14872 14875 6770 13792 18321 18996 18998 10084 10085 14855 4799 4797 4793 4798 15715 15717 15718 15719 4794 16701 16702 19061 13795 14762 15737 16033 13793 14763 9215 15738 15729 15739 15743 9779 13738 14759 14779 9784 7286 11192 11198 14355 14358 14359 14780 14865 16939 18271 18901 7283 7288 7285 7277 7289 14356 7278 7279 7281 7280 18900 14859 14866 14874 14884 16034 16031 16036 16943 15733 16935 16934 16938 16940 16941 16937 16944 16945 16942 16932 18270 18272 8654 13736 13742 8655 13740 15716 12518 12517 14856 9218 10087 12520 17406 17945 13800 4214 4211 4212 17410 17419 9834 13103 12500 14961 7991 7996 9821 9868 9871 17050 17052 6296 7404 10079 12005 17051 17053 10610 11196 15699 15700 
33: 3531 3532 7335 14332 
34: 3739 6265 6857 10942 
35: 3779 3780 3782 3897 8781 8783 8789 8790 8796 8798 8804 8806 9738 9739 9740 9741 3783 4423 8791 8799 8807 10122 11782 4474 8797 8782 8801 8805 9737 10121 10422 8786 8809 9113 9114 7687 9736 
36: 3796 
37: 3812 3813 4483 10169 10787 13468 13469 4484 10170 10781 11910 11911 11917 11900 11901 11906 11907 11902 11904 11908 11912 13470 11903 11905 11909 13474 13475 13471 13476 13478 13472 13473 13481 10786 13477 13479 13480 11915 10112 14270 10111 14273 
38: 3882 3884 9160 9165 3883 9162 5065 
39: 3886 3887 12605 13052 5732 13057 
40: 3948 8352 8999 9000 5109 6962 9001 
41: 4008 6402 12132 12624 13908 15779 16732 18380 19064 12623 8824 13907 16731 18379 
42: 4059 4060 14962 14964 14966 14972 14963 14965 14967 14973 
43: 4347 6221 8373 14704 6223 6220 8090 10557 13161 5605 6218 5603 5604 6219 8089 4360 8086 4357 4358 8374 8087 8375 4639 
44: 4369 4976 6239 7475 8342 10012 4975 6238 7474 10011 
45: 4498 6979 10188 10197 11200 11201 11202 11203 11204 11205 11207 
46: 4844 4845 4846 4847 4848 9314 
47: 4911 6789 6885 7427 9577 9578 9579 
48: 4955 4956 11366 11367 11371 11372 
49: 5064 6694 6698 6702 6693 6695 6697 6701 8920 8921 8922 8917 8916 8918 6699 6703 
50: 5123 5124 6981 10189 10199 14453 14468 18441 19813 19814 19815 19816 19817 6982 8433 8434 8435 8436 8437 8438 
51: 5152 5154 7552 13814 14774 14776 14777 7554 13817 14772 14773 7560 7555 7559 9294 11742 11743 11744 9287 11745 11746 11747 11748 9293 11738 11739 11740 11741 
52: 5407 5408 5409 5410 5411 5412 6062 5413 6063 5414 5415 5416 6064 6065 6066 6067 
53: 5451 
54: 5682 8139 14995 
55: 5702 5703 5705 5710 7618 14474 14490 15243 15244 15245 15246 15247 5707 5711 14491 15248 5708 5715 14496 15262 5706 5716 11272 11276 5714 9420 11271 11275 5713 11273 11618 14501 11619 14502 11274 14499 14498 14494 9419 14492 15258 9418 15251 15254 12400 14493 12398 
56: 5793 
57: 5879 5884 10487 10489 10488 10490 10009 10491 12382 12648 14698 10004 10006 10010 10005 10493 10492 10494 10495 12647 12646 12649 12703 10544 12701 12702 10545 12704 12705 6378 12388 10007 12387 12389 12391 10008 12390 12392 12381 12383 6032 6033 6034 15491 12644 15584 
58: 5903 7637 
59: 6045 
60: 6091 
61: 6097 6101 6105 6111 9027 9028 9029 9030 9031 9032 9033 
62: 6295 6659 6660 6661 6662 19416 
63: 6302 6303 
64: 6448 6449 6451 7061 10823 11559 12178 13956 7062 10824 11560 12179 13342 13958 14515 14709 14711 7063 10826 11562 12181 13960 
65: 6579 9565 9564 9569 9567 
66: 7716 
67: 7838 7839 7841 
68: 8302 8303 8304 
69: 8518 8528 
70: 8884 10750 11428 11485 17060 17428 17772 17773 17774 17775 17776 11487 11976 11978 11980 11982 11984 11988 11990 
71: 8987 8990 10350 11683 12258 10356 11687 12264 10343 10345 10346 10347 10353 10355 11686 11691 10337 11707 11703 11689 11706 11690 11692 11693 15463 15606 11688 15464 12590 12286 12263 12283 12287 12266 12267 12259 12260 12261 12265 12270 10348 10349 11684 11685 11695 11696 11694 11697 11698 
72: 9407 10168 12154 15053 16665 
73: 9634 9637 9639 9643 10995 
74: 9839 
75: 10799 16946 16947 
76: 10957 10958 
77: 11404 17163 17164 
78: 11613 
79: 11670 11671 
80: 11889 11890 
81: 11957 17821 17820 14467 16189 
82: 12658 14562 
83: 13401 
84: 13515 13516 13517 13518 13519 
85: 14503 
