# The graph of directed at k=5
# from /Users/bogna/dev/role-mining/datasets/hepth/timeslots/cit-HepTh-1999.edges
# at no lower link weight threshold,
# and at no upper link weight threshold.
# Links were treated as directed.
# No time limit was set for the clique search.

1 62 2
1 67 2
1 79 2
2 3 1
3 6 2
3 9 1
3 10 13
3 11 2
3 14 1
3 16 1
3 18 1
3 19 6
3 22 5
3 23 4
3 25 7
3 28 3
3 30 12
3 31 6
3 32 9
3 37 8
3 39 1
3 42 2
3 43 1
3 45 7
3 46 1
3 47 3
3 48 5
3 49 4
3 50 7
3 51 4
3 52 9
3 53 1
3 54 1
3 55 7
3 57 6
3 60 5
3 61 6
3 62 3
3 64 12
3 65 2
3 66 1
3 67 1
3 69 4
3 70 14
3 71 15
3 72 1
3 73 5
3 74 1
3 75 3
3 77 2
3 78 2
3 79 1
3 80 2
3 81 4
3 82 4
3 83 3
3 84 6
3 85 3
4 10 2
4 20 1
4 41 12
4 51 1
4 58 3
4 72 1
5 32 1
6 23 1
6 68 1
9 32 1
9 42 1
9 48 1
9 50 1
9 77 2
9 85 1
10 11 4
10 18 1
10 19 4
10 22 3
10 25 4
10 31 3
10 32 3
10 37 4
10 39 1
10 45 4
10 48 2
10 49 2
10 50 2
10 51 6
10 52 4
10 55 4
10 57 1
10 61 3
10 69 1
10 70 3
10 71 4
10 73 3
10 75 1
10 80 1
10 81 1
10 83 2
10 84 3
11 19 1
11 25 1
11 31 1
11 32 2
11 37 1
11 39 1
11 45 2
11 48 1
11 49 1
11 50 2
11 52 1
11 55 1
11 61 1
11 69 1
11 70 1
11 71 1
11 73 2
11 75 1
11 80 1
11 81 2
11 83 1
11 84 1
12 24 4
16 52 1
18 51 1
19 22 3
19 25 4
19 31 3
19 32 3
19 37 4
19 39 1
19 44 8
19 45 4
19 48 2
19 49 2
19 50 3
19 52 5
19 55 4
19 61 3
19 69 1
19 70 3
19 71 4
19 73 3
19 75 1
19 80 1
19 81 1
19 83 2
19 84 3
22 25 3
22 31 3
22 32 2
22 37 3
22 39 1
22 45 3
22 48 1
22 49 3
22 50 1
22 52 3
22 55 3
22 61 2
22 70 2
22 71 3
22 73 2
22 76 3
22 83 1
22 84 2
25 31 3
25 32 3
25 37 4
25 39 2
25 45 4
25 48 2
25 49 2
25 50 2
25 52 4
25 55 4
25 61 3
25 69 2
25 70 3
25 71 4
25 73 3
25 75 1
25 80 1
25 81 1
25 83 2
25 84 3
28 73 3
29 68 4
30 46 2
30 47 1
30 64 6
31 32 3
31 37 3
31 45 5
31 48 1
31 49 1
31 50 3
31 52 4
31 55 3
31 61 2
31 70 2
31 71 4
31 73 2
31 83 1
31 84 3
32 36 1
32 37 3
32 39 1
32 42 5
32 45 4
32 48 2
32 49 1
32 50 3
32 52 3
32 53 3
32 55 3
32 61 3
32 62 1
32 63 4
32 65 3
32 69 1
32 70 3
32 71 3
32 73 2
32 74 3
32 75 2
32 77 1
32 80 1
32 81 1
32 83 1
32 84 3
32 85 1
33 72 1
33 78 1
35 77 1
36 53 1
36 63 3
37 39 1
37 45 4
37 48 2
37 49 2
37 50 2
37 52 4
37 55 4
37 61 3
37 69 1
37 70 3
37 71 4
37 72 3
37 73 3
37 75 1
37 80 1
37 81 2
37 83 2
37 84 3
38 49 3
38 80 1
38 81 1
39 45 1
39 48 1
39 49 3
39 50 1
39 52 1
39 55 1
39 61 1
39 69 1
39 70 1
39 71 1
39 73 1
39 75 1
39 76 2
39 80 2
39 81 1
39 83 1
39 84 1
40 42 3
41 58 1
41 72 1
42 48 1
42 50 1
42 57 1
42 62 1
42 65 1
42 77 1
42 85 1
45 48 2
45 49 2
45 50 9
45 52 4
45 55 4
45 61 3
45 69 1
45 70 3
45 71 4
45 73 3
45 75 1
45 80 1
45 81 1
45 83 2
45 84 3
46 57 1
48 49 2
48 50 3
48 52 2
48 55 2
48 61 1
48 62 1
48 69 1
48 70 1
48 71 2
48 73 2
48 75 1
48 77 3
48 80 1
48 81 1
48 83 2
48 84 1
48 85 2
49 50 2
49 52 2
49 55 2
49 61 1
49 69 1
49 70 1
49 71 2
49 73 2
49 75 1
49 76 2
49 80 4
49 81 1
49 83 3
49 84 1
50 52 3
50 55 4
50 61 1
50 69 1
50 70 1
50 71 2
50 73 2
50 75 1
50 77 1
50 80 1
50 81 2
50 83 2
50 84 1
50 85 1
51 57 1
52 55 4
52 61 3
52 69 1
52 70 3
52 71 7
52 73 3
52 75 1
52 80 1
52 81 1
52 83 2
52 84 6
53 62 1
53 63 1
53 74 1
55 61 3
55 69 1
55 70 3
55 71 4
55 73 3
55 75 1
55 78 3
55 80 1
55 81 4
55 83 2
55 84 3
57 62 1
57 65 1
57 68 1
57 82 1
61 69 1
61 70 3
61 71 3
61 73 2
61 75 1
61 80 1
61 81 1
61 83 1
61 84 3
62 65 1
62 74 1
62 77 1
65 66 2
67 79 4
69 70 1
69 71 1
69 73 1
69 75 1
69 80 1
69 81 1
69 83 1
69 84 1
70 71 7
70 73 2
70 75 1
70 80 1
70 81 1
70 83 1
70 84 3
71 73 3
71 75 1
71 80 1
71 81 1
71 83 2
71 84 7
72 81 1
73 75 1
73 80 1
73 81 1
73 83 2
73 84 2
75 78 1
75 80 1
75 81 2
75 83 1
75 84 1
76 83 1
77 85 1
78 81 2
80 81 1
80 83 2
80 84 1
81 83 1
81 84 1
83 84 1
