# The contained directed cliques in the directed communities at k=7
# from /Users/bogna/dev/role-mining/datasets/hepth/timeslots/cit-HepTh-1998.edges
# at no lower link weight threshold,
# and at no upper link weight threshold.
# Links were treated as directed.
# No time limit was set for the clique search.

0: 1769 2801 
1: 2157 6557 6726 6727 4043 6556 6724 6725 4042 6477 5319 5316 5317 7750 5315 7752 
2: 2603 3047 3611 4188 4210 
3: 2786 3325 3821 4360 4987 
4: 3218 
5: 3320 4325 4948 4962 6887 6895 8323 13976 13977 4326 4949 4963 6188 6189 6190 6191 14028 8324 14029 14030 14031 8322 5896 14032 14033 
6: 3521 4675 10622 11391 11929 17013 17014 10623 10624 10016 10017 10018 10021 10028 10625 10626 10630 10632 10638 10639 10640 10645 10652 10664 10665 10666 10671 10678 10695 10696 10697 10702 10709 11272 11273 11274 11279 11286 11930 11931 11932 11938 12903 12904 12905 12911 12918 14989 14990 14991 14992 14996 14997 15331 17018 10019 10022 10025 10026 10030 10641 10649 10667 10675 10698 10706 11275 11283 12906 12915 14042 10029 10031 10032 10633 10654 10655 10680 10681 10711 10712 11288 11289 11933 11941 12920 12921 15333 15334 15335 10024 10027 10033 10646 10648 10650 10651 10653 10656 10657 10672 10674 10676 10677 10679 10682 10683 10703 10705 10707 10708 10710 10713 10714 11280 11282 11284 11285 11287 11290 11291 12912 12914 12916 12917 12919 12922 12923 14987 14994 11940 14993 14998 7374 7375 7377 7378 15332 15338 7379 12913 12927 12926 12925 10023 10631 10647 10673 10704 11281 11939 10634 11942 15337 10658 10684 10715 11292 12924 9144 14040 14041 14043 14044 14045 14055 15927 15928 17807 17808 17809 17810 17812 17930 18275 9145 17813 17919 17814 17829 17851 17899 18197 16741 17831 17832 17856 17861 17862 17905 17925 18235 18237 10881 13789 13799 13801 13802 13805 13810 16199 16200 16206 16207 16208 16209 16217 16218 16226 16739 16740 16742 16743 16745 16747 16748 16749 17825 17826 17830 17834 17837 17842 17848 17852 17858 17902 17904 17920 17926 18943 10880 10882 10883 10884 10890 10892 10905 10906 10907 10909 10910 13803 17859 17927 10889 10891 13791 13793 16746 17849 17888 17890 17921 10886 10899 11034 11035 10885 10888 10894 11045 11046 10887 10893 10895 10897 11040 11041 11048 11049 10920 14050 17493 14046 14047 14048 14051 17841 17870 13817 16216 16222 16225 17838 17839 17840 18178 19412 19413 24030 11051 13781 13792 13804 13808 13812 13813 13814 13815 13818 13819 13820 13821 13822 16219 16227 11037 11052 11053 11038 13796 13797 13782 13770 13776 14358 13768 14354 17494 13780 11047 13774 13778 13779 17496 11036 11044 10900 11042 11043 10902 10896 10901 17495 17487 13800 13806 13787 13788 13790 13809 13811 15415 16198 24033 16192 16194 16195 16197 16204 16213 17846 19414 12478 12479 12484 12485 12486 12487 12488 12489 12490 12491 12506 12509 12510 12511 12547 12548 16193 16201 16202 16210 16211 18187 18188 18189 18190 20233 20234 20235 20617 20618 20619 20620 20651 20652 21197 21198 21892 21893 21916 21917 21970 21971 22005 23323 23324 23325 23326 23521 23702 23804 23806 23925 24028 24032 24035 24037 24041 24067 12480 12481 12482 12483 12492 12493 12494 12495 12496 12497 12498 12499 12500 12501 12502 12503 12504 12505 12507 12508 12512 12513 12514 12515 12517 12523 12525 12526 12527 12533 12535 12536 12537 12538 12539 12540 12541 12542 12543 12544 12545 12546 12549 12550 12551 12552 12553 12554 12555 12556 12557 12559 12561 12562 12563 12564 16203 16212 16214 16221 17886 17900 17956 18168 18169 18170 18171 18174 18175 18176 18177 18198 18199 18201 18202 18203 18209 18210 18227 18228 18229 18230 18238 18239 18240 18244 18245 18247 18248 18254 18255 18268 18269 19539 19571 19572 19573 19574 19609 19694 20245 20246 20630 20632 20661 20662 20663 20665 20668 21217 21220 21902 21930 21933 21935 21982 22010 23346 23348 23705 23934 23936 23937 23961 24013 24014 24021 24076 12518 12534 15400 17893 17909 17964 18211 18212 18266 18267 19542 19545 19578 19613 19615 19695 20241 20244 20257 20258 20269 20625 20627 20641 20643 20664 20666 21212 21214 21244 21247 21266 21269 21900 21911 21926 21957 21960 21980 21990 21998 23337 23339 23360 23367 23369 23455 23456 23461 23462 23463 23464 23473 23474 23479 23480 23481 23482 9700 9701 9702 9704 9706 9707 9708 9709 9710 9714 9716 9728 9729 9730 10908 12516 12519 12520 12521 12522 12524 12528 12529 12530 12531 12532 12558 12560 17887 17889 17891 17892 17894 17895 17896 17897 17906 17908 17933 17934 17936 17938 17939 17941 17946 17950 17951 17953 17954 17955 17957 17959 17961 17962 17963 17965 17969 17970 17971 18151 18152 18155 18157 18160 18164 18183 18184 18204 18217 18218 18219 18270 18271 19262 19686 19688 19692 19979 20018 20019 20041 20043 20047 20048 20059 20060 20062 20063 20064 20065 20094 20095 20113 20131 20151 20156 20167 20242 20296 20300 20301 20311 20312 20316 20317 20318 20319 20330 20331 20332 20334 20335 20336 20337 20338 20353 20377 20378 20396 20397 20400 20405 20420 20440 20441 20446 20447 20458 20497 20501 20502 20510 20511 20515 20516 20517 20518 20527 20528 20529 20530 20531 20532 20552 20573 20574 20581 20585 20586 20588 20590 20593 20626 20628 20633 20642 20644 20649 20653 20654 20656 20657 20658 20659 21318 21417 21719 21780 21901 21927 21981 22008 22043 22046 22054 22062 22063 22064 22086 22156 22157 22301 22447 22448 22486 22660 22662 22668 22673 22674 22729 22730 22826 22901 22955 22960 22963 23145 23338 23340 23368 23370 23465 23469 23476 23484 23486 9694 9695 9697 9698 9699 9703 9705 9711 9713 9715 9717 9718 9719 9722 9724 9727 11764 14056 20037 20045 20054 20238 20295 20314 20325 20496 20513 20523 20623 22053 22321 22336 22667 22836 22924 23070 23710 23716 23721 11765 11768 11769 11771 14057 19261 20052 20053 20055 20056 20087 20088 20161 20162 20170 20172 20173 20174 20206 20237 20239 20254 20323 20324 20326 20327 20370 20371 20452 20453 20521 20522 20524 20567 20568 20622 20639 22058 22146 22322 22670 22723 22837 22946 22947 23071 23147 23183 23267 23329 23332 23704 11770 14060 14061 14067 14068 15608 15609 15618 15619 18222 18242 18258 18436 18437 18440 18442 18443 18446 18447 18449 19134 19143 19254 19270 19977 20001 20002 20003 20039 20073 20077 20080 20081 20082 20083 20101 20102 20116 20149 20183 20188 20199 20202 20203 20204 20215 20249 20250 20251 20262 20272 20298 20355 20360 20363 20364 20365 20366 20384 20385 20401 20467 20472 20499 20554 20559 20561 20562 20563 20584 20635 20636 22041 22228 22386 22387 22397 22398 22658 22784 22875 22876 22884 22885 22911 23002 23095 23096 23106 23107 23149 23244 23298 23350 23352 23620 23623 23635 23637 23706 23711 23717 9696 14062 14063 18241 18251 18385 18393 18395 18397 18399 18401 18408 18409 18410 18412 18413 18438 18439 18441 18444 18445 18448 18450 18451 18454 18455 18456 18457 18459 18460 18463 18466 18467 18468 18472 18475 18476 18477 18481 18483 18487 9721 9723 18513 18514 8034 15581 15607 15611 15612 15613 15622 15717 15718 15719 15721 15722 15723 15735 15744 15746 15749 15750 15752 15757 15773 17554 17555 17562 17602 17637 17638 17652 17700 17744 17907 17966 17967 18220 18221 18250 18257 18262 18263 18387 18388 18389 18391 18392 18394 18396 18400 18403 18411 18417 18421 18422 18423 18424 18425 18427 18428 18432 18434 18435 18452 18453 18458 18461 18465 18469 18470 18479 18484 18485 18486 18488 18489 18492 18504 18505 18506 18507 18508 18509 18512 18515 18516 18517 18518 18519 18520 18521 18522 18523 18524 18525 18528 18529 18530 18531 18532 18533 18534 18535 18536 18537 18538 18539 18540 18541 18542 18544 18545 18547 18548 18549 18550 18552 18557 18559 18563 18564 18565 18567 18568 18569 18570 18571 18572 18574 18575 18576 18577 18578 18579 18581 18582 18583 18585 18594 18595 19252 19253 19265 19268 19269 19271 19275 19351 19360 19440 19441 19442 19443 19444 19445 19446 19447 19448 19449 19450 19451 19452 19453 19454 19455 19456 19457 19458 19459 19460 19461 19462 19466 19471 19472 19473 19475 19484 19491 19529 19530 19531 19532 19533 19534 19540 19541 19543 19544 19546 19547 19548 19549 19550 19551 19552 19553 19554 19555 19556 19557 19558 19559 19560 19561 19562 19563 19564 19565 19566 19567 19568 19569 19570 19575 19576 19577 19579 19580 19581 19582 19583 19584 19585 19587 19589 19590 19593 19594 19595 19597 19598 19601 19610 19611 19612 19614 19616 19617 19618 19621 19622 19629 19630 19631 19634 19642 19643 19644 19645 19646 19647 19648 19649 19650 19651 19652 19653 19654 19655 19656 19657 19658 19659 19660 19661 19664 19666 19667 19668 19669 19671 19676 19680 19685 19687 19691 19693 19706 19722 19723 19724 19725 19852 19853 19858 19859 19860 19865 19868 19869 19870 19871 19872 19873 19874 19875 19893 19894 19904 19949 19950 19951 19974 19989 19990 19996 19998 20005 20012 20038 20040 20042 20044 20046 20049 20050 20051 20057 20058 20061 20067 20068 20069 20070 20071 20072 20074 20075 20076 20078 20079 20084 20085 20086 20089 20090 20091 20092 20093 20096 20097 20098 20099 20100 20103 20104 20105 20106 20107 20108 20109 20110 20111 20112 20114 20115 20117 20118 20119 20121 20122 20135 20136 20137 20138 20139 20140 20143 20144 20150 20175 20177 20178 20184 20185 20186 20187 20189 20190 20191 20193 20196 20198 20200 20201 20205 20207 20214 20216 20236 20240 20243 20247 20248 20252 20253 20255 20256 20259 20260 20261 20263 20264 20265 20266 20267 20268 20270 20271 20273 20274 20275 20276 20277 20278 20293 20294 20297 20299 20302 20321 20328 20352 20354 20356 20357 20358 20359 20361 20362 20367 20368 20369 20372 20373 20374 20375 20380 20382 20383 20386 20387 20388 20389 20391 20394 20399 20402 20403 20428 20429 20469 20470 20498 20500 20555 20556 20564 20565 20569 20621 20624 20631 20634 20637 20638 20640 20645 20655 20904 20905 20906 20907 20908 20909 20969 20970 20971 20974 20978 20983 20984 20985 20986 20987 20988 20989 20990 20991 20992 20993 20994 20995 20996 20999 21002 21004 21011 21014 21016 21035 21038 21040 21063 21064 21066 21199 21202 21204 21207 21209 21210 21215 21216 21218 21219 21221 21222 21223 21224 21225 21226 21227 21228 21229 21230 21231 21232 21233 21234 21235 21236 21237 21238 21239 21240 21241 21242 21243 21246 21251 21252 21253 21254 21255 21256 21257 21260 21262 21263 21267 21270 21271 21272 21273 21274 21292 21327 21367 21368 21483 21487 21489 21904 21905 21938 21939 21940 21941 21942 21984 21985 21986 21987 21992 22000 22013 22014 22015 22021 22078 22103 22104 22226 22231 22233 22295 22297 22375 22376 22381 22385 22388 22389 22390 22391 22392 22395 22400 22402 22408 22427 22451 22822 22877 22879 22908 22909 22910 22912 22913 22981 22982 22983 22984 22987 22992 22997 22998 22999 23000 23001 23003 23004 23005 23006 23007 23008 23009 23010 23011 23014 23016 23019 23021 23028 23030 23033 23035 23055 23057 23059 23060 23061 23062 23068 23073 23077 23086 23087 23088 23089 23090 23091 23092 23093 23094 23097 23098 23099 23100 23101 23102 23103 23104 23105 23108 23109 23110 23111 23112 23113 23114 23115 23116 23117 23118 23119 23124 23125 23126 23127 23128 23131 23135 23136 23137 23276 23279 23280 23282 23295 23296 23351 23353 23355 23358 23363 23373 23460 23472 23487 23506 23507 23508 23509 23510 23511 23512 23513 23514 23515 23516 23517 23524 23525 23526 23527 23528 23529 23530 23535 23536 23537 23538 23539 23540 23541 23542 23543 23544 23545 23546 23632 23633 23634 23641 23647 23654 23655 23656 23657 23659 23663 23703 23707 23708 23709 23777 23778 23780 23781 23817 23926 23928 23929 23931 23932 23933 23935 23938 23939 23940 23941 23942 23943 23944 23945 23946 23947 23948 23949 23950 23951 23952 23953 23954 23955 23956 23957 23958 23959 23960 23962 23963 23964 23965 23966 23967 23968 23969 23970 23971 23972 23973 23974 23975 23977 23978 24015 24016 24022 24023 24024 24060 24062 24063 24079 24080 8032 8033 8031 19861 19862 23064 23065 23066 23067 23069 23072 23074 23075 23076 23078 15578 15579 15580 15582 15583 15585 15587 15588 15589 15590 15606 15610 15614 15616 15620 15623 15627 15643 15774 19189 19190 19191 19192 19256 19257 19258 19259 19260 19287 19288 19849 19854 19855 19856 19857 19863 19864 19866 19867 19880 19882 19884 19885 19888 19891 19895 19896 19897 19898 19899 19901 19902 19903 19911 19912 19920 19924 19926 19928 19929 19933 19937 19941 19946 19947 19956 20066 20120 20123 20124 20125 20126 20127 20128 20129 20130 20152 20153 20154 20155 20157 20158 20159 20160 20163 20164 20165 20166 20168 20169 20171 20313 20315 20320 20322 20329 20333 20339 20514 20519 20520 20525 20526 20587 20913 20914 20915 20916 20917 20918 20919 20920 20921 20922 20923 20924 20925 20926 20927 20928 20929 20930 20931 20932 20933 20934 20935 20936 20937 20938 20939 20940 20941 20942 20943 20944 20945 20946 20947 20948 20949 20950 20951 20957 20958 20972 20973 20975 20976 20977 20997 20998 21000 21001 21003 21009 21010 21012 21013 21015 21031 21032 21033 21034 21045 21046 21067 21068 21093 21094 21104 21105 21106 21107 21108 21109 21110 21111 21195 21196 21200 21201 21203 21205 21206 21208 21303 21304 21306 21308 21309 21310 21386 21387 21388 21389 21390 21391 21392 21393 21395 21396 21397 21398 21399 21400 21401 21403 21404 21405 21406 21407 21408 21409 21410 21469 21470 21481 21493 21494 21505 21506 21760 21766 21771 22056 22059 22060 22123 22124 22125 22126 22127 22128 22129 22130 22131 22133 22134 22135 22136 22137 22138 22139 22140 22142 22143 22144 22145 22147 22148 22149 22150 22211 22212 22224 22237 22238 22250 22251 22304 22308 22311 22312 22315 22316 22317 22318 22319 22320 22323 22324 22325 22326 22327 22328 22329 22330 22358 22359 22379 22380 22393 22394 22396 22399 22401 22405 22406 22407 22420 22421 22425 22426 22430 22431 22455 22456 22594 22595 22707 22714 22720 22832 22833 22834 22835 22838 22839 22840 22841 22842 22843 22870 22874 22881 22890 22917 22918 22919 22920 22921 22922 22923 22925 22926 22927 22928 22929 22930 22931 22932 22933 22934 22935 22936 22937 22938 22939 22940 22941 22942 22943 22944 22945 22948 22949 22950 22951 22952 22953 22954 22956 22957 22958 22959 22961 22962 22969 22970 22985 22986 22988 22989 22990 22991 23012 23013 23015 23017 23018 23020 23026 23027 23029 23031 23032 23034 23063 23079 23081 23082 23083 23122 23123 23129 23130 23138 23139 23162 23163 23175 23176 23177 23179 23180 23181 23182 23184 23262 23263 23264 23265 23266 23268 23274 23275 23285 23286 23297 23299 23503 23504 23505 23518 23522 23523 23640 23924 23927 23930 23976 24054 24055 24058 15540 15541 15542 15545 15546 15547 15549 15553 15555 15559 15568 15584 15586 15591 15592 15593 15594 15596 15597 15599 15601 15602 15603 15615 15617 15621 15624 15625 15626 15628 15629 15630 15631 15632 15633 15634 15635 15636 15637 15638 15639 15640 15641 15642 15644 15645 15646 15647 15650 15652 15657 15658 15659 15664 15665 15668 15669 15672 15674 15676 15677 15679 15680 15683 15699 15700 15704 15706 15707 15708 15713 15715 15720 15724 15726 15728 15729 15731 15732 15733 15734 15736 15737 15739 15742 15743 15745 15751 15753 15754 15755 15765 15771 15772 15775 15776 15777 15778 15779 15780 15781 15783 15787 15792 16372 17557 17558 17631 17632 17641 17642 17643 17675 18398 18462 18464 18474 19182 19183 19184 19185 19196 19199 19201 19207 19218 19255 19313 19839 19844 19845 19879 19881 19886 19887 19889 19890 19892 19905 19906 19907 19908 19916 19917 19919 19921 19923 19925 19943 19944 20910 20911 20912 20954 20955 20959 20960 20961 20966 20967 21021 21022 21023 21024 21025 21036 21037 21039 21041 21042 21043 21044 21047 21048 21049 21050 21051 21057 21058 21059 21062 21065 21083 21126 21127 21128 21129 21130 21131 21132 21133 21134 21135 21136 21164 21165 21183 21184 21290 21291 21293 21295 21296 21322 21323 21340 21350 21356 21361 21362 21364 21370 21466 21482 21484 21485 21486 21533 21534 21535 21536 21537 21538 21539 21568 21569 21699 21745 22039 22040 22042 22069 22070 22071 22072 22073 22074 22079 22080 22082 22083 22085 22089 22092 22093 22097 22098 22099 22100 22101 22102 22105 22106 22107 22175 22176 22177 22182 22183 22184 22185 22186 22187 22194 22202 22203 22205 22208 22209 22210 22213 22214 22215 22216 22217 22218 22225 22227 22229 22230 22232 22234 22235 22236 22239 22240 22241 22242 22243 22244 22252 22253 22254 22255 22256 22257 22264 22265 22266 22267 22268 22269 22270 22271 22281 22282 22283 22284 22289 22473 22499 22500 22501 22548 22549 22550 22551 22552 22553 22554 22555 22556 22557 22656 22657 22659 22677 22678 22681 22688 22689 22691 22694 22695 22696 22768 22780 22781 22782 22783 22785 22914 22915 22916 22965 22966 22967 22968 22971 22972 22973 22974 22975 22976 22977 22978 22979 22980 22993 22994 22995 22996 23022 23023 23024 23025 23036 23037 23038 23039 23040 23041 23042 23043 23044 23045 23046 23047 23048 23049 23050 23051 23052 23053 23054 23056 23058 23185 23186 23187 23188 23189 23190 23191 23192 23200 23201 23202 23203 23204 23205 23206 23207 23208 23209 23210 23211 23212 23213 23214 23215 23216 23217 23218 23219 23220 23221 23222 23223 23224 23225 23226 23227 23228 23229 23235 23236 23237 23243 23245 23247 23248 23249 23250 23251 23255 23256 23257 23277 23385 23458 13978 13989 15543 15544 15550 15552 15556 15557 15558 15562 15569 15570 15571 15572 15573 15577 15598 15604 15605 15684 15685 15687 15702 18384 18404 18405 18419 18510 18652 18653 18654 18655 18656 18657 18658 18667 18668 18674 18687 18688 19132 19133 19135 19138 19141 19148 19156 19157 19158 19159 19160 19161 19162 19163 19164 19165 19166 19167 19168 19169 19170 19171 19172 19173 19174 19175 19176 19178 19216 19217 19219 19230 19231 19232 19234 19235 19236 19237 19238 19240 19241 19242 19243 19335 19492 19591 19606 19607 19608 19697 19698 19700 19705 19975 19976 19978 19991 20011 20013 20777 20778 20779 20780 20781 20783 20784 20790 20791 20793 20794 20795 20796 20797 20798 20799 20800 20801 20802 20803 20804 20805 20806 20807 20808 20809 20810 20811 20812 20813 20814 20815 20818 20820 20821 20822 20823 20824 20825 20826 20827 20828 20829 20835 20839 20861 20862 20863 20873 20874 20875 20876 20892 20893 20894 21324 21328 21329 21331 21338 21341 21342 21612 21613 21614 21615 21616 21617 21697 21698 21702 21703 21722 21723 21724 21726 21727 21728 21746 21876 21879 21903 21906 21907 21983 21991 21993 22044 22047 22048 22077 22081 22084 22470 22474 22475 22488 22489 22496 22497 22502 22503 22504 22505 22507 22558 22663 22664 22669 22675 22676 22679 22680 22682 22683 22684 22692 22693 22740 22769 23146 23148 23150 23151 23246 23314 23316 23317 23318 23319 23327 23328 23347 23349 23354 23356 23357 23359 23361 23364 23383 23384 23386 23387 23388 23389 23390 23391 23392 23393 23394 23395 23396 23397 23398 23399 23400 23401 23402 23403 23404 23405 23406 23407 23408 23409 23410 23411 23412 23413 23414 23415 23416 23417 23418 23419 23449 23450 23451 23452 23453 23454 23614 23615 23616 23617 23618 23619 23622 23696 23719 23720 23732 23764 23767 23768 23803 23845 23848 23864 23865 23866 23867 23868 23869 23999 24000 24001 24002 24003 24004 24005 24006 24007 24008 24009 24010 13980 13981 13982 13983 13984 13985 13990 13992 13995 18216 18224 19137 19139 19981 19982 19984 19985 19986 19987 19988 19992 19993 19997 19999 20000 20004 20006 20007 20008 20009 20010 20014 20015 20016 20179 20192 20461 20462 20463 20471 20475 20476 20845 20846 20857 20858 20859 20860 20864 20865 20866 20868 20869 20870 20871 20878 20879 20880 20882 20883 20884 20886 20887 20889 20890 20896 20897 20898 20899 21115 21116 21148 21149 21652 21653 21654 21670 21671 21685 21686 22512 22513 22514 22521 22522 22532 22534 22535 22536 22537 22538 22543 22544 22545 22563 22564 22567 22569 22570 22571 22572 22577 22578 22747 22748 22772 22773 22774 22791 22792 22800 22801 22809 22810 22811 23155 23156 23164 23165 23195 23196 23230 23231 23238 23466 23470 23625 23695 23697 23765 23805 23807 23808 23846 23847 23849 23850 23853 23854 23870 23995 24011 24012 24051 24052 24053 24082 24085 13991 19073 19136 19140 19142 19144 19145 19146 19147 19149 19150 19264 19266 19980 19994 19995 20017 20020 20023 20024 20027 20028 20029 20176 20180 20181 20194 20195 20208 20211 20217 20279 20280 20281 20283 20284 20287 20345 20346 20376 20390 20444 20445 20450 20451 20457 20459 20464 20465 20468 20473 20477 20478 20479 20541 20542 20557 20558 20566 20571 20572 20589 20591 20677 20678 13994 14081 14082 18225 19074 19079 19082 19194 19198 19263 19267 19272 19273 19274 19276 19277 19280 19281 19282 19283 19284 19285 20133 20141 20145 20209 20210 20212 20218 20219 20221 20227 20229 20231 20282 20285 20286 20288 20290 20343 20392 20539 20543 20551 20679 23712 23713 23714 23715 19315 19319 19320 19353 19357 19358 20956 20968 22179 22181 22206 22207 22743 22744 22766 22767 22770 23080 23193 23194 23198 23233 23241 23242 23253 23254 23259 23260 23471 15595 15701 15705 15710 15725 15727 15730 15738 17565 17705 18747 19186 19187 19188 19193 19195 19197 19200 19202 19203 19204 19205 19206 19208 19209 19210 19211 19212 19213 19214 19215 19222 19223 19229 19233 19239 19244 19247 19293 19311 19312 19314 19316 19317 19318 19321 19322 19323 19324 19325 19326 19327 19328 19329 19330 19331 19332 19333 19334 19336 19337 19338 19339 19340 19341 19342 19343 19344 19345 19346 19347 19348 19349 19350 19352 19354 19355 19356 19359 19361 19362 19363 19364 19365 19366 19367 19368 19369 19370 19372 19373 19375 20840 20962 20963 20964 20965 20979 20980 20981 21005 21006 21007 21017 21018 21019 21026 21027 21028 21029 21052 21053 21054 21055 21060 21061 21076 21077 21078 21079 21080 21112 21113 21117 21119 21120 21121 21122 21123 21124 21137 21138 21139 21140 21141 21142 21143 21144 21150 21153 21154 21155 21156 21158 21159 21160 21161 21162 21163 21166 21167 21168 21169 21170 21171 21172 21173 21174 21175 21176 21177 21178 21179 21180 21182 21185 21186 21187 21188 21189 21190 21193 21194 21248 21264 21268 21320 21321 21325 21365 21366 21371 21372 21423 21429 21430 21431 21432 21433 21440 21441 21442 21444 21445 21446 21447 21464 21465 21467 21468 21476 21477 21478 21479 21488 21490 21491 21500 21501 21502 21503 21512 21513 21514 21515 21517 21526 21527 21528 21532 21540 21541 21542 21543 21552 21553 21554 21555 21564 21565 21566 21567 21570 21571 21657 21658 21659 21660 21661 21662 21663 21674 21675 21676 21677 21678 21679 21680 21681 21690 21691 21692 21693 21695 21696 21720 21721 21725 21743 21744 21749 21750 21785 21789 21790 21791 21792 21793 21799 21800 21801 21803 21804 21805 21816 21817 21819 21820 21826 21827 21828 21834 21835 21836 21837 21843 21844 21845 21851 21852 21853 21854 21862 21863 21864 21881 21885 21886 21888 22189 22191 22192 22349 22351 22361 22363 22364 22373 22374 22741 22751 22752 22753 22850 22851 22858 22859 22860 22866 22867 22869 23084 23085 23120 23121 23132 23133 23134 23269 23270 23271 23272 23273 23278 23281 23283 23284 23287 23288 23289 23291 23292 23294 23300 23301 23302 23303 23304 23305 23306 23307 23308 23309 23310 15600 15660 19220 19221 19224 19225 19226 19227 19228 19245 19246 19278 19279 20952 21069 21070 21072 21073 21074 21084 21085 21086 21087 21088 21089 21090 21091 21095 21096 21097 21098 21099 21100 21101 21102 21191 21192 21211 21297 21298 21299 21300 21301 21302 21317 21413 21415 21416 21418 21596 21597 21599 21600 21601 21602 21623 21625 21626 21627 21628 21633 21634 21635 21638 21704 21705 21706 21707 21708 21709 21710 21711 21712 21713 21714 21715 21718 21761 21762 21763 21767 21768 21772 21773 21776 21778 21779 21877 21878 21882 21883 23152 23153 23157 23158 23166 23167 23168 23171 23172 15651 15653 15654 15655 15656 15662 15663 15666 15667 15673 15675 15678 15681 15682 15762 15763 15764 15766 15767 17585 17635 17725 18426 20307 20308 20309 20310 20347 20350 20379 20381 20393 20395 20398 20404 20406 20408 20409 20410 20411 20412 20413 20416 20418 20442 20448 20449 20454 20456 21075 21147 21245 21261 21265 21277 21305 21307 21311 21312 21313 21314 21315 21319 21326 21330 21332 21333 21336 21337 21339 21343 21348 21349 21351 21352 21353 21354 21355 21373 21374 21375 21376 21377 21379 21380 21381 21382 21383 21385 21394 21402 21411 21412 21414 21419 21420 21424 21426 21434 21438 21439 21443 21451 21452 21457 21458 21460 21461 21463 21471 21472 21473 21474 21475 21495 21496 21497 21498 21499 21507 21508 21509 21510 21511 21518 21519 21521 21522 21523 21524 21525 21530 21531 21545 21546 21547 21548 21549 21550 21551 21557 21561 21562 21563 21572 21573 21574 21575 21576 21577 21578 21579 21580 21581 21582 21583 21584 21585 21586 21587 21588 21589 21598 21603 21609 21610 21618 21620 21621 21622 21624 21629 21631 21632 21636 21637 21640 21650 21655 21656 21665 21666 21667 21669 21672 21673 21683 21684 21687 21689 21765 21770 21775 21782 21823 21830 21832 21840 21848 21859 21867 21972 21973 21974 21975 22045 22049 22050 22055 22057 22061 22111 22115 22116 22117 22122 22152 22153 22154 22155 22158 22159 22171 22197 22220 22222 22247 22248 22260 22261 22272 22276 22278 22305 22333 22347 22360 22365 22371 22382 22384 22403 22404 22409 22410 22412 22418 22419 22428 22429 22434 22436 22445 22450 22457 22461 22463 22468 22480 22481 22482 22483 22485 22490 22491 22510 22515 22516 22517 22519 22520 22523 22524 22526 22527 22546 22565 22568 22579 22585 22596 22597 22598 22627 22629 22631 22638 22640 22646 22709 22711 22716 22717 22722 22726 22728 23144 23457 19019 19021 19051 19055 19060 21294 21316 21334 21335 21344 21345 21346 21347 21378 21435 21453 21591 21592 21593 21594 21595 21604 21605 21607 21608 21716 21717 21976 21977 21978 21979 22306 22331 22332 22334 22465 22466 17505 17506 17507 17514 17523 17524 17527 17528 17529 17531 17532 17533 17538 17539 17540 17541 17544 17552 17569 17687 17688 17690 17691 17694 17695 17708 17709 17710 17712 17724 17756 18964 18965 18969 18970 18982 18984 18986 18987 18988 19009 19010 19011 19012 19015 19016 19017 19020 19022 19023 19024 19025 19027 19033 19041 19042 19043 19044 19045 19046 19047 19048 19050 19052 19053 19054 19056 19057 19059 19061 19063 19064 19592 20303 20304 21449 21450 21759 22051 22052 22065 22066 22067 22068 22075 22076 22108 22109 22110 22303 22313 22314 22661 17503 17504 17508 17510 17511 17512 17513 17515 17516 17518 17520 17521 17525 17534 17542 17545 17563 17570 17571 17573 17574 17575 17576 17577 17578 17584 17587 17588 17591 17592 17593 17600 17601 17603 17604 17606 17607 17612 17615 17616 17617 17619 17620 17621 17623 17634 17653 17660 17663 17664 17665 17670 17671 17672 17674 17696 17701 17713 17728 17733 17734 17757 17766 18961 18962 18963 18966 18967 18968 18977 18978 18979 18980 18981 18983 18985 18989 18996 18997 18998 18999 19000 19001 19002 19003 19026 19028 19062 19493 19497 19498 19499 19500 19504 19624 19628 19751 19756 19883 20291 20305 20340 21359 21422 22088 22090 22091 22094 22095 22096 22112 22113 22114 22118 22120 22121 22161 22162 22163 22164 22165 22166 22167 22168 22169 22170 22172 22174 22178 22180 22195 22196 22198 22280 22285 22286 22287 22288 22291 22292 22293 22307 22309 22310 22340 22343 22344 22345 22370 22377 22378 22424 22437 22454 22529 22531 22580 22583 22700 22755 23440 17519 17526 17535 17536 17667 17703 17745 18991 18992 19013 19034 19494 19495 19496 19501 19502 19505 19506 19507 19518 19623 19625 19626 19638 15756 17537 17668 17676 18993 18994 18995 19483 15560 15561 15567 15649 15694 15747 15748 15758 15782 15784 15785 15786 15789 17154 17161 17163 17639 17661 18527 19482 19486 19487 19488 19489 19490 19508 19632 19633 19635 19636 19637 19639 19640 19684 19712 19713 19714 19715 19730 19733 19752 19757 19761 19762 19763 19764 19767 19769 19770 19774 19778 19783 19784 19807 19809 19848 19900 19922 19936 19957 19958 20351 21357 21454 21455 21456 22290 22348 22366 22367 22368 22369 22413 22414 22415 22438 22439 22440 22441 15548 15554 15563 15564 15565 15566 15575 15576 15692 15693 15698 17548 17549 17624 17626 17627 17628 18415 18727 19749 19750 19754 19765 19766 19772 19781 19782 19806 19843 19846 19930 19952 19971 19973 20833 20849 20850 22817 22862 23627 23629 23761 23771 23772 23773 23774 23775 23776 15551 15574 19841 19842 19913 19914 23760 23763 15691 20836 22736 22737 22738 23851 23852 15688 15689 15690 15740 15768 15769 18743 18750 18765 18766 18768 18839 21786 22848 15661 15671 15686 15703 15711 15712 18708 18741 18742 18744 18761 19180 15709 15714 15716 15760 17553 17586 17636 19179 19181 19289 19290 19291 19294 19298 19371 21358 21421 21427 21736 21739 21783 21784 21788 21806 22733 15695 15759 15761 15788 17566 17608 17655 17656 17659 18710 18713 18719 18763 19374 21360 21363 21462 21734 21735 21738 21740 21741 21808 21810 22687 22690 22756 22818 17561 17648 19299 17547 17550 17551 17556 17559 17560 17567 17568 17629 17633 17640 17645 17658 19755 14075 17572 17579 17581 17583 17625 17630 17647 17649 17679 17680 17682 17685 17716 18406 18725 18762 19753 19758 19771 19786 20545 20546 20848 21807 22754 14058 14064 14065 14066 14069 14070 14071 14073 14074 14076 14077 14078 14079 14080 17580 17589 17590 17681 17683 17692 17693 17719 17729 17730 19155 19972 20292 20306 20341 20349 20492 20493 20494 20495 20504 20505 20508 20535 20536 20538 20548 20550 20553 14059 14072 20021 20443 20579 20629 20646 20648 22602 23342 23381 23636 23722 23723 23726 23786 24056 20022 20647 20660 23382 23638 23787 17718 17720 18705 19151 19152 19177 19286 19662 19689 19690 19696 19703 19709 19814 20036 20220 20222 20289 20407 20576 20577 20578 20580 20582 20583 20592 20650 20669 20680 20681 20830 20831 20901 20902 20903 21278 21733 21868 21880 21889 21914 21964 21999 22002 22003 22004 22032 22035 22458 22459 22462 22905 22907 23140 23141 23311 23320 23378 23380 23547 23624 23626 23814 23818 23819 23862 17582 17594 17609 17684 17717 17721 17722 17723 17726 17727 17731 17732 17735 17736 17737 17738 17739 17740 17743 17746 17748 17749 17750 17751 17754 17758 17762 18695 19154 19295 19297 19811 19812 19813 19817 19818 19983 20460 20503 20575 17595 17596 17598 17610 17611 19292 20834 20852 17613 17614 17618 17646 17662 17755 18729 18890 8036 17546 17605 17622 17673 17714 17747 17752 17753 17760 17761 17764 17765 17767 17768 19511 19773 19777 19823 19824 19825 19826 20342 20348 21459 21560 21643 22199 22200 22201 22219 22221 22273 22274 22275 22277 22294 22296 22299 22300 22302 22346 22356 22357 22372 22383 22411 22417 22422 22423 22433 22442 22443 22446 22449 22460 22540 22559 22606 22610 22611 22614 22618 22621 22622 22623 22632 22633 22819 22865 23549 17702 19014 19029 19035 19036 19037 19038 19039 19040 19058 17704 19663 19699 19701 19710 19711 19791 19792 19793 19799 19802 19803 20344 17530 17564 17654 20598 20602 20603 20604 20607 20608 20612 20615 17543 19018 17517 19049 18990 10146 18971 20595 23878 24112 24115 18972 18973 20594 23442 20414 20596 20599 20601 20616 20132 20142 20148 20415 20417 20419 20421 20422 20423 20425 20426 20427 20431 20432 20433 20435 20437 20438 20439 20483 20485 20506 20507 20953 21384 21428 21480 21529 21590 22119 22132 22141 22151 22160 22223 22279 22964 20134 20146 20147 20182 20223 20224 20225 20226 20228 20230 20232 20482 20487 20512 20533 20534 20982 21008 21020 21030 21056 21071 21081 21082 21092 21103 21125 21213 21630 21781 22087 22469 22518 22731 22732 23154 23159 23160 23161 23174 23199 23459 20197 20213 20424 20430 20434 20436 20489 20491 20540 20544 21145 21157 21448 21492 21504 21516 21544 21556 22188 22193 22249 22262 23234 12462 13287 18185 19075 19081 19465 19467 19481 19665 19674 19934 20455 20466 20474 20480 20481 20490 20537 20547 20549 20560 20570 20606 21114 21118 21146 21151 21152 21181 21651 21668 21688 21694 21802 21825 21833 21842 21846 21849 21850 21861 22525 22533 22539 22573 22574 22581 22605 22609 22625 22628 22630 22635 22637 22639 22641 22643 22644 22647 22725 22750 22776 22795 22799 22802 22803 22804 22813 22856 22857 22883 22886 22887 22893 23169 23170 23232 23858 23861 12437 12441 12443 12450 12454 12456 12459 12463 12466 12621 8668 8672 10361 11579 11580 11591 11592 11593 11594 11595 11597 11598 11599 11605 11638 11639 12431 12432 12433 12434 12435 12436 12438 12439 12440 12442 12444 12446 12448 12449 12469 12473 12615 12616 12617 12618 12622 12625 12627 12628 12629 13293 13294 13345 13742 13753 13761 13762 13763 13765 14579 14580 14587 16435 16446 16447 18086 18098 23844 8662 8663 8665 8666 8670 8675 8680 8682 8685 8687 8692 9191 10358 10359 10362 11645 12588 12591 12592 13341 13343 13346 13739 13740 13743 13758 16440 19838 20881 23595 23604 8664 8674 8677 10350 13283 13325 13732 13749 16433 8678 8660 11582 11584 11601 11602 11641 13328 5811 11589 5810 12714 11628 11630 23585 23597 12583 14779 12585 10352 13734 7358 7398 10351 10353 10354 10360 10363 10364 13327 13329 13330 13337 13344 13348 13733 13735 13736 13738 13741 13745 13752 13754 13755 18084 7359 7360 7361 7362 7363 8113 13336 13347 13737 13744 4803 8114 10355 13355 13747 13764 15130 15131 4800 8110 13746 13748 8109 13354 13356 14257 13357 13339 13351 13358 13333 13340 13334 13353 14258 7409 8116 8118 7397 7408 7414 7396 7402 8115 8117 7401 7403 7413 7415 7410 11604 18097 8101 8102 11637 13750 13759 14578 11636 14586 14583 14576 14581 14582 17960 14575 12614 14577 14584 17952 12611 17935 12598 12613 12600 6670 6671 6673 6682 8739 12172 12599 12602 12603 12607 12620 17835 17940 17945 17948 17949 6672 6677 6679 6680 6684 12167 6678 6683 6686 12184 12606 18159 6667 6666 6669 6668 7268 7266 7267 7273 7265 7271 7270 7272 12630 12619 12631 6685 12190 6681 12632 11640 12610 12623 12626 12633 13295 13296 11581 11596 11600 12474 12472 12453 12471 12452 19117 12451 12458 19115 19116 12455 12470 19113 12461 7689 12608 7697 7698 6674 12609 16434 6676 16442 16443 20877 23857 16441 16444 16445 13289 13290 16448 18402 18779 18780 18795 18810 18811 18815 18816 18824 18825 20722 21838 22790 13284 13291 18390 21821 21829 22771 22793 13282 20716 20687 20715 20724 19959 20686 20691 21922 24072 19960 19961 19948 19963 19967 21925 22827 23519 23642 23644 21753 21898 21899 21915 21919 21954 22006 19909 20509 20713 21751 21752 21754 21755 21756 21757 21758 21777 21787 21794 21798 21809 21811 21812 21814 21855 21865 22701 22704 22705 22757 22761 22828 22829 22845 22864 19910 19927 22699 22702 22703 19932 19942 22686 22706 22712 22713 22718 22719 22724 22734 22758 22762 19915 19931 19935 21737 22742 22847 22849 22852 22853 19785 19918 22735 22739 22760 22764 18586 19759 19779 19945 18490 18494 18496 18551 18584 18587 18588 18591 19800 19827 22786 22788 17162 18491 18493 18502 18526 18589 19627 19790 19798 19815 19816 17151 17153 17165 17169 17170 16359 17152 17175 19675 19677 19678 19682 15010 13239 15005 15006 15009 15014 15017 15018 16368 17143 17149 13277 10972 15007 15016 15990 15997 15019 15794 15998 17171 17146 19104 14279 14752 17144 17147 17390 19438 19878 12677 14139 14275 14277 14278 14280 11773 12248 12666 12668 12670 12671 12675 12676 12678 14142 14273 14281 14753 19421 11772 11780 8162 8166 10976 10981 10982 11485 11747 11755 11756 11758 12243 12244 12245 12246 12249 12261 12264 12667 12669 12672 12679 13619 14152 14154 14156 14157 14158 14754 16929 8158 8159 8160 8161 8164 8165 8172 8173 8174 8178 8182 11487 11740 11741 11753 11754 8156 8157 8170 8155 8169 8163 8167 10978 7452 8171 8175 8179 8180 8181 9811 9814 9818 11737 11749 12257 12258 12689 14148 7453 7454 7455 7457 9813 9815 9817 12701 14115 14117 9819 12262 11746 12252 12256 12259 12685 12705 8631 9868 10975 11486 11734 11735 11736 11739 11744 11745 11748 11757 12664 12665 13217 13308 13606 13617 14116 14118 14122 14124 14151 14153 14155 14160 14162 14166 8628 8630 8632 8633 8634 8635 8636 8637 8638 8639 8640 8641 8642 8643 8645 8646 8647 8648 8649 8650 8651 8652 8653 9852 9855 9856 9857 9858 9859 9860 9861 9865 9866 9867 9876 9879 9880 9881 9885 9886 9887 9888 11738 13205 13305 13306 13307 13609 13621 13626 16528 8624 8625 8626 8627 8629 9854 9862 9863 9864 9884 11730 8644 9850 9853 9873 9874 9883 12198 12199 12200 12201 12209 8654 9849 9869 9870 9871 9872 9875 9877 11479 13201 13302 13310 13311 14299 14377 11478 11488 11495 14300 14378 17391 19102 19103 23322 8562 11470 11471 11472 11473 11474 11475 11476 11477 11484 11496 11752 13196 13197 13202 13203 13207 13208 13303 13603 13612 14112 14150 14295 14374 14381 19105 8558 8561 8557 8559 8560 13199 13200 13213 13214 13215 13216 13607 13608 14120 14121 13605 9851 11480 11481 11743 13195 13198 13212 13304 13602 13604 13610 13611 13613 13614 13615 13616 13618 13622 14109 14110 14111 14113 14114 14119 14123 14146 9878 14293 14294 14296 14298 14373 19101 9882 11733 11751 11731 11732 12214 12202 12203 12206 12207 13204 13206 12204 12205 14145 14147 9812 11469 12687 13209 13211 14125 14126 14127 14128 14129 14130 14131 14133 14149 14159 14161 14163 14165 14167 14168 14369 8168 12260 12683 12691 12692 12693 12695 14164 14371 10983 10977 10984 12681 12680 12682 12686 12688 12697 12684 12694 12696 12690 14138 14143 14144 14135 14140 14134 14136 14106 14137 14141 14105 14108 14107 18092 16932 19422 16931 14384 13627 14132 14372 14382 14383 14385 19106 7785 13210 13620 13623 13624 13625 14380 16530 7783 7784 7782 14376 14379 14375 16529 19424 16527 14370 15022 15024 13592 13588 13591 9596 9598 9599 9602 9618 13582 13583 13585 13586 13587 13589 17138 9579 9588 9594 9595 9597 9611 9612 9613 17141 9572 9573 9574 9576 9577 9578 19307 19390 9585 9608 20702 20703 9586 9587 9606 9607 20738 20739 9609 9614 20742 9605 9610 19251 19077 19080 18672 18676 18678 18689 18770 18771 18786 18802 18817 18831 18880 19071 19072 19076 19078 19083 19153 19248 19249 19250 21288 21951 22037 22258 22805 23239 23252 23258 24019 18500 18661 18662 18663 18664 18670 18673 18675 18677 18679 18680 18682 18683 18684 18685 18686 18690 18696 18697 18698 18700 18701 18702 18703 18714 18715 18716 18717 18781 18782 18783 18784 18785 18787 18788 18789 18796 18797 18812 18813 18826 18827 18851 18852 18853 18866 18909 19383 21884 23718 18431 18498 18499 18501 18573 16371 16401 18386 18418 18420 18429 18430 18433 18471 18473 18478 18480 18482 18511 18546 18554 18555 20872 21700 21729 21730 21742 21818 21822 21824 21831 21839 21841 21847 21887 21908 21937 21988 16369 16370 16373 16381 16394 16397 16402 16403 16405 16406 16377 16398 16399 20867 21748 21929 21931 21932 22009 16378 16379 16414 21764 21918 21920 21923 22708 22710 23178 24066 14755 16380 16382 16407 16408 16754 19417 22715 22721 22727 24068 24069 24070 24073 24075 24189 14756 14763 14764 24077 15416 18562 19419 19775 19819 21279 21769 21774 21815 21858 21869 21894 21895 21896 21912 21913 21921 21924 21928 21934 21936 21943 21944 21945 21946 21947 21948 21949 21950 21952 21958 21959 21963 21965 22671 22685 22697 22765 22775 22777 22778 22779 22794 22796 22797 22806 22812 22814 22820 22871 22882 23330 23331 23333 23377 23467 23468 23483 23639 23660 23811 23812 23813 23815 23816 23885 24017 24018 24020 24057 24059 24061 24064 24071 24074 24078 24081 24083 24084 24086 15399 15409 15418 15401 15403 15402 15410 15411 15417 20667 19620 21281 21282 18704 19515 19525 19526 19527 19528 19536 19537 19538 19596 19599 19600 19602 19603 19604 19605 19619 19702 19707 19708 21280 21283 21732 21966 21968 22001 22020 22030 22033 22034 22036 22484 22906 23142 23341 23362 23371 23372 23379 23475 24025 18699 18905 18906 18916 18659 18665 18669 18681 18691 18692 18799 18863 18897 18900 20785 21994 18660 18706 18707 18712 20786 20816 21909 21989 21995 18693 18694 20782 21701 18735 20788 21996 18736 18738 18728 18740 17657 17666 18726 18730 18739 18764 18767 18841 18888 19768 21644 22025 18898 18776 18892 18899 18720 18748 18773 18777 18778 18858 18869 18543 18711 18718 18723 18790 18803 18804 18805 18806 18807 18808 18809 18820 18821 18834 18835 18856 18870 18883 22245 18553 18566 18580 18798 18889 22787 22878 18755 18800 18801 18829 18830 18864 18865 18887 18746 18756 18758 20844 22746 23621 18666 18671 18745 18749 18751 18757 17699 18732 18775 18891 17686 17697 17698 17715 17689 19787 19789 17706 17707 17711 17759 18733 18774 17763 18737 18845 18893 18894 18895 18724 18896 18722 18846 18847 18848 21961 22031 22698 22816 22821 22825 23485 18759 18791 18792 18822 18836 18842 18843 18844 18849 18854 18855 18859 18867 18871 18872 18878 18881 18884 18885 18886 18919 22815 22872 22899 22900 18760 18794 18793 18818 18832 18838 22012 22873 23240 23261 23290 23293 18814 18828 18857 22038 18877 22246 22888 18861 18873 18875 18876 18879 22432 23899 18860 18862 18868 20747 21285 18754 18850 18874 20728 20885 20888 20891 20895 23856 23859 23860 20843 22745 23766 16389 19847 20841 20855 20900 21249 21258 21286 21287 23855 16387 16390 16388 13993 16365 16395 16366 17382 17388 17389 17378 17385 22789 17379 17142 15791 17386 18558 18560 18561 19673 21857 21860 21873 21874 21875 21953 22259 22263 22541 22542 22560 22561 22562 22575 22582 22584 22624 22626 22634 22636 22672 22749 22763 22798 22807 22808 22863 22868 22880 22889 22891 22892 22894 22898 22903 22904 23143 23661 23662 23990 18414 18556 18590 19468 19469 19470 21369 21436 21437 21558 21559 21649 22011 22016 22354 22620 22651 23334 9720 17968 18226 18249 18416 23630 23631 13518 13512 13516 18156 18158 18214 19586 19588 22650 18147 18166 18223 18149 18186 18150 18205 17943 18148 18167 17901 17942 17944 18161 18165 18192 18200 18206 18246 17903 17911 18232 18252 16196 16205 17910 17913 18193 18233 18234 16215 16223 10912 16220 16224 17914 17917 10911 10913 17912 17828 17827 17833 17898 17916 17915 18173 24029 15398 24042 15408 24045 24047 19110 24036 24044 19109 19112 19111 17947 19108 24046 17937 24031 24040 19416 24038 18191 18194 18195 18196 18231 18273 16755 17847 18236 18256 18272 20682 16763 16750 16762 16766 16770 17857 16744 16752 17860 18945 16751 17869 18276 20684 23560 18274 18277 18179 18172 19395 20683 17865 23558 17811 17867 23559 15072 21289 24191 15071 20743 21284 22029 23994 24190 18243 20707 20734 20741 18259 20737 20746 20748 20708 20735 20693 20701 20709 18253 20694 20695 20697 20719 22017 23520 18207 18264 18265 22019 22607 22608 22895 23532 23548 23643 23658 17922 18181 18182 18208 22589 22844 23646 23648 23650 17923 17928 17929 18215 20789 22591 22615 22616 23645 23649 23782 20787 20842 20856 21642 21731 21795 21910 21997 20792 20817 20851 21606 19704 20033 20486 20819 20832 20847 21611 21619 21664 22487 22498 23197 15413 19478 19479 19519 19520 19523 19524 19641 19670 19672 19679 19681 19683 19717 19718 19719 22493 22494 22506 22508 22509 22511 22547 15406 15414 15407 19464 19474 19476 19480 19485 22566 19463 19477 19503 19509 19510 21250 22472 21275 21276 22902 21259 21866 21962 21969 24065 24192 22018 22022 22023 18840 21520 21647 21955 22024 22026 22027 22028 15741 20729 18823 18837 13292 18819 18833 18882 16451 18772 16438 16439 14588 14352 15770 19514 21425 21641 21645 21646 21648 21856 22416 22435 22444 22464 22467 22471 22476 22478 22479 22612 22613 22897 19512 19513 19516 19517 19521 19535 19716 22654 22655 23365 23366 19522 22337 22338 22339 22341 22342 22350 22352 22362 22452 22453 22642 22645 22648 23374 23653 23724 23725 23727 23887 23893 23897 23902 23903 22492 22528 22576 22599 22600 22601 22604 22617 22619 22649 20484 22477 22495 22530 22592 22593 22603 22652 22653 22665 23173 23315 23343 23344 23345 23375 23883 20488 20597 21639 20031 20034 20605 21682 22204 20026 20030 20032 20035 20609 20610 20611 20613 20614 20600 20672 24114 24113 20674 20673 22173 23735 22190 23733 22355 23886 23889 22298 22335 22353 22854 22855 23652 22588 22823 22824 23783 23784 22586 22587 22590 22846 23531 22007 23789 23335 23336 23651 23879 23891 23892 23894 23895 23896 23901 23376 23880 23881 23888 23890 23882 23884 23900 23898 22896 21796 23628 18752 21747 21797 21813 21956 18753 23664 19810 19953 23665 23785 18592 19805 19808 19830 18497 18495 19797 19822 18407 19795 19820 19794 19796 19804 19829 18731 19788 19801 19821 19780 19828 22861 19776 18734 19964 19962 20698 19966 19376 19965 19377 19304 19378 19379 19380 19388 19305 19306 19308 19309 19302 19303 17140 19310 20725 17135 17137 17139 17134 17136 9600 9590 9601 9617 17129 9589 9615 9619 17130 9616 13584 17131 14568 19381 18087 20705 20726 18088 18089 23996 12594 20704 20706 20740 19389 19394 19391 19384 19107 20710 19720 19721 22759 22666 22830 22831 21897 21967 18910 21871 21872 21890 21891 18903 18911 18912 18913 18917 18904 18907 18908 18902 18920 18901 18915 18914 18918 23312 23313 21870 20838 23734 20837 20853 20854 17650 17651 17599 17597 17741 17742 9725 9712 9726 8533 16413 24111 20730 20720 20736 23984 23700 23980 23985 23987 23989 23981 14765 14757 14750 14749 14751 17145 9816 10968 9820 10970 19726 17850 18944 18941 18940 16764 24220 16756 16758 18163 18162 11494 11742 14301 11489 11491 14302 14297 23863 18769 18709 19760 23779 19731 12219 12222 12221 12213 6738 12215 13300 6739 6746 6734 6747 6743 6750 13298 6754 6753 13301 12216 12210 20689 14769 14770 16400 16404 16101 17125 17114 17124 17113 17115 17116 17110 14944 15974 17096 17105 17111 18049 14902 14912 14922 14933 14937 14940 14942 10159 14901 10151 14935 14909 14923 14936 15957 12742 13701 14905 14910 14911 14913 14932 15938 12741 12755 12740 12744 12754 12753 18616 18618 11060 11088 18933 11061 11063 11065 11068 11075 17974 18928 11064 11069 11076 11090 17975 15932 17976 17977 15933 15934 17978 16453 18002 16437 16450 7704 7834 12119 16845 16852 10943 11089 12139 10932 10941 10942 10944 10930 10931 10929 10940 10946 12140 12138 15942 18047 18046 18039 13702 14921 15937 17094 17182 18040 18041 13704 13706 9790 13707 8852 9780 9791 9799 8860 9781 9785 10366 9786 10367 9800 10373 17186 15943 17183 17184 18042 18952 14926 15939 15941 15977 10392 14914 14924 14925 14931 10383 10390 10393 10381 10384 14930 8829 10382 10385 8827 8830 12743 13542 15958 8828 10368 10374 10394 10369 10372 10391 10846 10845 14929 14928 14939 5837 12756 13544 15975 12758 12745 13545 17099 13543 15960 17098 11723 14915 13705 14906 14916 14903 14908 12757 14907 18951 17095 17083 10387 13716 17084 10388 10380 10386 17081 10379 17080 17082 10389 16327 5305 16324 16328 5302 5306 5303 16330 16332 16326 16331 16334 17103 16119 16323 16325 17087 10780 13712 16115 16117 16120 10779 13692 13690 13710 16322 16333 16116 16118 16121 17085 17086 17101 17100 17102 17104 17106 16670 17107 16672 17112 18927 8306 13695 13694 13697 13717 9788 13691 13715 9794 9793 8856 13714 10778 13711 13696 13698 13720 13718 13719 13721 16889 16887 16888 16893 16911 16886 16891 16896 16908 16916 16890 16895 16906 16914 16809 16892 16921 16797 16810 16798 16799 16915 16907 16910 16905 16909 16920 16923 16924 16922 11493 12263 16858 16854 5329 9166 12159 12160 12161 17348 5327 9164 9167 12156 12162 9165 12157 12155 12158 12194 14271 14272 14274 16928 8176 11482 11062 11092 11091 12065 17066 11070 11093 11071 11073 12066 12081 12069 16668 16666 17071 14083 18935 18936 18934 14169 23728 14904 14919 14647 14631 14648 14630 14634 14633 14640 14641 14635 14636 15972 19382 17475 17478 19084 13580 12698 12699 12255 12253 12254 7459 11483 12223 12237 14276 4266 4263 16930 8177 17156 17166 17172 17176 17174 17150 17160 17164 15670 19296 15697 15648 12468 12624 13288 8743 12192 8741 8742 5826 8740 12174 5824 5825 5823 8737 8736 8738 12612 17958 12173 12191 17465 17464 17462 14585 12445 14786 9188 23606 9185 12589 12595 12593 12476 12457 23441 17677 17168 19940 19004 13023 13025 17358 17360 17354 4126 4128 13794 13773 15404 13777 15396 15405 15397 14054 14052 14251 14250 14265 14264 17931 15336 
7: 4269 4270 4272 5774 12268 11332 8218 8220 9029 9030 9031 9032 9033 9044 11328 11329 11330 11331 11333 11334 11335 11336 11338 11340 11341 11342 11343 11348 11349 11350 11351 11353 11356 12005 12006 12008 12011 12266 12269 12270 12307 8208 8216 8219 8222 8227 8209 8229 12007 8225 12009 8224 12012 8206 8211 8215 8217 8226 8231 8295 12282 12285 12286 15832 15834 8204 8205 8207 11363 15831 15833 8210 8223 11357 15811 12265 15810 11352 12272 12273 12274 11354 12310 11337 11355 11360 11339 11345 11347 9034 11344 11346 9048 9049 11361 11362 9046 9047 9050 12974 12976 9045 12954 12956 12308 12309 12267 12311 12950 15807 15813 12276 15809 8291 8292 8294 9041 11327 12275 12278 12283 15828 15829 8293 15837 11326 9028 12979 12277 12980 12981 12280 12982 8221 12284 15821 15819 15822 15825 15820 15823 15808 8232 15812 12936 8296 11359 12271 15830 
8: 4695 4696 8808 9064 
9: 4806 4810 4808 4809 11523 11540 12882 13669 13670 11522 14705 14706 11524 11525 11526 11529 11530 11542 11544 11547 11552 11556 14684 11560 14685 11554 11565 14691 14688 14683 14689 14690 14692 14693 14686 14687 
10: 4897 4898 4901 4902 4900 4899 4907 10275 4906 13680 13683 10276 11673 10269 10270 10273 10282 11653 11654 11669 11672 10271 10272 10278 11099 11102 11103 11650 7302 7303 9245 11651 11652 11655 7300 7301 7305 7304 7308 9240 9241 9242 11670 11671 9244 9246 11675 9243 11676 9248 11674 11724 6225 6224 11656 11658 11657 11660 11661 12656 12660 13677 10289 12659 12761 10287 10288 10286 10280 12760 10284 10279 
11: 5394 5395 
12: 6008 6017 7159 7160 
13: 6852 6853 6854 6860 9889 10415 14612 14613 6856 6861 9890 10416 14614 14615 6864 13849 14603 6862 8864 13853 14607 14608 14609 8862 13851 14604 14605 14606 13377 13847 14602 14622 14616 14617 14623 14620 9897 10421 14618 14621 9896 10420 14619 16133 16134 16135 
14: 7041 13127 16161 13115 13123 13126 13114 11711 7993 10801 11417 11708 12832 13116 13122 13918 15464 7991 16157 10814 11413 11418 11443 11414 11431 11432 13124 11444 16035 16034 15316 14449 15297 15301 15308 15309 15315 14447 14448 14455 14446 14452 14451 15300 14453 15298 14454 15303 15306 15294 15293 15295 15289 15296 10789 15290 15291 10788 10791 10790 10794 10795 10796 10803 10807 15292 15299 11030 12835 13125 11031 12828 10536 15463 
15: 7286 7287 
16: 8267 
17: 8270 9279 9277 9280 9269 9278 11624 11625 
18: 9290 
19: 9673 9674 9675 9676 9677 10083 10087 12295 
20: 9753 9755 
21: 9823 9824 9826 9827 
22: 9892 9894 9899 10418 18100 9893 9901 10419 13064 9900 10092 10098 10093 10099 10089 10115 10088 10114 13065 10424 18101 10423 
23: 10936 
24: 12108 12109 
25: 12170 
26: 17055 17056 17057 
