# The directed communities at k=7
# from /Users/bogna/dev/role-mining/datasets/hepth/timeslots/cit-HepTh-1998.edges
# at no lower link weight threshold,
# and at no upper link weight threshold.
# Links were treated as directed.
# No time limit was set for the clique search.

0: 9801051 9709005 9710030 9801085 9806096 9809076 9810024 9810203 
1: 9403040 9604091 9604156 9511194 9704006 9803194 9805019 9612215 9805170 9806155 9807138 9808141 9809111 9810188 9811064 9812003 9812031 9812135 9812226 
2: 9802030 9803084 9803121 9803156 9803178 9803210 9804106 9805012 9805032 9805167 9806093 9807100 
3: 9801042 9212088 9303012 9401059 9402008 9711110 9801133 9802174 9803007 9806110 9807070 
4: 9807080 9808014 9809158 9810201 9810244 9810250 9812097 
5: 9801030 9510209 9602070 9603142 9605136 9609209 9704177 9706171 9707143 9709043 9710208 9711197 9801087 9801123 9802111 9802148 9803235 9806051 9807124 9808101 
6: 9510017 9601029 9801019 9204099 9310194 9711138 9711200 9712251 9601038 9602022 9510169 9602135 9704005 9711161 9712073 9712239 9801076 9307049 9604129 9604178 9605049 9606169 9705163 9706051 9708040 9704059 9603167 9710014 9705117 9801206 9606165 9802042 9711002 9802047 9606176 9802076 9405171 9608053 9802109 9702076 9703040 9708005 9802116 9802126 9802150 9802183 9802195 9802198 9802203 9803001 9803131 9803135 9803263 9805114 9805129 9808016 9808017 9809022 9803002 9803013 9803015 9803023 9803028 9803039 9803051 9712074 9803053 9803060 9803061 9803068 9803076 9803077 9803082 9803085 9803086 9803090 9803109 9803111 9803119 9803137 9803138 9803141 9803167 9803168 9803171 9803174 9803193 9803196 9803214 9803220 9803231 9803249 9803251 9803252 9806026 9804006 9804019 9804026 9804031 9804035 9804037 9804058 9804060 9804062 9804083 9804085 9804092 9804093 9804095 9804099 9804110 9804111 9804113 9804129 9804141 9804149 9804159 9804166 9804170 9804172 9804175 9804182 9804184 9805014 9805047 9805050 9805064 9805082 9805096 9805097 9805099 9805104 9805105 9805112 9805131 9805139 9805140 9805145 9805146 9805157 9805162 9805165 9805171 9805182 9805207 9805208 9806004 9806008 9806012 9806021 9806024 9806041 9806042 9806044 9806074 9806075 9806080 9806089 9806091 9806103 9806104 9806113 9806125 9806128 9806131 9806132 9806141 9806143 9806158 9806159 9806162 9806171 9806180 9806194 9806195 9806197 9806213 9806216 9806235 9807033 9807046 9807080 9807090 9807093 9807097 9807098 9807140 9807150 9807156 9807164 9807173 9807179 9807185 9807196 9807200 9811010 9807205 9807235 9807240 9807241 9808002 9808006 9808014 9808019 9808037 9808048 9808051 9808075 9808100 9808117 9808139 9808143 9808149 9808157 9808168 9808182 9808184 9809009 9809021 9809027 9809033 9809055 9809059 9809067 9809106 9809132 9809133 9809147 9809164 9809172 9809179 9809188 9809193 9810010 9810051 9810063 9810069 9810083 9810092 9810123 9810135 9810142 9810151 9810186 9810195 9810201 9810206 9810226 9810243 9810244 9811002 9811004 9811005 9811019 9811028 9811035 9811042 9811047 9811056 9811057 9811060 9811097 9811106 9811107 9811120 9811139 9811146 9811147 9811152 9811156 9811162 9811167 9811172 9811192 9811193 9811201 9811208 9811230 9811257 9812007 9812012 9812016 9812025 9812027 9812046 9812067 9812097 9812100 9812109 9812118 9812163 9812194 9812226 9812238 9812252 
7: 9510135 9610043 9611042 9611202 9711162 9711165 9801147 9712201 9801170 9802052 9802068 9807198 9810099 9803031 9803044 9803067 9803166 9806099 9805034 9809039 9810072 9810116 9810179 9810185 9810219 9811159 9811213 9812143 9812172 9812219 
8: 9610043 9504150 9803027 9803170 9806133 9808120 9809165 9810158 9811083 9811254 
9: 9610043 9608024 9704080 9709220 9710009 9711037 9706072 9710174 9705091 9805007 9805018 9806018 9806028 9806066 9806108 9806109 9806136 9806166 9806240 9807071 9808188 9810021 
10: 9711200 9801206 9802109 9802150 9805028 9805041 9805151 9805217 9806095 9807115 9809213 9807206 9808020 9808038 9808052 9808088 9808146 9809045 9809076 9809145 9809164 9810024 9810136 9810195 9811167 9812062 9812066 9812087 9812220 
11: 9510209 9602070 9805157 9809147 9810155 9811141 9811193 9812163 
12: 9801061 9711108 9712062 9802007 9802185 9803217 9804104 9805172 9806015 
13: 9801002 9611230 9703051 9703166 9703210 9706047 9706082 9708118 9708134 9712028 9712193 9801017 9801020 9801060 9801134 9801207 9802067 9803197 9805029 9805158 9809181 
14: 9611230 9607201 9408099 9801067 9603009 9709013 9710116 9711130 9712211 9605150 9801205 9606044 9608005 9802033 9802189 9803097 9803127 9803142 9803194 9804160 9804164 9804174 9804210 9805076 9805220 9806011 9806126 9806159 9807117 9809026 9811064 9812028 9812209 9812227 
15: 9802109 9702076 9703040 9802150 9805069 9806240 9808039 9811019 
16: 9711200 9802042 9809033 9809061 9810224 9811120 9812121 
17: 9602135 9802109 9802150 9803131 9804170 9805156 9807196 9809032 9809033 9810053 9811019 9812121 
18: 9702133 9802152 9809076 9810024 9810136 9810203 9811134 
19: 9611230 9801134 9803033 9803086 9803186 9803232 9805139 9806092 9806177 9807082 9810254 9812072 9812097 
20: 9802109 9802150 9802203 9810126 9810206 9812035 9812067 9812092 
21: 9711200 9802109 9802150 9802183 9806087 9807080 9807164 9812035 9812092 
22: 9801002 9611230 9702014 9708134 9712193 9801017 9801020 9801134 9802067 9802151 9803033 9803086 9803186 9806092 9806177 9812097 
23: 9712251 9806026 9804085 9804159 9806195 9809059 9809172 
24: 9711200 9802109 9802150 9807225 9809055 9810195 9811120 9811167 
25: 9711200 9802109 9803001 9805114 9808016 9809022 9809055 
26: 9801019 9204099 9711138 9712251 9806026 9804062 9804095 9805050 9806104 
