# The graph of directed at k=4
# from /Users/bogna/dev/role-mining/datasets/hepth/timeslots/cit-HepTh-1997.edges
# at no lower link weight threshold,
# and at no upper link weight threshold.
# Links were treated as directed.
# No time limit was set for the clique search.

1 5 2
1 10 7
1 12 12
1 25 2
1 29 8
1 33 4
1 34 3
1 43 1
1 49 1
1 54 3
1 55 4
1 57 1
1 58 2
1 60 19
1 61 3
1 66 2
1 67 4
1 68 3
1 69 14
1 71 2
1 73 2
1 75 16
1 76 16
1 77 4
1 78 2
1 80 2
1 81 4
1 82 4
1 83 7
1 84 2
1 85 1
1 86 3
1 87 9
1 89 4
1 90 2
1 91 4
1 92 4
1 93 4
1 94 3
1 96 3
1 97 3
1 98 4
1 99 3
1 100 5
1 101 10
1 102 6
1 103 6
1 104 2
1 105 4
1 106 3
3 8 3
3 68 2
4 15 2
4 88 2
5 33 8
5 76 3
5 106 1
8 68 2
12 29 2
12 101 1
14 44 1
15 74 2
15 88 2
19 76 1
23 59 1
25 60 2
25 80 2
25 99 1
25 105 1
26 65 1
29 69 1
29 101 1
31 32 2
33 34 1
33 60 2
33 61 1
33 68 1
33 76 3
33 84 1
33 97 1
33 105 1
34 60 3
34 69 1
34 76 2
39 41 1
39 84 1
41 84 1
43 61 1
47 69 1
54 75 1
55 71 1
58 59 2
58 73 1
60 67 1
60 68 1
60 76 3
60 80 2
60 83 1
60 84 1
60 91 2
60 97 1
60 98 1
60 99 1
60 102 1
60 105 2
60 106 1
61 76 1
62 70 1
63 95 3
66 83 1
66 103 1
67 103 1
68 76 2
68 77 1
68 83 1
68 91 1
68 98 1
68 102 1
68 106 1
69 77 1
71 104 1
73 90 1
74 88 2
75 89 3
76 83 2
76 85 1
76 98 1
76 102 2
76 106 1
77 84 1
77 91 1
77 97 2
80 99 2
80 105 1
83 98 1
83 101 1
83 102 2
83 106 1
84 97 2
84 105 1
87 101 1
89 90 3
93 100 1
96 100 2
97 105 1
98 102 1
98 106 1
100 103 2
101 105 1
102 106 1
