# The graph of directed at k=3
# from /Users/bogna/dev/role-mining/datasets/hepth/timeslots/cit-HepTh-2001.edges
# at no lower link weight threshold,
# and at no upper link weight threshold.
# Links were treated as directed.
# No time limit was set for the clique search.

0 1 2
0 2 6
0 5 1
0 6 1
0 7 1
0 9 6
0 10 3
0 11 7
0 13 5
0 14 2
0 16 2
0 19 5
0 20 8
0 26 1
0 27 2
0 29 6
0 30 4
0 37 1
0 38 5
0 40 8
0 43 6
0 44 1
0 46 4
0 48 2
0 51 3
0 53 1
0 56 5
0 57 1
0 58 2
0 60 3
0 61 4
0 62 3
0 66 5
0 67 3
0 69 1
0 74 2
0 75 1
0 80 1
0 84 3
0 85 1
0 91 1
0 95 3
0 96 5
0 99 10
0 100 1
0 102 2
0 103 2
0 104 1
0 106 1
0 107 1
0 109 1
0 110 1
0 111 1
0 112 7
0 114 6
0 118 2
0 119 1
0 129 1
0 131 11
0 132 6
0 135 2
0 136 3
0 137 1
0 143 1
0 148 1
0 150 2
0 153 1
0 154 1
0 157 3
0 158 2
0 160 3
0 161 1
0 163 1
0 164 2
0 166 4
0 167 1
0 173 2
0 175 1
0 177 1
0 178 1
0 179 1
0 183 2
0 184 1
0 186 1
0 187 1
0 188 15
0 189 2
0 191 1
0 192 3
0 193 17
0 194 10
0 197 2
0 198 3
0 199 3
0 200 1
0 202 1
0 203 3
0 204 1
0 206 3
0 207 2
0 208 5
0 211 2
0 212 3
0 213 2
0 214 3
0 215 3
0 216 3
0 217 1
0 218 3
0 219 1
0 220 3
0 221 1
0 222 1
0 223 2
0 224 1
0 225 6
0 226 2
0 227 2
0 228 3
0 229 3
1 213 1
2 219 1
4 67 1
4 123 4
5 6 1
6 131 1
7 26 1
9 19 1
9 20 3
9 131 3
9 188 3
9 194 3
11 182 1
12 104 2
12 186 3
13 27 1
15 196 1
16 117 1
17 18 1
17 47 1
18 47 1
18 76 1
19 20 2
19 131 3
19 163 1
19 188 1
19 194 1
20 131 5
20 164 1
20 188 3
20 194 3
27 70 1
27 203 1
28 43 1
29 56 1
29 132 1
30 43 1
30 48 1
30 84 1
30 99 2
30 114 1
30 170 2
30 180 1
31 73 1
31 122 1
31 160 1
37 68 1
38 39 1
38 132 1
38 183 1
38 222 1
40 203 4
40 223 1
43 61 2
43 66 2
43 96 3
43 99 3
43 114 3
43 180 1
43 188 2
43 200 1
46 194 1
47 204 2
48 120 1
48 153 1
49 65 3
49 127 1
50 53 2
50 96 1
53 96 1
53 158 1
53 160 1
53 193 1
53 208 1
53 225 1
55 130 1
55 190 1
55 201 1
58 81 1
61 66 2
61 96 2
61 99 2
61 114 1
61 188 4
61 200 1
65 90 1
66 96 2
66 99 10
66 114 1
66 188 2
66 200 1
73 122 1
73 160 1
74 161 3
77 175 1
84 125 1
84 170 1
84 207 1
85 93 1
86 209 1
88 205 1
90 181 1
92 179 1
94 157 1
95 143 1
96 99 5
96 114 2
96 188 4
96 200 1
96 224 1
99 114 5
99 180 2
99 188 4
99 200 1
102 220 1
103 179 1
104 186 7
106 189 1
108 187 1
108 217 1
112 157 2
112 222 1
112 224 1
114 188 1
114 200 1
116 144 1
118 209 1
119 135 1
119 190 1
122 160 1
130 227 1
131 164 1
131 188 3
131 194 3
132 166 1
132 214 1
132 222 1
135 166 1
136 206 1
138 190 1
149 168 1
149 215 1
149 226 1
158 160 1
158 193 1
158 208 1
158 225 1
160 193 3
160 208 2
160 225 1
165 209 1
165 210 1
168 177 1
168 226 1
187 217 1
187 221 1
188 194 3
188 200 1
190 201 1
193 208 2
193 225 4
194 219 1
202 221 1
203 223 1
208 225 1
209 210 1
