# The links inside the directed communities at k=15
# from /Users/bogna/dev/role-mining/datasets/hepth/timeslots/cit-HepTh-2001.edges
# at no lower link weight threshold,
# and at no upper link weight threshold.
# Links were treated as directed.
# No time limit was set for the clique search.

0:
0101073 0008140
0101073 0009244
0101073 0010127
0101073 0011115
0101073 0101076
0101073 0101083
0102042 0101073
0102113 0101073
0102138 0101073
0102184 0101073
0103078 0101073
0103108 0101073
0103241 0101073
0104141 0101073
0104159 0101073
0105052 0101073
0105070 0101073
0105093 0101073
0105117 0101073
0105214 0101073
0105249 0101073
0106086 0101073
0107134 0101073
0108172 0101073
0111008 0101073
0111093 0101073
0111238 0101073
0111276 0101073
0111182 0101073
0101076 0008140
0101083 0008140
0102042 0008140
0102113 0008140
0102138 0008140
0102184 0008140
0103078 0008140
0103108 0008140
0103241 0008140
0104141 0008140
0104159 0008140
0105036 0008140
0105052 0008140
0105070 0008140
0105093 0008140
0105117 0008140
0105214 0008140
0105249 0008140
0106086 0008140
0107134 0008140
0108172 0008140
0111008 0008140
0111093 0008140
0111238 0008140
0111276 0008140
0111182 0008140
0101076 0009244
0101083 0009244
0102042 0009244
0102113 0009244
0102138 0009244
0102184 0009244
0103078 0009244
0103108 0009244
0103241 0009244
0104141 0009244
0104159 0009244
0105052 0009244
0105070 0009244
0105117 0009244
0105214 0009244
0106086 0009244
0107134 0009244
0108172 0009244
0111008 0009244
0111093 0009244
0111238 0009244
0111182 0009244
0101076 0010127
0101083 0010127
0102042 0010127
0102113 0010127
0102138 0010127
0102184 0010127
0103078 0010127
0103108 0010127
0103241 0010127
0104141 0010127
0104159 0010127
0105052 0010127
0105070 0010127
0105117 0010127
0105214 0010127
0106086 0010127
0107134 0010127
0108172 0010127
0111008 0010127
0111093 0010127
0111238 0010127
0111182 0010127
0102042 0011115
0102113 0011115
0102138 0011115
0102184 0011115
0103078 0011115
0103108 0011115
0103241 0011115
0104141 0011115
0105036 0011115
0105052 0011115
0105070 0011115
0105093 0011115
0105117 0011115
0105214 0011115
0105249 0011115
0107134 0011115
0108172 0011115
0111008 0011115
0111093 0011115
0111238 0011115
0111276 0011115
0111182 0011115
0101076 0101083
0102042 0101076
0102113 0101076
0102138 0101076
0102184 0101076
0103108 0101076
0103241 0101076
0104141 0101076
0104159 0101076
0105036 0101076
0105052 0101076
0105070 0101076
0105093 0101076
0105117 0101076
0105214 0101076
0105249 0101076
0106086 0101076
0107134 0101076
0108172 0101076
0111008 0101076
0111093 0101076
0111238 0101076
0111276 0101076
0111182 0101076
0102042 0101083
0102113 0101083
0102138 0101083
0102184 0101083
0103078 0101083
0103108 0101083
0103241 0101083
0104141 0101083
0104159 0101083
0105052 0101083
0105070 0101083
0105117 0101083
0105214 0101083
0106086 0101083
0107134 0101083
0108172 0101083
0111008 0101083
0111093 0101083
0111238 0101083
0111182 0101083
0102113 0102042
0102138 0102042
0102184 0102042
0103078 0102042
0103108 0102042
0103241 0102042
0104141 0102042
0104159 0102042
0105036 0102042
0105052 0102042
0105070 0102042
0105093 0102042
0105117 0102042
0105214 0102042
0105249 0102042
0106086 0102042
0107134 0102042
0108172 0102042
0111008 0102042
0111093 0102042
0111238 0102042
0111276 0102042
0111182 0102042
0102138 0102113
0103078 0102113
0103108 0102113
0103241 0102113
0104141 0102113
0104159 0102113
0105036 0102113
0105052 0102113
0105070 0102113
0105093 0102113
0105117 0102113
0105214 0102113
0105249 0102113
0106086 0102113
0107134 0102113
0108172 0102113
0111008 0102113
0111093 0102113
0111238 0102113
0111276 0102113
0111182 0102113
0103078 0102138
0103108 0102138
0103241 0102138
0104141 0102138
0104159 0102138
0105036 0102138
0105052 0102138
0105070 0102138
0105093 0102138
0105117 0102138
0105214 0102138
0105249 0102138
0106086 0102138
0107134 0102138
0108172 0102138
0111008 0102138
0111093 0102138
0111238 0102138
0111276 0102138
0111182 0102138
0103078 0102184
0103108 0102184
0103241 0102184
0104141 0102184
0105052 0102184
0105070 0102184
0105093 0102184
0105117 0102184
0105214 0102184
0107134 0102184
0108172 0102184
0111008 0102184
0111093 0102184
0111238 0102184
0111182 0102184
0103108 0103078
0103241 0103078
0104141 0103078
0105036 0103078
0105052 0103078
0105070 0103078
0105093 0103078
0105214 0103078
0105249 0103078
0106086 0103078
0107134 0103078
0108172 0103078
0111008 0103078
0111093 0103078
0111238 0103078
0111276 0103078
0111182 0103078
0103241 0103108
0104141 0103108
0104159 0103108
0105036 0103108
0105052 0103108
0105070 0103108
0105093 0103108
0105117 0103108
0105214 0103108
0105249 0103108
0106086 0103108
0107134 0103108
0108172 0103108
0111008 0103108
0111093 0103108
0111238 0103108
0111276 0103108
0111182 0103108
0104141 0103241
0104159 0103241
0105052 0103241
0105070 0103241
0105093 0103241
0105117 0103241
0105214 0103241
0107134 0103241
0108172 0103241
0111093 0103241
0111238 0103241
0111182 0103241
0105036 0104141
0105052 0104141
0105070 0104141
0105093 0104141
0105117 0104141
0105214 0104141
0105249 0104141
0107134 0104141
0108172 0104141
0111008 0104141
0111093 0104141
0111238 0104141
0111276 0104141
0111182 0104141
0105052 0104159
0105070 0104159
0105117 0104159
0105214 0104159
0107134 0104159
0108172 0104159
0111093 0104159
0105070 0105036
0105093 0105036
0105117 0105036
0105214 0105036
0105249 0105036
0107134 0105036
0108172 0105036
0111008 0105036
0111093 0105036
0111238 0105036
0111182 0105036
0105093 0105052
0105117 0105052
0105214 0105052
0105249 0105052
0107134 0105052
0108172 0105052
0111008 0105052
0111093 0105052
0111238 0105052
0111276 0105052
0111182 0105052
0105093 0105070
0105117 0105070
0105214 0105070
0105249 0105070
0107134 0105070
0108172 0105070
0111008 0105070
0111093 0105070
0111238 0105070
0111276 0105070
0111182 0105070
0105117 0105093
0105214 0105093
0105249 0105093
0107134 0105093
0108172 0105093
0111093 0105093
0111238 0105093
0111276 0105093
0111182 0105093
0105214 0105117
0105249 0105117
0107134 0105117
0108172 0105117
0111008 0105117
0111093 0105117
0111238 0105117
0111276 0105117
0111182 0105117
0105249 0105214
0108172 0105214
0111008 0105214
0111093 0105214
0111238 0105214
0111276 0105214
0111182 0105214
0108172 0105249
0111093 0105249
0111238 0105249
0111276 0105249
0107134 0106086
0108172 0106086
0111008 0106086
0111093 0106086
0111238 0106086
0111182 0106086
0108172 0107134
0111008 0107134
0111093 0107134
0111238 0107134
0111182 0107134
0111008 0108172
0111093 0108172
0111238 0108172
0111182 0108172
0111008 0111093
0111238 0111008
0111276 0111008
0111182 0111008
0111238 0111093
0111276 0111093
0111182 0111093
0111276 0111238
0111238 0111182
0111276 0111182
1:
0103171 9806146
0112045 9806146
0106113 9806146
0106191 9806146
0106247 9806146
0107134 9806146
0109213 9806146
0110007 9806146
0110108 9806146
0112226 9806146
0110031 9806146
0110062 9806146
0111008 9806146
0111093 9806146
0111238 9806146
0111182 9806146
0112152 9806146
0112045 0103171
0106113 0103171
0106191 0103171
0106247 0103171
0107134 0103171
0109213 0103171
0110007 0103171
0110108 0103171
0112226 0103171
0110031 0103171
0110062 0103171
0111093 0103171
0111238 0103171
0111182 0103171
0112152 0103171
0112045 0106113
0112045 0106191
0112045 0106247
0112045 0107134
0112045 0109213
0112045 0110007
0112045 0110108
0112226 0112045
0112045 0110031
0112045 0110062
0112045 0111008
0112045 0111093
0112045 0111238
0112045 0111182
0112152 0112045
0106191 0106113
0106247 0106113
0107134 0106113
0109213 0106113
0110007 0106113
0110108 0106113
0112226 0106113
0110031 0106113
0110062 0106113
0111008 0106113
0111093 0106113
0111238 0106113
0111182 0106113
0112152 0106113
0106247 0106191
0107134 0106191
0109213 0106191
0110007 0106191
0110108 0106191
0112226 0106191
0110031 0106191
0110062 0106191
0111008 0106191
0111093 0106191
0111238 0106191
0111182 0106191
0112152 0106191
0107134 0106247
0109213 0106247
0110007 0106247
0110108 0106247
0112226 0106247
0110031 0106247
0110062 0106247
0111008 0106247
0111093 0106247
0111238 0106247
0111182 0106247
0112152 0106247
0109213 0107134
0110007 0107134
0112226 0107134
0110031 0107134
0111008 0107134
0111093 0107134
0111238 0107134
0111182 0107134
0112152 0107134
0110007 0109213
0110108 0109213
0112226 0109213
0110031 0109213
0110062 0109213
0111008 0109213
0111093 0109213
0111238 0109213
0111182 0109213
0112152 0109213
0112226 0110007
0110031 0110007
0110062 0110007
0111008 0110007
0111093 0110007
0111238 0110007
0111182 0110007
0112152 0110007
0112226 0110108
0110108 0110031
0110108 0110062
0111008 0110108
0111093 0110108
0111238 0110108
0111182 0110108
0112152 0110108
0112226 0110031
0112226 0110062
0112226 0111008
0112226 0111093
0112226 0111238
0112226 0111182
0112226 0112152
0110062 0110031
0111008 0110031
0111093 0110031
0111238 0110031
0111182 0110031
0112152 0110031
0111008 0110062
0111093 0110062
0111238 0110062
0111182 0110062
0112152 0110062
0111008 0111093
0111238 0111008
0111182 0111008
0112152 0111008
0111238 0111093
0111182 0111093
0112152 0111093
0111238 0111182
0112152 0111238
0112152 0111182
