# The directed communities at k=10
# from /Users/bogna/dev/role-mining/datasets/hepth/timeslots/cit-HepTh-1996.edges
# at no lower link weight threshold,
# and at no upper link weight threshold.
# Links were treated as directed.
# No time limit was set for the clique search.

0: 9601029 9602043 9602051 9602065 9603061 9603195 9605224 9606113 9607001 9610031 
1: 9601029 9602043 9602051 9602065 9603078 9603109 9604052 9604089 9604127 9605017 
2: 9510017 9601029 9602043 9602051 9602065 9602135 9603109 9604089 9605016 9606016 
3: 9601029 9601152 9602043 9604042 9604166 9606185 9608108 9609076 9610172 9612051 
4: 9601029 9511064 9601152 9602043 9602051 9604042 9606185 9607149 9607235 9610045 
5: 9512031 9601029 9511064 9602043 9602051 9602065 9603061 9603078 9603109 9603126 9603147 9603195 9604042 9604134 9604166 9604189 9605016 9605051 9605091 9606033 9606185 9607149 9607235 9610045 9611125 9611189 
6: 9601029 9309145 9601152 9602043 9602051 9604042 9606185 9607149 9607235 9611189 
7: 9601029 9602043 9602051 9603061 9603109 9604042 9605091 9606033 9606185 9611189 
8: 9601029 9602043 9602051 9603061 9603109 9604042 9605234 9606185 9608108 9610172 9611125 
9: 9510017 9601029 9602043 9602051 9602065 9603061 9603090 9603126 9604189 9605236 
10: 9601029 9602043 9602051 9602135 9603109 9604089 9606033 9606185 9607149 9609053 
11: 9601029 9602043 9602051 9603109 9603147 9603195 9605051 9606033 9606185 9607149 9609053 
