# The links inside the directed communities at k=10
# from /Users/bogna/dev/role-mining/datasets/hepth/timeslots/cit-HepTh-1996.edges
# at no lower link weight threshold,
# and at no upper link weight threshold.
# Links were treated as directed.
# No time limit was set for the clique search.

0:
9602043 9601029
9602051 9601029
9602065 9601029
9603061 9601029
9603195 9601029
9605224 9601029
9606113 9601029
9607001 9601029
9610031 9601029
9602051 9602043
9602065 9602043
9603061 9602043
9603195 9602043
9605224 9602043
9606113 9602043
9607001 9602043
9610031 9602043
9602065 9602051
9603061 9602051
9603195 9602051
9605224 9602051
9606113 9602051
9607001 9602051
9610031 9602051
9603061 9602065
9603195 9602065
9605224 9602065
9606113 9602065
9607001 9602065
9610031 9602065
9603195 9603061
9605224 9603061
9606113 9603061
9607001 9603061
9610031 9603061
9605224 9603195
9606113 9603195
9607001 9603195
9610031 9603195
9606113 9605224
9607001 9605224
9610031 9605224
9607001 9606113
9610031 9606113
9610031 9607001
1:
9602043 9601029
9602051 9601029
9602065 9601029
9603078 9601029
9603109 9601029
9604052 9601029
9604089 9601029
9604127 9601029
9605017 9601029
9602051 9602043
9602065 9602043
9603078 9602043
9603109 9602043
9604052 9602043
9604089 9602043
9604127 9602043
9605017 9602043
9602065 9602051
9603078 9602051
9603109 9602051
9604052 9602051
9604089 9602051
9604127 9602051
9605017 9602051
9603078 9602065
9603109 9602065
9604052 9602065
9604089 9602065
9604127 9602065
9605017 9602065
9603109 9603078
9604052 9603078
9604089 9603078
9604127 9603078
9605017 9603078
9604052 9603109
9604089 9603109
9604127 9603109
9605017 9603109
9604089 9604052
9604127 9604052
9605017 9604052
9604127 9604089
9605017 9604089
9605017 9604127
2:
9601029 9510017
9602043 9510017
9602051 9510017
9602065 9510017
9602135 9510017
9603109 9510017
9604089 9510017
9605016 9510017
9606016 9510017
9602043 9601029
9602051 9601029
9602065 9601029
9602135 9601029
9603109 9601029
9604089 9601029
9605016 9601029
9606016 9601029
9602051 9602043
9602065 9602043
9602135 9602043
9603109 9602043
9604089 9602043
9605016 9602043
9606016 9602043
9602065 9602051
9602135 9602051
9603109 9602051
9604089 9602051
9605016 9602051
9606016 9602051
9602135 9602065
9603109 9602065
9604089 9602065
9605016 9602065
9606016 9602065
9603109 9602135
9604089 9602135
9605016 9602135
9606016 9602135
9604089 9603109
9605016 9603109
9606016 9603109
9605016 9604089
9606016 9604089
9606016 9605016
3:
9601152 9601029
9602043 9601029
9604042 9601029
9604166 9601029
9606185 9601029
9608108 9601029
9609076 9601029
9610172 9601029
9612051 9601029
9602043 9601152
9604042 9601152
9604166 9601152
9606185 9601152
9608108 9601152
9609076 9601152
9610172 9601152
9612051 9601152
9604042 9602043
9604166 9602043
9606185 9602043
9608108 9602043
9609076 9602043
9610172 9602043
9612051 9602043
9604166 9604042
9606185 9604042
9608108 9604042
9609076 9604042
9610172 9604042
9612051 9604042
9606185 9604166
9608108 9604166
9609076 9604166
9610172 9604166
9612051 9604166
9608108 9606185
9609076 9606185
9610172 9606185
9612051 9606185
9609076 9608108
9610172 9608108
9612051 9608108
9610172 9609076
9612051 9609076
9612051 9610172
4:
9601029 9511064
9601152 9601029
9602043 9601029
9602051 9601029
9604042 9601029
9606185 9601029
9607149 9601029
9607235 9601029
9610045 9601029
9601152 9511064
9602043 9511064
9602051 9511064
9604042 9511064
9606185 9511064
9607149 9511064
9607235 9511064
9610045 9511064
9602043 9601152
9602051 9601152
9604042 9601152
9606185 9601152
9607149 9601152
9607235 9601152
9610045 9601152
9602051 9602043
9604042 9602043
9606185 9602043
9607149 9602043
9607235 9602043
9610045 9602043
9604042 9602051
9606185 9602051
9607149 9602051
9607235 9602051
9610045 9602051
9606185 9604042
9607149 9604042
9607235 9604042
9610045 9604042
9607149 9606185
9607235 9606185
9610045 9606185
9607235 9607149
9610045 9607149
9610045 9607235
5:
9601029 9512031
9602043 9512031
9602051 9512031
9603061 9512031
9603078 9512031
9603126 9512031
9603147 9512031
9604134 9512031
9605051 9512031
9605091 9512031
9606033 9512031
9606185 9512031
9601029 9511064
9602043 9601029
9602051 9601029
9602065 9601029
9603061 9601029
9603078 9601029
9603109 9601029
9603126 9601029
9603147 9601029
9603195 9601029
9604042 9601029
9604134 9601029
9604166 9601029
9604189 9601029
9605016 9601029
9605051 9601029
9605091 9601029
9606033 9601029
9606185 9601029
9607149 9601029
9607235 9601029
9610045 9601029
9611125 9601029
9611189 9601029
9602043 9511064
9602051 9511064
9603061 9511064
9603078 9511064
9603126 9511064
9603147 9511064
9604134 9511064
9604166 9511064
9604189 9511064
9605051 9511064
9605091 9511064
9606033 9511064
9606185 9511064
9602051 9602043
9602065 9602043
9603061 9602043
9603078 9602043
9603109 9602043
9603126 9602043
9603147 9602043
9603195 9602043
9604042 9602043
9604134 9602043
9604166 9602043
9604189 9602043
9605016 9602043
9605051 9602043
9605091 9602043
9606033 9602043
9606185 9602043
9607149 9602043
9607235 9602043
9610045 9602043
9611125 9602043
9611189 9602043
9602065 9602051
9603061 9602051
9603078 9602051
9603109 9602051
9603126 9602051
9603147 9602051
9603195 9602051
9604042 9602051
9604134 9602051
9604189 9602051
9605016 9602051
9605051 9602051
9605091 9602051
9606033 9602051
9606185 9602051
9607149 9602051
9607235 9602051
9610045 9602051
9611125 9602051
9611189 9602051
9603061 9602065
9603078 9602065
9603109 9602065
9603126 9602065
9603147 9602065
9603195 9602065
9604189 9602065
9605016 9602065
9605051 9602065
9606033 9602065
9606185 9602065
9607235 9602065
9610045 9602065
9611125 9602065
9603109 9603061
9603126 9603061
9603147 9603061
9603195 9603061
9604042 9603061
9604134 9603061
9604166 9603061
9604189 9603061
9605016 9603061
9605051 9603061
9605091 9603061
9606033 9603061
9606185 9603061
9607235 9603061
9610045 9603061
9611125 9603061
9611189 9603061
9603109 9603078
9603126 9603078
9603147 9603078
9603195 9603078
9604134 9603078
9605016 9603078
9605051 9603078
9606033 9603078
9606185 9603078
9607235 9603078
9610045 9603078
9611125 9603078
9611189 9603078
9603147 9603109
9603195 9603109
9604042 9603109
9606033 9603109
9606185 9603109
9607149 9603109
9607235 9603109
9610045 9603109
9611125 9603109
9611189 9603109
9603147 9603126
9603195 9603126
9604134 9603126
9604166 9603126
9604189 9603126
9605016 9603126
9605051 9603126
9605091 9603126
9606033 9603126
9606185 9603126
9607235 9603126
9603195 9603147
9605016 9603147
9605051 9603147
9606033 9603147
9606185 9603147
9607235 9603147
9605016 9603195
9605051 9603195
9606033 9603195
9606185 9603195
9607149 9603195
9607235 9603195
9610045 9603195
9611125 9603195
9611189 9603195
9606185 9604042
9607149 9604042
9607235 9604042
9611125 9604042
9611189 9604042
9604189 9604134
9605051 9604134
9605091 9604134
9606033 9604134
9606185 9604134
9604189 9604166
9605051 9604166
9606033 9604166
9606185 9604166
9605051 9604189
9606033 9604189
9606185 9604189
9605051 9605016
9606033 9605051
9606185 9605051
9606033 9605091
9606185 9605091
9606185 9606033
9607149 9606185
9607235 9606185
9610045 9606185
9611125 9606185
9611189 9606185
9607235 9607149
9611125 9607149
9611189 9607149
9610045 9607235
9611125 9607235
9611189 9607235
9611189 9611125
6:
9601029 9309145
9601152 9601029
9602043 9601029
9602051 9601029
9604042 9601029
9606185 9601029
9607149 9601029
9607235 9601029
9611189 9601029
9601152 9309145
9602043 9309145
9602051 9309145
9604042 9309145
9606185 9309145
9607149 9309145
9607235 9309145
9611189 9309145
9602043 9601152
9602051 9601152
9604042 9601152
9606185 9601152
9607149 9601152
9607235 9601152
9611189 9601152
9602051 9602043
9604042 9602043
9606185 9602043
9607149 9602043
9607235 9602043
9611189 9602043
9604042 9602051
9606185 9602051
9607149 9602051
9607235 9602051
9611189 9602051
9606185 9604042
9607149 9604042
9607235 9604042
9611189 9604042
9607149 9606185
9607235 9606185
9611189 9606185
9607235 9607149
9611189 9607149
9611189 9607235
7:
9602043 9601029
9602051 9601029
9603061 9601029
9603109 9601029
9604042 9601029
9605091 9601029
9606033 9601029
9606185 9601029
9611189 9601029
9602051 9602043
9603061 9602043
9603109 9602043
9604042 9602043
9605091 9602043
9606033 9602043
9606185 9602043
9611189 9602043
9603061 9602051
9603109 9602051
9604042 9602051
9605091 9602051
9606033 9602051
9606185 9602051
9611189 9602051
9603109 9603061
9604042 9603061
9605091 9603061
9606033 9603061
9606185 9603061
9611189 9603061
9604042 9603109
9605091 9603109
9606033 9603109
9606185 9603109
9611189 9603109
9605091 9604042
9606033 9604042
9606185 9604042
9611189 9604042
9606033 9605091
9606185 9605091
9611189 9605091
9606185 9606033
9611189 9606033
9611189 9606185
8:
9602043 9601029
9602051 9601029
9603061 9601029
9603109 9601029
9604042 9601029
9605234 9601029
9606185 9601029
9608108 9601029
9610172 9601029
9611125 9601029
9602051 9602043
9603061 9602043
9603109 9602043
9604042 9602043
9606185 9602043
9608108 9602043
9610172 9602043
9611125 9602043
9603061 9602051
9603109 9602051
9604042 9602051
9605234 9602051
9606185 9602051
9608108 9602051
9610172 9602051
9611125 9602051
9603109 9603061
9604042 9603061
9605234 9603061
9606185 9603061
9608108 9603061
9610172 9603061
9611125 9603061
9604042 9603109
9605234 9603109
9606185 9603109
9608108 9603109
9610172 9603109
9611125 9603109
9605234 9604042
9606185 9604042
9608108 9604042
9610172 9604042
9611125 9604042
9606185 9605234
9608108 9605234
9610172 9605234
9611125 9605234
9608108 9606185
9610172 9606185
9611125 9606185
9610172 9608108
9611125 9608108
9611125 9610172
9:
9601029 9510017
9602043 9510017
9602051 9510017
9602065 9510017
9603061 9510017
9603090 9510017
9603126 9510017
9604189 9510017
9605236 9510017
9602043 9601029
9602051 9601029
9602065 9601029
9603061 9601029
9603090 9601029
9603126 9601029
9604189 9601029
9605236 9601029
9602051 9602043
9602065 9602043
9603061 9602043
9603090 9602043
9603126 9602043
9604189 9602043
9605236 9602043
9602065 9602051
9603061 9602051
9603090 9602051
9603126 9602051
9604189 9602051
9605236 9602051
9603061 9602065
9603090 9602065
9603126 9602065
9604189 9602065
9605236 9602065
9603090 9603061
9603126 9603061
9604189 9603061
9605236 9603061
9603126 9603090
9604189 9603090
9605236 9603090
9604189 9603126
9605236 9603126
9605236 9604189
10:
9602043 9601029
9602051 9601029
9602135 9601029
9603109 9601029
9604089 9601029
9606033 9601029
9606185 9601029
9607149 9601029
9609053 9601029
9602051 9602043
9602135 9602043
9603109 9602043
9604089 9602043
9606033 9602043
9606185 9602043
9607149 9602043
9609053 9602043
9602135 9602051
9603109 9602051
9604089 9602051
9606033 9602051
9606185 9602051
9607149 9602051
9609053 9602051
9603109 9602135
9604089 9602135
9606033 9602135
9606185 9602135
9607149 9602135
9609053 9602135
9604089 9603109
9606033 9603109
9606185 9603109
9607149 9603109
9609053 9603109
9606033 9604089
9606185 9604089
9607149 9604089
9609053 9604089
9606185 9606033
9607149 9606033
9609053 9606033
9607149 9606185
9609053 9606185
9609053 9607149
11:
9602043 9601029
9602051 9601029
9603109 9601029
9603147 9601029
9603195 9601029
9605051 9601029
9606033 9601029
9606185 9601029
9607149 9601029
9609053 9601029
9602051 9602043
9603109 9602043
9603147 9602043
9603195 9602043
9605051 9602043
9606033 9602043
9606185 9602043
9607149 9602043
9609053 9602043
9603109 9602051
9603147 9602051
9603195 9602051
9605051 9602051
9606033 9602051
9606185 9602051
9607149 9602051
9609053 9602051
9603147 9603109
9603195 9603109
9606033 9603109
9606185 9603109
9607149 9603109
9609053 9603109
9603195 9603147
9605051 9603147
9606033 9603147
9606185 9603147
9607149 9603147
9609053 9603147
9605051 9603195
9606033 9603195
9606185 9603195
9607149 9603195
9609053 9603195
9606033 9605051
9606185 9605051
9607149 9605051
9609053 9605051
9606185 9606033
9607149 9606033
9609053 9606033
9607149 9606185
9609053 9606185
9609053 9607149
