# The links inside the directed communities at k=7
# from /Users/bogna/dev/role-mining/datasets/hepth/timeslots/cit-HepTh-1995.edges
# at no lower link weight threshold,
# and at no upper link weight threshold.
# Links were treated as directed.
# No time limit was set for the clique search.

0:
9501134 9301046
9502118 9301046
9507072 9301046
9508050 9301046
9508079 9301046
9510168 9301046
9512182 9301046
9501134 9305114
9502118 9305114
9507072 9305114
9508050 9305114
9508079 9305114
9510168 9305114
9512182 9305114
9501134 9403073
9502118 9403073
9507072 9403073
9508050 9403073
9508079 9403073
9510168 9403073
9512182 9403073
9501134 9412030
9502118 9412030
9507072 9412030
9508050 9412030
9508079 9412030
9510168 9412030
9512182 9412030
9501134 9412154
9502118 9412154
9507072 9412154
9508050 9412154
9508079 9412154
9510168 9412154
9502118 9501134
9507072 9501134
9508050 9501134
9508079 9501134
9510168 9501134
9512182 9501134
9507072 9502118
9508050 9502118
9508079 9502118
9510168 9502118
9512182 9502118
9508050 9507072
9508079 9507072
9510168 9507072
9508079 9508050
9510168 9508050
9512182 9508050
9510168 9508079
9512182 9508079
9512182 9510168
1:
9501030 9407087
9502072 9407087
9503124 9407087
9504006 9407087
9504034 9407087
9504047 9407087
9504090 9407087
9505023 9407087
9505105 9407087
9505150 9407087
9505162 9407087
9506024 9407087
9506075 9407087
9506110 9407087
9506112 9407087
9506160 9407087
9507050 9407087
9507113 9407087
9507151 9407087
9507168 9407087
9508046 9407087
9508064 9407087
9508155 9407087
9509009 9407087
9509106 9407087
9509132 9407087
9509160 9407087
9510023 9407087
9510093 9407087
9510142 9407087
9510182 9407087
9510225 9407087
9511017 9407087
9511048 9407087
9511171 9407087
9511228 9407087
9512017 9407087
9512046 9407087
9512060 9407087
9512129 9407087
9512139 9407087
9501030 9402002
9503124 9402002
9504027 9402002
9504047 9402002
9505025 9402002
9505105 9402002
9506057 9402002
9506106 9402002
9506194 9402002
9507090 9402002
9507160 9402002
9508056 9402002
9508058 9402002
9508064 9402002
9508091 9402002
9508094 9402002
9508143 9402002
9509132 9402002
9509148 9402002
9510097 9402002
9511053 9402002
9512031 9402002
9512127 9402002
9512181 9402002
9501030 9207053
9501030 9305142
9501030 9406105
9501030 9407111
9501030 9408083
9501030 9408099
9501030 9410167
9501030 9412184
9503124 9501030
9504027 9501030
9504047 9501030
9504095 9501030
9505025 9501030
9505073 9501030
9505162 9501030
9506048 9501030
9506057 9501030
9506075 9501030
9506126 9501030
9506160 9501030
9506194 9501030
9507027 9501030
9507090 9501030
9507113 9501030
9507160 9501030
9508056 9501030
9508058 9501030
9508064 9501030
9508091 9501030
9508094 9501030
9508132 9501030
9508144 9501030
9508154 9501030
9508155 9501030
9509070 9501030
9509106 9501030
9509132 9501030
9509160 9501030
9510079 9501030
9510086 9501030
9510142 9501030
9510234 9501030
9511030 9501030
9511053 9501030
9511098 9501030
9511157 9501030
9511213 9501030
9512145 9501030
9512181 9501030
9512226 9501030
9504047 9207053
9506126 9207053
9507090 9207053
9507160 9207053
9508058 9207053
9504027 9305142
9506057 9305142
9506126 9305142
9508094 9305142
9508132 9305142
9509106 9305142
9502072 9305185
9504006 9305185
9505162 9305185
9506075 9305185
9507113 9305185
9509160 9305185
9512129 9305185
9505073 9406105
9506057 9406105
9506126 9406105
9507090 9406105
9507160 9406105
9508058 9406105
9503124 9407111
9504027 9407111
9504047 9407111
9506126 9407111
9508056 9407111
9508064 9407111
9508094 9407111
9509106 9407111
9511030 9407111
9511053 9407111
9511098 9407111
9511213 9407111
9512145 9407111
9503124 9408083
9506057 9408083
9506126 9408083
9507090 9408083
9508058 9408083
9508094 9408083
9502072 9408099
9504006 9408099
9504034 9408099
9505105 9408099
9505162 9408099
9506075 9408099
9506110 9408099
9506112 9408099
9507113 9408099
9507115 9408099
9508064 9408099
9509106 9408099
9509160 9408099
9510079 9408099
9510142 9408099
9510182 9408099
9510234 9408099
9511017 9408099
9511171 9408099
9512046 9408099
9512060 9408099
9512129 9408099
9512139 9408099
9502072 9410167
9504027 9410167
9504047 9410167
9504095 9410167
9505025 9410167
9505054 9410167
9505073 9410167
9505105 9410167
9505150 9410167
9505162 9410167
9506024 9410167
9506048 9410167
9506057 9410167
9506075 9410167
9506126 9410167
9506150 9410167
9506160 9410167
9506194 9410167
9507012 9410167
9507027 9410167
9507048 9410167
9507050 9410167
9507090 9410167
9507113 9410167
9507151 9410167
9507158 9410167
9507160 9410167
9507168 9410167
9508046 9410167
9508056 9410167
9508058 9410167
9508064 9410167
9508091 9410167
9508094 9410167
9508096 9410167
9508132 9410167
9508143 9410167
9508144 9410167
9508154 9410167
9508155 9410167
9509009 9410167
9509070 9410167
9509106 9410167
9509132 9410167
9509148 9410167
9509160 9410167
9510079 9410167
9510086 9410167
9510093 9410167
9510142 9410167
9510182 9410167
9510183 9410167
9510234 9410167
9511053 9410167
9511098 9410167
9511159 9410167
9511171 9410167
9511213 9410167
9511228 9410167
9512017 9410167
9512031 9410167
9512060 9410167
9512129 9410167
9512145 9410167
9512155 9410167
9512181 9410167
9512196 9410167
9512226 9410167
9504027 9412184
9504047 9412184
9506057 9412184
9506126 9412184
9508094 9412184
9509106 9412184
9510086 9412184
9511213 9412184
9504027 9501068
9504047 9501068
9505162 9501068
9506150 9501068
9506194 9501068
9507027 9501068
9507048 9501068
9507158 9501068
9508064 9501068
9508143 9501068
9508154 9501068
9508155 9501068
9509132 9501068
9509148 9501068
9510086 9501068
9510209 9501068
9511098 9501068
9511159 9501068
9512181 9501068
9512196 9501068
9502072 9411048
9504006 9411048
9504034 9411048
9505105 9411048
9505150 9411048
9505162 9411048
9506075 9411048
9506110 9411048
9506112 9411048
9507113 9411048
9508155 9411048
9509160 9411048
9510079 9411048
9511048 9411048
9511228 9411048
9512129 9411048
9512139 9411048
9502072 9408036
9504006 9502072
9504034 9502072
9505023 9502072
9505150 9502072
9505162 9502072
9506024 9502072
9506075 9502072
9506110 9502072
9506112 9502072
9507113 9502072
9507115 9502072
9508155 9502072
9509009 9502072
9509160 9502072
9510079 9502072
9510234 9502072
9511017 9502072
9511048 9502072
9511058 9502072
9512129 9502072
9512139 9502072
9504006 9408036
9506075 9408036
9506112 9408036
9508155 9408036
9509160 9408036
9505105 9308083
9506075 9308083
9506110 9308083
9506112 9308083
9507050 9308083
9507115 9308083
9507151 9308083
9507153 9308083
9508155 9308083
9509009 9308083
9509042 9308083
9509146 9308083
9510079 9308083
9510234 9308083
9511017 9308083
9511058 9308083
9512129 9308083
9504027 9404151
9504047 9404151
9505162 9404151
9507012 9404151
9507050 9404151
9507168 9404151
9508144 9404151
9508154 9404151
9509106 9404151
9510142 9404151
9512226 9404151
9504027 9503124
9504047 9503124
9504095 9503124
9505023 9503124
9505025 9503124
9505053 9503124
9505054 9503124
9505073 9503124
9505105 9503124
9505150 9503124
9505162 9503124
9506024 9503124
9506048 9503124
9506057 9503124
9506075 9503124
9506126 9503124
9506150 9503124
9506160 9503124
9506194 9503124
9507012 9503124
9507027 9503124
9507048 9503124
9507050 9503124
9507090 9503124
9507113 9503124
9507158 9503124
9507160 9503124
9507168 9503124
9508046 9503124
9508056 9503124
9508058 9503124
9508064 9503124
9508094 9503124
9508096 9503124
9508132 9503124
9508143 9503124
9508144 9503124
9508154 9503124
9508155 9503124
9509009 9503124
9509042 9503124
9509070 9503124
9509106 9503124
9509132 9503124
9509146 9503124
9509148 9503124
9509160 9503124
9510023 9503124
9510079 9503124
9510086 9503124
9510093 9503124
9510097 9503124
9510142 9503124
9510182 9503124
9510183 9503124
9510209 9503124
9510234 9503124
9511030 9503124
9511053 9503124
9511098 9503124
9511157 9503124
9511159 9503124
9511171 9503124
9511213 9503124
9511228 9503124
9512017 9503124
9512031 9503124
9512046 9503124
9512129 9503124
9512138 9503124
9512145 9503124
9512155 9503124
9512181 9503124
9512196 9503124
9512226 9503124
9505105 9504006
9505162 9504006
9506024 9504006
9506075 9504006
9506110 9504006
9506112 9504006
9507113 9504006
9507115 9504006
9507151 9504006
9507153 9504006
9508064 9504006
9508155 9504006
9509009 9504006
9509042 9504006
9509146 9504006
9509160 9504006
9510079 9504006
9510182 9504006
9510234 9504006
9511017 9504006
9511048 9504006
9512046 9504006
9512129 9504006
9512139 9504006
9504047 9504027
9504095 9504027
9505023 9504027
9505025 9504027
9505053 9504027
9505054 9504027
9505105 9504027
9505162 9504027
9506057 9504027
9506126 9504027
9506150 9504027
9506160 9504027
9506194 9504027
9507012 9504027
9507027 9504027
9507090 9504027
9507160 9504027
9507168 9504027
9508056 9504027
9508058 9504027
9508064 9504027
9508091 9504027
9508094 9504027
9508096 9504027
9508132 9504027
9508144 9504027
9508155 9504027
9509070 9504027
9509106 9504027
9509132 9504027
9509148 9504027
9510086 9504027
9510093 9504027
9510183 9504027
9510234 9504027
9511030 9504027
9511053 9504027
9511098 9504027
9511157 9504027
9511213 9504027
9511228 9504027
9512031 9504027
9512060 9504027
9512145 9504027
9512181 9504027
9512226 9504027
9505105 9504034
9505162 9504034
9506024 9504034
9506075 9504034
9506110 9504034
9506112 9504034
9507113 9504034
9507115 9504034
9507151 9504034
9508064 9504034
9508155 9504034
9509009 9504034
9510079 9504034
9510182 9504034
9511017 9504034
9511048 9504034
9511058 9504034
9512046 9504034
9512129 9504034
9504095 9504047
9505023 9504047
9505025 9504047
9505053 9504047
9505054 9504047
9505105 9504047
9505162 9504047
9506024 9504047
9506048 9504047
9506057 9504047
9506075 9504047
9506126 9504047
9506150 9504047
9506160 9504047
9506194 9504047
9507012 9504047
9507027 9504047
9507090 9504047
9507113 9504047
9507158 9504047
9507160 9504047
9507168 9504047
9508046 9504047
9508056 9504047
9508058 9504047
9508064 9504047
9508091 9504047
9508094 9504047
9508096 9504047
9508143 9504047
9508144 9504047
9509070 9504047
9509106 9504047
9509132 9504047
9509148 9504047
9510023 9504047
9510086 9504047
9510093 9504047
9510183 9504047
9511030 9504047
9511053 9504047
9511098 9504047
9511157 9504047
9511171 9504047
9511213 9504047
9511228 9504047
9512017 9504047
9512031 9504047
9512060 9504047
9512145 9504047
9512181 9504047
9512196 9504047
9512226 9504047
9505105 9504090
9505150 9504090
9505162 9504090
9506075 9504090
9506112 9504090
9506150 9504090
9507050 9504090
9507113 9504090
9507115 9504090
9507158 9504090
9508155 9504090
9509009 9504090
9509106 9504090
9509132 9504090
9509160 9504090
9510079 9504090
9510142 9504090
9510182 9504090
9510225 9504090
9511017 9504090
9511058 9504090
9511228 9504090
9512017 9504090
9512129 9504090
9506126 9504095
9508094 9504095
9509106 9504095
9510086 9504095
9511098 9504095
9511213 9504095
9512181 9504095
9512196 9504095
9505105 9308122
9506110 9308122
9506112 9308122
9507115 9308122
9508155 9308122
9509009 9308122
9509146 9308122
9510079 9308122
9511017 9308122
9505023 9504145
9505053 9504145
9505105 9504145
9505162 9504145
9506075 9504145
9507050 9504145
9507113 9504145
9508155 9504145
9509132 9504145
9509160 9504145
9510093 9504145
9510142 9504145
9510182 9504145
9510234 9504145
9511058 9504145
9511171 9504145
9511228 9504145
9505053 9505023
9505105 9505023
9505162 9505023
9506150 9505023
9507113 9505023
9508155 9505023
9509132 9505023
9509160 9505023
9510182 9505023
9512129 9505023
9506126 9505025
9509106 9505025
9512181 9505025
9505105 9505053
9505162 9505053
9506057 9505053
9506126 9505053
9506150 9505053
9507027 9505053
9508064 9505053
9508096 9505053
9508132 9505053
9508155 9505053
9509106 9505053
9509132 9505053
9510086 9505053
9511157 9505053
9506048 9505054
9507027 9505054
9507050 9505054
9508064 9505054
9508144 9505054
9508154 9505054
9511157 9505054
9512226 9505054
9506057 9505073
9506194 9505073
9507027 9505073
9507090 9505073
9507160 9505073
9508058 9505073
9508064 9505073
9508155 9505073
9509132 9505073
9505150 9505105
9505162 9505105
9506024 9505105
9506075 9505105
9506110 9505105
9506112 9505105
9506150 9505105
9507027 9505105
9507050 9505105
9507113 9505105
9507115 9505105
9507153 9505105
9507158 9505105
9507168 9505105
9508046 9505105
9508064 9505105
9508096 9505105
9508154 9505105
9508155 9505105
9509009 9505105
9509042 9505105
9509106 9505105
9509132 9505105
9509146 9505105
9509160 9505105
9510023 9505105
9510079 9505105
9510086 9505105
9510093 9505105
9510142 9505105
9510182 9505105
9510183 9505105
9510225 9505105
9510234 9505105
9511017 9505105
9511048 9505105
9511058 9505105
9511171 9505105
9511228 9505105
9512017 9505105
9512046 9505105
9512060 9505105
9512129 9505105
9512138 9505105
9512139 9505105
9512155 9505105
9512226 9505105
9506075 9505150
9507113 9505150
9508155 9505150
9510079 9505150
9512129 9505150
9506048 9505162
9506075 9505162
9506110 9505162
9506112 9505162
9506150 9505162
9507027 9505162
9507050 9505162
9507113 9505162
9507151 9505162
9507158 9505162
9507168 9505162
9508046 9505162
9508064 9505162
9508096 9505162
9508144 9505162
9508154 9505162
9508155 9505162
9509009 9505162
9509042 9505162
9509106 9505162
9509132 9505162
9509146 9505162
9509160 9505162
9510079 9505162
9510086 9505162
9510093 9505162
9510142 9505162
9510182 9505162
9510183 9505162
9510234 9505162
9511017 9505162
9511048 9505162
9511058 9505162
9511171 9505162
9511228 9505162
9512046 9505162
9512060 9505162
9512129 9505162
9512138 9505162
9512139 9505162
9512155 9505162
9512226 9505162
9506075 9506024
9507113 9506024
9508155 9506024
9510023 9506024
9511048 9506024
9512017 9506024
9507027 9506048
9507050 9506048
9508064 9506048
9508144 9506048
9508154 9506048
9510142 9506048
9511157 9506048
9512155 9506048
9512226 9506048
9506126 9506057
9507090 9506057
9507160 9506057
9508058 9506057
9508091 9506057
9508094 9506057
9508132 9506057
9509106 9506057
9512031 9506057
9506112 9506075
9507113 9506075
9508155 9506075
9509160 9506075
9510023 9506075
9510079 9506075
9510142 9506075
9510234 9506075
9511017 9506075
9511048 9506075
9511058 9506075
9511228 9506075
9512017 9506075
9512138 9506075
9512139 9506075
9507160 9506106
9508058 9506106
9510097 9506106
9512031 9506106
9512127 9506106
9507027 9506110
9507050 9506110
9507113 9506110
9507115 9506110
9507151 9506110
9507153 9506110
9507168 9506110
9508046 9506110
9508064 9506110
9508155 9506110
9509009 9506110
9509042 9506110
9509106 9506110
9509132 9506110
9509146 9506110
9509160 9506110
9510079 9506110
9510093 9506110
9510142 9506110
9510182 9506110
9510234 9506110
9511017 9506110
9511048 9506110
9511058 9506110
9511228 9506110
9512046 9506110
9512060 9506110
9512129 9506110
9512138 9506110
9507027 9506112
9507050 9506112
9507113 9506112
9507115 9506112
9507151 9506112
9507153 9506112
9507168 9506112
9508046 9506112
9508064 9506112
9508155 9506112
9509009 9506112
9509042 9506112
9509106 9506112
9509132 9506112
9509146 9506112
9509160 9506112
9510079 9506112
9510093 9506112
9510142 9506112
9510182 9506112
9510225 9506112
9510234 9506112
9511017 9506112
9511048 9506112
9511058 9506112
9511171 9506112
9511228 9506112
9512046 9506112
9512060 9506112
9512129 9506112
9512138 9506112
9507090 9506126
9507160 9506126
9508058 9506126
9508094 9506126
9508132 9506126
9509106 9506126
9510086 9506126
9511053 9506126
9511213 9506126
9512196 9506126
9507158 9506150
9507168 9506150
9508064 9506150
9508154 9506150
9508155 9506150
9509106 9506150
9509132 9506150
9506194 9506160
9507050 9506160
9508064 9506160
9508091 9506160
9508143 9506160
9508155 9506160
9509070 9506160
9509132 9506160
9509148 9506160
9510209 9506160
9511030 9506160
9511053 9506160
9511157 9506160
9512145 9506160
9512181 9506160
9512196 9506160
9507048 9506194
9507050 9506194
9507158 9506194
9508064 9506194
9508091 9506194
9508143 9506194
9508155 9506194
9509070 9506194
9509132 9506194
9509148 9506194
9510086 9506194
9510209 9506194
9511030 9506194
9511053 9506194
9511098 9506194
9511157 9506194
9512145 9506194
9512181 9506194
9512196 9506194
9507168 9507012
9508144 9507012
9512060 9507012
9512226 9507012
9507050 9507027
9507113 9507027
9507168 9507027
9508046 9507027
9508064 9507027
9508096 9507027
9508144 9507027
9508154 9507027
9508155 9507027
9509106 9507027
9509132 9507027
9511157 9507027
9512060 9507027
9512226 9507027
9507158 9507048
9508143 9507048
9509148 9507048
9510086 9507048
9510209 9507048
9511098 9507048
9511159 9507048
9512181 9507048
9512196 9507048
9507113 9507050
9507151 9507050
9507153 9507050
9507168 9507050
9508046 9507050
9508064 9507050
9508096 9507050
9508144 9507050
9508154 9507050
9508155 9507050
9509106 9507050
9509132 9507050
9509160 9507050
9510093 9507050
9510142 9507050
9510182 9507050
9510234 9507050
9511058 9507050
9511157 9507050
9511171 9507050
9511228 9507050
9512046 9507050
9512060 9507050
9512138 9507050
9512155 9507050
9512226 9507050
9507160 9507090
9508058 9507090
9508094 9507090
9510097 9507090
9512031 9507090
9512127 9507090
9508155 9507113
9509009 9507113
9509160 9507113
9510079 9507113
9510142 9507113
9510234 9507113
9511228 9507113
9512017 9507113
9512129 9507113
9512138 9507113
9508064 9507115
9508155 9507115
9509009 9507115
9509042 9507115
9509106 9507115
9509132 9507115
9509146 9507115
9509160 9507115
9510079 9507115
9510093 9507115
9510182 9507115
9510234 9507115
9511017 9507115
9511048 9507115
9511058 9507115
9511228 9507115
9512046 9507115
9512129 9507115
9512138 9507115
9507153 9507151
9508155 9507151
9509146 9507151
9510234 9507151
9512060 9507151
9512129 9507151
9508155 9507153
9509146 9507153
9510234 9507153
9512060 9507153
9512129 9507153
9508143 9507158
9508155 9507158
9509106 9507158
9509132 9507158
9509148 9507158
9510086 9507158
9512196 9507158
9508058 9507160
9510097 9507160
9512031 9507160
9512127 9507160
9508046 9507168
9508064 9507168
9508096 9507168
9508144 9507168
9508154 9507168
9508155 9507168
9509106 9507168
9509132 9507168
9511228 9507168
9512060 9507168
9512155 9507168
9512226 9507168
9508154 9508046
9508094 9508056
9509106 9508056
9508091 9508058
9510097 9508058
9512031 9508058
9512127 9508058
9508091 9508064
9508144 9508064
9508154 9508064
9508155 9508064
9509132 9508064
9509160 9508064
9510234 9508064
9511098 9508064
9512060 9508064
9509106 9508094
9512031 9508094
9508155 9508096
9511228 9508096
9509106 9508132
9508154 9508143
9509148 9508143
9510086 9508143
9510209 9508143
9511098 9508143
9511159 9508143
9512181 9508143
9512196 9508143
9508154 9508144
9508155 9508144
9509106 9508144
9510142 9508144
9511157 9508144
9512060 9508144
9512155 9508144
9512226 9508144
9509106 9508154
9509148 9508154
9510086 9508154
9510142 9508154
9510209 9508154
9512060 9508154
9512155 9508154
9512181 9508154
9512196 9508154
9512226 9508154
9509009 9508155
9509042 9508155
9509132 9508155
9509146 9508155
9509160 9508155
9510023 9508155
9510079 9508155
9510093 9508155
9510142 9508155
9510234 9508155
9511017 9508155
9511048 9508155
9511058 9508155
9511171 9508155
9511228 9508155
9512017 9508155
9512046 9508155
9512060 9508155
9512129 9508155
9512138 9508155
9509042 9509009
9509132 9509009
9509146 9509009
9509160 9509009
9510079 9509009
9510093 9509009
9510142 9509009
9510234 9509009
9511017 9509009
9511048 9509009
9511228 9509009
9512046 9509009
9512129 9509009
9509146 9509042
9511048 9509042
9511058 9509042
9512129 9509042
9512138 9509042
9509160 9509106
9510079 9509106
9511157 9509132
9511048 9509146
9512129 9509146
9510086 9509148
9510209 9509148
9511098 9509148
9511159 9509148
9512181 9509148
9512196 9509148
9510079 9509160
9512129 9509160
9512139 9509160
9510183 9510086
9510209 9510086
9511098 9510086
9511159 9510086
9511213 9510086
9512181 9510086
9512196 9510086
9512226 9510086
9510142 9510093
9510182 9510093
9510234 9510093
9511058 9510093
9511171 9510093
9511228 9510093
9512046 9510093
9512060 9510093
9512129 9510093
9512138 9510093
9512226 9510093
9512031 9510097
9512127 9510097
9510225 9510142
9510234 9510142
9511058 9510142
9511171 9510142
9511228 9510142
9512060 9510142
9512226 9510142
9511048 9510182
9511171 9510182
9512046 9510182
9512129 9510182
9512138 9510182
9512226 9510182
9512181 9510209
9512196 9510209
9511171 9510225
9511228 9510225
9512060 9510225
9511058 9510234
9511171 9510234
9511228 9510234
9512046 9510234
9512060 9510234
9512129 9510234
9512138 9510234
9511157 9511030
9512145 9511030
9511228 9511058
9512138 9511058
9512196 9511098
9512145 9511157
9512196 9511159
9512046 9511171
9512060 9511171
9512138 9511171
9512196 9511213
9512138 9511228
9512127 9512031
9512226 9512060
2:
9505035 9407087
9505075 9407087
9509161 9407087
9509162 9407087
9510101 9407087
9510183 9407087
9510204 9407087
9510224 9407087
9511052 9407087
9511126 9407087
9512161 9407087
9509161 9408099
9510204 9408099
9510224 9408099
9511052 9408099
9511126 9408099
9512161 9408099
9505035 9411057
9505075 9411057
9509161 9411057
9510183 9411057
9511126 9411057
9512161 9411057
9505075 9505035
9509161 9505035
9510183 9505035
9510204 9505035
9510224 9505035
9511052 9505035
9511126 9505035
9512161 9505035
9509161 9505075
9510101 9505075
9510183 9505075
9510204 9505075
9511126 9505075
9512161 9505075
9510101 9509161
9510183 9509161
9510204 9509161
9510224 9509161
9511052 9509161
9511126 9509161
9512161 9509161
9510204 9509162
9510224 9509162
9511052 9509162
9511126 9509162
9512161 9509162
9510204 9510101
9510224 9510101
9511052 9510101
9511126 9510101
9512161 9510101
9510224 9510183
9511126 9510183
9512161 9510183
9510224 9510204
9511052 9510204
9511126 9510204
9512161 9510204
9511052 9510224
9511126 9510224
9512161 9510224
9511126 9511052
9512161 9511052
9512161 9511126
3:
9503179 9402032
9504113 9402032
9505051 9402032
9506077 9402032
9506148 9402032
9509066 9402032
9510222 9402032
9502013 9407087
9503086 9407087
9503121 9407087
9503179 9407087
9504080 9407087
9504113 9407087
9505004 9407087
9505006 9407087
9505051 9407087
9505062 9407087
9505067 9407087
9505075 9407087
9505088 9407087
9506077 9407087
9506084 9407087
9506148 9407087
9507018 9407087
9507169 9407087
9509066 9407087
9510148 9407087
9510228 9407087
9502013 9408099
9503086 9408099
9503121 9408099
9503179 9408099
9504080 9408099
9504113 9408099
9505004 9408099
9505006 9408099
9505051 9408099
9505062 9408099
9505067 9408099
9505075 9408099
9505088 9408099
9506077 9408099
9506084 9408099
9506148 9408099
9507018 9408099
9507169 9408099
9509066 9408099
9509130 9408099
9510148 9408099
9510222 9408099
9510228 9408099
9502013 9402044
9502013 9411048
9502013 9411057
9502013 9411149
9503179 9502013
9504113 9502013
9505088 9502013
9506077 9502013
9509066 9502013
9503086 9402044
9503121 9402044
9503179 9402044
9504080 9402044
9504113 9402044
9505004 9402044
9505006 9402044
9505062 9402044
9505067 9402044
9505088 9402044
9506077 9402044
9506139 9402044
9506196 9402044
9507018 9402044
9509066 9402044
9509130 9402044
9510222 9402044
9511065 9402044
9503121 9408013
9503179 9408013
9505067 9408013
9505088 9408013
9506077 9408013
9506148 9408013
9507018 9408013
9510148 9408013
9510228 9408013
9503086 9408155
9503179 9408155
9504080 9408155
9504113 9408155
9505004 9408155
9505062 9408155
9505067 9408155
9506077 9408155
9506084 9408155
9509066 9408155
9509130 9408155
9510222 9408155
9503179 9411048
9504113 9411048
9505088 9411048
9506077 9411048
9509066 9411048
9503179 9411057
9504113 9411057
9505088 9411057
9506077 9411057
9509066 9411057
9503086 9411149
9503121 9411149
9503179 9411149
9504113 9411149
9505004 9411149
9505006 9411149
9505051 9411149
9505062 9411149
9505067 9411149
9505075 9411149
9505088 9411149
9506077 9411149
9506084 9411149
9506148 9411149
9506196 9411149
9507013 9411149
9507018 9411149
9507169 9411149
9509066 9411149
9509130 9411149
9510148 9411149
9510222 9411149
9510228 9411149
9511065 9411149
9503086 9403198
9503179 9503086
9504080 9503086
9504113 9503086
9505004 9503086
9505062 9503086
9505067 9503086
9505075 9503086
9505088 9503086
9506077 9503086
9506139 9503086
9506148 9503086
9506196 9503086
9507013 9503086
9507018 9503086
9509066 9503086
9509130 9503086
9510148 9503086
9510222 9503086
9510228 9503086
9511065 9503086
9503121 9403198
9503179 9403198
9504080 9403198
9505004 9403198
9505006 9403198
9505067 9403198
9505088 9403198
9506077 9403198
9506084 9403198
9506196 9403198
9507018 9403198
9509066 9403198
9510228 9403198
9503179 9503121
9504113 9503121
9505051 9503121
9505067 9503121
9505088 9503121
9506077 9503121
9506148 9503121
9509066 9503121
9510228 9503121
9504080 9503179
9504113 9503179
9505004 9503179
9505051 9503179
9505062 9503179
9505067 9503179
9505088 9503179
9506077 9503179
9506084 9503179
9506139 9503179
9506148 9503179
9506196 9503179
9507013 9503179
9507018 9503179
9509066 9503179
9509130 9503179
9510148 9503179
9510222 9503179
9510228 9503179
9511065 9503179
9504113 9504080
9505075 9504080
9505088 9504080
9506077 9504080
9506139 9504080
9509066 9504080
9510222 9504080
9505051 9504113
9505075 9504113
9505088 9504113
9506077 9504113
9506139 9504113
9506148 9504113
9506196 9504113
9507013 9504113
9507018 9504113
9509066 9504113
9510148 9504113
9510222 9504113
9510228 9504113
9511065 9504113
9505051 9505004
9505062 9505004
9505067 9505004
9505075 9505004
9505088 9505004
9506077 9505004
9506139 9505004
9506148 9505004
9506196 9505004
9507013 9505004
9507018 9505004
9509066 9505004
9509130 9505004
9510148 9505004
9510222 9505004
9510228 9505004
9511065 9505004
9505051 9505006
9505067 9505006
9505088 9505006
9506077 9505006
9506139 9505006
9506148 9505006
9506196 9505006
9507018 9505006
9509066 9505006
9510148 9505006
9510228 9505006
9511065 9505006
9505088 9505051
9506077 9505051
9506139 9505051
9506148 9505051
9506196 9505051
9507013 9505051
9507018 9505051
9509066 9505051
9510148 9505051
9510222 9505051
9510228 9505051
9505075 9505062
9505088 9505062
9506077 9505062
9506084 9505062
9509066 9505062
9509130 9505062
9510222 9505062
9506077 9505067
9506139 9505067
9507018 9505067
9507169 9505067
9509066 9505067
9510148 9505067
9510222 9505067
9510228 9505067
9511065 9505067
9506077 9505075
9506148 9505075
9509066 9505075
9509130 9505075
9510222 9505075
9506077 9505088
9506139 9505088
9506148 9505088
9506196 9505088
9507013 9505088
9507018 9505088
9509066 9505088
9510148 9505088
9510222 9505088
9510228 9505088
9506084 9506077
9506148 9506077
9506196 9506077
9507018 9506077
9507169 9506077
9509066 9506077
9510148 9506077
9510222 9506077
9510228 9506077
9507018 9506084
9507169 9506084
9509066 9506084
9510148 9506084
9510222 9506084
9510228 9506084
9506196 9506139
9507018 9506139
9509066 9506139
9511065 9506139
9506196 9506148
9507013 9506148
9507018 9506148
9507169 9506148
9509066 9506148
9510148 9506148
9510228 9506148
9507018 9506196
9509066 9506196
9511065 9506196
9507169 9507018
9509066 9507018
9510148 9507018
9510228 9507018
9511065 9507018
9509066 9507169
9510148 9507169
9511065 9507169
9510148 9509066
9510222 9509066
9510228 9509066
9511065 9509066
9510222 9509130
9510228 9510148
9511065 9510148
9511065 9510222
4:
9504027 9206016
9504047 9206016
9506160 9206016
9506194 9206016
9509050 9206016
9511053 9206016
9504047 9504027
9506160 9504027
9506194 9504027
9509050 9504027
9511053 9504027
9506160 9504047
9506194 9504047
9509050 9504047
9511053 9504047
9506194 9506160
9509050 9506160
9511053 9506160
9509050 9506194
9511053 9506194
9511053 9509050
5:
9504090 9407087
9505075 9407087
9505105 9407087
9505150 9407087
9506102 9407087
9508155 9407087
9510129 9407087
9510183 9407087
9511126 9407087
9512161 9407087
9505075 9408099
9505150 9408099
9510129 9408099
9510183 9408099
9511126 9408099
9512161 9408099
9505075 9411048
9505150 9411048
9506102 9411048
9508155 9411048
9510129 9411048
9510183 9411048
9511126 9411048
9512161 9411048
9505075 9411057
9505150 9411057
9506102 9411057
9508155 9411057
9510129 9411057
9510183 9411057
9511126 9411057
9512161 9411057
9505105 9504090
9505150 9504090
9508155 9504090
9510183 9504090
9511126 9504090
9512161 9504090
9505150 9505075
9510129 9505075
9510183 9505075
9511126 9505075
9512161 9505075
9505150 9505105
9508155 9505105
9510183 9505105
9512161 9505105
9506102 9505150
9508155 9505150
9510129 9505150
9510183 9505150
9511126 9505150
9512161 9505150
9508155 9506102
9510129 9506102
9510183 9506102
9512161 9506102
9510129 9508155
9510183 9508155
9511126 9508155
9512161 9508155
9510183 9510129
9511126 9510129
9512161 9510129
9511126 9510183
9512161 9510183
9512161 9511126
6:
9505075 9407087
9505100 9407087
9507008 9407087
9509161 9407087
9509175 9407087
9509176 9407087
9510101 9407087
9510129 9407087
9510183 9407087
9510204 9407087
9505075 9408099
9505100 9408099
9507008 9408099
9509161 9408099
9509175 9408099
9509176 9408099
9510129 9408099
9510183 9408099
9503163 9411048
9504102 9411048
9505075 9411048
9505100 9411048
9507008 9411048
9509161 9411048
9509175 9411048
9509176 9411048
9510101 9411048
9510129 9411048
9510183 9411048
9511180 9411048
9503163 9411057
9504102 9411057
9505075 9411057
9505100 9411057
9507008 9411057
9509161 9411057
9509175 9411057
9509176 9411057
9510101 9411057
9510129 9411057
9510183 9411057
9511180 9411057
9504102 9503163
9505075 9503163
9507008 9503163
9509175 9503163
9509176 9503163
9510101 9503163
9511180 9503163
9507008 9504102
9509175 9504102
9509176 9504102
9510101 9504102
9511180 9504102
9505100 9505075
9507008 9505075
9509161 9505075
9509175 9505075
9509176 9505075
9510101 9505075
9510129 9505075
9510183 9505075
9510204 9505075
9511180 9505075
9507008 9505100
9509161 9505100
9509175 9505100
9509176 9505100
9510101 9505100
9510129 9505100
9510183 9505100
9510204 9505100
9511180 9505100
9509161 9507008
9509175 9507008
9509176 9507008
9510101 9507008
9510129 9507008
9510183 9507008
9511180 9507008
9509175 9509161
9509176 9509161
9510101 9509161
9510183 9509161
9510204 9509161
9510101 9509175
9510129 9509175
9510183 9509175
9510204 9509175
9511180 9509175
9510101 9509176
9510129 9509176
9510183 9509176
9510204 9509176
9511180 9509176
9510204 9510101
9511180 9510101
9510183 9510129
7:
9510017 9410167
9510135 9410167
9510161 9410167
9510229 9410167
9511026 9410167
9511043 9410167
9511088 9410167
9511173 9410167
9512059 9410167
9512121 9410167
9512203 9410167
9510017 9503124
9510135 9503124
9510161 9503124
9510229 9503124
9511043 9503124
9511173 9503124
9512059 9503124
9512078 9503124
9512203 9503124
9510135 9510017
9510161 9510017
9510229 9510017
9511026 9510017
9511043 9510017
9511088 9510017
9511173 9510017
9511222 9510017
9512059 9510017
9512078 9510017
9512121 9510017
9512203 9510017
9510161 9510135
9510225 9510135
9510229 9510135
9511026 9510135
9511043 9510135
9511088 9510135
9511173 9510135
9511222 9510135
9512059 9510135
9512078 9510135
9512121 9510135
9512203 9510135
9511173 9510161
9512059 9510161
9512078 9510161
9512203 9510161
9511026 9510225
9511088 9510225
9511222 9510225
9512059 9510225
9512078 9510225
9511026 9510229
9511043 9510229
9511088 9510229
9512059 9510229
9512078 9510229
9512121 9510229
9512203 9510229
9511088 9511026
9511222 9511026
9512059 9511026
9512078 9511026
9512121 9511026
9511173 9511043
9512059 9511043
9512078 9511043
9512203 9511043
9511222 9511088
9512059 9511088
9512078 9511088
9512121 9511088
9512203 9511088
9512059 9511173
9512078 9511173
9512203 9511173
9512059 9511222
9512078 9511222
9512121 9511222
9512078 9512059
9512203 9512059
9512121 9512078
8:
9505105 9308083
9506110 9308083
9506112 9308083
9507153 9308083
9510182 9308083
9511108 9308083
9512129 9308083
9505105 9504006
9506110 9504006
9506112 9504006
9507153 9504006
9510182 9504006
9511108 9504006
9512129 9504006
9505105 9504034
9506110 9504034
9506112 9504034
9507153 9504034
9510182 9504034
9511108 9504034
9512129 9504034
9506110 9505105
9506112 9505105
9507153 9505105
9510182 9505105
9511108 9505105
9512129 9505105
9507153 9506110
9510182 9506110
9511108 9506110
9512129 9506110
9507153 9506112
9510182 9506112
9511108 9506112
9512129 9506112
9510182 9507153
9511108 9507153
9512129 9507153
9511108 9510182
9512129 9510182
9512129 9511108
9:
9504147 9402002
9506106 9402002
9506200 9402002
9510134 9402002
9511053 9402002
9512031 9402002
9512188 9402002
9506106 9504147
9506200 9504147
9510134 9504147
9511053 9504147
9512031 9504147
9512188 9504147
9506200 9506106
9510134 9506106
9511053 9506106
9512031 9506106
9512188 9506106
9510134 9506200
9512031 9506200
9512188 9506200
9511053 9510134
9512031 9510134
9512188 9510134
9512031 9511053
9512188 9511053
9512188 9512031
