# The contained directed cliques in the directed communities at k=7
# from /Users/bogna/dev/role-mining/datasets/hepth/timeslots/cit-HepTh-1995.edges
# at no lower link weight threshold,
# and at no upper link weight threshold.
# Links were treated as directed.
# No time limit was set for the clique search.

0: 2206 2207 2210 2699 2809 2810 2700 2811 2812 
1: 3088 3089 3091 5100 6117 6996 6118 6997 5769 6123 6994 6998 5768 6120 6122 6140 6143 7212 6121 5102 6139 6142 5101 6225 6224 6227 6240 7148 5103 6226 7022 7273 5647 7023 4030 5644 6742 7021 7029 7031 4028 4029 6606 6740 7028 7030 6047 7020 5259 5970 6042 4533 4931 5248 5266 5272 4527 4534 4535 4519 4525 4526 4528 4530 4531 4536 5243 5273 5274 4516 4517 4518 4521 4522 4523 4540 4542 5224 5228 5232 5233 5246 6010 4520 4529 4532 4537 4539 5227 4547 4548 5221 5267 5225 5226 5234 5892 5893 5894 5231 5223 5222 3955 5229 5241 5250 5908 6015 6016 3956 3970 3975 3976 4414 5405 5909 6011 6017 3959 3973 4419 5408 6012 3958 3960 3961 6337 6343 6347 6340 6346 6352 5183 5184 5185 5194 5897 5958 6030 6031 6032 6338 6339 6654 7374 4410 4417 5165 5181 5182 5189 5191 5192 5199 5202 5245 5905 5957 6013 6014 6029 6037 7297 4408 4409 4411 4412 4416 4421 4422 4430 6187 4427 6186 4429 5188 5263 5265 5890 5904 6033 6034 6035 5201 5959 5962 5169 5167 5173 5171 5163 5166 5252 5249 5251 5270 5244 6043 5240 6039 7289 5906 5911 5914 5503 5907 5910 5912 5915 4775 5483 5486 5494 5496 5498 5500 5501 5506 5509 5511 5515 5517 5524 5528 5663 5664 5671 5673 5674 5899 5913 5918 6162 6163 6164 6165 6166 6167 6168 6170 6172 6191 6196 6700 6939 6940 6942 6944 6946 6947 4776 4777 4362 4783 4360 4363 4374 4361 4372 4373 4365 4375 5686 4349 4364 4367 4369 6481 4105 4348 4351 4353 4099 4100 4101 4104 4106 4107 4108 4109 4110 4117 4598 5376 6201 6423 6479 6698 6699 6721 6736 4098 4996 5001 5002 5004 5009 5018 5348 6429 6691 6708 6719 6724 4995 5007 5019 5347 6428 6690 6707 6718 6723 4994 4998 4999 5014 5035 5341 5342 5344 6413 6687 6688 6713 6729 4496 4997 5006 5013 5015 5340 5343 5346 6397 6877 6882 7127 7296 4484 4497 4498 4485 4486 4487 4482 4499 7108 4483 4489 4493 4893 6878 6953 7169 4490 4502 7137 5916 6202 6652 6704 6941 6954 6955 7139 7305 5662 5670 5672 5917 5919 5921 5923 6425 6701 6702 6703 6717 6943 6945 6948 7140 7299 4113 5665 5666 5667 5668 5679 5683 5688 4112 4115 4114 4116 5685 5684 5687 6188 6189 6194 6200 6171 6192 6195 6198 6709 6720 5350 6169 6173 6205 6206 6207 6208 6209 6210 6211 6344 6683 6705 6706 6725 6731 6956 6957 5345 5349 5351 5353 5379 6432 6726 6732 7111 5373 6418 6730 5038 5371 5372 5380 6420 6734 5036 5037 5043 6416 6696 6716 6365 6414 6415 6430 6431 6440 6695 6362 6364 6374 6864 5354 5694 6359 6363 6366 6371 6372 6375 6385 6398 6399 6402 6437 6861 6862 6866 6871 6901 7285 7291 7292 5358 5362 5366 5692 5695 5696 5693 5697 6356 6358 6388 6426 6874 6961 6386 6387 6389 6403 6404 6438 6694 6885 6911 6929 6417 6693 6711 6367 6400 6405 6419 6433 7128 6376 7129 7110 6865 7109 7114 7116 7286 6867 6870 6872 6873 6906 7284 7287 7323 6373 6697 6863 6868 6908 7256 7261 6382 6380 6383 6381 6439 6441 6887 6349 6692 6881 6886 6890 6891 7345 7349 5900 6019 6345 6348 4784 5898 6880 6884 6889 7117 6883 6888 6923 7300 6924 7252 6909 7253 6907 7255 7294 5903 7086 7293 7301 5901 5902 6952 6951 6950 6949 7295 5490 7084 7085 7090 5489 5487 7092 5484 5510 5512 5529 6175 6180 7080 7082 5513 6178 6185 5497 6179 6655 7113 7317 5008 7081 7119 5003 5010 5005 7079 7318 7319 7324 7120 7257 7126 7094 7123 7089 7093 7087 7083 7088 7091 7254 7262 7260 7259 6715 5370 6714 6733 5377 5120 5375 5378 4597 5119 5124 5123 6422 6434 6435 6728 6710 6727 6193 6190 6197 6199 6689 6712 6650 6664 6681 6879 7178 6651 6653 6930 6682 5352 6685 5381 6722 5669 6007 6006 6008 6009 7179 7170 6436 6406 6424 6401 6384 5041 6735 4781 7130 4371 4596 4780 4787 4355 4370 4354 4350 4352 4595 4366 4368 4786 4788 4789 7115 7131 5020 5021 5016 6174 6184 6849 5922 6875 6912 7298 7373 7038 7033 7039 7015 7014 6018 6860 7141 5675 6935 6204 6203 6212 5891 7098 6818 7097 7101 6822 7096 5616 5499 6040 6041 6038 7271 7270 6044 5193 7288 5268 5269 5264 5271 4933 4538 4930 4932 4929 5186 5180 5187 5960 7375 5230 4541 5220 4524 7280 7146 5799 6519 6509 6520 6524 6504 6507 6510 6231 6505 6522 7150 6220 6238 6048 6066 6067 6068 6221 6222 6301 6302 6305 6309 5829 6049 6050 6064 6065 6069 5831 5832 6062 6063 6502 6508 6503 6518 6311 6306 6310 6525 6308 6523 6971 6990 6991 6993 7007 6963 6970 6962 7000 6967 6444 6443 5643 7001 5645 7002 7003 6992 5701 7225 5702 6314 6078 6077 6079 5966 5967 
2: 3129 3694 3695 3696 5132 5133 5130 5276 5131 
3: 3363 3370 3578 3581 3364 3367 3371 3372 4675 4882 3365 3366 4673 4868 3368 4872 3369 4878 4667 4873 4875 4876 4877 4300 4301 4302 4641 4642 4643 4666 4668 4674 4679 4867 4869 4870 4871 4874 4880 4881 4883 4884 4885 3575 3929 4208 4292 4293 4294 4298 4299 4303 4305 4306 4920 4922 4923 4924 4961 3568 3572 3576 3577 3580 3569 3570 3574 4240 4295 3571 4238 3579 4952 4956 4957 4959 4963 5339 4962 4237 4821 4921 4951 4953 4958 4965 4966 4969 6148 4204 4235 4239 4241 4248 4203 4205 4206 4207 4644 4236 4964 5476 5473 5474 5479 5477 5480 6330 4814 4818 4819 4822 4815 4954 4960 4652 4968 4970 4648 4645 4646 4647 4676 4886 3573 4297 4296 4307 4304 3926 3930 3928 4925 4651 4879 
4: 3471 
5: 3664 3665 3666 5281 5284 5283 5286 5280 5282 5285 6113 6112 
6: 3709 3710 3712 3718 3713 3719 3716 3722 3715 3725 4701 3724 4683 3721 4685 4681 4693 4703 4687 4699 4833 4689 4691 4705 4733 4707 4735 4709 4711 4752 4754 4737 4750 4756 4739 4940 
7: 3778 3784 3984 3785 3983 3981 3982 3999 4974 4975 5048 4973 5050 5046 5045 5049 5047 
8: 4380 4381 4382 4384 4383 4385 
9: 5063 5064 
