# The directed communities at k=7
# from /Users/bogna/dev/role-mining/datasets/hepth/timeslots/cit-HepTh-1995.edges
# at no lower link weight threshold,
# and at no upper link weight threshold.
# Links were treated as directed.
# No time limit was set for the clique search.

0: 9301046 9305114 9403073 9412030 9412154 9501134 9502118 9507072 9508050 9508079 9510168 9512182 
1: 9407087 9402002 9501030 9207053 9305142 9305185 9406105 9407111 9408083 9408099 9410167 9412184 9501068 9411048 9502072 9408036 9308083 9404151 9503124 9504006 9504027 9504034 9504047 9504090 9504095 9308122 9504145 9505023 9505025 9505053 9505054 9505073 9505105 9505150 9505162 9506024 9506048 9506057 9506075 9506106 9506110 9506112 9506126 9506150 9506160 9506194 9507012 9507027 9507048 9507050 9507090 9507113 9507115 9507151 9507153 9507158 9507160 9507168 9508046 9508056 9508058 9508064 9508091 9508094 9508096 9508132 9508143 9508144 9508154 9508155 9509009 9509042 9509070 9509106 9509132 9509146 9509148 9509160 9510023 9510079 9510086 9510093 9510097 9510142 9510182 9510183 9510209 9510225 9510234 9511017 9511030 9511048 9511053 9511058 9511098 9511157 9511159 9511171 9511213 9511228 9512017 9512031 9512046 9512060 9512127 9512129 9512138 9512139 9512145 9512155 9512181 9512196 9512226 
2: 9407087 9408099 9411057 9505035 9505075 9509161 9509162 9510101 9510183 9510204 9510224 9511052 9511126 9512161 
3: 9402032 9407087 9408099 9502013 9402044 9408013 9408155 9411048 9411057 9411149 9503086 9403198 9503121 9503179 9504080 9504113 9505004 9505006 9505051 9505062 9505067 9505075 9505088 9506077 9506084 9506139 9506148 9506196 9507013 9507018 9507169 9509066 9509130 9510148 9510222 9510228 9511065 
4: 9206016 9504027 9504047 9506160 9506194 9509050 9511053 
5: 9407087 9408099 9411048 9411057 9504090 9505075 9505105 9505150 9506102 9508155 9510129 9510183 9511126 9512161 
6: 9407087 9408099 9411048 9411057 9503163 9504102 9505075 9505100 9507008 9509161 9509175 9509176 9510101 9510129 9510183 9510204 9511180 
7: 9410167 9503124 9510017 9510135 9510161 9510225 9510229 9511026 9511043 9511088 9511173 9511222 9512059 9512078 9512121 9512203 
8: 9308083 9504006 9504034 9505105 9506110 9506112 9507153 9510182 9511108 9512129 
9: 9402002 9504147 9506106 9506200 9510134 9511053 9512031 9512188 
