# The links inside the directed communities at k=3
# from /Users/bogna/dev/role-mining/datasets/enron/timeslots/09-filtered2.edges
# at no lower link weight threshold,
# and at no upper link weight threshold.
# Links were treated as directed.
# No time limit was set for the clique search.

0:
00006 00009
00006 00013
00006 00027
00006 00048
00006 00050
00006 00065
00006 00067
00006 00107
00006 00122
00009 00013
00009 00048
00009 00050
00009 00067
00009 00057
00013 00027
00013 00048
00013 00050
00013 00067
00013 00057
00013 00033
00065 00027
00027 00014
00023 00027
00048 00050
00048 00067
00050 00067
00065 00014
00051 00065
00069 00065
00074 00065
00065 00137
00067 00033
00107 00122
00107 00011
00107 00012
00107 00010
00107 00017
00107 00038
00051 00107
00069 00107
00073 00107
00107 00132
00023 00107
00107 00092
00079 00107
00107 00113
00107 00044
00107 00036
00054 00107
00107 00078
00107 00103
00058 00107
00122 00079
00007 00011
00007 00012
00007 00075
00007 00076
00057 00007
00011 00012
00011 00075
00011 00038
00075 00012
00012 00038
00075 00076
00076 00057
00076 00033
00076 00098
00038 00057
00057 00033
00098 00057
00010 00017
00038 00010
00073 00010
00071 00010
00017 00038
00033 00017
00017 00056
00017 00071
00017 00132
00038 00033
00038 00073
00073 00033
00033 00056
00014 00051
00014 00069
00014 00073
00014 00074
00023 00014
00051 00069
00073 00051
00051 00074
00023 00051
00051 00066
00051 00036
00051 00054
00069 00073
00069 00023
00069 00092
00069 00054
00073 00023
00073 00054
00074 00137
00125 00103
00125 00058
00132 00092
00023 00092
00092 00024
00092 00079
00092 00113
00024 00079
00024 00113
00079 00113
00066 00054
00044 00036
00044 00078
00044 00103
00036 00054
00109 00036
00109 00054
00103 00058
1:
00040 00057
00042 00057
00017 00040
00017 00059
00017 00125
00042 00017
00059 00040
00042 00040
00042 00125
2:
00034 00124
00035 00034
00124 00035
3:
00048 00044
00048 00091
00033 00044
00091 00033
00044 00091
00044 00100
00100 00091
4:
00135 00086
00135 00130
00135 00133
00086 00130
00086 00133
00130 00133
5:
00002 00004
00002 00020
00002 00070
00028 00002
00004 00020
00070 00004
00004 00003
00004 00141
00004 00072
00019 00004
00020 00070
00020 00003
00020 00068
00020 00141
00020 00072
00018 00020
00020 00019
00028 00020
00020 00137
00020 00029
00070 00141
00070 00072
00070 00018
00070 00019
00070 00028
00070 00029
00003 00068
00003 00141
00029 00003
00068 00141
00068 00137
00068 00029
00141 00072
00018 00141
00019 00141
00028 00141
00137 00141
00029 00141
00019 00072
00018 00019
00018 00028
00018 00032
00018 00137
00019 00028
00019 00137
00019 00029
00028 00032
00032 00137
00032 00029
00137 00029
00137 00066
00029 00066
