# The contained directed cliques in the directed communities at k=6
# from /Users/bogna/dev/role-mining/datasets/enron/timeslots/1-2001.edges
# at no lower link weight threshold,
# and at no upper link weight threshold.
# Links were treated as directed.
# No time limit was set for the clique search.

0: 1477 1478 1912 3548 2852 3098 3099 3101 3163 3392 3450 3484 3540 3541 3542 3543 3544 3545 3546 3547 3549 3585 3586 3588 3593 3722 3723 3724 2851 2850 2409 2548 2594 2720 2833 2840 2943 3097 3156 3157 3158 3159 3380 3381 3442 3443 3444 3445 3446 3447 3448 3479 3480 3522 3523 3524 3525 3527 3528 3529 3530 3531 3532 3534 3535 3583 3584 3594 3621 3622 3661 3662 3686 3687 3688 3689 3690 3694 3695 3696 3697 3698 3699 3700 3701 3702 3703 3707 3708 3728 3729 3730 3731 3732 3780 3781 3788 3789 3799 3800 3801 3803 3804 3808 3809 3810 3811 3814 3815 3816 3817 3820 3863 3864 3875 3898 2606 2929 3096 3383 3477 3539 3579 3580 3657 3660 3663 3667 3668 3684 3725 3819 3849 2226 3685 3717 3868 3897 3917 2227 3475 3577 3869 2578 2695 2714 3258 3870 3250 3256 3257 3246 3249 3476 3245 3247 3882 3255 3581 3578 3718 3716 3881 2424 3385 3526 3533 3802 3382 3384 3784 3786 3664 3669 3043 3659 3487 1536 3666 3670 3787 2096 2343 2574 2586 2587 2712 2945 3093 3094 3293 3623 3782 2713 2988 2989 3783 3865 2991 3491 3492 3552 2261 2644 2645 2751 2881 2985 2990 2992 3088 3090 2262 2474 2752 2882 2986 2475 3089 2208 3091 2209 2103 2545 2944 3341 3490 3493 3494 3495 2097 2609 3295 2098 1743 1757 1907 1908 2337 2589 2430 2541 2344 2540 2542 2338 2590 3273 3294 3337 3805 3807 3338 3342 3396 3481 3391 3397 3398 3482 3485 3393 3394 3395 3399 3403 3402 3161 3483 3160 3496 1895 1900 1901 1942 2804 1916 3726 2729 3757 2728 2873 2723 3181 3182 3451 3452 3743 3744 3596 3632 3633 3251 3254 
1: 1495 1937 2232 2435 2861 2962 2964 3102 3562 3569 3646 3837 3839 2436 2613 3644 3645 3748 3753 3838 1933 1934 2234 2235 2616 2897 2970 3325 3412 3464 3511 3520 3774 2195 2230 2433 2438 2443 2447 2451 2592 2622 2628 2682 2823 2965 3060 3470 3471 3570 3571 2193 2194 2819 3323 2820 2821 2828 2822 2829 3324 3510 2827 2864 3051 3062 3327 3513 2825 2826 2869 3058 3065 3330 3516 3055 3056 3063 3232 3233 3234 2634 2635 2636 2863 2865 2868 2870 3050 3052 3053 3057 3061 3064 3326 3328 3329 3331 3332 3333 3515 3611 2631 2632 2633 3517 2866 2867 3054 3512 1939 3410 3514 2568 3411 3413 3773 1899 2191 3044 3563 3746 3754 3755 2192 2190 3564 3568 2432 2446 2449 2621 2859 2967 3466 3467 3565 3566 3643 3750 3751 3752 2972 2973 1925 2968 1924 2625 3468 3469 3859 2196 3911 2187 3772 3775 3265 3264 3639 2959 3640 3641 3760 2961 2960 3835 3836 3747 1935 3192 3463 3193 3194 3195 2593 3519 3518 3521 2824 3059 2462 2937 2565 3615 3616 1929 2237 2860 3567 
2: 1535 
3: 1695 3426 3455 2385 2382 1838 2147 2150 2153 2156 2163 2166 2388 2558 3322 3318 3320 3036 3317 3366 3650 3034 3039 3042 3032 3040 3365 3648 3362 3647 2689 2805 2806 3217 3219 3220 3221 3222 3223 3225 3226 3363 3364 3454 3606 3607 3608 2691 2692 3224 3457 2052 3084 3218 3653 3654 3082 3083 2573 3081 3610 3713 1863 3609 3712 3456 3649 2808 3370 3652 3368 3367 3651 2807 3038 
4: 2066 2067 2068 2321 2528 2531 2534 3275 2069 2322 2529 2532 2535 3276 2324 2319 2323 2326 2330 2332 2335 2537 2318 2325 2329 2331 2334 2536 
5: 2286 2287 
6: 2677 
7: 2766 3134 
8: 2877 
9: 3238 
