# The directed communities at k=6
# from /Users/bogna/dev/role-mining/datasets/enron/timeslots/1-2001.edges
# at no lower link weight threshold,
# and at no upper link weight threshold.
# Links were treated as directed.
# No time limit was set for the clique search.

0: 143 5290 129 419 425 498 10351 452 527 104 125 133 532 11732 1399 2050 948 505 547 1813 4288 1414 1595 1223 1411 17776 544 550 580 723 2137 130 432 457 11680 11679 1574 2052 281 540 549 954 11695 11702 2092 30 4250 890 901 1198 1204 1209 1211 149 158 2054 416 420 1178 1185 118 1493 1194 1199 4506 4508 5372 804 453 719 1208 1010 1189 1192 1197 1225 1226 1233 510 971 489 604 642 663 1236 1527 542 136 2051 2129 495 545 661 1294 1548 2106 2049 15016 20575 20676 20677 20682 20683 20684 2262 4503 4507 5688 15283 15291 1959 4463 17777 20668 2238 5371 4333 5358 4504 492 554 5033 4314 9012 7682 796 731 9931 
1: 730 807 985 498 1062 641 928 1066 1067 1068 854 786 1070 877 1072 1306 1307 1323 1329 1331 1335 1336 558 802 825 851 1077 1079 1360 1552 1593 519 5601 720 835 572 600 719 746 489 642 663 1300 1310 1315 1317 1334 1546 1548 448 491 501 508 509 531 538 603 611 616 617 624 673 674 686 708 713 714 726 733 762 775 817 823 856 864 905 936 1312 1313 1279 1540 496 
2: 527 948 15291 15264 9323 2238 
3: 10354 10388 112 2024 216 277 307 32873 3447 401 8336 8349 10365 10360 10361 10364 10378 10381 10382 10383 252 276 312 9820 288 4 8347 10465 11381 32902 43031 3228 251 10369 32981 3879 29668 32889 32890 32907 32923 32974 9045 
4: 4858 3147 3149 3150 3530 3602 3609 3659 4511 465 5193 5208 5212 5216 5218 5220 5222 4334 5221 5890 
5: 17234 15759 5298 15787 15799 17249 7712 
6: 505 4252 501 674 581 5633 
7: 17266 2844 2930 6040 5529 5549 5366 3229 
8: 151 143 134 425 787 446 
9: 919 4873 5203 1850 3286 4334 
