# The links inside the directed communities at k=4
# from /Users/bogna/dev/role-mining/datasets/enron/timeslots/12-filtered2.edges
# at no lower link weight threshold,
# and at no upper link weight threshold.
# Links were treated as directed.
# No time limit was set for the clique search.

0:
00009 00052
00009 00067
00009 00075
00052 00067
00052 00075
00075 00067
1:
00002 00020
00002 00030
00002 00070
00020 00030
00020 00070
00018 00020
00020 00019
00028 00020
00020 00029
00020 00055
00020 00068
00020 00072
00020 00137
00020 00141
00030 00070
00018 00030
00030 00055
00030 00068
00030 00072
00030 00137
00030 00141
00018 00070
00070 00019
00070 00032
00070 00055
00070 00072
00070 00141
00018 00019
00018 00028
00018 00029
00018 00032
00018 00055
00018 00068
00018 00072
00018 00137
00018 00141
00019 00029
00019 00032
00019 00141
00028 00072
00029 00032
00029 00068
00029 00137
00029 00141
00032 00068
00137 00032
00068 00055
00072 00055
00141 00055
00068 00137
00068 00141
00072 00141
00137 00141
2:
00027 00107
00027 00092
00023 00027
00079 00027
00122 00027
00107 00092
00107 00023
00107 00039
00107 00113
00107 00079
00107 00122
00023 00092
00092 00039
00092 00113
00092 00079
00023 00039
00023 00113
00079 00039
00079 00122
3:
00107 00023
00107 00046
00107 00051
00107 00123
00023 00046
00023 00051
00051 00046
00046 00123
00151 00046
00051 00123
00151 00051
00151 00123
