# The contained directed cliques in the directed communities at k=9
# from /Users/bogna/dev/role-mining/datasets/hepth/timeslots/cit-HepTh-1996.edges
# at no lower link weight threshold,
# and at no upper link weight threshold.
# Links were treated as directed.
# No time limit was set for the clique search.

0: 3375 3378 
1: 3695 3696 3712 3699 3714 3713 
2: 3882 3883 5357 3885 
3: 4514 4516 4515 12218 12850 14662 12219 14665 13164 14667 12565 14663 14668 12556 12557 12563 12564 12567 12569 12570 12575 12576 12577 12586 12587 12589 12590 12604 12652 12654 13833 6102 12347 12558 12560 12581 6094 6100 6106 6091 6093 6095 12322 13466 6090 6092 12321 6105 7929 12528 6103 6107 6104 8308 9183 12348 12561 6101 8306 8309 8307 9180 12346 8311 8321 8337 8914 9181 11745 11749 12574 13878 13880 8312 8314 8323 8338 8916 8339 9558 9561 6917 7182 9560 11761 6915 6918 6924 6916 6923 6920 9559 6921 11189 6922 6925 11196 11191 14336 11186 13899 14333 14555 13897 13898 8915 9188 12664 14558 8913 8923 9186 13895 14332 8917 8921 8918 8919 8920 8922 8924 11762 8926 14664 8908 8925 12526 8907 12540 8300 8911 10120 10122 8303 8344 8343 11766 8341 11765 11760 10121 12541 12523 12524 12568 12724 12527 4834 12573 4832 9182 13348 13896 14330 8748 12618 13350 12603 12619 12598 12605 12599 12606 13347 13351 14331 11750 11746 12662 12643 12651 12670 13893 12644 12645 13834 14471 12646 12582 13831 13840 14475 13838 14462 14474 14469 13875 13874 13881 12672 11335 11329 9184 13879 13871 13870 12349 13470 13467 7930 7928 12323 12320 9615 12325 12350 12584 12624 12627 12625 12628 
4: 4865 4866 4871 4872 4869 4868 
5: 5171 
6: 5362 5364 5366 5367 
7: 5803 7295 
8: 6113 9484 
9: 6212 6213 6218 6219 
10: 6484 
11: 6832 
12: 6956 6963 6964 10411 8984 8983 10418 10403 10409 
13: 7925 12879 
14: 8421 8422 
15: 10372 10383 12393 12432 12406 12410 12422 12377 12403 12375 12384 12385 12383 12389 12411 11576 12388 12409 11582 12421 
16: 10374 10386 12395 12435 
17: 13041 13079 13265 13267 13269 13266 13268 13270 13264 13275 13263 
18: 13652 
19: 14457 
20: 14580 
