# The directed communities at k=9
# from /Users/bogna/dev/role-mining/datasets/hepth/timeslots/cit-HepTh-1996.edges
# at no lower link weight threshold,
# and at no upper link weight threshold.
# Links were treated as directed.
# No time limit was set for the clique search.

0: 9508072 9502072 9602111 9602136 9607077 9608059 9608099 9610105 9610157 9611210 
1: 9608024 9610043 9610236 9611164 9611202 9611215 9612126 9612144 9612162 9612222 9612223 9612251 
2: 9510017 9601029 9511064 9602043 9602051 9602065 9603061 9603195 9604134 9605224 9606113 9607001 9610031 
3: 9510017 9512031 9601029 9309145 9504147 9511064 9512078 9601152 9601177 9602043 9602051 9602065 9602135 9603060 9603061 9603078 9603090 9603100 9603109 9603126 9603147 9603195 9604035 9604042 9604052 9604065 9604089 9604127 9604134 9604166 9604189 9605016 9605017 9605051 9605091 9605224 9605234 9605236 9606016 9606033 9606185 9607026 9607149 9607235 9608108 9609026 9609052 9609053 9609076 9609084 9610045 9610068 9610138 9610172 9611125 9611146 9611151 9611165 9611189 9611214 9612051 9612146 
4: 9601003 9512062 9512077 9602064 9604119 9610148 9610249 9611159 9611173 9612080 9612121 9612153 
5: 9602022 9602114 9603161 9605150 9605199 9606044 9609071 9610076 9610205 
6: 9407087 9503115 9603136 9606199 9605215 9607202 9608060 9610026 9611016 9611123 9611190 
7: 9510135 9603081 9603127 9608024 9610043 9610236 9611215 9612087 9612162 9612223 
8: 9602022 9602114 9603150 9604097 9605150 9605199 9606044 9606091 9606148 9612008 
9: 9512031 9601029 9511064 9602043 9602051 9604134 9605091 9605224 9606113 9609084 9610171 
10: 9601038 9602030 9604129 9604178 9606165 9606176 9607019 9607057 9608053 
11: 9510017 9601029 9602043 9602051 9602065 9603061 9604189 9605174 9611214 
12: 9510017 9601057 9510200 9511043 9602052 9603081 9603127 9604065 9608024 9608127 9610082 9610250 9611214 
13: 9602022 9602114 9603003 9603161 9605131 9605150 9605200 9611137 9611190 9612108 
14: 9503124 9510135 9602052 9603081 9603127 9608024 9610043 9610082 9611050 9612162 
15: 9510209 9601036 9512219 9602010 9602022 9602030 9603003 9603113 9603161 9604178 9606176 9607041 9607057 9608053 9609176 9612141 
16: 9602022 9602114 9603003 9603161 9604178 9605150 9606176 9607041 9607057 9608053 9609176 
17: 9601036 9210127 9602114 9603003 9603037 9603161 9604097 9605184 9606049 9606176 9607121 9607201 9608117 9611203 9612192 
18: 9601036 9602022 9602114 9603003 9603161 9605184 9605200 9606049 9606133 
19: 9512031 9601029 9601177 9602043 9604035 9604166 9604168 9606033 9611146 
20: 9510209 9601036 9602022 9603003 9603161 9605184 9606049 9611203 9612192 
