# The links inside the directed communities at k=9
# from /Users/bogna/dev/role-mining/datasets/hepth/timeslots/cit-HepTh-1996.edges
# at no lower link weight threshold,
# and at no upper link weight threshold.
# Links were treated as directed.
# No time limit was set for the clique search.

0:
9602111 9508072
9602136 9508072
9607077 9508072
9608059 9508072
9608099 9508072
9610105 9508072
9610157 9508072
9611210 9508072
9602111 9502072
9602136 9502072
9607077 9502072
9608059 9502072
9608099 9502072
9610105 9502072
9610157 9502072
9611210 9502072
9602136 9602111
9607077 9602111
9608059 9602111
9608099 9602111
9610105 9602111
9610157 9602111
9611210 9602111
9607077 9602136
9608059 9602136
9608099 9602136
9610105 9602136
9610157 9602136
9611210 9602136
9608059 9607077
9608099 9607077
9610105 9607077
9610157 9607077
9611210 9607077
9608099 9608059
9610105 9608059
9610157 9608059
9611210 9608059
9610105 9608099
9610157 9608099
9611210 9608099
9610157 9610105
9611210 9610105
9611210 9610157
1:
9610043 9608024
9610236 9608024
9611164 9608024
9611215 9608024
9612126 9608024
9612144 9608024
9612162 9608024
9612223 9608024
9612251 9608024
9610236 9610043
9611164 9610043
9611202 9610043
9611215 9610043
9612126 9610043
9612144 9610043
9612162 9610043
9612222 9610043
9612223 9610043
9612251 9610043
9611202 9610236
9611215 9610236
9612126 9610236
9612144 9610236
9612162 9610236
9612222 9610236
9612223 9610236
9612251 9610236
9611202 9611164
9611215 9611164
9612126 9611164
9612144 9611164
9612162 9611164
9612222 9611164
9612223 9611164
9612251 9611164
9611215 9611202
9612126 9611202
9612144 9611202
9612162 9611202
9612222 9611202
9612223 9611202
9612251 9611202
9612126 9611215
9612144 9611215
9612162 9611215
9612222 9611215
9612223 9611215
9612251 9611215
9612144 9612126
9612162 9612126
9612222 9612126
9612223 9612126
9612251 9612126
9612162 9612144
9612222 9612144
9612223 9612144
9612251 9612144
9612222 9612162
9612223 9612162
9612251 9612162
9612251 9612222
9612251 9612223
2:
9601029 9510017
9602043 9510017
9602051 9510017
9602065 9510017
9603061 9510017
9605224 9510017
9606113 9510017
9610031 9510017
9601029 9511064
9602043 9601029
9602051 9601029
9602065 9601029
9603061 9601029
9603195 9601029
9604134 9601029
9605224 9601029
9606113 9601029
9607001 9601029
9610031 9601029
9602043 9511064
9602051 9511064
9603061 9511064
9604134 9511064
9605224 9511064
9606113 9511064
9607001 9511064
9602051 9602043
9602065 9602043
9603061 9602043
9603195 9602043
9604134 9602043
9605224 9602043
9606113 9602043
9607001 9602043
9610031 9602043
9602065 9602051
9603061 9602051
9603195 9602051
9604134 9602051
9605224 9602051
9606113 9602051
9607001 9602051
9610031 9602051
9603061 9602065
9603195 9602065
9605224 9602065
9606113 9602065
9607001 9602065
9610031 9602065
9603195 9603061
9604134 9603061
9605224 9603061
9606113 9603061
9607001 9603061
9610031 9603061
9605224 9603195
9606113 9603195
9607001 9603195
9610031 9603195
9605224 9604134
9606113 9604134
9607001 9604134
9610031 9604134
9606113 9605224
9607001 9605224
9610031 9605224
9607001 9606113
9610031 9606113
9610031 9607001
3:
9601029 9510017
9601152 9510017
9602043 9510017
9602051 9510017
9602065 9510017
9602135 9510017
9603060 9510017
9603061 9510017
9603090 9510017
9603109 9510017
9603126 9510017
9604042 9510017
9604089 9510017
9604189 9510017
9605016 9510017
9605224 9510017
9605236 9510017
9606016 9510017
9607026 9510017
9607235 9510017
9611165 9510017
9612146 9510017
9601029 9512031
9601177 9512031
9602043 9512031
9602051 9512031
9603061 9512031
9603078 9512031
9603100 9512031
9603126 9512031
9603147 9512031
9604035 9512031
9604134 9512031
9604166 9512031
9605051 9512031
9605091 9512031
9606033 9512031
9606185 9512031
9607235 9512031
9609084 9512031
9610172 9512031
9611146 9512031
9612051 9512031
9601029 9309145
9601029 9504147
9601029 9511064
9601029 9512078
9601152 9601029
9601177 9601029
9602043 9601029
9602051 9601029
9602065 9601029
9602135 9601029
9603060 9601029
9603061 9601029
9603078 9601029
9603090 9601029
9603100 9601029
9603109 9601029
9603126 9601029
9603147 9601029
9603195 9601029
9604035 9601029
9604042 9601029
9604052 9601029
9604089 9601029
9604127 9601029
9604134 9601029
9604166 9601029
9604189 9601029
9605016 9601029
9605017 9601029
9605051 9601029
9605091 9601029
9605224 9601029
9605234 9601029
9605236 9601029
9606016 9601029
9606033 9601029
9606185 9601029
9607026 9601029
9607149 9601029
9607235 9601029
9608108 9601029
9609026 9601029
9609052 9601029
9609053 9601029
9609076 9601029
9609084 9601029
9610045 9601029
9610068 9601029
9610138 9601029
9610172 9601029
9611125 9601029
9611146 9601029
9611151 9601029
9611165 9601029
9611189 9601029
9611214 9601029
9612051 9601029
9612146 9601029
9601152 9309145
9602043 9309145
9602051 9309145
9602135 9309145
9604042 9309145
9606185 9309145
9607149 9309145
9607235 9309145
9609053 9309145
9611189 9309145
9601152 9504147
9602051 9504147
9604042 9504147
9606185 9504147
9607149 9504147
9607235 9504147
9611189 9504147
9601152 9511064
9601177 9511064
9602043 9511064
9602051 9511064
9603060 9511064
9603061 9511064
9603078 9511064
9603090 9511064
9603100 9511064
9603126 9511064
9603147 9511064
9604042 9511064
9604134 9511064
9604166 9511064
9604189 9511064
9605016 9511064
9605051 9511064
9605091 9511064
9605236 9511064
9606033 9511064
9606185 9511064
9607149 9511064
9607235 9511064
9609084 9511064
9610045 9511064
9610068 9511064
9610172 9511064
9611146 9511064
9612051 9511064
9602051 9512078
9603060 9512078
9603061 9512078
9603109 9512078
9604042 9512078
9605234 9512078
9607235 9512078
9611125 9512078
9602043 9601152
9602051 9601152
9602135 9601152
9604042 9601152
9604089 9601152
9604166 9601152
9605234 9601152
9606185 9601152
9607149 9601152
9607235 9601152
9608108 9601152
9609026 9601152
9609053 9601152
9609076 9601152
9610045 9601152
9610172 9601152
9611189 9601152
9612051 9601152
9612146 9601152
9602043 9601177
9604166 9601177
9606033 9601177
9606185 9601177
9610172 9601177
9612051 9601177
9602051 9602043
9602065 9602043
9602135 9602043
9603061 9602043
9603078 9602043
9603090 9602043
9603100 9602043
9603109 9602043
9603126 9602043
9603147 9602043
9603195 9602043
9604035 9602043
9604042 9602043
9604052 9602043
9604065 9602043
9604089 9602043
9604127 9602043
9604134 9602043
9604166 9602043
9604189 9602043
9605016 9602043
9605017 9602043
9605051 9602043
9605091 9602043
9605224 9602043
9605236 9602043
9606016 9602043
9606033 9602043
9606185 9602043
9607026 9602043
9607149 9602043
9607235 9602043
9608108 9602043
9609052 9602043
9609053 9602043
9609076 9602043
9609084 9602043
9610045 9602043
9610068 9602043
9610138 9602043
9610172 9602043
9611125 9602043
9611146 9602043
9611165 9602043
9611189 9602043
9611214 9602043
9612051 9602043
9612146 9602043
9602065 9602051
9602135 9602051
9603060 9602051
9603061 9602051
9603078 9602051
9603090 9602051
9603100 9602051
9603109 9602051
9603126 9602051
9603147 9602051
9603195 9602051
9604042 9602051
9604052 9602051
9604065 9602051
9604089 9602051
9604127 9602051
9604134 9602051
9604189 9602051
9605016 9602051
9605017 9602051
9605051 9602051
9605091 9602051
9605224 9602051
9605234 9602051
9605236 9602051
9606016 9602051
9606033 9602051
9606185 9602051
9607026 9602051
9607149 9602051
9607235 9602051
9608108 9602051
9609026 9602051
9609052 9602051
9609053 9602051
9609084 9602051
9610045 9602051
9610068 9602051
9610138 9602051
9610172 9602051
9611125 9602051
9611146 9602051
9611151 9602051
9611165 9602051
9611189 9602051
9611214 9602051
9612146 9602051
9602135 9602065
9603060 9602065
9603061 9602065
9603078 9602065
9603090 9602065
9603100 9602065
9603109 9602065
9603126 9602065
9603147 9602065
9603195 9602065
9604052 9602065
9604065 9602065
9604089 9602065
9604127 9602065
9604189 9602065
9605016 9602065
9605017 9602065
9605051 9602065
9605091 9602065
9605224 9602065
9605236 9602065
9606016 9602065
9606033 9602065
9606185 9602065
9607026 9602065
9607235 9602065
9610045 9602065
9610068 9602065
9610138 9602065
9610172 9602065
9611125 9602065
9611146 9602065
9611151 9602065
9611165 9602065
9611214 9602065
9603109 9602135
9604089 9602135
9604127 9602135
9605016 9602135
9605017 9602135
9606016 9602135
9606033 9602135
9606185 9602135
9607149 9602135
9607235 9602135
9609053 9602135
9612146 9602135
9603090 9603060
9603109 9603060
9603126 9603060
9603147 9603060
9603195 9603060
9604042 9603060
9604134 9603060
9604189 9603060
9605016 9603060
9605051 9603060
9605234 9603060
9605236 9603060
9606033 9603060
9607235 9603060
9608108 9603060
9610172 9603060
9611125 9603060
9603090 9603061
9603100 9603061
9603109 9603061
9603126 9603061
9603147 9603061
9603195 9603061
9604035 9603061
9604042 9603061
9604052 9603061
9604127 9603061
9604134 9603061
9604166 9603061
9604189 9603061
9605016 9603061
9605017 9603061
9605051 9603061
9605091 9603061
9605224 9603061
9605234 9603061
9605236 9603061
9606016 9603061
9606033 9603061
9606185 9603061
9607026 9603061
9607235 9603061
9608108 9603061
9610045 9603061
9610068 9603061
9610172 9603061
9611125 9603061
9611146 9603061
9611165 9603061
9611189 9603061
9611214 9603061
9603100 9603078
9603109 9603078
9603126 9603078
9603147 9603078
9603195 9603078
9604052 9603078
9604065 9603078
9604089 9603078
9604127 9603078
9604134 9603078
9605016 9603078
9605017 9603078
9605051 9603078
9605224 9603078
9605234 9603078
9605236 9603078
9606016 9603078
9606033 9603078
9606185 9603078
9607026 9603078
9607235 9603078
9610045 9603078
9610068 9603078
9610138 9603078
9610172 9603078
9611125 9603078
9611151 9603078
9611189 9603078
9611214 9603078
9603126 9603090
9604189 9603090
9605236 9603090
9611165 9603090
9603109 9603100
9603147 9603100
9604089 9603100
9605051 9603100
9605091 9603100
9605224 9603100
9606033 9603100
9610172 9603100
9603147 9603109
9603195 9603109
9604042 9603109
9604052 9603109
9604065 9603109
9604089 9603109
9604127 9603109
9605016 9603109
9605017 9603109
9605091 9603109
9605224 9603109
9605234 9603109
9605236 9603109
9606016 9603109
9606033 9603109
9606185 9603109
9607149 9603109
9607235 9603109
9608108 9603109
9609026 9603109
9609053 9603109
9609076 9603109
9610045 9603109
9610068 9603109
9610172 9603109
9611125 9603109
9611146 9603109
9611151 9603109
9611189 9603109
9611214 9603109
9612051 9603109
9612146 9603109
9603147 9603126
9603195 9603126
9604035 9603126
9604052 9603126
9604089 9603126
9604127 9603126
9604134 9603126
9604166 9603126
9604189 9603126
9605016 9603126
9605051 9603126
9605091 9603126
9605236 9603126
9606016 9603126
9606033 9603126
9606185 9603126
9607026 9603126
9607235 9603126
9609084 9603126
9611146 9603126
9611151 9603126
9603195 9603147
9605016 9603147
9605051 9603147
9606033 9603147
9606185 9603147
9607149 9603147
9607235 9603147
9609052 9603147
9609053 9603147
9604065 9603195
9605016 9603195
9605051 9603195
9605224 9603195
9605234 9603195
9605236 9603195
9606016 9603195
9606033 9603195
9606185 9603195
9607149 9603195
9607235 9603195
9609052 9603195
9609053 9603195
9610045 9603195
9610068 9603195
9611125 9603195
9611146 9603195
9611189 9603195
9611214 9603195
9604166 9604035
9604189 9604035
9605051 9604035
9606033 9604035
9611146 9604035
9604166 9604042
9604189 9604042
9605016 9604042
9605091 9604042
9605234 9604042
9605236 9604042
9606033 9604042
9606185 9604042
9607149 9604042
9607235 9604042
9608108 9604042
9609026 9604042
9609053 9604042
9609076 9604042
9610045 9604042
9610068 9604042
9610172 9604042
9611125 9604042
9611189 9604042
9612051 9604042
9604089 9604052
9604127 9604052
9605017 9604052
9606033 9604052
9610138 9604052
9611151 9604052
9606185 9604065
9607235 9604065
9611214 9604065
9604127 9604089
9605016 9604089
9605017 9604089
9606016 9604089
9606033 9604089
9606185 9604089
9607026 9604089
9607149 9604089
9607235 9604089
9609053 9604089
9610138 9604089
9611151 9604089
9611189 9604089
9612146 9604089
9605017 9604127
9611151 9604127
9604189 9604134
9605016 9604134
9605051 9604134
9605091 9604134
9606033 9604134
9606185 9604134
9609084 9604134
9604189 9604166
9605051 9604166
9605091 9604166
9606033 9604166
9606185 9604166
9608108 9604166
9609076 9604166
9610172 9604166
9611125 9604166
9611146 9604166
9612051 9604166
9605051 9604189
9605236 9604189
9606016 9604189
9606033 9604189
9606185 9604189
9611146 9604189
9611165 9604189
9605051 9605016
9605236 9605016
9606016 9605016
9607026 9605016
9610045 9605016
9610068 9605016
9612146 9605016
9606033 9605051
9606185 9605051
9607149 9605051
9609053 9605051
9605224 9605091
9606033 9605091
9606185 9605091
9609084 9605091
9610068 9605091
9611189 9605091
9606016 9605224
9606185 9605234
9607149 9605234
9607235 9605234
9608108 9605234
9609026 9605234
9609076 9605234
9610045 9605234
9610172 9605234
9611125 9605234
9612051 9605234
9606185 9606033
9607149 9606033
9609052 9606033
9609053 9606033
9610138 9606033
9610172 9606033
9611146 9606033
9611189 9606033
9612051 9606033
9607149 9606185
9607235 9606185
9608108 9606185
9609052 9606185
9609053 9606185
9609076 9606185
9609084 9606185
9610045 9606185
9610068 9606185
9610172 9606185
9611125 9606185
9611189 9606185
9611214 9606185
9612051 9606185
9607235 9607149
9609052 9607149
9609053 9607149
9610045 9607149
9611125 9607149
9611189 9607149
9610045 9607235
9611125 9607235
9611146 9607235
9611189 9607235
9612146 9607235
9609026 9608108
9609076 9608108
9610045 9608108
9610172 9608108
9611125 9608108
9612051 9608108
9609076 9609026
9610172 9609026
9611125 9609026
9612051 9609026
9611189 9609052
9610172 9609076
9611125 9609076
9612051 9609076
9611125 9610172
9612051 9610172
9611189 9611125
4:
9601003 9512062
9601003 9512077
9602064 9601003
9604119 9601003
9610148 9601003
9610249 9601003
9611159 9601003
9611173 9601003
9612080 9601003
9612121 9601003
9602064 9512062
9604119 9512062
9610148 9512062
9610249 9512062
9611159 9512062
9611173 9512062
9612080 9512062
9612121 9512062
9612153 9512062
9602064 9512077
9604119 9512077
9610148 9512077
9610249 9512077
9611159 9512077
9611173 9512077
9612080 9512077
9612121 9512077
9612153 9512077
9604119 9602064
9610148 9602064
9610249 9602064
9611159 9602064
9611173 9602064
9612080 9602064
9612121 9602064
9612153 9602064
9610148 9604119
9610249 9604119
9611159 9604119
9611173 9604119
9612080 9604119
9612121 9604119
9612153 9604119
9610249 9610148
9611159 9610148
9611173 9610148
9612080 9610148
9612121 9610148
9612153 9610148
9611159 9610249
9611173 9610249
9612080 9610249
9612153 9610249
9611173 9611159
9612080 9611159
9612121 9611159
9612153 9611159
9612080 9611173
9612121 9611173
9612153 9611173
9612121 9612080
9612153 9612080
5:
9602114 9602022
9603161 9602022
9605150 9602022
9605199 9602022
9606044 9602022
9609071 9602022
9610076 9602022
9610205 9602022
9603161 9602114
9605150 9602114
9605199 9602114
9606044 9602114
9609071 9602114
9610076 9602114
9610205 9602114
9605150 9603161
9605199 9603161
9606044 9603161
9609071 9603161
9610076 9603161
9610205 9603161
9605199 9605150
9606044 9605150
9609071 9605150
9610076 9605150
9610205 9605150
9606044 9605199
9609071 9605199
9610076 9605199
9610205 9605199
9609071 9606044
9610076 9606044
9610205 9606044
9610076 9609071
9610205 9609071
9610205 9610076
6:
9603136 9407087
9606199 9407087
9605215 9407087
9607202 9407087
9608060 9407087
9610026 9407087
9611016 9407087
9611123 9407087
9611190 9407087
9603136 9503115
9606199 9503115
9605215 9503115
9607202 9503115
9608060 9503115
9610026 9503115
9611016 9503115
9611123 9503115
9611190 9503115
9606199 9603136
9605215 9603136
9607202 9603136
9608060 9603136
9610026 9603136
9611016 9603136
9611123 9603136
9611190 9603136
9606199 9605215
9607202 9606199
9608060 9606199
9610026 9606199
9611016 9606199
9611123 9606199
9611190 9606199
9607202 9605215
9608060 9605215
9610026 9605215
9611016 9605215
9611123 9605215
9611190 9605215
9608060 9607202
9610026 9607202
9611016 9607202
9611123 9607202
9611190 9607202
9610026 9608060
9611016 9608060
9611123 9608060
9611190 9608060
9611016 9610026
9611123 9610026
9611123 9611016
9611190 9611016
9611190 9611123
7:
9603081 9510135
9603127 9510135
9608024 9510135
9610043 9510135
9611215 9510135
9612087 9510135
9612162 9510135
9612223 9510135
9603127 9603081
9608024 9603081
9610043 9603081
9610236 9603081
9611215 9603081
9612087 9603081
9612162 9603081
9612223 9603081
9608024 9603127
9610043 9603127
9610236 9603127
9611215 9603127
9612087 9603127
9612162 9603127
9612223 9603127
9610043 9608024
9610236 9608024
9611215 9608024
9612087 9608024
9612162 9608024
9612223 9608024
9610236 9610043
9611215 9610043
9612087 9610043
9612162 9610043
9612223 9610043
9611215 9610236
9612087 9610236
9612162 9610236
9612223 9610236
9612087 9611215
9612162 9611215
9612223 9611215
9612162 9612087
9612223 9612087
9612223 9612162
8:
9602114 9602022
9603150 9602022
9604097 9602022
9605150 9602022
9605199 9602022
9606044 9602022
9606091 9602022
9606148 9602022
9612008 9602022
9603150 9602114
9604097 9602114
9605150 9602114
9605199 9602114
9606044 9602114
9606091 9602114
9606148 9602114
9612008 9602114
9604097 9603150
9605150 9603150
9605199 9603150
9606044 9603150
9606091 9603150
9606148 9603150
9612008 9603150
9605150 9604097
9605199 9604097
9606044 9604097
9606148 9604097
9612008 9604097
9605199 9605150
9606044 9605150
9606091 9605150
9606148 9605150
9612008 9605150
9606044 9605199
9606091 9605199
9606148 9605199
9612008 9605199
9606091 9606044
9606148 9606044
9612008 9606044
9606148 9606091
9612008 9606091
9612008 9606148
9:
9601029 9512031
9602043 9512031
9602051 9512031
9604134 9512031
9605091 9512031
9605224 9512031
9606113 9512031
9609084 9512031
9610171 9512031
9601029 9511064
9602043 9601029
9602051 9601029
9604134 9601029
9605091 9601029
9605224 9601029
9606113 9601029
9609084 9601029
9610171 9601029
9602043 9511064
9602051 9511064
9604134 9511064
9605091 9511064
9605224 9511064
9606113 9511064
9609084 9511064
9610171 9511064
9602051 9602043
9604134 9602043
9605091 9602043
9605224 9602043
9606113 9602043
9609084 9602043
9610171 9602043
9604134 9602051
9605091 9602051
9605224 9602051
9606113 9602051
9609084 9602051
9610171 9602051
9605091 9604134
9605224 9604134
9606113 9604134
9609084 9604134
9610171 9604134
9605224 9605091
9609084 9605091
9610171 9605091
9606113 9605224
9609084 9605224
9610171 9605224
9609084 9606113
9610171 9606113
9610171 9609084
10:
9602030 9601038
9604129 9601038
9604178 9601038
9606165 9601038
9606176 9601038
9607019 9601038
9607057 9601038
9608053 9601038
9604129 9602030
9604178 9602030
9606165 9602030
9606176 9602030
9607019 9602030
9607057 9602030
9608053 9602030
9604178 9604129
9606165 9604129
9606176 9604129
9607019 9604129
9607057 9604129
9608053 9604129
9606165 9604178
9606176 9604178
9607019 9604178
9607057 9604178
9608053 9604178
9606176 9606165
9607019 9606165
9607057 9606165
9608053 9606165
9607019 9606176
9607057 9606176
9608053 9606176
9607057 9607019
9608053 9607019
9608053 9607057
11:
9601029 9510017
9602043 9510017
9602051 9510017
9602065 9510017
9603061 9510017
9604189 9510017
9605174 9510017
9611214 9510017
9602043 9601029
9602051 9601029
9602065 9601029
9603061 9601029
9604189 9601029
9605174 9601029
9611214 9601029
9602051 9602043
9602065 9602043
9603061 9602043
9604189 9602043
9605174 9602043
9611214 9602043
9602065 9602051
9603061 9602051
9604189 9602051
9605174 9602051
9611214 9602051
9603061 9602065
9604189 9602065
9605174 9602065
9611214 9602065
9604189 9603061
9605174 9603061
9611214 9603061
9605174 9604189
9611214 9604189
9611214 9605174
12:
9601057 9510017
9602052 9510017
9603081 9510017
9603127 9510017
9604065 9510017
9608024 9510017
9608127 9510017
9610082 9510017
9610250 9510017
9611214 9510017
9601057 9510200
9601057 9511043
9602052 9601057
9603081 9601057
9603127 9601057
9604065 9601057
9608024 9601057
9608127 9601057
9610082 9601057
9610250 9601057
9611214 9601057
9602052 9510200
9603081 9510200
9603127 9510200
9604065 9510200
9608024 9510200
9608127 9510200
9610082 9510200
9610250 9510200
9611214 9510200
9602052 9511043
9603081 9511043
9603127 9511043
9604065 9511043
9608024 9511043
9608127 9511043
9610082 9511043
9610250 9511043
9611214 9511043
9603081 9602052
9603127 9602052
9604065 9602052
9608024 9602052
9608127 9602052
9610082 9602052
9610250 9602052
9611214 9602052
9603127 9603081
9604065 9603081
9608024 9603081
9608127 9603081
9610082 9603081
9611214 9603081
9604065 9603127
9608024 9603127
9608127 9603127
9610082 9603127
9610250 9603127
9611214 9603127
9608024 9604065
9608127 9604065
9610082 9604065
9610250 9604065
9611214 9604065
9608127 9608024
9610082 9608024
9610250 9608024
9611214 9608024
9610082 9608127
9610250 9608127
9611214 9608127
9611214 9610250
13:
9602114 9602022
9603003 9602022
9603161 9602022
9605131 9602022
9605150 9602022
9605200 9602022
9611137 9602022
9611190 9602022
9612108 9602022
9603003 9602114
9603161 9602114
9605131 9602114
9605150 9602114
9605200 9602114
9611137 9602114
9611190 9602114
9612108 9602114
9603161 9603003
9605131 9603003
9605150 9603003
9605200 9603003
9611137 9603003
9611190 9603003
9612108 9603003
9605131 9603161
9605150 9603161
9605200 9603161
9611137 9603161
9611190 9603161
9612108 9603161
9605150 9605131
9605200 9605131
9611137 9605131
9611190 9605131
9612108 9605131
9605200 9605150
9611137 9605150
9611190 9605150
9612108 9605150
9611137 9605200
9611190 9605200
9612108 9605200
9611190 9611137
9612108 9611137
14:
9602052 9503124
9603081 9503124
9603127 9503124
9608024 9503124
9610043 9503124
9610082 9503124
9611050 9503124
9612162 9503124
9602052 9510135
9603081 9510135
9603127 9510135
9608024 9510135
9610043 9510135
9610082 9510135
9611050 9510135
9612162 9510135
9603081 9602052
9603127 9602052
9608024 9602052
9610043 9602052
9610082 9602052
9611050 9602052
9612162 9602052
9603127 9603081
9608024 9603081
9610043 9603081
9610082 9603081
9611050 9603081
9612162 9603081
9608024 9603127
9610043 9603127
9610082 9603127
9611050 9603127
9612162 9603127
9610043 9608024
9610082 9608024
9611050 9608024
9612162 9608024
9610082 9610043
9611050 9610043
9612162 9610043
9611050 9610082
9612162 9610082
9612162 9611050
15:
9601036 9510209
9602010 9510209
9602022 9510209
9603003 9510209
9603161 9510209
9604178 9510209
9606176 9510209
9607057 9510209
9608053 9510209
9609176 9510209
9601036 9512219
9602010 9601036
9602022 9601036
9602030 9601036
9603003 9601036
9603113 9601036
9603161 9601036
9606176 9601036
9607057 9601036
9608053 9601036
9609176 9601036
9612141 9601036
9602010 9512219
9602022 9512219
9602030 9512219
9603003 9512219
9603113 9512219
9604178 9512219
9606176 9512219
9607057 9512219
9608053 9512219
9609176 9512219
9612141 9512219
9602022 9602010
9602030 9602010
9603003 9602010
9603113 9602010
9603161 9602010
9604178 9602010
9606176 9602010
9607041 9602010
9607057 9602010
9608053 9602010
9609176 9602010
9612141 9602010
9602030 9602022
9603003 9602022
9603113 9602022
9603161 9602022
9604178 9602022
9606176 9602022
9607041 9602022
9607057 9602022
9608053 9602022
9609176 9602022
9603003 9602030
9603113 9602030
9603161 9602030
9604178 9602030
9606176 9602030
9607041 9602030
9607057 9602030
9608053 9602030
9609176 9602030
9612141 9602030
9603113 9603003
9603161 9603003
9604178 9603003
9606176 9603003
9607041 9603003
9607057 9603003
9608053 9603003
9604178 9603113
9607057 9603113
9608053 9603113
9609176 9603113
9612141 9603113
9604178 9603161
9606176 9603161
9607041 9603161
9607057 9603161
9608053 9603161
9609176 9603161
9606176 9604178
9607041 9604178
9607057 9604178
9608053 9604178
9609176 9604178
9612141 9604178
9607041 9606176
9607057 9606176
9608053 9606176
9609176 9606176
9607057 9607041
9609176 9607041
9608053 9607057
9609176 9607057
9612141 9607057
9609176 9608053
9612141 9608053
9612141 9609176
16:
9602114 9602022
9603003 9602022
9603161 9602022
9604178 9602022
9605150 9602022
9606176 9602022
9607041 9602022
9607057 9602022
9608053 9602022
9609176 9602022
9603003 9602114
9603161 9602114
9604178 9602114
9605150 9602114
9606176 9602114
9607041 9602114
9607057 9602114
9608053 9602114
9609176 9602114
9603161 9603003
9604178 9603003
9605150 9603003
9606176 9603003
9607041 9603003
9607057 9603003
9608053 9603003
9604178 9603161
9605150 9603161
9606176 9603161
9607041 9603161
9607057 9603161
9608053 9603161
9609176 9603161
9605150 9604178
9606176 9604178
9607041 9604178
9607057 9604178
9608053 9604178
9609176 9604178
9606176 9605150
9607041 9605150
9607057 9605150
9608053 9605150
9609176 9605150
9607041 9606176
9607057 9606176
9608053 9606176
9609176 9606176
9607057 9607041
9609176 9607041
9608053 9607057
9609176 9607057
9609176 9608053
17:
9601036 9210127
9602114 9601036
9603003 9601036
9603037 9601036
9603161 9601036
9604097 9601036
9605184 9601036
9606049 9601036
9606176 9601036
9607121 9601036
9607201 9601036
9608117 9601036
9611203 9601036
9612192 9601036
9602114 9210127
9603003 9210127
9603037 9210127
9603161 9210127
9604097 9210127
9605184 9210127
9606049 9210127
9606176 9210127
9607121 9210127
9607201 9210127
9608117 9210127
9611203 9210127
9612192 9210127
9603003 9602114
9603037 9602114
9603161 9602114
9604097 9602114
9605184 9602114
9606049 9602114
9606176 9602114
9607121 9602114
9607201 9602114
9608117 9602114
9611203 9602114
9603037 9603003
9603161 9603003
9604097 9603003
9605184 9603003
9606049 9603003
9606176 9603003
9607121 9603003
9607201 9603003
9608117 9603003
9611203 9603003
9612192 9603003
9603161 9603037
9604097 9603037
9605184 9603037
9606049 9603037
9606176 9603037
9607121 9603037
9607201 9603037
9608117 9603037
9611203 9603037
9612192 9603037
9604097 9603161
9605184 9603161
9606049 9603161
9606176 9603161
9607121 9603161
9607201 9603161
9608117 9603161
9611203 9603161
9612192 9603161
9606049 9604097
9608117 9604097
9611203 9604097
9606049 9605184
9606176 9605184
9607121 9605184
9607201 9605184
9608117 9605184
9611203 9605184
9612192 9605184
9608117 9606049
9611203 9606049
9612192 9606049
9608117 9606176
9611203 9606176
9608117 9607121
9611203 9607121
9608117 9607201
9611203 9607201
9612192 9611203
18:
9602022 9601036
9602114 9601036
9603003 9601036
9603161 9601036
9605184 9601036
9605200 9601036
9606049 9601036
9606133 9601036
9602114 9602022
9603003 9602022
9603161 9602022
9605184 9602022
9605200 9602022
9606049 9602022
9606133 9602022
9603003 9602114
9603161 9602114
9605184 9602114
9605200 9602114
9606049 9602114
9606133 9602114
9603161 9603003
9605184 9603003
9605200 9603003
9606049 9603003
9606133 9603003
9605184 9603161
9605200 9603161
9606049 9603161
9606133 9603161
9605200 9605184
9606049 9605184
9606133 9605184
9606049 9605200
9606133 9605200
9606133 9606049
19:
9601029 9512031
9601177 9512031
9602043 9512031
9604035 9512031
9604166 9512031
9604168 9512031
9606033 9512031
9611146 9512031
9601177 9601029
9602043 9601029
9604035 9601029
9604166 9601029
9604168 9601029
9606033 9601029
9611146 9601029
9602043 9601177
9604035 9601177
9604166 9601177
9604168 9601177
9606033 9601177
9611146 9601177
9604035 9602043
9604166 9602043
9604168 9602043
9606033 9602043
9611146 9602043
9604166 9604035
9604168 9604035
9606033 9604035
9611146 9604035
9604168 9604166
9606033 9604166
9611146 9604166
9606033 9604168
9611146 9604168
9611146 9606033
20:
9601036 9510209
9602022 9510209
9603003 9510209
9603161 9510209
9605184 9510209
9606049 9510209
9611203 9510209
9612192 9510209
9602022 9601036
9603003 9601036
9603161 9601036
9605184 9601036
9606049 9601036
9611203 9601036
9612192 9601036
9603003 9602022
9603161 9602022
9605184 9602022
9606049 9602022
9611203 9602022
9612192 9602022
9603161 9603003
9605184 9603003
9606049 9603003
9611203 9603003
9612192 9603003
9605184 9603161
9606049 9603161
9611203 9603161
9612192 9603161
9606049 9605184
9611203 9605184
9612192 9605184
9611203 9606049
9612192 9606049
9612192 9611203
