# The contained directed cliques in the directed communities at k=9
# from /Users/bogna/dev/role-mining/datasets/hepth/timeslots/cit-HepTh-1998.edges
# at no lower link weight threshold,
# and at no upper link weight threshold.
# Links were treated as directed.
# No time limit was set for the clique search.

0: 7300 7301 7304 11099 11102 11103 9241 9242 9240 10269 11650 11653 11669 10270 10275 10276 11672 11673 11654 11670 11671 
1: 7358 7359 7361 10353 10363 7360 7363 7362 10362 13743 13346 13740 13745 13746 13343 13348 13354 8682 10359 13341 13345 13761 8668 8680 8687 8666 8672 12627 8670 12625 8685 11594 11595 11597 11580 11591 11598 11599 12444 11579 11593 11639 12437 12443 11592 11638 12436 12441 12431 12434 12617 12432 12438 13752 12433 12439 13762 12440 14580 14587 12629 13763 12615 12616 12618 12621 12628 16447 12614 12622 12435 12442 13753 16435 10352 13328 13734 13755 10351 10354 10361 10360 13327 13733 13344 13741 13347 13329 13355 13744 13330 13336 13735 13337 13736 13356 13738 13748 13747 13737 13742 10364 13754 13765 13764 14579 16446 16440 13739 10358 13758 12609 
2: 8163 8164 8179 8180 9812 14150 9811 14149 14147 13195 13201 13206 13208 13304 13306 13611 14109 14110 14111 14113 14114 14115 14129 14145 14146 14148 14159 14161 14165 14166 14167 9857 9877 9879 9880 9885 9887 11738 11753 13196 13197 13198 13199 13200 13202 13203 13204 13205 13207 13209 13211 13212 13213 13214 13215 13216 13217 13307 13310 13602 13603 13604 13607 14112 14116 14117 14118 14119 14120 14121 14122 14123 14124 14127 14299 8638 8640 8641 8648 9849 9850 9852 9855 9859 9860 9861 9865 9866 9867 9870 13302 13305 13308 8630 8634 8639 8643 8650 8651 8631 8632 8633 8635 8642 8649 9868 9881 11734 8637 8652 8653 9888 11735 8636 8647 9856 8646 8644 9875 8645 9872 9851 9869 9871 9876 9886 13303 13311 14300 9858 14294 14295 9878 11743 11752 14373 14374 14377 14378 19103 11478 19102 11739 11754 13210 13608 13609 11745 11744 11746 13606 11486 13605 11473 11481 11487 11470 11474 11469 11472 11471 11480 11483 11484 13613 13614 14151 14152 14157 12676 14154 14156 14158 12248 12669 12679 12245 12249 12246 11747 12243 12672 11756 11755 12244 12665 12667 12666 14164 12664 14140 14138 14137 14162 14130 14139 14126 14132 14125 14128 14131 14163 13624 14168 13612 13622 13625 13610 13627 13621 13626 14160 13623 14155 14153 9884 9883 11731 8627 9863 9874 12202 12203 8625 8626 8624 9854 9853 12198 9873 12209 12214 12201 12199 12200 11730 12206 12207 
3: 8215 8217 12282 12283 11328 11327 11330 9029 11342 12011 9033 9030 9031 11331 11332 11333 11336 11335 11351 11350 11353 12269 12270 12008 
4: 9144 15927 14042 15928 17807 17810 17811 17812 
5: 9697 9698 9699 9705 9711 20045 20233 20314 20513 20617 9701 9706 9712 20316 20515 20585 20618 20651 9702 9709 9715 20319 20518 20586 20620 20652 9700 9704 9708 9710 9714 9716 9730 12485 12513 12514 12518 12526 12548 9703 9728 12484 12517 12525 12547 17886 9717 12515 9718 9719 12527 9720 12528 9724 12530 9722 12532 12531 12490 12494 12496 12497 12503 12504 12505 12519 12520 12521 12522 12523 12529 12533 12534 12553 12554 12555 12557 12558 12559 12560 12561 17894 17895 17900 17906 17907 17908 17909 18160 18164 18242 12478 12479 12480 12482 12486 12487 12488 12489 12491 12492 12493 12495 12498 12499 12500 12501 12502 12511 12541 12549 12551 12552 12556 12562 12563 12564 17956 18187 18188 18190 18199 18202 18210 18227 18228 18229 18230 18238 18239 18240 18244 18245 18247 18248 18254 18255 18258 18263 18267 18269 19539 20037 20234 20245 20246 20250 20254 20258 20269 20295 20496 20619 20630 20632 20633 20636 20639 20643 20656 23346 23348 23705 23711 23717 23961 24021 12481 12483 12506 12535 12542 12543 12545 18168 12507 12538 12544 12546 18175 12508 12510 12512 12509 12524 12536 12537 12539 12540 12516 17893 17896 17934 17957 17965 17970 17971 18271 12550 17892 17938 17939 17941 17946 17955 17962 17963 18204 17887 17889 17933 17936 17950 17953 17954 17959 17961 17964 17966 18156 18198 18201 18203 23077 23634 17825 17888 17891 17899 17901 17943 17948 17826 17829 17830 17831 10905 16740 17832 17837 17890 10880 10907 10881 10908 10909 10912 10913 16199 16739 16741 16745 17852 16200 16208 16217 13793 16209 16218 13791 13794 13805 13814 13792 13803 13812 13804 13813 13806 13815 13820 13818 13819 13817 16227 16226 16747 17862 17858 17848 17856 17846 17851 18195 17861 18197 18237 17905 18235 17903 18231 18233 18191 18256 18193 19419 19417 23924 23925 18394 19444 19854 19866 19867 19868 19871 20046 20235 20236 20237 20244 20916 20917 20918 20919 20925 20934 20972 21195 21196 21197 21198 21199 21200 21201 21202 21205 21206 21207 21214 21215 21216 21217 21222 21230 21237 21249 21275 21386 21915 22005 22123 22124 22125 22126 22127 22133 22142 22211 22315 22707 22920 22921 22922 22923 22924 22925 22926 22927 22928 22931 22932 22933 22934 22942 22943 22944 22945 22958 22959 22985 22986 22987 22988 22997 23012 23026 23064 23065 23066 23075 23089 23175 23325 23326 23455 23457 23459 23461 23462 23469 23503 23504 23505 23506 23507 23508 23509 23510 23511 23512 23521 23522 23523 23524 23632 23702 23703 23704 23804 23806 23807 23926 23927 23928 23929 23930 23931 23932 23933 23934 23935 23937 23938 23939 23943 23944 23948 23949 23955 23956 23957 23959 23960 23962 23964 23968 23970 23976 24054 24066 24067 24069 24072 24075 24189 15629 18241 18384 18387 18388 18389 18391 18392 18393 18395 18396 18397 18398 18400 18401 18421 18422 18424 18434 18436 18437 18438 18440 18441 18445 18452 18453 18454 18455 18456 18457 18458 18459 18460 18461 18463 18465 18466 18479 18481 18485 18486 18487 18488 18504 18505 18506 18507 18508 18513 18515 18517 18529 18533 18535 18536 18547 18569 18574 18576 18577 18578 18581 18582 18583 19440 19441 19445 19446 19575 19852 19858 19865 19869 19870 19873 19874 19891 19943 20083 20247 20249 20251 20252 20255 20263 20273 20973 20983 20988 20998 21010 21034 21218 21223 21224 21225 21226 21229 21231 21233 21238 21240 21250 21251 21252 21254 21259 21270 22212 22224 22229 22238 22251 22911 22912 22970 22990 22998 22999 23000 23001 23002 23003 23004 23010 23013 23018 23027 23032 23056 23090 23094 23103 23115 23125 23201 23245 23352 23353 23458 23513 23514 23515 23516 23517 23525 23526 23527 23528 23530 23535 23536 23537 23538 23539 23541 23633 23635 23654 23706 23707 23708 23709 23940 23942 23945 23950 23953 23971 24078 15545 15578 15580 15581 15584 15590 15591 15592 15593 15594 15597 15600 15601 15602 15606 15607 15608 15609 15610 15611 15612 15613 15617 15618 15619 15620 15621 15622 15623 15624 15625 15626 15627 15628 15630 15632 15633 15634 15635 15636 15637 15638 15657 15668 15677 15679 15680 15683 15706 15717 15719 15720 15723 15728 15729 15730 15731 15732 15733 15734 15735 15736 15737 15738 15739 15742 15743 15744 15765 15771 19667 20039 20049 20056 20065 20069 20073 20076 20077 20078 20080 20081 20082 20084 20086 20088 20089 20093 20095 20096 20099 20100 20101 20102 20103 20105 20107 20109 20110 20114 20116 20117 20125 20181 20184 20187 20188 20189 20195 20204 20216 20361 20364 20365 20366 20372 20379 20383 20385 20386 20393 20402 20473 20907 20920 20929 20938 20950 20958 20959 20960 20969 20975 20976 20980 20984 20985 20986 20987 20989 20991 20993 20994 21000 21001 21006 21012 21013 21018 21022 21023 21028 21032 21033 21035 21036 21037 21039 21041 21042 21046 21048 21049 21054 21057 21062 21063 21065 21074 21117 21127 21128 21132 21134 21135 21143 21150 21165 21184 21474 21482 21484 21485 21491 21497 21509 21523 21534 21536 21537 21543 21549 21568 21672 22041 22071 22072 22078 22089 22129 22138 22147 22158 22183 22184 22185 22202 22214 22216 22217 22222 22225 22226 22227 22228 22230 22232 22234 22235 22240 22241 22242 22248 22253 22254 22255 22261 22264 22267 22269 22270 22278 22281 22283 22387 22392 22399 22426 22429 22538 22549 22550 22552 22554 22555 22556 22565 22572 22781 22783 22784 22908 22913 22914 22936 22937 22947 22948 22952 22956 22960 22961 22965 22966 22969 22971 22972 22973 22974 22975 22978 22981 22982 22983 22984 22989 22991 22993 22995 23005 23006 23007 23008 23009 23014 23015 23016 23017 23020 23022 23024 23028 23029 23030 23031 23034 23036 23038 23040 23041 23043 23044 23045 23046 23047 23048 23051 23053 23055 23057 23058 23059 23072 23082 23083 23087 23093 23095 23096 23098 23100 23101 23105 23107 23108 23113 23118 23121 23123 23124 23127 23128 23130 23133 23136 23158 23168 23186 23189 23190 23191 23198 23200 23202 23203 23205 23206 23207 23208 23209 23210 23211 23212 23215 23217 23219 23222 23224 23226 23227 23233 23237 23243 23244 23248 23251 23257 23275 23277 23284 15540 15544 15558 15572 23615 23616 23864 23867 15541 15543 15549 15555 15568 15603 15684 15699 19156 19157 19158 19161 19165 19167 19173 19218 19590 20777 20778 20779 20780 20793 20803 20822 21292 21699 22039 22040 22499 22656 22657 22658 22677 23149 23350 23383 23384 23385 23386 23387 23391 23392 23393 23394 23395 23396 23401 23402 23403 23405 23407 23408 23409 23410 23411 23413 23414 15546 15553 19839 15547 15559 15639 15560 15645 15561 15567 15642 15646 15649 15756 15784 19761 19762 19848 15566 15644 19846 15564 15575 15682 23761 15557 15563 15565 15663 15667 15556 15571 15615 19136 19980 19981 19982 19987 19991 19993 19999 20003 20006 20008 20013 20016 20345 20541 20543 23621 15570 19132 19133 19134 19135 19137 19138 19139 19140 19141 19142 19143 19144 19145 19146 19147 19148 19149 19150 19263 15574 15596 15599 15605 15701 19163 19166 19168 19169 19171 19172 19174 19178 19247 20839 15573 15661 19180 15562 15577 15652 15659 15687 15709 19179 19181 20835 15665 15669 17548 17627 19154 19973 15587 15616 15650 15658 15662 15664 15666 15672 15674 15676 15713 15715 15722 15745 15746 15755 15757 15767 15777 15779 15781 15787 17554 17555 17558 17587 17588 17589 17632 17637 17638 17639 17642 17673 17691 17692 17729 17730 18442 18443 18444 19622 19879 19892 19893 19903 20040 20041 20291 20292 20293 20294 20296 20297 20298 20299 20300 20301 20302 20304 20306 20309 20340 20341 20342 20343 20348 20349 20350 20351 20352 20353 20355 20356 20360 20363 20367 20370 20371 20377 20378 20382 20384 20387 20388 20391 20392 20396 20397 20401 20403 20467 20472 20493 20494 20495 20499 20546 20550 21356 21361 21362 22092 22097 22098 22194 22289 22290 22293 22365 22366 22367 15583 15586 15588 15589 15704 15750 15751 15752 15773 15775 15778 18467 18468 19725 19859 19860 19880 19881 19894 19901 19902 19904 19924 21367 22103 22297 22375 22385 22386 22425 15582 15772 15774 19856 19857 19863 19864 20067 20068 20070 23079 23081 15579 19861 19862 15585 19855 15631 15640 19884 19885 15598 15604 15673 15675 15707 18464 20311 20312 20317 20318 20325 20326 20330 20331 20337 21290 21291 21297 21298 21299 21300 21301 21302 21303 21304 21305 21306 21307 21308 21309 21310 21311 21317 21318 21322 21324 21329 21331 21338 21340 21342 21351 21352 21599 21600 22042 22043 22044 22045 22046 22047 22048 22049 22050 22051 22053 22054 22055 22056 22057 22058 22059 22060 22061 22062 22063 22064 22065 22066 22067 22068 22069 22070 22073 22074 22075 22077 22079 22080 22081 22082 22083 22084 22085 22086 22087 22090 22091 22108 22112 22128 22135 22136 22137 22144 22145 22146 22150 22152 22154 22155 22156 22157 22175 22188 22321 22322 22468 22470 22472 22473 22474 22475 22477 22480 22481 22482 22483 22484 22485 22486 22487 22488 22489 22490 22491 22492 22493 22496 22497 22500 22502 22503 22504 22507 22515 22523 22661 22662 22663 22664 22667 22668 22669 22670 22673 22674 22679 22682 22683 22917 22935 22946 22955 23145 23146 23147 23148 23150 23151 23315 23323 23324 23327 23328 23329 23332 23339 23340 23349 23355 23358 15651 15653 15705 19221 19223 19224 19225 19226 19227 21295 21296 21319 21320 21321 21323 21325 21326 21327 21328 21330 21332 21333 21336 21339 21341 21343 21348 21349 21350 21353 21354 21355 21388 21389 21390 21391 21397 21398 21399 21405 21406 21407 21410 21413 21415 21416 21417 21418 21429 21596 21597 21601 21602 21603 21612 21616 21617 21706 21707 21710 21711 21712 21713 21877 21878 21970 21971 21972 21973 15655 21312 21313 21314 21315 15643 15656 15678 15681 15762 15763 15766 20310 21375 21376 21377 21379 21382 21383 21387 21396 21404 21412 21424 21451 21452 21457 21518 21620 22111 22304 22305 22308 22347 15782 19895 19896 19899 22306 15641 15714 15716 15764 15776 15780 17676 19900 19931 22346 22348 22356 22357 22368 22369 15654 17631 19886 19887 19888 19889 19890 22166 22167 22171 22172 21358 21421 21422 21423 21426 21427 21449 17552 17584 17585 17591 17592 17615 17634 17724 18986 19289 19497 20834 20904 20905 20910 20911 21293 21357 21359 21360 21363 21364 21365 21366 21368 21370 21371 21373 21380 21381 21450 21453 21458 21459 21471 21521 21524 21532 21562 21697 21736 21737 21738 21739 22093 22094 22095 22096 22099 22100 22101 22105 22292 22294 22685 17505 17506 17507 17514 17527 17551 17553 17557 17562 17563 17569 17570 17571 17575 17576 17577 17578 17603 17604 17619 17635 17641 17643 17659 17663 17664 17665 17670 17671 17672 17687 17688 17690 17694 17695 17708 17728 17733 18425 18969 19751 19752 20074 20303 20354 20545 20908 20967 20970 21038 21064 21334 21344 21345 21374 21385 21431 21455 21461 21463 21466 21467 21468 21483 21486 21498 21510 21535 21538 21539 21550 21569 21668 21740 21806 21807 21818 22109 22195 22203 22205 22208 22282 22755 17503 17504 17510 17512 17513 17516 17520 17528 17529 17539 17573 17606 18961 18964 18965 18966 18967 18968 18981 18982 18983 18984 19016 19025 22110 22120 22170 22196 17511 17523 17574 17600 18962 18963 18977 18978 19024 19498 19500 17535 17601 17602 17607 18979 18980 19502 19506 17524 17534 17537 17540 17744 19035 19036 17526 17700 19011 17525 17533 17702 19014 17532 17536 17703 19012 19013 17531 17545 17696 17713 19022 17544 17712 19021 17538 17541 17546 17726 17760 19054 19055 17515 17542 17756 17764 18987 19015 19041 19042 19043 19044 19045 19046 19047 19050 19051 21414 17620 17621 18988 18989 18996 17622 17623 17765 17766 17767 20414 20422 20427 20433 17674 17768 20415 20423 20426 20432 22200 17660 17675 18570 22173 22204 17593 17611 17612 17613 17616 17617 17653 17661 17736 17752 17753 17754 17757 17761 19784 21454 21570 22201 22272 22284 22450 22559 17725 17731 17734 17735 19773 20307 20398 21561 22113 22114 22115 22197 22198 22199 22265 22371 17727 17758 17762 20332 20399 20945 21058 21059 21060 21265 21470 21522 21525 21528 21531 21563 21564 21565 21566 21574 21650 22445 17586 17721 17732 17749 19209 19244 17582 17590 17608 17636 17580 17583 17629 17581 17628 17640 17718 17719 17720 14076 17549 17579 19772 19972 20017 14064 14066 14070 14075 14078 14079 14056 14058 14059 14060 14061 14062 14065 14067 14071 14080 14081 20113 20175 20183 20241 20262 20266 20272 20275 20457 20657 14057 14073 20047 20054 20238 20516 20523 20622 20623 20627 23710 23716 14063 14068 14072 14074 20588 20628 20653 18251 18448 18449 18450 18451 17969 18249 18250 18482 18484 18489 17967 17968 18189 18226 18266 20631 20655 21908 21988 22407 22891 23357 23359 23626 23637 23638 23639 23640 23641 23661 23663 18169 18184 18209 18211 18212 18268 18270 19997 20166 20315 20336 20359 20514 20529 20558 20587 20589 20625 20626 20642 20647 20654 20658 20660 21763 21882 21893 21916 21917 21927 21931 22008 22009 22710 23178 23465 23805 23813 23817 24056 18177 20662 18176 20669 18174 20668 20665 19572 20257 20641 20661 20666 19542 19545 19547 19565 19571 19573 19578 19613 19692 19695 19696 20664 15721 18257 18262 19255 19272 19273 19277 19363 19450 19453 19454 19455 19460 19509 19530 19531 19533 19536 19540 19541 19543 19544 19546 19548 19549 19550 19551 19552 19553 19554 19555 19556 19557 19558 19559 19560 19561 19562 19563 19564 19566 19567 19568 19574 19576 19577 19579 19580 19582 19583 19585 19591 19596 19599 19600 19609 19615 19616 19617 19618 19646 19647 19648 19649 19650 19651 19652 19653 19656 19659 19660 19661 19670 19685 19686 19687 19688 19691 19693 19707 19978 20007 20038 20042 20043 20059 20060 20061 20062 20063 20064 20071 20072 20075 20085 20087 20092 20094 20097 20098 20104 20106 20108 20111 20115 20119 20122 20141 20142 20178 20208 20209 20210 20242 20243 20248 20253 20256 20259 20260 20261 20264 20265 20267 20268 20270 20271 20274 20276 20277 20278 20334 20357 20375 20376 20380 20381 20389 20400 20501 20571 20644 20645 20912 21021 21024 21026 21027 21029 21061 21212 21220 21244 21245 21246 21247 21248 21253 21256 21260 21263 21266 21267 21268 21269 21526 21990 21991 21998 22020 22300 22417 22418 22419 22446 22916 23049 23050 23060 23062 23086 23091 23119 23120 23126 23131 23134 23135 23360 23361 23369 23456 23460 23471 23472 23473 23474 23476 23479 23480 23482 23486 23487 23540 23544 23545 23655 23724 23897 23963 23965 23967 23969 23972 23974 23975 23977 23978 15718 15726 15749 18520 19254 19581 19654 19657 19723 23061 15748 18509 18514 18521 19475 19569 19658 19662 19663 19664 19665 19676 19680 20358 20369 20390 20471 22389 22391 22428 15747 19483 19487 19489 19629 19631 15708 15753 15754 19486 19623 19628 19492 19589 19593 19624 19625 22104 19033 19062 19063 19493 19494 19495 19496 19499 19503 19511 19513 19515 19516 19519 19520 19525 19526 19527 19528 19537 19592 19594 19595 19597 19601 19602 19603 19606 19608 19610 19611 19612 19697 19698 19700 19701 19706 22076 22088 22102 22106 22280 22302 22471 22476 22506 23341 23362 23371 23372 23374 23375 19009 19034 19037 19052 19053 19056 19010 19020 19626 17701 19627 19632 19710 19790 19798 17709 17745 17710 17714 21464 22206 22207 22209 22210 22273 22275 22373 22980 19799 22374 22376 19757 19792 19803 19824 18585 19504 19630 19756 19759 19763 19767 19778 18492 18519 18538 18584 18490 18518 19783 18516 18403 18462 18470 18472 18524 18525 18530 18537 18549 18595 19442 19607 19614 19724 22231 22233 18404 18405 18409 18412 18413 18417 18418 18419 18420 18428 18432 18471 18474 18476 18480 18483 18498 18510 18539 18541 20795 20804 20809 21726 21905 21985 22501 22678 22681 23351 23415 23620 24006 18414 18426 18429 18433 18435 18473 20814 22684 23397 23404 18411 18469 18478 18408 18410 19975 19976 20000 18385 18439 18446 18447 19270 19977 20001 20002 18386 18390 18399 18477 19849 20872 22874 23623 23848 23853 23855 23856 23857 23858 23860 18427 18430 20860 20867 20874 20876 20877 20881 20891 21481 21829 18423 18431 18475 18528 18531 18534 18544 18545 18546 18548 18550 18551 18552 18554 18558 18559 18568 18575 18579 18594 20362 20374 20942 20977 20990 20997 21003 21009 21015 21393 21395 21401 21403 21409 21430 21434 21438 21439 21440 21441 21443 21445 21469 21472 21473 21475 21477 21479 21487 21488 21489 21490 21492 21493 21494 21495 21496 21499 21502 21503 21505 21506 21507 21508 21511 21514 21515 21517 21530 21533 21542 21545 21546 21548 21551 21557 21559 21614 21642 21665 21666 21669 21671 21673 21678 21830 21832 21833 21835 22218 22237 22244 22250 22257 22329 22360 22379 22380 22388 22393 22394 22396 22398 22401 22405 22406 22439 22631 22876 18571 18572 19182 19183 19184 19196 19199 19200 19201 19202 19203 19207 19236 19313 19322 21164 15724 19311 19312 19317 19320 19321 19323 19324 19328 19335 19341 19351 19360 20909 20992 21166 21167 15700 15725 15727 19185 19314 19315 19316 19318 19319 19325 19326 19327 19329 19330 19333 19334 19337 19339 19346 19349 19350 19352 19355 19358 19366 20906 20971 21040 21066 21137 21138 21139 21140 21141 21142 21185 21186 21746 15702 19216 19217 19230 19234 19242 19336 19338 19340 19342 19343 19344 19345 19347 21540 21674 21743 21744 21819 21881 22695 15711 18719 18657 18714 18717 18720 18802 18652 18653 18654 18655 18656 18658 18667 18672 18674 18676 18678 18687 18661 18673 18684 19235 21698 18662 18663 18682 18695 19159 19219 18683 18696 20783 21702 22659 18685 18842 20818 18688 18690 20820 18668 21992 23363 18669 21722 18675 21723 19231 19233 20551 20554 20555 20561 20794 20801 20806 20915 20954 20966 21129 21131 21133 21605 21609 21613 21618 21670 21677 21700 21703 21704 21705 21708 21709 21714 21715 21718 21720 21721 21724 21725 21727 21728 21729 21730 21732 21745 21789 21790 21793 21799 21815 21816 21820 21822 21831 21834 21836 21839 21847 21858 21896 21902 21904 21906 21907 21909 21911 21938 21941 21984 22000 22630 22665 22666 22671 22675 22676 22680 22741 22768 22769 22770 22782 22786 22830 22850 22868 22869 22875 22877 23088 23276 23619 19160 19162 19175 19186 19195 19197 19220 19228 19229 19232 19237 19238 19239 19240 19241 19243 19246 19264 19265 20468 20790 20791 21112 21113 21130 21604 21610 21615 21667 21675 21676 19164 19170 19177 19984 19985 20784 20792 20797 20798 20799 20802 20826 20827 20857 20858 20859 21999 23388 23389 23417 23418 19198 19222 20805 23399 23400 19188 19193 19194 19204 19205 19206 19208 19258 19267 19268 19357 20913 20968 21115 21116 15595 19187 19189 19190 19191 19192 19256 19262 20914 20946 20948 20949 21084 21085 21087 21088 21089 15614 19252 19253 19257 19259 19260 19261 19266 19269 19271 19274 19275 19276 19278 19279 19287 20048 20052 20053 20055 20151 20152 20154 20155 20156 20157 20159 20160 20161 20162 20163 20167 20168 20169 20170 20172 20173 20174 19280 19282 19283 19284 19285 19288 19295 19359 19361 19362 19364 19368 19974 19979 19998 20050 20051 20079 20090 20091 20120 20123 20124 20135 20149 20150 20176 20179 20180 20186 20191 20192 20193 20194 20198 20199 20200 20201 20202 20203 20205 20206 20207 20211 20212 20214 20215 20217 20218 20219 20220 20221 20222 20281 20282 20320 20368 20497 20498 20500 20502 20503 20517 20556 20557 20559 20560 20562 20563 20565 20566 20567 20568 20572 20573 20574 20584 20590 20591 20974 21158 21159 22295 22296 22820 22821 22909 22910 23092 23104 23106 23235 23236 23291 23292 23297 23298 23299 19080 19212 19213 19214 19215 19248 19281 20279 20280 20283 20284 20285 20286 20287 20288 20677 21284 23695 19075 19077 19078 19079 19081 19082 19073 19074 19655 20476 21149 21154 23231 23288 19467 19570 19674 20197 20478 20479 23289 19459 19462 19465 19466 19481 23285 23286 19447 19448 19449 19451 19452 19457 19458 19461 19470 19471 19472 19473 19476 19669 19671 23076 23102 23114 23117 23129 19468 19469 19666 19668 19675 19474 19485 19677 19678 19679 22220 19477 19488 22420 22421 22430 22431 23122 19463 22455 22456 19456 23138 23139 23518 21068 21276 21277 23547 20126 20412 20922 20926 20935 20951 20957 21025 21031 21045 21067 21069 21070 21071 21072 21073 21075 21076 21079 21080 21094 21147 21192 21572 21573 21577 21579 21580 21589 21865 22316 23067 23144 20044 20057 20058 20066 20112 20118 20121 20148 20158 20165 20182 20190 20308 20321 20322 20329 20333 20335 20338 20339 20347 20395 20404 20405 20406 20407 20408 20409 20410 20411 20413 20520 20534 20575 20577 20580 20582 20583 22962 23074 23110 23143 19017 20132 20153 20164 20171 20177 20185 20196 20240 20305 20313 20323 20328 20344 20373 20394 20440 20443 20444 20449 20455 20460 20504 20510 20511 20512 20519 20525 20527 20530 20533 20553 20629 20921 20930 20939 20947 21086 21213 21759 22122 22153 22311 22324 22706 22915 22918 22919 22938 22949 22957 22979 23042 23063 23068 23070 23073 23109 23154 23958 19019 19023 19060 19048 19057 19061 21337 21420 20421 22132 22159 22160 22279 22964 20128 20131 20416 20417 20419 20420 20439 20483 20953 21394 21419 21529 20127 20129 20130 20136 20138 20140 20923 20924 20933 20944 20982 22929 22930 22941 22954 22996 18567 20133 20137 20139 20143 20145 20147 20223 20225 20418 20428 20430 20438 20932 20943 20952 20981 22940 22953 22963 22994 23023 23037 23052 23071 23176 20144 20229 20429 20434 20995 20996 23011 20134 20146 20230 20435 20437 21030 21043 21044 21056 21544 20425 20965 22977 20424 20431 21448 22193 20346 20436 20486 20488 20490 21444 22469 22976 19988 20019 20324 20327 20441 20445 20446 20450 20451 20458 20459 20461 20462 20463 20464 20465 20470 20475 20477 20539 20542 20552 20578 20592 21432 21433 21442 21446 21447 21478 21547 21567 21578 21654 21801 22176 22179 22181 22182 22186 22191 22192 22213 22215 22221 22239 22252 22266 22268 22277 22301 22312 22319 22320 22330 22349 22351 22354 22358 22359 22361 22362 22363 22364 22381 22382 22383 22390 22395 22397 22402 22403 22408 22409 22411 22427 22433 22434 22447 22448 22462 22536 22626 22641 22748 22860 23085 13980 18216 18218 18219 19690 19986 19989 19990 19992 19994 19995 20004 20005 20009 20010 20011 20012 20014 20015 20018 20020 20899 23449 23451 23453 23454 23625 13978 13981 13983 23865 24002 24003 13984 13985 23188 23223 13982 13992 23185 23225 13991 18151 18217 18222 18225 19354 19586 19587 19605 20227 21114 21119 21120 21121 21148 21651 21652 21658 22498 22508 22510 22511 22512 22532 22533 22534 22535 22537 22540 22541 22542 22543 22551 22553 22560 22569 22571 22622 22660 22809 22812 23152 23153 23155 23156 23157 23160 23164 23166 23167 23171 23187 23192 23193 23194 23195 23196 23197 23204 23213 23214 23216 23218 23228 23230 23232 23250 23256 23269 23270 23271 23279 23367 23370 23373 18152 18155 18183 18220 18221 18224 17951 18157 20447 20532 20442 20448 20452 20453 20454 20456 20466 20474 20481 20482 20484 20522 20524 20528 20531 21623 21625 21626 21627 21628 21629 21634 21635 21638 21653 21655 22323 22513 22514 22516 22517 22522 22524 22527 22594 22595 22596 22597 22598 22625 22627 22730 22837 23265 20469 21624 21657 22586 22621 22623 22632 20480 20489 20564 20569 20605 20637 21688 22400 22451 22557 22573 22606 22607 22608 22611 22628 22629 22633 22634 22636 22649 20491 20570 20640 21151 21636 21685 21689 22256 22525 22574 22639 22640 22643 22647 20232 20485 20487 21694 22581 20226 20228 20231 21157 23234 20224 21103 23174 21092 23161 21090 21091 21125 21630 20931 20940 21093 21096 21097 21098 21099 21101 21118 21136 21152 21637 21656 21782 23159 23170 20927 20928 20936 20937 20941 20961 20999 21002 21005 21008 21014 21051 21107 21108 21109 21203 21204 21209 21234 21392 21400 21402 21408 21765 21766 21768 21769 21770 21775 21842 22131 22134 22139 22140 22149 22317 22318 22325 22719 22839 22939 22950 23019 23069 23078 20521 20879 20978 20979 21004 21007 21011 21016 21017 21047 21052 21078 21095 21100 21104 21105 21106 21110 21111 21162 21168 21169 21170 21172 21208 21210 21228 21232 21235 21239 21242 21280 21476 21500 21501 21513 21576 21633 21761 21762 21767 21772 21773 21778 21840 21844 21883 21894 21920 21923 21944 21974 21986 22246 22328 22708 22715 22716 22721 22791 22834 22835 22836 22882 22951 22992 23021 23035 23099 23111 23112 23116 23179 23180 23181 23182 23249 23266 23267 23268 23529 23947 24070 18185 20239 20526 20576 20579 20621 20624 20635 20638 20646 21771 21774 21848 21852 21895 21949 22326 22521 22709 22720 22722 22723 22724 22727 22772 22800 22801 22806 22832 22833 22838 22840 22841 22842 22843 22871 22879 22883 22884 22888 22890 22892 22893 23636 24024 24058 24062 24073 24085 23165 23262 23264 23287 21146 21631 21686 22519 22520 22526 22567 22570 22578 22728 23162 23163 23169 23172 23173 23183 23184 23221 23229 23255 23263 20864 20866 20895 21053 21122 21126 21153 21155 21187 21258 21286 21632 21683 21684 21687 21692 21798 21821 21838 21846 22548 22568 22799 23274 23846 23854 20843 20863 20865 20884 20888 20898 23845 23850 23861 20845 23765 23766 20844 20846 20870 20880 20887 20894 21800 23767 20840 20861 23614 23617 23624 23764 22740 22744 23768 21792 22178 22693 22733 22742 22743 22746 22747 22749 22753 22754 22767 22774 22775 22793 22802 22811 22851 22907 23314 23347 23354 23356 23368 20956 21465 21695 21750 21785 21803 21804 21805 21817 21828 21843 21851 21854 21864 21872 21885 21934 22867 19353 20955 20962 20963 20964 21227 22189 22968 23080 23084 23097 19356 19365 19367 22644 22646 23132 23272 23273 23278 23280 23281 23282 23283 23302 23303 23309 23310 21527 21553 21554 21555 21660 21661 21662 21663 21679 21680 21681 21690 21691 21693 21853 22247 22259 22260 22276 22384 22404 22410 22436 22461 22544 22545 22546 22562 22563 22564 22575 22577 22579 22624 22635 22637 22638 22642 22651 22807 22859 22872 22880 22889 22900 18846 20886 21123 21160 21176 21178 21179 21182 21189 21372 21460 21512 21519 21541 21552 21571 21581 21582 21583 21584 21585 21586 21587 21588 21659 21749 21779 21823 21826 21827 21837 21845 21859 21860 21862 21863 21874 21886 21960 21961 22012 22029 22030 22031 22107 22219 22271 22274 22422 22460 22463 22778 22810 22814 22815 22816 22899 22901 23304 23485 18843 18845 18848 18844 20819 20824 20862 20868 20869 20875 20883 20889 20890 20892 20893 20896 20897 20902 21926 21930 21957 21958 23450 23452 23464 24004 20033 20808 20821 20823 20825 23419 20796 20800 20807 20810 20811 20812 20813 20815 20832 21879 21903 21982 21983 23406 23412 23416 21619 23398 21156 21598 21611 21019 21055 21102 21124 21144 21020 21173 21174 21175 21243 21516 23039 21050 21241 21411 21480 21504 21556 22262 23025 23033 21181 21188 21219 21255 21261 21262 21272 21849 21993 20213 21083 21180 21742 21876 19907 20492 20634 21748 21764 21781 21824 21825 21841 21850 21861 21869 21918 21932 21939 21945 21950 21959 22686 22691 22692 22694 22696 22712 22776 22794 22803 22886 24077 19853 19905 19908 19912 19917 19920 19923 19925 19937 19944 19950 22689 22780 22785 22795 22804 24080 19722 19875 23247 19951 23542 23543 23546 18542 19945 19949 23657 24022 18532 18540 18556 18561 18562 18563 18565 21940 21942 22822 22878 23656 23658 24015 24016 24023 18555 18557 21933 21935 21946 21947 21951 21952 21953 21955 22013 18560 22808 22894 18564 22263 22779 22787 23660 22016 23662 23815 23816 21221 21236 21936 21975 22010 22011 22014 22015 21161 21171 21211 21257 21264 21273 21274 21281 21282 21283 23242 23936 23952 19331 21163 21177 21190 21193 21194 21884 23177 23239 23240 23241 23253 23254 23259 23260 23290 23295 23296 23300 23301 23305 23308 23313 19210 19211 19245 19332 19348 19369 19370 21077 21191 21890 21891 23312 19176 19286 21880 21889 18700 19151 20828 20829 20830 20831 20901 21733 21913 21914 22001 22002 23320 18701 19152 20021 20022 20023 20024 20593 20659 19689 19709 20581 20648 20649 20681 21278 21981 22003 22004 22032 22035 22459 23378 23379 23380 23381 23382 23818 23819 17746 19604 19702 19703 22457 22458 17652 17747 19633 19711 19715 19818 19826 17668 19505 19621 17667 19482 19501 19508 19517 19521 19532 19714 19774 22291 22307 22370 19510 19514 19529 19634 22416 19507 19512 19522 22423 22432 22435 22437 23725 23899 22377 22378 22052 22180 22313 22314 22350 22352 22444 22449 22452 22453 22650 19064 22161 22162 22164 22466 22494 22495 22509 23345 22118 22121 22117 22119 22168 22303 22309 22310 22336 22702 22116 22705 19883 22130 22704 18999 19882 18998 19000 19002 19001 17521 19003 18997 22174 21428 21425 21456 21335 21462 21520 21606 21558 21644 21645 22019 22413 22414 22415 22440 21436 21437 21646 21856 22026 22438 22441 22612 21435 21796 22353 21294 21346 21347 21608 21795 21369 21607 21701 22298 21560 22299 21648 22443 21643 21649 22618 21640 21641 21647 22610 22614 20855 21809 22412 22585 22605 22609 20849 20856 20885 23772 15576 20836 23771 21786 19930 21753 21787 21788 21794 21811 22736 22848 22862 19913 19921 19926 19932 19933 19936 19914 19916 19919 22734 22737 20535 21784 19298 20536 20537 20538 20540 20544 20547 20549 15671 17556 19155 17566 17693 17565 17656 17655 19373 19294 19372 21808 19293 21783 15710 21735 21741 22690 22756 22861 19922 21734 21810 22817 22818 19770 19906 22863 19769 19764 19754 19750 19753 19749 17547 19781 24001 17625 17630 20850 20785 20833 20781 20786 20788 20816 21994 23774 15569 20789 21995 23627 21978 21989 21997 23647 21898 21976 21979 21716 21899 21593 21717 21591 21592 21594 21622 22589 22653 21621 22587 22652 22588 22592 22331 22591 22615 22334 22442 22332 22333 22335 22593 22604 22619 22599 22600 22602 22337 22338 22341 22342 22528 22576 22601 22645 22339 23892 22340 23722 22163 22343 22454 22165 22286 22148 22288 22529 19898 22141 22143 22151 22243 22258 22327 22718 22725 24074 19872 19897 19929 19947 23966 19942 19946 24057 19941 24068 24071 19911 19928 22714 19113 21760 21919 22711 22713 22717 22726 22745 22771 22773 22790 22792 22798 22870 22881 23849 24055 24081 19116 19117 21755 21776 21780 21867 21922 21929 22902 21758 22701 22829 20507 21757 21812 20506 20508 20509 20548 20505 22703 14069 22699 21751 22688 22700 21752 21756 22687 22763 24000 22697 22819 22698 22766 22777 22788 22796 22797 22805 22825 22826 22866 23481 23483 24013 24014 22729 22873 23466 23475 23484 23811 23812 21719 21868 21901 22672 22731 22732 23238 23337 23338 23463 23470 21892 21897 21900 21912 21980 21921 21924 21928 21963 21966 21987 22906 23330 23331 23333 23377 24076 24063 24083 22887 24061 24082 24086 22885 22857 23870 22751 22852 22856 22858 22752 22789 23246 24018 24020 24079 22245 22558 23252 23258 23941 19598 22249 22285 22561 22582 23946 23951 24017 24019 22223 22236 23054 23199 22547 23220 21664 22518 22539 22566 21682 21145 22530 21639 22187 22813 22177 22750 22967 21802 21791 22758 22765 23468 22757 22759 22762 22761 22864 22738 21814 23467 22190 22287 23887 23889 23883 23886 23344 23880 23881 23895 23342 23343 23364 23365 23723 23721 23726 23879 23891 23901 23885 23898 22424 23900 23727 19534 23902 23893 22021 22022 23316 23317 23318 23319 21271 22033 23954 21279 23137 21575 21965 21590 21082 21081 20650 23140 23141 23142 23307 22903 21866 21871 21873 21875 21968 22904 22905 23311 23814 24025 21964 21962 21967 21969 22036 24065 24059 21937 21943 21948 24060 24064 24084 23973 23994 24190 21288 23713 23995 24052 24191 19250 20873 20878 20882 21183 21285 21289 22038 23714 23719 24009 24051 24053 19249 19251 22037 23720 23696 23712 23715 23718 23697 23803 23808 20678 24005 24007 18781 20289 20679 20680 18788 18787 18716 18786 18715 18718 18817 18831 18853 18770 18880 18689 18866 18686 20290 23866 23868 23869 24008 24010 24011 23847 23859 23862 20900 20903 24012 19153 20871 21887 21888 23293 23261 23294 23306 16398 21287 19076 22034 19708 19619 19620 19584 21696 22505 22584 19704 19705 19681 19699 19672 19682 19683 19673 19464 19478 19479 19480 19490 22853 22854 22896 22855 21797 22849 22898 21857 22613 22897 21855 22620 22616 22895 23643 18264 18214 18253 23778 19642 23520 23777 23781 19491 19643 19644 19484 19957 19952 19645 23780 19538 19637 19535 19635 19636 19641 15758 19524 19640 22654 22478 22617 22655 22464 22465 22467 22479 22648 19523 22025 23549 23659 22024 22018 22023 22017 23548 23532 18679 18677 23334 22831 19825 19777 19802 19815 19816 19823 19791 19793 19713 19811 19817 17716 19771 19812 19813 17717 17722 17723 19814 23999 22827 21870 22580 22583 22531 22603 22590 19807 19809 21731 21910 21977 21996 23618 23629 19996 23622 23775 20848 19758 22735 22169 17609 17750 17681 17682 17683 19934 23773 18839 18765 15692 18743 15691 15769 15768 22355 22372 21384 22344 22345 23878 18985 23376 19684 19038 19040 19039 19058 19059 18523 18522 19844 23390 18511 20604 20596 20615 20601 17748 20612 17605 17654 17564 19588 18697 9726 9725 9729 9727 9707 9713 14082 14077 19297 19443 19371 19845 17153 17151 17152 15783 18727 18728 15759 19694 20667 17550 18970 15785 15647 15786 18402 17897 13512 
6: 10016 10017 10018 10021 10623 10624 10638 10639 10645 10664 10665 10671 10695 10696 10702 11272 11273 11279 11930 11931 12903 12904 12911 14989 14990 14996 10019 10025 10028 10630 10640 10666 10697 11274 11938 12905 14992 14997 10030 10641 10667 10698 11275 12906 10031 10654 10680 10711 11288 12920 10026 10029 10032 10655 10681 10712 11289 12921 10024 10027 10632 10648 10649 10650 10651 10652 10674 10675 10676 10677 10678 10705 10706 10707 10708 10709 11282 11283 11284 11285 11286 11940 12914 12915 12916 12917 12918 14987 14993 14994 10022 10646 10672 10703 11280 12912 10033 10656 10682 10713 11290 12922 10657 10683 10714 11291 12923 10653 10679 10710 11287 12919 10625 11932 14991 
7: 11711 
8: 14040 14041 14043 14046 14047 14051 14048 
9: 17857 
