# The directed communities at k=9
# from /Users/bogna/dev/role-mining/datasets/hepth/timeslots/cit-HepTh-1998.edges
# at no lower link weight threshold,
# and at no upper link weight threshold.
# Links were treated as directed.
# No time limit was set for the clique search.

0: 9711200 9802109 9802150 9805028 9805217 9806095 9807115 9809213 9807206 9808020 9808038 9808052 9808088 9808146 9809045 9809076 9809145 9809164 9810024 9810136 9812062 
1: 9711200 9802042 9802109 9702076 9703040 9802150 9803001 9803131 9803135 9803263 9805129 9803002 9803111 9803252 9804175 9806021 9806125 9806158 9806235 9807093 9807196 9808037 9808117 9809106 9810186 9811028 9811035 9811042 9811156 9811208 9812007 9812109 
2: 9711200 9802109 9802150 9802203 9803023 9803028 9803251 9804035 9804058 9804083 9804170 9804182 9805105 9805145 9805162 9806004 9806074 9806216 9807033 9807046 9807097 9807098 9808006 9808037 9808184 9809009 9809067 9809132 9809179 9809193 9810051 9810151 9811057 9811060 9811097 9811106 9811152 9811257 9812194 9812238 
3: 9610043 9611042 9711162 9801147 9712201 9801170 9802052 9807198 9810099 9803031 9803044 9803067 9803166 9806099 9805034 9809039 9810072 9810116 9810179 9810219 9811213 
4: 9711200 9802109 9702076 9708005 9802150 9802183 9803131 9803015 9803076 9803214 9803249 9804184 9805096 9806008 9806012 9806091 9808019 9808048 
5: 9711138 9711200 9602135 9711161 9712073 9712239 9801076 9307049 9710014 9705117 9801206 9802042 9711002 9802047 9802109 9702076 9703040 9708005 9802116 9802126 9802150 9802183 9802195 9802198 9802203 9803001 9803131 9803135 9803263 9803002 9803013 9803015 9803023 9803028 9803039 9803051 9803053 9803060 9803061 9803068 9803076 9803077 9803082 9803085 9803090 9803109 9803111 9803119 9803137 9803138 9803167 9803171 9803174 9803193 9803214 9803220 9803231 9803251 9804006 9804031 9804058 9804060 9804093 9804141 9804182 9804184 9805082 9805096 9805112 9805131 9806041 9806042 9806159 9806180 9807080 9807150 9807164 9807173 9807200 9811010 9808014 9808037 9808075 9808100 9808143 9808182 9810201 9810244 9812025 
6: 9510017 9601038 9510169 9604129 9604178 9605049 9606169 9705163 9706051 9708040 9704059 9803141 9803214 9804026 9804092 9804110 9804184 9805157 9806008 9806044 9806091 9806131 9806143 9807240 9808019 9808048 9808139 9809147 9811193 9812163 
7: 9709013 9801205 9803142 9804210 9805076 9805220 9807117 9809026 9812028 
8: 9802183 9803015 9803076 9803214 9803249 9804184 9805096 9805131 9806159 9807080 9807164 9808075 9810201 
9: 9802109 9708005 9802150 9802183 9803076 9803214 9804184 9805139 9808075 
