# The links inside the directed communities at k=5
# from /Users/bogna/dev/role-mining/datasets/enron/timeslots/1-2000.edges
# at no lower link weight threshold,
# and at no upper link weight threshold.
# Links were treated as directed.
# No time limit was set for the clique search.

0:
63968 143
64037 143
64039 143
64040 143
64055 143
63968 64037
63968 64039
63968 64040
63968 64049
63968 64051
63968 64053
63968 64054
63968 64055
63968 64056
63968 64057
63968 64063
63968 64064
63968 64069
63968 64070
63968 64071
63968 64072
63968 64076
63968 64077
63968 64078
63968 64079
63968 64080
63968 64081
64037 64039
64040 64037
64037 64049
64037 64051
64037 64053
64037 64054
64037 64055
64037 64056
64037 64057
64037 64063
64037 64064
64037 64069
64037 64070
64037 64071
64037 64072
64037 64076
64037 64077
64037 64078
64037 64079
64037 64080
64037 64081
64037 64042
64037 64044
64037 64047
64037 64048
64037 64050
64037 64052
64037 64059
64037 64060
64037 64061
64037 64065
64037 64066
64037 64067
64037 64068
64037 64073
64037 64075
64039 64040
64039 64049
64039 64051
64039 64053
64039 64054
64039 64055
64039 64056
64039 64057
64039 64063
64039 64064
64039 64069
64039 64070
64039 64071
64039 64072
64039 64076
64039 64077
64039 64078
64039 64079
64039 64080
64039 64081
64039 64042
64039 64044
64039 64047
64039 64048
64039 64050
64039 64052
64039 64059
64039 64060
64039 64061
64039 64065
64039 64066
64039 64067
64039 64068
64039 64073
64039 64075
64040 64049
64040 64051
64040 64053
64040 64054
64040 64055
64040 64056
64040 64057
64040 64063
64040 64064
64040 64069
64040 64070
64040 64071
64040 64072
64040 64076
64040 64077
64040 64078
64040 64079
64040 64080
64040 64081
64040 64042
64040 64044
64040 64047
64040 64048
64040 64050
64040 64052
64040 64059
64040 64060
64040 64061
64040 64065
64040 64066
64040 64067
64040 64068
64040 64073
64040 64075
64055 64049
64055 64051
64055 64053
64055 64054
64055 64056
64055 64057
64055 64063
64055 64064
64055 64069
64055 64070
64055 64071
64055 64072
64055 64076
64055 64078
64055 64079
64055 64080
64055 64081
64055 64042
64055 64044
64055 64047
64055 64048
64055 64050
64055 64052
64055 64059
64055 64060
64055 64061
64055 64065
64055 64066
64055 64067
64055 64068
64055 64073
64055 64075
1:
3213 15126
52496 3213
3213 5459
3213 17973
15126 52496
15126 5459
17973 15126
52496 5459
17973 52496
17973 5459
2:
10250 15757
10250 17234
10250 17247
10250 2878
10250 3468
10250 48936
10250 5315
10250 5326
33768 10250
4748 10250
17234 15757
17247 15757
48936 15757
5326 15757
33768 15757
4748 15757
17234 17247
2878 17234
17234 3468
17234 48936
5315 17234
17234 5326
17234 33768
17247 3468
48936 17247
3468 2878
2878 48936
3468 48936
48936 5315
48936 5326
5315 5326
5326 33768
4748 5326
4748 33768
3:
786 558
786 641
1310 786
1548 786
786 1552
786 489
786 854
558 641
1310 558
558 1548
558 1552
558 489
558 854
1310 641
641 1548
641 1552
641 854
1310 1548
1310 1552
1310 489
1310 854
1548 489
1548 854
489 854
4:
519 3351
3745 519
456 519
47971 519
5442 519
3351 1061
456 1061
47971 1061
5442 1061
3351 3431
3351 456
3351 47971
3351 5442
456 3431
47971 3431
5442 3431
456 3745
47971 3745
5442 3745
47971 456
5442 456
5442 47971
5:
17234 17235
3481 17234
17145 17234
34408 17234
3481 17235
17145 17235
34408 17235
17145 3481
34408 3481
17145 34408
6:
5326 33768
5326 5559
5326 10256
4748 5326
33768 5559
33768 10256
4748 33768
5559 10256
4748 5559
4748 10256
7:
106 118
106 3
106 51
2353 106
493 106
118 3
118 51
2353 118
493 118
2353 3
493 3
2353 51
493 51
2353 493
8:
17234 17235
17234 15741
17234 15774
17234 33806
53919 17234
17235 15741
17235 15774
17235 33806
53919 17235
15741 15774
33806 15741
53919 15741
33806 15774
53919 15774
9:
3351 3918
3351 5547
3351 47936
3351 7707
3918 5547
3918 47936
3918 7707
47936 5547
7707 5547
7707 47936
10:
3351 7838
3351 3918
3351 5547
3351 4110
7838 3918
7838 5547
7838 4110
3918 5547
4110 3918
4110 5547
11:
3950 3481
3950 4642
3950 3231
3950 5291
4642 3481
3481 3231
3481 5291
4642 3231
4642 5291
3231 5291
12:
10759 4250
10759 452
174 10759
505 10759
4250 452
174 4250
505 4250
174 452
505 452
174 505
13:
786 498
1310 786
786 489
491 786
786 519
663 498
1310 498
498 489
491 498
498 519
905 498
1310 663
663 489
491 663
663 519
663 905
1310 489
1310 491
1310 519
1310 905
489 491
519 489
905 489
491 519
905 519
