# The links inside the directed communities at k=4
# from /Users/bogna/dev/role-mining/datasets/enron/timeslots/09-filtered2.edges
# at no lower link weight threshold,
# and at no upper link weight threshold.
# Links were treated as directed.
# No time limit was set for the clique search.

0:
00107 00092
00079 00107
00107 00113
00092 00024
00092 00079
00092 00113
00024 00079
00024 00113
00079 00113
1:
00135 00086
00135 00130
00135 00133
00086 00130
00086 00133
00130 00133
2:
00002 00004
00002 00020
00002 00070
00028 00002
00004 00020
00070 00004
00004 00003
00004 00141
00004 00072
00019 00004
00020 00070
00020 00003
00020 00068
00020 00141
00020 00072
00018 00020
00020 00019
00028 00020
00020 00137
00020 00029
00070 00141
00070 00072
00070 00018
00070 00019
00070 00028
00070 00029
00003 00068
00003 00141
00029 00003
00068 00141
00068 00137
00068 00029
00141 00072
00018 00141
00019 00141
00028 00141
00137 00141
00029 00141
00019 00072
00018 00019
00018 00028
00018 00137
00019 00028
00019 00137
00019 00029
00137 00029
3:
00007 00011
00007 00012
00007 00075
00011 00012
00011 00075
00075 00012
4:
00065 00014
00051 00065
00069 00065
00074 00065
00051 00107
00069 00107
00073 00107
00023 00107
00107 00092
00107 00036
00054 00107
00014 00051
00014 00069
00014 00073
00014 00074
00023 00014
00051 00069
00073 00051
00051 00074
00023 00051
00051 00036
00051 00054
00069 00073
00069 00023
00069 00092
00069 00054
00073 00023
00073 00054
00023 00092
00036 00054
5:
00006 00009
00006 00013
00006 00048
00006 00050
00006 00067
00009 00013
00009 00048
00009 00050
00009 00067
00013 00048
00013 00050
00013 00067
00048 00050
00048 00067
00050 00067
6:
00107 00011
00107 00012
00107 00038
00011 00012
00011 00038
00012 00038
7:
00107 00010
00107 00017
00107 00038
00073 00107
00010 00017
00038 00010
00073 00010
00017 00038
00038 00073
