# The links inside the directed communities at k=3
# from /Users/bogna/dev/role-mining/datasets/enron/timeslots/12-filtered3.edges
# at no lower link weight threshold,
# and at no upper link weight threshold.
# Links were treated as directed.
# No time limit was set for the clique search.

0:
00044 00111
00100 00044
00100 00111
1:
00107 00092
00023 00092
00092 00113
00092 00079
00092 00083
00092 00045
00107 00023
00107 00051
00107 00113
00107 00123
00107 00079
00107 00122
00107 00083
00107 00045
00023 00051
00023 00073
00023 00113
00073 00051
00051 00123
00079 00122
2:
00128 00100
00128 00105
00105 00100
3:
00009 00052
00009 00067
00009 00075
00052 00067
00052 00075
00075 00067
4:
00012 00075
00075 00038
00075 00033
00012 00033
00033 00038
00107 00038
00038 00017
00038 00040
00033 00017
00107 00017
00017 00040
00017 00128
00128 00040
5:
00018 00019
00018 00020
00018 00028
00018 00029
00018 00030
00018 00032
00018 00068
00018 00070
00018 00072
00018 00137
00018 00141
00019 00020
00019 00029
00019 00032
00070 00019
00019 00141
00028 00020
00020 00029
00020 00030
00020 00068
00020 00070
00020 00072
00020 00137
00020 00141
00028 00072
00029 00032
00029 00068
00029 00137
00029 00141
00030 00068
00030 00070
00030 00072
00030 00137
00030 00141
00032 00068
00032 00070
00137 00032
00068 00137
00068 00141
00070 00072
00070 00141
00073 00070
00072 00141
00137 00141
00073 00141
