# The links inside the directed communities at k=8
# from /Users/bogna/dev/role-mining/datasets/hepth/timeslots/cit-HepTh-1999.edges
# at no lower link weight threshold,
# and at no upper link weight threshold.
# Links were treated as directed.
# No time limit was set for the clique search.

0:
9902088 9409089
9902173 9409089
9905177 9409089
9906022 9409089
9910146 9409089
9904120 9409089
9907012 9409089
9907032 9409089
9907062 9409089
9907115 9409089
9908093 9409089
9910106 9409089
9911002 9409089
9912055 9409089
9902088 9806039
9902126 9902088
9902173 9902088
9905177 9902088
9906022 9902088
9910146 9902088
9904120 9902088
9907012 9902088
9907032 9902088
9907062 9902088
9907115 9902088
9908093 9902088
9910106 9902088
9910185 9902088
9911002 9902088
9911157 9902088
9912055 9902088
9902126 9806039
9902173 9806039
9905177 9806039
9906022 9806039
9910146 9806039
9904120 9806039
9907012 9806039
9907032 9806039
9907062 9806039
9907115 9806039
9908093 9806039
9910106 9806039
9910185 9806039
9911002 9806039
9911157 9806039
9912055 9806039
9902173 9902126
9905177 9902126
9906022 9902126
9904120 9902126
9907012 9902126
9907032 9902126
9907062 9902126
9907115 9902126
9908093 9902126
9910106 9902126
9910185 9902126
9911002 9902126
9911157 9902126
9912055 9902126
9905177 9902173
9906022 9902173
9910146 9902173
9904120 9902173
9907012 9902173
9907032 9902173
9907062 9902173
9907115 9902173
9908093 9902173
9910106 9902173
9910185 9902173
9911002 9902173
9911157 9902173
9912055 9902173
9906022 9905177
9910146 9905177
9905177 9904120
9907012 9905177
9907032 9905177
9907062 9905177
9907115 9905177
9908093 9905177
9910106 9905177
9911002 9905177
9912055 9905177
9910146 9906022
9906022 9904120
9907012 9906022
9907032 9906022
9907115 9906022
9908093 9906022
9910106 9906022
9911002 9906022
9912055 9906022
9910146 9904120
9910146 9907012
9910146 9907032
9910146 9907115
9910146 9908093
9907012 9904120
9907032 9904120
9907062 9904120
9907115 9904120
9908093 9904120
9910106 9904120
9910185 9904120
9911002 9904120
9911157 9904120
9912055 9904120
9907115 9907012
9911157 9907012
9912055 9907012
9912055 9907032
9907115 9907062
9908093 9907062
9910106 9907062
9911002 9907062
9910106 9907115
9910185 9907115
9911157 9907115
9910106 9908093
9911002 9908093
9911157 9910185
9912055 9911002
1:
9908142 9711162
9907166 9711162
9908056 9711162
9908134 9711162
9909059 9711162
9910083 9711162
9910092 9711162
9911057 9711162
9911031 9711162
9911137 9711162
9911183 9711162
9911193 9711162
9912288 9711162
9908142 9711165
9907166 9711165
9908056 9711165
9908134 9711165
9909059 9711165
9910083 9711165
9910092 9711165
9911057 9711165
9911031 9711165
9911183 9711165
9911193 9711165
9912288 9711165
9908142 9907166
9908142 9908056
9908142 9908134
9909059 9908142
9910083 9908142
9910092 9908142
9911057 9908142
9911031 9908142
9911137 9908142
9911183 9908142
9911193 9908142
9912288 9908142
9908056 9907166
9908134 9907166
9909059 9907166
9910092 9907166
9911057 9907166
9911137 9907166
9911183 9907166
9911193 9907166
9912288 9907166
9908134 9908056
9909059 9908056
9910083 9908056
9910092 9908056
9911031 9908056
9911137 9908056
9911193 9908056
9912288 9908056
9909059 9908134
9910083 9908134
9910092 9908134
9911057 9908134
9911031 9908134
9911137 9908134
9911183 9908134
9911193 9908134
9912288 9908134
9911183 9909059
9911193 9909059
9912288 9909059
9911031 9910083
9911193 9910083
9912288 9910083
9910092 9911057
9911031 9910092
9911183 9910092
9911193 9910092
9912288 9910092
9911193 9911057
9912288 9911057
9911193 9911031
9912288 9911031
9911193 9911137
9912288 9911137
9911183 9911193
9911183 9912288
9911193 9912288
2:
9901032 9612128
9905217 9901032
9909015 9901032
9910050 9901032
9910095 9901032
9912081 9901032
9912162 9901032
9905217 9612128
9909015 9612128
9910050 9612128
9910095 9612128
9912081 9612128
9912162 9612128
9909015 9905217
9910050 9905217
9910095 9905217
9912081 9905217
9912162 9905217
9909015 9910050
9910095 9909015
9912081 9909015
9912162 9909015
9910095 9910050
9912081 9910050
9912162 9910050
9912081 9910095
9912162 9910095
9912162 9912081
3:
9901042 9803194
9902102 9803194
9902116 9803194
9902160 9803194
9903123 9803194
9904153 9803194
9904207 9803194
9905034 9803194
9905080 9803194
9907140 9803194
9910249 9803194
9901042 9805019
9901159 9805019
9902102 9805019
9902116 9805019
9902160 9805019
9903129 9805019
9904207 9805019
9907140 9805019
9910249 9805019
9901042 9806155
9902102 9806155
9902160 9806155
9903123 9806155
9905006 9806155
9903129 9806155
9904153 9806155
9904207 9806155
9905080 9806155
9907140 9806155
9901042 9808141
9901159 9808141
9902102 9808141
9902160 9808141
9903123 9808141
9905006 9808141
9903129 9808141
9904153 9808141
9904207 9808141
9905080 9808141
9907140 9808141
9901042 9809111
9902102 9809111
9902160 9809111
9903129 9809111
9904153 9809111
9904207 9809111
9907140 9809111
9901042 9810188
9901159 9810188
9902102 9810188
9902116 9810188
9902160 9810188
9903123 9810188
9905006 9810188
9903129 9810188
9903140 9810188
9904153 9810188
9904207 9810188
9905034 9810188
9905080 9810188
9907140 9810188
9910249 9810188
9901042 9812031
9902102 9812031
9902116 9812031
9902160 9812031
9904153 9812031
9904207 9812031
9907140 9812031
9910249 9812031
9901042 9805170
9901042 9812135
9901159 9901042
9902102 9901042
9902116 9901042
9902160 9901042
9903123 9901042
9905006 9901042
9903129 9901042
9903140 9901042
9904153 9901042
9904207 9901042
9905034 9901042
9905080 9901042
9907140 9901042
9910249 9901042
9901159 9805170
9902102 9805170
9902116 9805170
9902160 9805170
9903123 9805170
9905006 9805170
9903129 9805170
9904153 9805170
9904207 9805170
9905034 9805170
9905080 9805170
9907140 9805170
9910249 9805170
9901159 9812135
9902102 9812135
9902116 9812135
9902160 9812135
9903123 9812135
9905006 9812135
9903129 9812135
9903140 9812135
9904153 9812135
9904207 9812135
9905034 9812135
9905080 9812135
9907140 9812135
9910249 9812135
9901159 9812226
9902102 9901159
9902116 9901159
9902160 9901159
9903123 9901159
9905006 9901159
9903140 9901159
9904153 9901159
9904207 9901159
9907140 9901159
9902102 9812226
9902116 9812226
9902160 9812226
9904153 9812226
9904207 9812226
9907140 9812226
9902102 9902116
9902102 9902160
9903129 9902102
9904153 9902102
9904207 9902102
9905034 9902102
9907140 9902102
9910249 9902102
9902160 9902116
9903129 9902116
9903140 9902116
9904153 9902116
9904207 9902116
9905034 9902116
9907140 9902116
9910249 9902116
9903123 9902160
9903129 9902160
9903140 9902160
9904153 9902160
9904207 9902160
9905034 9902160
9905080 9902160
9907140 9902160
9910249 9902160
9903123 9905006
9904153 9903123
9904207 9903123
9905080 9903123
9907140 9903123
9905006 9904153
9905006 9904207
9905080 9905006
9907140 9905006
9904153 9903129
9904207 9903129
9907140 9903129
9904153 9903140
9907140 9903140
9904207 9904153
9905034 9904153
9905080 9904153
9907140 9904153
9905080 9904207
9907140 9904207
9910249 9904207
9907140 9905034
9907140 9905080
9910249 9907140
4:
9901056 9711200
9901149 9711200
9902067 9711200
9902170 9711200
9902195 9711200
9903078 9711200
9903132 9711200
9903214 9711200
9904197 9711200
9905111 9711200
9908022 9711200
9908109 9711200
9910036 9711200
9912164 9711200
9902170 9802109
9903132 9802109
9903214 9802109
9904197 9802109
9908022 9802109
9908109 9802109
9910036 9802109
9901149 9802150
9902170 9802150
9902195 9802150
9903078 9802150
9903132 9802150
9903214 9802150
9904197 9802150
9905111 9802150
9908022 9802150
9908109 9802150
9910036 9802150
9912164 9802150
9901056 9811120
9902067 9811120
9902170 9811120
9902195 9811120
9903132 9811120
9903214 9811120
9905111 9811120
9908022 9811120
9908109 9811120
9910036 9811120
9912164 9811120
9901056 9803131
9901149 9803131
9902067 9803131
9902170 9803131
9902195 9803131
9903078 9803131
9903132 9803131
9903214 9803131
9904197 9803131
9905111 9803131
9908022 9803131
9908109 9803131
9910036 9803131
9912164 9803131
9901056 9810186
9901056 9810225
9901056 9812121
9902067 9901056
9902170 9901056
9903132 9901056
9903214 9901056
9905111 9901056
9910036 9901056
9912164 9901056
9902067 9810186
9902170 9810186
9903132 9810186
9903214 9810186
9905111 9810186
9910036 9810186
9912164 9810186
9902067 9810225
9903132 9810225
9903214 9810225
9905111 9810225
9910036 9810225
9912164 9810225
9902067 9812121
9902170 9812121
9902195 9812121
9903132 9812121
9903214 9812121
9905111 9812121
9908022 9812121
9910036 9812121
9912164 9812121
9902170 9901149
9902195 9901149
9903132 9901149
9903214 9901149
9905111 9901149
9908109 9901149
9912164 9901149
9903132 9902067
9903214 9902067
9905111 9902067
9910036 9902067
9912164 9902067
9902195 9902170
9903078 9902170
9903132 9902170
9903214 9902170
9904197 9902170
9905111 9902170
9908022 9902170
9908109 9902170
9910036 9902170
9912164 9902170
9903078 9902195
9903132 9902195
9903214 9902195
9904197 9902195
9905111 9902195
9908022 9902195
9908109 9902195
9910036 9902195
9912164 9902195
9903214 9903078
9904197 9903078
9905111 9903078
9908022 9903078
9910036 9903078
9912164 9903078
9903214 9903132
9904197 9903132
9905111 9903132
9908022 9903132
9908109 9903132
9910036 9903132
9912164 9903132
9904197 9903214
9905111 9903214
9908022 9903214
9908109 9903214
9910036 9903214
9912164 9903214
9908022 9904197
9908109 9904197
9910036 9904197
9908022 9905111
9910036 9905111
9912164 9905111
9908109 9908022
9910036 9908022
9910036 9908109
9912164 9908109
9912164 9910036
5:
9901101 9711200
9901106 9711200
9902074 9711200
9902095 9711200
9903128 9711200
9906055 9711200
9906081 9711200
9906101 9711200
9906220 9711200
9912257 9711200
9901106 9701137
9902074 9701137
9902095 9701137
9902110 9701137
9902196 9701137
9903128 9701137
9903186 9701137
9906055 9701137
9906081 9701137
9906101 9701137
9906179 9701137
9906220 9701137
9906234 9701137
9901101 9802183
9902074 9802183
9902095 9802183
9906081 9802183
9906101 9802183
9906220 9802183
9912257 9802183
9901085 9811035
9901101 9811035
9901106 9811035
9902074 9811035
9902095 9811035
9902110 9811035
9902196 9811035
9903128 9811035
9903186 9811035
9906055 9811035
9906057 9811035
9906081 9811035
9906101 9811035
9906179 9811035
9906220 9811035
9906234 9811035
9907024 9811035
9907054 9811035
9908092 9811035
9908155 9811035
9908175 9811035
9910094 9811035
9912257 9811035
9901101 9811156
9901106 9811156
9902074 9811156
9902095 9811156
9902196 9811156
9903128 9811156
9903186 9811156
9906055 9811156
9906081 9811156
9906220 9811156
9907024 9811156
9908092 9811156
9912257 9811156
9901085 9812089
9901101 9812089
9901106 9812089
9902074 9812089
9902095 9812089
9902110 9812089
9902196 9812089
9903128 9812089
9903186 9812089
9906055 9812089
9906081 9812089
9906101 9812089
9906179 9812089
9906220 9812089
9906234 9812089
9907024 9812089
9907054 9812089
9908092 9812089
9908175 9812089
9910094 9812089
9912257 9812089
9901101 9901085
9901106 9901085
9902074 9901085
9902196 9901085
9903128 9901085
9906081 9901085
9906220 9901085
9906234 9901085
9901101 9509080
9901101 9702093
9901101 9803249
9901106 9901101
9902074 9901101
9902095 9901101
9902196 9901101
9903128 9901101
9903186 9901101
9906055 9901101
9906057 9901101
9906081 9901101
9906101 9901101
9906179 9901101
9906220 9901101
9906234 9901101
9907024 9901101
9907054 9901101
9908092 9901101
9908155 9901101
9908175 9901101
9910094 9901101
9912257 9901101
9906055 9509080
9906081 9509080
9906101 9509080
9906234 9509080
9910094 9509080
9912257 9509080
9906055 9702093
9906081 9702093
9906101 9702093
9906234 9702093
9910094 9702093
9912257 9702093
9902095 9803249
9902110 9803249
9902196 9803249
9906081 9803249
9906101 9803249
9906220 9803249
9912257 9803249
9902095 9901106
9902196 9901106
9903128 9901106
9906081 9901106
9906101 9901106
9906220 9901106
9906234 9901106
9912257 9901106
9902095 9902074
9903128 9902074
9903186 9902074
9906055 9902074
9906081 9902074
9906101 9902074
9906179 9902074
9906220 9902074
9906234 9902074
9907024 9902074
9907054 9902074
9908092 9902074
9908175 9902074
9912257 9902074
9902110 9902095
9902196 9902095
9903128 9902095
9906055 9902095
9906057 9902095
9906081 9902095
9906101 9902095
9906179 9902095
9906220 9902095
9906234 9902095
9912257 9902095
9902196 9902110
9903186 9902110
9906055 9902110
9906081 9902110
9906101 9902110
9906179 9902110
9906220 9902110
9907024 9902110
9908092 9902110
9910094 9902110
9912257 9902110
9903128 9902196
9906055 9902196
9906081 9902196
9906101 9902196
9906179 9902196
9906220 9902196
9906234 9902196
9908155 9902196
9910094 9902196
9912257 9902196
9906081 9903128
9906101 9903128
9906220 9903128
9906234 9903128
9907024 9903128
9908092 9903128
9906055 9903186
9906081 9903186
9906101 9903186
9906179 9903186
9906220 9903186
9906234 9903186
9907024 9903186
9908092 9903186
9908175 9903186
9910094 9903186
9912257 9903186
9906081 9906055
9906101 9906055
9906179 9906055
9906220 9906055
9906234 9906055
9907024 9906055
9907054 9906055
9908092 9906055
9908155 9906055
9910094 9906055
9912257 9906055
9906081 9906057
9906101 9906057
9906220 9906057
9906234 9906057
9906101 9906081
9906179 9906081
9906220 9906081
9906234 9906081
9907024 9906081
9907054 9906081
9908092 9906081
9908155 9906081
9908175 9906081
9910094 9906081
9912257 9906081
9906179 9906101
9906220 9906101
9906234 9906101
9907024 9906101
9908092 9906101
9908155 9906101
9908175 9906101
9910094 9906101
9912257 9906101
9906234 9906179
9906234 9906220
9907054 9906220
9908175 9906220
9912257 9906220
9907054 9906234
9908155 9906234
9908175 9906234
9910094 9906234
9912257 9906234
9908092 9907024
9912257 9910094
6:
9907209 9905210
9908076 9905210
9908104 9905210
9908174 9905210
9908186 9905210
9909053 9905210
9909058 9905210
9909076 9905210
9909103 9905210
9909134 9905210
9909199 9905210
9910081 9905210
9911234 9905210
9912182 9905210
9911237 9905210
9912125 9905210
9908104 9907209
9908174 9907209
9908186 9907209
9909058 9907209
9909076 9907209
9909103 9907209
9909199 9907209
9910081 9907209
9911234 9907209
9912182 9907209
9911237 9907209
9912125 9907209
9908104 9908076
9908174 9908076
9908186 9908076
9909058 9908076
9909134 9908076
9909199 9908076
9910081 9908076
9911234 9908076
9912182 9908076
9912125 9908076
9908174 9908104
9908186 9908104
9909076 9908104
9909103 9908104
9909199 9908104
9910081 9908104
9911234 9908104
9912182 9908104
9911237 9908104
9912125 9908104
9909134 9908174
9909199 9908174
9910081 9908174
9911234 9908174
9912182 9908174
9909058 9908186
9909076 9908186
9909103 9908186
9909134 9908186
9909199 9908186
9910081 9908186
9911234 9908186
9912182 9908186
9911237 9908186
9912125 9908186
9909058 9909053
9909076 9909053
9909134 9909053
9909199 9909053
9910081 9909053
9911234 9909053
9912182 9909053
9909134 9909058
9909199 9909058
9910081 9909058
9911234 9909058
9912182 9909058
9912125 9909058
9909103 9909076
9909134 9909076
9909199 9909076
9910081 9909076
9911234 9909076
9912182 9909076
9911237 9909076
9912125 9909076
9909199 9909103
9910081 9909103
9909199 9909134
9910081 9909134
9911234 9909134
9912182 9909134
9912125 9909134
9910081 9909199
9911234 9909199
9912182 9909199
9911237 9909199
9911234 9910081
9912182 9910081
9911237 9910081
9911234 9912182
9912125 9911234
9912182 9912125
7:
9901101 9711200
9902012 9711200
9902074 9711200
9902125 9711200
9902155 9711200
9903026 9711200
9903090 9711200
9903091 9711200
9903109 9711200
9904013 9711200
9904017 9711200
9905081 9711200
9905111 9711200
9907143 9711200
9909047 9711200
9908175 9711200
9911040 9711200
9912132 9711200
9901101 9802109
9902012 9802109
9902074 9802109
9902125 9802109
9902155 9802109
9903026 9802109
9903029 9802109
9903090 9802109
9903091 9802109
9903109 9802109
9904013 9802109
9904017 9802109
9905081 9802109
9905111 9802109
9905200 9802109
9907143 9802109
9908198 9802109
9909047 9802109
9906216 9802109
9908175 9802109
9911040 9802109
9912132 9802109
9901101 9802150
9902012 9802150
9902074 9802150
9902125 9802150
9902155 9802150
9903026 9802150
9903090 9802150
9903091 9802150
9903109 9802150
9904013 9802150
9904017 9802150
9905081 9802150
9905111 9802150
9905200 9802150
9907143 9802150
9909047 9802150
9906216 9802150
9908175 9802150
9911040 9802150
9912132 9802150
9902125 9805114
9903029 9805114
9903091 9805114
9903109 9805114
9905081 9805114
9905111 9805114
9905200 9805114
9906216 9805114
9902074 9803001
9902125 9803001
9902155 9803001
9903026 9803001
9903091 9803001
9903109 9803001
9905081 9803001
9905111 9803001
9902074 9803002
9902125 9803002
9902155 9803002
9903026 9803002
9903029 9803002
9903090 9803002
9903091 9803002
9903109 9803002
9903186 9803002
9905081 9803002
9905111 9803002
9905200 9803002
9907143 9803002
9906216 9803002
9912132 9803002
9902155 9803131
9903026 9803131
9903091 9803131
9903109 9803131
9905081 9803131
9905111 9803131
9906216 9803131
9901101 9809057
9902074 9809057
9903090 9809057
9903186 9809057
9904013 9809057
9905081 9809057
9905111 9809057
9901101 9811035
9902012 9811035
9902074 9811035
9902125 9811035
9903026 9811035
9903029 9811035
9903090 9811035
9903109 9811035
9903186 9811035
9904013 9811035
9905081 9811035
9905111 9811035
9905200 9811035
9907143 9811035
9906081 9811035
9906216 9811035
9908175 9811035
9901101 9811156
9902012 9811156
9902074 9811156
9902125 9811156
9903026 9811156
9903029 9811156
9903090 9811156
9903109 9811156
9903186 9811156
9904013 9811156
9905081 9811156
9905111 9811156
9905200 9811156
9907143 9811156
9906081 9811156
9906216 9811156
9908175 9811156
9901101 9812089
9902012 9812089
9902074 9812089
9902125 9812089
9902155 9812089
9903026 9812089
9903029 9812089
9903090 9812089
9903109 9812089
9903186 9812089
9904013 9812089
9904017 9812089
9905081 9812089
9905111 9812089
9905200 9812089
9907143 9812089
9906081 9812089
9908175 9812089
9902125 9810126
9902155 9810126
9903026 9810126
9904017 9810126
9909047 9810126
9909041 9810126
9909070 9810126
9911040 9810126
9912132 9810126
9902125 9810206
9902155 9810206
9903026 9810206
9904017 9810206
9905081 9810206
9905111 9810206
9905200 9810206
9909047 9810206
9906194 9810206
9906216 9810206
9909041 9810206
9909070 9810206
9911040 9810206
9912132 9810206
9902012 9901101
9902074 9901101
9902125 9901101
9903026 9901101
9903090 9901101
9903109 9901101
9903186 9901101
9904013 9901101
9905081 9901101
9905111 9901101
9905200 9901101
9907143 9901101
9906081 9901101
9906216 9901101
9908175 9901101
9902074 9902012
9902125 9902012
9903090 9902012
9903109 9902012
9904013 9902012
9907143 9902012
9902125 9902074
9903026 9902074
9903029 9902074
9903090 9902074
9903091 9902074
9903109 9902074
9903186 9902074
9904013 9902074
9905081 9902074
9905111 9902074
9907143 9902074
9906081 9902074
9908175 9902074
9902155 9902125
9903026 9902125
9903029 9902125
9903091 9902125
9903109 9902125
9903186 9902125
9904013 9902125
9904017 9902125
9905081 9902125
9905111 9902125
9905200 9902125
9907143 9902125
9908198 9902125
9909047 9902125
9906216 9902125
9908175 9902125
9909041 9902125
9909070 9902125
9911040 9902125
9912132 9902125
9903026 9902155
9903029 9902155
9903090 9902155
9903091 9902155
9903109 9902155
9903186 9902155
9904013 9902155
9904017 9902155
9905081 9902155
9905111 9902155
9905200 9902155
9907143 9902155
9909047 9902155
9906194 9902155
9906216 9902155
9908175 9902155
9909041 9902155
9909070 9902155
9911040 9902155
9912132 9902155
9903090 9903026
9903091 9903026
9903109 9903026
9903186 9903026
9904013 9903026
9904017 9903026
9905081 9903026
9905111 9903026
9905200 9903026
9907143 9903026
9909047 9903026
9906194 9903026
9906216 9903026
9909041 9903026
9909070 9903026
9911040 9903026
9912132 9903026
9903091 9903029
9903109 9903029
9904013 9903029
9905111 9903029
9905200 9903029
9908198 9903029
9906216 9903029
9908175 9903029
9903109 9903090
9903186 9903090
9904013 9903090
9905081 9903090
9905111 9903090
9905200 9903090
9907143 9903090
9906081 9903090
9906216 9903090
9908175 9903090
9903109 9903091
9905081 9903091
9905111 9903091
9905200 9903091
9908198 9903091
9906216 9903091
9912132 9903091
9904013 9903109
9905081 9903109
9905111 9903109
9905200 9903109
9907143 9903109
9908198 9903109
9906216 9903109
9908175 9903109
9912132 9903109
9904013 9903186
9905081 9903186
9905111 9903186
9905200 9903186
9906081 9903186
9906216 9903186
9908175 9903186
9905081 9904013
9905111 9904013
9907143 9904013
9906081 9904013
9908175 9904013
9905081 9904017
9905111 9904017
9905200 9904017
9909047 9904017
9906194 9904017
9909041 9904017
9909070 9904017
9911040 9904017
9912132 9904017
9905111 9905081
9905200 9905081
9907143 9905081
9909047 9905081
9906216 9905081
9908175 9905081
9912132 9905081
9905200 9905111
9906216 9905111
9908175 9905111
9905200 9907143
9905200 9908198
9905200 9909047
9906216 9905200
9906216 9907143
9908198 9906216
9909047 9906194
9909070 9909047
9911040 9909047
9912132 9909047
9908175 9906081
9909041 9906194
9909070 9906194
9912132 9906194
9909070 9909041
9912132 9909041
9912132 9909070
9912132 9911040
8:
9901076 9711200
9902052 9711200
9902106 9711200
9903048 9711200
9904098 9711200
9905111 9711200
9906217 9711200
9901076 9802109
9902052 9802109
9902106 9802109
9903048 9802109
9904098 9802109
9905111 9802109
9906217 9802109
9901076 9802150
9902052 9802150
9902106 9802150
9903048 9802150
9904098 9802150
9905111 9802150
9906217 9802150
9902052 9901076
9902106 9901076
9903048 9901076
9904098 9901076
9905111 9901076
9906217 9901076
9902106 9902052
9903048 9902052
9904098 9902052
9905111 9902052
9906217 9902052
9903048 9902106
9904098 9902106
9905111 9902106
9906217 9902106
9904098 9903048
9905111 9903048
9906217 9903048
9905111 9904098
9906217 9904098
9906217 9905111
9:
9908142 9812219
9903205 9812219
9906192 9812219
9909176 9812219
9910138 9812219
9912254 9812219
9912274 9812219
9908142 9903205
9908142 9906192
9909176 9908142
9910138 9908142
9912254 9908142
9912274 9908142
9906192 9903205
9909176 9903205
9910138 9903205
9912254 9903205
9912274 9903205
9909176 9906192
9910138 9906192
9912254 9906192
9912274 9906192
9910138 9909176
9912254 9909176
9912274 9909176
9912254 9910138
9912274 9910138
9912274 9912254
10:
9905020 9711200
9905111 9711200
9906188 9711200
9907088 9711200
9908160 9711200
9910016 9711200
9911222 9711200
9905020 9802109
9905111 9802109
9906188 9802109
9907088 9802109
9908160 9802109
9911222 9802109
9912007 9802109
9905020 9802150
9905111 9802150
9906188 9802150
9907088 9802150
9908160 9802150
9911222 9802150
9912007 9802150
9905020 9807098
9905111 9807098
9906188 9807098
9907088 9807098
9908160 9807098
9910016 9807098
9911222 9807098
9905020 9811047
9905085 9811047
9905111 9811047
9906188 9811047
9907088 9811047
9908160 9811047
9908163 9811047
9910016 9811047
9911222 9811047
9912007 9811047
9905085 9905020
9905111 9905020
9906188 9905020
9907088 9905020
9908160 9905020
9908163 9905020
9910016 9905020
9911222 9905020
9912007 9905020
9905111 9905085
9907088 9905085
9908160 9905085
9910016 9905085
9912007 9905085
9906188 9905111
9907088 9905111
9908160 9905111
9910016 9905111
9911222 9905111
9912007 9905111
9907088 9906188
9908160 9906188
9908163 9906188
9910016 9906188
9911222 9906188
9912007 9906188
9908160 9907088
9908163 9907088
9910016 9907088
9911222 9907088
9912007 9907088
9910016 9908160
9911222 9908160
9912007 9908160
9910016 9908163
9911222 9908163
9912007 9908163
9911222 9910016
9912007 9910016
9912007 9911222
11:
9906194 9711200
9906201 9711200
9906224 9711200
9907204 9711200
9908116 9711200
9909041 9711200
9909121 9711200
9910117 9711200
9912073 9711200
9912132 9711200
9906194 9802109
9906201 9802109
9906224 9802109
9907204 9802109
9908116 9802109
9909041 9802109
9909121 9802109
9910117 9802109
9912073 9802109
9912132 9802109
9906194 9802150
9906201 9802150
9906224 9802150
9907204 9802150
9908116 9802150
9909041 9802150
9909121 9802150
9910117 9802150
9912073 9802150
9912132 9802150
9906194 9811120
9906201 9811120
9906224 9811120
9907204 9811120
9909041 9811120
9909121 9811120
9910117 9811120
9912073 9811120
9912132 9811120
9906194 9906201
9906224 9906194
9907204 9906194
9908116 9906194
9909041 9906194
9909121 9906194
9910117 9906194
9912073 9906194
9912132 9906194
9906224 9906201
9907204 9906201
9908116 9906201
9909041 9906201
9909121 9906201
9910117 9906201
9912073 9906201
9912132 9906201
9907204 9906224
9908116 9906224
9909041 9906224
9909121 9906224
9910117 9906224
9912073 9906224
9912132 9906224
9908116 9907204
9909041 9907204
9909121 9907204
9910117 9907204
9912073 9907204
9912132 9907204
9909041 9908116
9912132 9908116
9909121 9909041
9910117 9909041
9912132 9909041
9910117 9909121
9912073 9909121
9912132 9909121
9912073 9910117
12:
9907166 9711200
9908134 9711200
9909085 9711200
9909215 9711200
9910019 9711200
9910092 9711200
9911169 9711200
9908142 9711162
9907166 9711162
9908056 9711162
9908134 9711162
9909085 9711162
9910019 9711162
9910092 9711162
9911057 9711162
9911169 9711162
9912140 9711162
9912165 9711162
9908142 9711165
9907166 9711165
9908056 9711165
9908134 9711165
9909085 9711165
9909215 9711165
9910019 9711165
9910092 9711165
9911169 9711165
9912165 9711165
9908142 9810072
9908134 9810072
9909085 9810072
9909215 9810072
9910092 9810072
9911169 9810072
9912165 9810072
9908142 9907166
9908142 9908056
9908142 9908134
9909085 9908142
9909215 9908142
9910019 9908142
9910092 9908142
9911057 9908142
9911169 9908142
9912140 9908142
9912165 9908142
9908056 9907166
9908134 9907166
9909085 9907166
9909215 9907166
9910019 9907166
9910092 9907166
9911057 9907166
9911169 9907166
9912140 9907166
9912165 9907166
9908134 9908056
9909085 9908056
9909215 9908056
9910019 9908056
9910092 9908056
9911169 9908056
9912140 9908056
9912165 9908056
9909085 9908134
9909215 9908134
9910019 9908134
9910092 9908134
9911057 9908134
9911169 9908134
9912140 9908134
9912165 9908134
9909215 9909085
9910019 9909085
9910092 9909085
9911169 9909085
9912165 9909085
9910019 9909215
9910092 9909215
9911169 9909215
9912140 9909215
9912165 9909215
9910092 9910019
9911169 9910019
9912140 9910019
9910092 9911057
9910092 9911169
9910092 9912140
9912165 9910092
9911169 9911057
9912140 9911057
9912140 9911169
9912165 9911169
