# The directed communities at k=8
# from /Users/bogna/dev/role-mining/datasets/hepth/timeslots/cit-HepTh-1999.edges
# at no lower link weight threshold,
# and at no upper link weight threshold.
# Links were treated as directed.
# No time limit was set for the clique search.

0: 9409089 9902088 9806039 9902126 9902173 9905177 9906022 9910146 9904120 9907012 9907032 9907062 9907115 9908093 9910106 9910185 9911002 9911157 9912055 
1: 9711162 9711165 9908142 9907166 9908056 9908134 9909059 9910083 9910092 9911057 9911031 9911137 9911183 9911193 9912288 
2: 9901032 9612128 9905217 9909015 9910050 9910095 9912081 9912162 
3: 9803194 9805019 9806155 9808141 9809111 9810188 9812031 9901042 9805170 9812135 9901159 9812226 9902102 9902116 9902160 9903123 9905006 9903129 9903140 9904153 9904207 9905034 9905080 9907140 9910249 
4: 9711200 9802109 9802150 9811120 9803131 9901056 9810186 9810225 9812121 9901149 9902067 9902170 9902195 9903078 9903132 9903214 9904197 9905111 9908022 9908109 9910036 9912164 
5: 9711200 9701137 9802183 9811035 9811156 9812089 9901085 9901101 9509080 9702093 9803249 9901106 9902074 9902095 9902110 9902196 9903128 9903186 9906055 9906057 9906081 9906101 9906179 9906220 9906234 9907024 9907054 9908092 9908155 9908175 9910094 9912257 
6: 9905210 9907209 9908076 9908104 9908174 9908186 9909053 9909058 9909076 9909103 9909134 9909199 9910081 9911234 9912182 9911237 9912125 
7: 9711200 9802109 9802150 9805114 9803001 9803002 9803131 9809057 9811035 9811156 9812089 9810126 9810206 9901101 9902012 9902074 9902125 9902155 9903026 9903029 9903090 9903091 9903109 9903186 9904013 9904017 9905081 9905111 9905200 9907143 9908198 9909047 9906081 9906194 9906216 9908175 9909041 9909070 9911040 9912132 
8: 9711200 9802109 9802150 9901076 9902052 9902106 9903048 9904098 9905111 9906217 
9: 9812219 9908142 9903205 9906192 9909176 9910138 9912254 9912274 
10: 9711200 9802109 9802150 9807098 9811047 9905020 9905085 9905111 9906188 9907088 9908160 9908163 9910016 9911222 9912007 
11: 9711200 9802109 9802150 9811120 9906194 9906201 9906224 9907204 9908116 9909041 9909121 9910117 9912073 9912132 
12: 9711200 9711162 9711165 9810072 9908142 9907166 9908056 9908134 9909085 9909215 9910019 9910092 9911057 9911169 9912140 9912165 
