# The contained directed cliques in the directed communities at k=8
# from /Users/bogna/dev/role-mining/datasets/hepth/timeslots/cit-HepTh-1999.edges
# at no lower link weight threshold,
# and at no upper link weight threshold.
# Links were treated as directed.
# No time limit was set for the clique search.

0: 6638 6639 6640 10279 6641 6643 7238 10278 10280 7240 7236 7239 8542 8591 8592 7235 10275 10277 7237 10274 10276 8589 8541 8590 6642 8571 8573 
1: 6686 6687 7943 7944 13750 13733 13746 13748 13749 13731 13732 13730 13745 13744 13747 
2: 7365 
3: 8285 17080 17082 17083 15149 15151 15152 17079 17081 17085 17090 17094 17097 18593 18596 15143 15145 15147 15155 17089 17088 17091 17092 17093 17086 17084 17087 17099 18595 15315 18409 18597 18610 15310 15313 15316 15317 15319 15320 15314 15318 15321 15322 18611 18410 18612 
4: 8735 8738 9322 12574 18014 18015 18016 8744 12576 18025 18026 18027 8743 19004 19160 19161 19162 17849 17853 17854 17856 11861 17848 11856 11862 11863 11864 11865 17507 11858 11859 11860 11872 11874 11875 19164 19165 19163 17509 17510 17852 17855 19156 19154 19155 
5: 9343 15026 18189 18190 19570 19571 12920 18082 18186 18187 19466 19494 12324 12917 12919 12921 12922 12923 18193 12323 12326 12328 12331 12330 12333 12916 18188 12918 19496 12924 12925 19468 12066 12069 12933 19467 19495 12064 12065 12067 12068 12096 12102 12103 19471 19472 19470 17808 12070 19469 19498 18192 19497 12099 19473 19499 9359 18068 9367 18069 18070 18072 18080 18071 18083 18079 12928 15570 15571 18194 20076 20075 16586 
6: 10441 10461 10460 10462 10464 10467 13073 13624 10463 10465 10466 10444 10468 10469 
7: 11005 18659 18658 18664 18667 18671 18672 12842 12844 12845 12848 12850 15555 18162 18656 18657 18660 18662 18665 18668 18673 18674 18678 18682 18700 19615 19628 19632 19633 19636 19640 12843 12846 12847 12852 12853 12854 12855 12858 12871 12849 12851 12859 12872 18663 18675 18679 12861 12880 12860 12899 18703 12898 12867 12873 12879 12896 19621 12865 12868 19613 12863 12866 12877 12878 12888 12889 12892 12893 12897 19212 19602 19612 19614 19616 19618 19619 19620 12864 12869 12875 12886 12890 12894 12870 12876 12887 12891 12895 19202 19214 19216 19218 19219 19220 18142 18144 18146 19203 19204 19206 19208 19209 19210 19604 19606 19608 19609 19610 18141 18143 18145 18149 18150 18151 18153 18155 18158 18152 18154 18166 18164 18165 18167 18168 18163 18169 18171 18157 18170 18148 18156 19221 18147 19211 19611 19603 19605 19607 19627 19205 19623 19207 19215 19217 19213 19617 12874 19622 19624 19625 19626 18701 15550 18685 15551 15552 18683 18686 11225 15553 19752 19753 19754 11216 11219 11222 11224 18400 18401 15554 15560 15559 18699 18698 18159 18160 19631 19634 19635 19637 19639 19641 19642 
8: 11631 11633 11635 
9: 12516 
10: 13275 13281 13283 16592 16594 16599 16600 
11: 13578 13579 13580 13585 13586 13582 13587 13588 13581 13583 13584 13595 13594 13596 13597 
12: 13704 13705 13706 15696 15697 16035 16029 16030 15695 
