# The links inside the directed communities at k=5
# from /Users/bogna/dev/role-mining/datasets/enron/timeslots/10-filtered2.edges
# at no lower link weight threshold,
# and at no upper link weight threshold.
# Links were treated as directed.
# No time limit was set for the clique search.

0:
00002 00003
00002 00004
00002 00018
00002 00020
00002 00028
00002 00070
00002 00137
00002 00141
00003 00020
00003 00070
00003 00137
00003 00141
00003 00019
00003 00029
00003 00032
00003 00068
00003 00072
00004 00020
00004 00137
00004 00141
00019 00004
00004 00032
00072 00004
00073 00004
00018 00020
00018 00028
00018 00070
00019 00018
00018 00032
00020 00028
00020 00070
00020 00137
00020 00141
00020 00019
00020 00032
00068 00020
00020 00072
00020 00055
00073 00020
00028 00070
00028 00032
00070 00141
00070 00019
00032 00070
00070 00072
00070 00055
00137 00141
00137 00029
00032 00137
00068 00137
00137 00074
00137 00066
00141 00019
00029 00141
00032 00141
00068 00141
00141 00072
00074 00141
00141 00055
00073 00141
00066 00141
00019 00032
00019 00072
00019 00055
00073 00019
00029 00032
00029 00068
00074 00029
00029 00066
00032 00068
00032 00066
00068 00072
00068 00066
00072 00055
00074 00066
1:
00006 00009
00006 00013
00006 00048
00006 00050
00006 00067
00006 00076
00009 00013
00009 00048
00009 00050
00009 00067
00009 00057
00013 00048
00013 00050
00013 00067
00013 00076
00013 00057
00048 00050
00048 00067
00048 00076
00048 00057
00050 00067
00050 00076
00050 00057
00067 00057
00076 00057
2:
00025 00017
00025 00026
00056 00025
00059 00025
00017 00026
00017 00056
00017 00059
00026 00056
00059 00026
00059 00056
3:
00023 00107
00023 00051
00023 00069
00023 00073
00107 00051
00107 00069
00073 00107
00051 00069
00051 00073
00069 00073
4:
00044 00104
00044 00078
00044 00091
00044 00100
00044 00111
00122 00044
00100 00104
00111 00104
00122 00104
00078 00100
00078 00111
00122 00078
00100 00091
00091 00111
00122 00091
00100 00111
00122 00100
00122 00111
5:
00006 00016
00006 00065
00014 00006
00107 00006
00065 00016
00016 00014
00107 00016
00065 00014
00065 00107
00014 00107
6:
00010 00017
00010 00021
00038 00010
00059 00010
00017 00021
00017 00038
00017 00059
00038 00021
00059 00021
00059 00038
7:
00074 00127
00123 00127
00127 00051
00066 00127
00036 00127
00122 00127
00151 00127
00065 00107
00036 00065
00122 00065
00065 00151
00051 00074
00074 00066
00122 00074
00151 00074
00107 00123
00107 00051
00107 00036
00107 00122
00151 00107
00051 00123
00123 00036
00123 00122
00151 00123
00051 00066
00051 00122
00051 00151
00122 00066
00151 00066
00122 00036
00151 00036
00122 00151
