# The links inside the directed communities at k=9
# from /Users/bogna/dev/role-mining/datasets/hepth/timeslots/cit-HepTh-1999.edges
# at no lower link weight threshold,
# and at no upper link weight threshold.
# Links were treated as directed.
# No time limit was set for the clique search.

0:
9902088 9409089
9902173 9409089
9905177 9409089
9906022 9409089
9910146 9409089
9904120 9409089
9907012 9409089
9907115 9409089
9902088 9806039
9902126 9902088
9902173 9902088
9905177 9902088
9906022 9902088
9910146 9902088
9904120 9902088
9907012 9902088
9907032 9902088
9907062 9902088
9907115 9902088
9908093 9902088
9910106 9902088
9911002 9902088
9912055 9902088
9902126 9806039
9902173 9806039
9905177 9806039
9906022 9806039
9910146 9806039
9904120 9806039
9907012 9806039
9907032 9806039
9907062 9806039
9907115 9806039
9908093 9806039
9910106 9806039
9911002 9806039
9912055 9806039
9902173 9902126
9905177 9902126
9906022 9902126
9904120 9902126
9907012 9902126
9907032 9902126
9907062 9902126
9907115 9902126
9908093 9902126
9910106 9902126
9911002 9902126
9912055 9902126
9905177 9902173
9906022 9902173
9910146 9902173
9904120 9902173
9907012 9902173
9907032 9902173
9907062 9902173
9907115 9902173
9908093 9902173
9910106 9902173
9911002 9902173
9912055 9902173
9906022 9905177
9910146 9905177
9905177 9904120
9907012 9905177
9907032 9905177
9907062 9905177
9907115 9905177
9908093 9905177
9910106 9905177
9911002 9905177
9912055 9905177
9910146 9906022
9906022 9904120
9907012 9906022
9907032 9906022
9907115 9906022
9908093 9906022
9910106 9906022
9911002 9906022
9912055 9906022
9910146 9904120
9910146 9907012
9910146 9907115
9907012 9904120
9907032 9904120
9907062 9904120
9907115 9904120
9908093 9904120
9910106 9904120
9911002 9904120
9912055 9904120
9907115 9907012
9912055 9907012
9912055 9907032
9907115 9907062
9908093 9907062
9910106 9907062
9911002 9907062
9910106 9907115
9910106 9908093
9911002 9908093
9912055 9911002
1:
9907209 9905210
9908104 9905210
9908186 9905210
9909076 9905210
9909199 9905210
9910081 9905210
9911234 9905210
9912182 9905210
9908104 9907209
9908186 9907209
9909076 9907209
9909199 9907209
9910081 9907209
9911234 9907209
9912182 9907209
9908186 9908104
9909076 9908104
9909199 9908104
9910081 9908104
9911234 9908104
9912182 9908104
9909076 9908186
9909199 9908186
9910081 9908186
9911234 9908186
9912182 9908186
9909199 9909076
9910081 9909076
9911234 9909076
9912182 9909076
9910081 9909199
9911234 9909199
9912182 9909199
9911234 9910081
9912182 9910081
9911234 9912182
2:
9908076 9905210
9908186 9905210
9909058 9905210
9909134 9905210
9909199 9905210
9910081 9905210
9911234 9905210
9912182 9905210
9908186 9908076
9909058 9908076
9909134 9908076
9909199 9908076
9910081 9908076
9911234 9908076
9912182 9908076
9909058 9908186
9909134 9908186
9909199 9908186
9910081 9908186
9911234 9908186
9912182 9908186
9909134 9909058
9909199 9909058
9910081 9909058
9911234 9909058
9912182 9909058
9909199 9909134
9910081 9909134
9911234 9909134
9912182 9909134
9910081 9909199
9911234 9909199
9912182 9909199
9911234 9910081
9912182 9910081
9911234 9912182
3:
9902170 9711200
9902195 9711200
9903132 9711200
9903214 9711200
9904197 9711200
9908022 9711200
9908109 9711200
9910036 9711200
9902170 9802150
9902195 9802150
9903132 9802150
9903214 9802150
9904197 9802150
9908022 9802150
9908109 9802150
9910036 9802150
9902170 9803131
9902195 9803131
9903132 9803131
9903214 9803131
9904197 9803131
9908022 9803131
9908109 9803131
9910036 9803131
9902195 9902170
9903132 9902170
9903214 9902170
9904197 9902170
9908022 9902170
9908109 9902170
9910036 9902170
9903132 9902195
9903214 9902195
9904197 9902195
9908022 9902195
9908109 9902195
9910036 9902195
9903214 9903132
9904197 9903132
9908022 9903132
9908109 9903132
9910036 9903132
9904197 9903214
9908022 9903214
9908109 9903214
9910036 9903214
9908022 9904197
9908109 9904197
9910036 9904197
9908109 9908022
9910036 9908022
9910036 9908109
4:
9901101 9711200
9902074 9711200
9902095 9711200
9906055 9711200
9906081 9711200
9906101 9711200
9906220 9711200
9912257 9711200
9901106 9701137
9902095 9701137
9902196 9701137
9903128 9701137
9906081 9701137
9906101 9701137
9906220 9701137
9906234 9701137
9901085 9811035
9901101 9811035
9901106 9811035
9902074 9811035
9902095 9811035
9902110 9811035
9902196 9811035
9903128 9811035
9903186 9811035
9906055 9811035
9906081 9811035
9906101 9811035
9906179 9811035
9906220 9811035
9906234 9811035
9908175 9811035
9910094 9811035
9912257 9811035
9901085 9812089
9901101 9812089
9901106 9812089
9902074 9812089
9902095 9812089
9902110 9812089
9902196 9812089
9903128 9812089
9903186 9812089
9906055 9812089
9906081 9812089
9906101 9812089
9906179 9812089
9906220 9812089
9906234 9812089
9908175 9812089
9910094 9812089
9912257 9812089
9901101 9901085
9901106 9901085
9902196 9901085
9903128 9901085
9906081 9901085
9906220 9901085
9906234 9901085
9901106 9901101
9902074 9901101
9902095 9901101
9902196 9901101
9903128 9901101
9903186 9901101
9906055 9901101
9906081 9901101
9906101 9901101
9906179 9901101
9906220 9901101
9906234 9901101
9908175 9901101
9910094 9901101
9912257 9901101
9902095 9901106
9902196 9901106
9903128 9901106
9906081 9901106
9906101 9901106
9906220 9901106
9906234 9901106
9912257 9901106
9902095 9902074
9903128 9902074
9903186 9902074
9906055 9902074
9906081 9902074
9906101 9902074
9906179 9902074
9906220 9902074
9906234 9902074
9908175 9902074
9912257 9902074
9902110 9902095
9902196 9902095
9903128 9902095
9906055 9902095
9906081 9902095
9906101 9902095
9906179 9902095
9906220 9902095
9906234 9902095
9912257 9902095
9902196 9902110
9906055 9902110
9906081 9902110
9906101 9902110
9906220 9902110
9912257 9902110
9903128 9902196
9906055 9902196
9906081 9902196
9906101 9902196
9906179 9902196
9906220 9902196
9906234 9902196
9910094 9902196
9912257 9902196
9906081 9903128
9906101 9903128
9906220 9903128
9906234 9903128
9906055 9903186
9906081 9903186
9906101 9903186
9906179 9903186
9906220 9903186
9906234 9903186
9908175 9903186
9910094 9903186
9912257 9903186
9906081 9906055
9906101 9906055
9906179 9906055
9906220 9906055
9906234 9906055
9910094 9906055
9912257 9906055
9906101 9906081
9906179 9906081
9906220 9906081
9906234 9906081
9908175 9906081
9910094 9906081
9912257 9906081
9906179 9906101
9906220 9906101
9906234 9906101
9908175 9906101
9910094 9906101
9912257 9906101
9906234 9906179
9906234 9906220
9908175 9906220
9912257 9906220
9908175 9906234
9910094 9906234
9912257 9906234
9912257 9910094
5:
9901101 9811035
9902074 9811035
9903186 9811035
9906055 9811035
9906081 9811035
9906101 9811035
9907024 9811035
9908092 9811035
9901101 9812089
9902074 9812089
9903186 9812089
9906055 9812089
9906081 9812089
9906101 9812089
9907024 9812089
9908092 9812089
9902074 9901101
9903186 9901101
9906055 9901101
9906081 9901101
9906101 9901101
9907024 9901101
9908092 9901101
9903186 9902074
9906055 9902074
9906081 9902074
9906101 9902074
9907024 9902074
9908092 9902074
9906055 9903186
9906081 9903186
9906101 9903186
9907024 9903186
9908092 9903186
9906081 9906055
9906101 9906055
9907024 9906055
9908092 9906055
9906101 9906081
9907024 9906081
9908092 9906081
9907024 9906101
9908092 9906101
9908092 9907024
6:
9901101 9802109
9902125 9802109
9902155 9802109
9903026 9802109
9903029 9802109
9903090 9802109
9903091 9802109
9903109 9802109
9905081 9802109
9905111 9802109
9905200 9802109
9907143 9802109
9906216 9802109
9901101 9802150
9902125 9802150
9902155 9802150
9903026 9802150
9903090 9802150
9903091 9802150
9903109 9802150
9905081 9802150
9905111 9802150
9905200 9802150
9907143 9802150
9906216 9802150
9902125 9803002
9902155 9803002
9903026 9803002
9903029 9803002
9903090 9803002
9903091 9803002
9903109 9803002
9903186 9803002
9905081 9803002
9905111 9803002
9905200 9803002
9907143 9803002
9906216 9803002
9901101 9811035
9902125 9811035
9903026 9811035
9903090 9811035
9903109 9811035
9903186 9811035
9905081 9811035
9905111 9811035
9905200 9811035
9907143 9811035
9906216 9811035
9901101 9811156
9902125 9811156
9903026 9811156
9903090 9811156
9903109 9811156
9903186 9811156
9905081 9811156
9905111 9811156
9905200 9811156
9907143 9811156
9906216 9811156
9902125 9901101
9903026 9901101
9903090 9901101
9903109 9901101
9903186 9901101
9905081 9901101
9905111 9901101
9905200 9901101
9907143 9901101
9906216 9901101
9902155 9902125
9903026 9902125
9903029 9902125
9903091 9902125
9903109 9902125
9903186 9902125
9905081 9902125
9905111 9902125
9905200 9902125
9907143 9902125
9906216 9902125
9903026 9902155
9903029 9902155
9903090 9902155
9903091 9902155
9903109 9902155
9903186 9902155
9905081 9902155
9905111 9902155
9905200 9902155
9907143 9902155
9906216 9902155
9903090 9903026
9903091 9903026
9903109 9903026
9903186 9903026
9905081 9903026
9905111 9903026
9905200 9903026
9907143 9903026
9906216 9903026
9903091 9903029
9903109 9903029
9905111 9903029
9905200 9903029
9906216 9903029
9903109 9903090
9903186 9903090
9905081 9903090
9905111 9903090
9905200 9903090
9907143 9903090
9906216 9903090
9903109 9903091
9905081 9903091
9905111 9903091
9905200 9903091
9906216 9903091
9905081 9903109
9905111 9903109
9905200 9903109
9907143 9903109
9906216 9903109
9905081 9903186
9905111 9903186
9905200 9903186
9906216 9903186
9905111 9905081
9905200 9905081
9907143 9905081
9906216 9905081
9905200 9905111
9906216 9905111
9905200 9907143
9906216 9905200
9906216 9907143
7:
9901101 9711200
9902074 9711200
9902125 9711200
9903026 9711200
9903090 9711200
9903109 9711200
9904013 9711200
9905081 9711200
9905111 9711200
9907143 9711200
9908175 9711200
9901101 9802109
9902074 9802109
9902125 9802109
9903026 9802109
9903090 9802109
9903109 9802109
9904013 9802109
9905081 9802109
9905111 9802109
9907143 9802109
9908175 9802109
9901101 9802150
9902074 9802150
9902125 9802150
9903026 9802150
9903090 9802150
9903109 9802150
9904013 9802150
9905081 9802150
9905111 9802150
9907143 9802150
9908175 9802150
9901101 9811035
9902074 9811035
9902125 9811035
9903026 9811035
9903090 9811035
9903109 9811035
9903186 9811035
9904013 9811035
9905081 9811035
9905111 9811035
9907143 9811035
9908175 9811035
9901101 9811156
9902074 9811156
9902125 9811156
9903026 9811156
9903090 9811156
9903109 9811156
9903186 9811156
9904013 9811156
9905081 9811156
9905111 9811156
9907143 9811156
9908175 9811156
9901101 9812089
9902074 9812089
9902125 9812089
9903026 9812089
9903090 9812089
9903109 9812089
9903186 9812089
9904013 9812089
9905081 9812089
9905111 9812089
9907143 9812089
9908175 9812089
9902074 9901101
9902125 9901101
9903026 9901101
9903090 9901101
9903109 9901101
9903186 9901101
9904013 9901101
9905081 9901101
9905111 9901101
9907143 9901101
9908175 9901101
9902125 9902074
9903026 9902074
9903090 9902074
9903109 9902074
9903186 9902074
9904013 9902074
9905081 9902074
9905111 9902074
9907143 9902074
9908175 9902074
9903026 9902125
9903109 9902125
9903186 9902125
9904013 9902125
9905081 9902125
9905111 9902125
9907143 9902125
9908175 9902125
9903090 9903026
9903109 9903026
9903186 9903026
9904013 9903026
9905081 9903026
9905111 9903026
9907143 9903026
9903109 9903090
9903186 9903090
9904013 9903090
9905081 9903090
9905111 9903090
9907143 9903090
9908175 9903090
9904013 9903109
9905081 9903109
9905111 9903109
9907143 9903109
9908175 9903109
9904013 9903186
9905081 9903186
9905111 9903186
9908175 9903186
9905081 9904013
9905111 9904013
9907143 9904013
9908175 9904013
9905111 9905081
9907143 9905081
9908175 9905081
9908175 9905111
8:
9905020 9811047
9905111 9811047
9906188 9811047
9907088 9811047
9908160 9811047
9910016 9811047
9911222 9811047
9912007 9811047
9905111 9905020
9906188 9905020
9907088 9905020
9908160 9905020
9910016 9905020
9911222 9905020
9912007 9905020
9906188 9905111
9907088 9905111
9908160 9905111
9910016 9905111
9911222 9905111
9912007 9905111
9907088 9906188
9908160 9906188
9910016 9906188
9911222 9906188
9912007 9906188
9908160 9907088
9910016 9907088
9911222 9907088
9912007 9907088
9910016 9908160
9911222 9908160
9912007 9908160
9911222 9910016
9912007 9910016
9912007 9911222
9:
9908142 9711162
9907166 9711162
9908056 9711162
9908134 9711162
9909085 9711162
9910019 9711162
9910092 9711162
9911169 9711162
9912140 9711162
9912165 9711162
9908142 9711165
9907166 9711165
9908056 9711165
9908134 9711165
9909085 9711165
9909215 9711165
9910019 9711165
9910092 9711165
9911169 9711165
9912165 9711165
9908142 9907166
9908142 9908056
9908142 9908134
9909085 9908142
9909215 9908142
9910019 9908142
9910092 9908142
9911169 9908142
9912140 9908142
9912165 9908142
9908056 9907166
9908134 9907166
9909085 9907166
9909215 9907166
9910019 9907166
9910092 9907166
9911169 9907166
9912140 9907166
9912165 9907166
9908134 9908056
9909085 9908056
9909215 9908056
9910019 9908056
9910092 9908056
9911169 9908056
9912140 9908056
9912165 9908056
9909085 9908134
9909215 9908134
9910019 9908134
9910092 9908134
9911169 9908134
9912140 9908134
9912165 9908134
9909215 9909085
9910019 9909085
9910092 9909085
9911169 9909085
9912165 9909085
9910019 9909215
9910092 9909215
9911169 9909215
9912140 9909215
9912165 9909215
9910092 9910019
9911169 9910019
9912140 9910019
9910092 9911169
9910092 9912140
9912165 9910092
9912140 9911169
9912165 9911169
10:
9901042 9810188
9901159 9810188
9902102 9810188
9902116 9810188
9902160 9810188
9903129 9810188
9904153 9810188
9904207 9810188
9907140 9810188
9901042 9805170
9901042 9812135
9901159 9901042
9902102 9901042
9902116 9901042
9902160 9901042
9903129 9901042
9904153 9901042
9904207 9901042
9907140 9901042
9901159 9805170
9902102 9805170
9902116 9805170
9902160 9805170
9903129 9805170
9904153 9805170
9904207 9805170
9907140 9805170
9901159 9812135
9902102 9812135
9902116 9812135
9902160 9812135
9903129 9812135
9904153 9812135
9904207 9812135
9907140 9812135
9902102 9901159
9902116 9901159
9902160 9901159
9904153 9901159
9904207 9901159
9907140 9901159
9902102 9902116
9902102 9902160
9903129 9902102
9904153 9902102
9904207 9902102
9907140 9902102
9902160 9902116
9903129 9902116
9904153 9902116
9904207 9902116
9907140 9902116
9903129 9902160
9904153 9902160
9904207 9902160
9907140 9902160
9904153 9903129
9904207 9903129
9907140 9903129
9904207 9904153
9907140 9904153
9907140 9904207
