# The directed communities at k=9
# from /Users/bogna/dev/role-mining/datasets/hepth/timeslots/cit-HepTh-1999.edges
# at no lower link weight threshold,
# and at no upper link weight threshold.
# Links were treated as directed.
# No time limit was set for the clique search.

0: 9409089 9902088 9806039 9902126 9902173 9905177 9906022 9910146 9904120 9907012 9907032 9907062 9907115 9908093 9910106 9911002 9912055 
1: 9905210 9907209 9908104 9908186 9909076 9909199 9910081 9911234 9912182 
2: 9905210 9908076 9908186 9909058 9909134 9909199 9910081 9911234 9912182 
3: 9711200 9802150 9803131 9902170 9902195 9903132 9903214 9904197 9908022 9908109 9910036 
4: 9711200 9701137 9811035 9812089 9901085 9901101 9901106 9902074 9902095 9902110 9902196 9903128 9903186 9906055 9906081 9906101 9906179 9906220 9906234 9908175 9910094 9912257 
5: 9811035 9812089 9901101 9902074 9903186 9906055 9906081 9906101 9907024 9908092 
6: 9802109 9802150 9803002 9811035 9811156 9901101 9902125 9902155 9903026 9903029 9903090 9903091 9903109 9903186 9905081 9905111 9905200 9907143 9906216 
7: 9711200 9802109 9802150 9811035 9811156 9812089 9901101 9902074 9902125 9903026 9903090 9903109 9903186 9904013 9905081 9905111 9907143 9908175 
8: 9811047 9905020 9905111 9906188 9907088 9908160 9910016 9911222 9912007 
9: 9711162 9711165 9908142 9907166 9908056 9908134 9909085 9909215 9910019 9910092 9911169 9912140 9912165 
10: 9810188 9901042 9805170 9812135 9901159 9902102 9902116 9902160 9903129 9904153 9904207 9907140 
