# The contained directed cliques in the directed communities at k=9
# from /Users/bogna/dev/role-mining/datasets/hepth/timeslots/cit-HepTh-1999.edges
# at no lower link weight threshold,
# and at no upper link weight threshold.
# Links were treated as directed.
# No time limit was set for the clique search.

0: 6639 6641 10280 6643 7238 7240 8542 8591 8592 10278 10275 10274 
1: 10461 
2: 10466 
3: 11861 11863 11865 
4: 12064 12065 12066 12068 12069 12102 19466 19471 19467 19494 12924 18069 18187 19495 19571 12921 12922 12919 12920 12923 18186 18189 18193 18190 19570 18194 18068 19472 19497 12103 
5: 12324 12331 
6: 12842 12843 12844 12846 12852 12854 18656 12845 12847 12853 12855 18657 12849 12851 18660 12848 18665 12850 18664 18671 18162 18658 18672 18673 18163 18659 18662 18663 18674 18678 18675 18679 18165 18164 18167 18166 
7: 12865 12866 12871 12877 12888 12892 12896 19612 12872 12878 12889 12893 12897 19212 19214 19204 19216 19218 19219 19220 19614 19202 19206 19208 19209 19210 19604 19602 19606 19608 19609 19610 19616 19618 19619 19620 18150 18141 18151 18152 18154 18142 18143 18145 18144 18146 18153 18155 
8: 13281 
9: 13704 13706 15696 15697 16029 16035 
10: 15149 15151 15152 17080 17082 17083 
