# The links from /Users/bogna/dev/role-mining/datasets/enron/timeslots/11-filtered3.edges
# at no lower link weight threshold,
# and at no upper link weight threshold.
# Links were treated as directed.
# No time limit was set for the clique search.
# (self-links were removed)

00002 00003
00002 00019
00002 00020
00002 00068
00002 00070
00002 00141
00003 00019
00003 00020
00003 00029
00003 00032
00003 00066
00003 00068
00003 00137
00003 00141
00006 00009
00006 00013
00006 00016
00006 00027
00006 00048
00006 00050
00006 00065
00006 00067
00006 00084
00006 00107
00007 00011
00007 00012
00007 00025
00007 00038
00008 00114
00008 00128
00009 00006
00009 00013
00009 00048
00009 00050
00009 00057
00009 00067
00009 00076
00009 00098
00010 00054
00010 00091
00010 00096
00010 00103
00011 00007
00011 00012
00011 00025
00011 00038
00011 00075
00011 00128
00012 00007
00012 00011
00012 00025
00012 00038
00012 00075
00012 00076
00013 00006
00013 00009
00013 00027
00013 00033
00013 00048
00013 00050
00013 00057
00013 00067
00013 00075
00013 00076
00014 00016
00014 00065
00016 00006
00016 00014
00016 00051
00016 00065
00016 00074
00016 00107
00016 00109
00016 00122
00017 00010
00017 00025
00017 00033
00017 00038
00017 00040
00017 00041
00017 00061
00017 00071
00017 00118
00017 00128
00018 00020
00018 00030
00018 00032
00018 00070
00018 00137
00018 00141
00019 00003
00019 00018
00019 00020
00019 00030
00019 00055
00019 00068
00019 00070
00019 00072
00019 00141
00020 00002
00020 00003
00020 00018
00020 00019
00020 00030
00020 00055
00020 00070
00020 00072
00020 00141
00023 00032
00023 00051
00023 00069
00023 00073
00023 00092
00023 00107
00023 00113
00024 00113
00025 00007
00025 00017
00025 00128
00027 00006
00027 00013
00027 00052
00027 00092
00027 00107
00029 00032
00029 00066
00029 00068
00029 00137
00029 00141
00030 00018
00030 00019
00030 00020
00030 00055
00030 00070
00030 00072
00030 00137
00030 00141
00032 00003
00032 00018
00032 00019
00032 00020
00032 00029
00032 00068
00032 00070
00033 00017
00033 00038
00033 00041
00033 00044
00033 00057
00033 00075
00033 00128
00036 00051
00036 00054
00036 00065
00036 00107
00036 00109
00036 00123
00038 00011
00038 00012
00038 00017
00038 00023
00038 00033
00038 00057
00038 00073
00040 00017
00041 00017
00041 00033
00041 00038
00041 00040
00044 00033
00044 00036
00044 00078
00044 00091
00044 00096
00044 00100
00044 00107
00044 00111
00048 00006
00048 00009
00048 00013
00048 00027
00048 00044
00048 00050
00048 00067
00048 00091
00050 00006
00050 00009
00050 00013
00050 00048
00050 00057
00050 00067
00051 00016
00051 00027
00051 00054
00051 00069
00051 00074
00051 00107
00051 00150
00052 00027
00052 00076
00054 00010
00054 00058
00054 00150
00055 00019
00055 00020
00055 00030
00055 00070
00055 00072
00055 00141
00057 00009
00057 00013
00057 00033
00057 00038
00057 00050
00057 00075
00057 00076
00057 00107
00058 00054
00058 00096
00058 00103
00058 00117
00058 00120
00058 00125
00061 00017
00061 00040
00061 00041
00061 00105
00061 00125
00061 00128
00065 00006
00065 00009
00065 00013
00065 00014
00065 00016
00065 00027
00065 00030
00065 00048
00065 00050
00065 00052
00065 00067
00065 00075
00065 00076
00065 00107
00066 00003
00066 00029
00066 00032
00066 00054
00066 00068
00067 00006
00067 00009
00067 00013
00067 00027
00067 00048
00067 00050
00067 00057
00067 00092
00068 00002
00068 00003
00068 00019
00068 00029
00068 00030
00068 00032
00068 00066
00068 00070
00068 00122
00068 00137
00068 00141
00069 00023
00069 00036
00069 00051
00069 00054
00069 00073
00069 00092
00069 00107
00070 00003
00070 00018
00070 00019
00070 00020
00070 00030
00070 00032
00070 00055
00070 00068
00070 00072
00070 00141
00071 00128
00072 00019
00072 00020
00072 00030
00072 00055
00072 00070
00072 00141
00073 00023
00073 00038
00073 00051
00073 00069
00073 00137
00073 00141
00074 00016
00074 00065
00075 00011
00075 00012
00075 00033
00075 00038
00075 00065
00075 00076
00075 00107
00076 00012
00076 00050
00076 00057
00076 00075
00076 00098
00078 00044
00078 00054
00078 00058
00078 00094
00078 00096
00078 00100
00078 00101
00078 00103
00078 00111
00084 00091
00084 00107
00086 00115
00086 00133
00091 00044
00091 00084
00092 00027
00094 00101
00094 00120
00096 00017
00096 00057
00096 00101
00096 00120
00098 00076
00098 00107
00100 00044
00100 00091
00100 00105
00100 00111
00100 00128
00101 00038
00101 00044
00101 00084
00101 00094
00101 00096
00101 00111
00101 00118
00101 00120
00103 00058
00103 00120
00103 00125
00105 00008
00105 00094
00105 00096
00105 00100
00105 00101
00105 00114
00105 00120
00105 00125
00105 00128
00107 00006
00107 00010
00107 00017
00107 00023
00107 00027
00107 00036
00107 00038
00107 00044
00107 00051
00107 00054
00107 00057
00107 00058
00107 00067
00107 00069
00107 00075
00107 00078
00107 00092
00107 00096
00107 00098
00107 00122
00107 00123
00109 00036
00109 00066
00111 00044
00111 00078
00111 00091
00111 00094
00111 00100
00111 00101
00111 00109
00113 00023
00113 00024
00113 00092
00114 00008
00114 00094
00114 00096
00114 00101
00114 00128
00117 00125
00118 00017
00118 00101
00120 00044
00120 00101
00120 00103
00122 00017
00122 00054
00122 00096
00122 00103
00122 00107
00122 00150
00123 00054
00123 00065
00123 00107
00124 00024
00125 00061
00125 00105
00125 00117
00128 00010
00128 00011
00128 00012
00128 00017
00128 00025
00128 00033
00128 00038
00128 00040
00128 00041
00128 00061
00128 00071
00128 00105
00128 00114
00128 00118
00133 00086
00137 00020
00137 00029
00137 00030
00137 00032
00137 00068
00137 00141
00141 00003
00141 00019
00141 00020
00141 00029
00141 00030
00141 00070
00141 00072
00141 00073
00141 00137
00150 00029
00150 00036
00150 00051
00150 00054
00150 00065
00150 00066
00150 00068
00150 00074
00150 00107
00150 00122
00150 00123
