# The directed cliques from /Users/bogna/dev/role-mining/datasets/enron/timeslots/11-filtered3.edges
# at no lower link weight threshold,
# and at no upper link weight threshold.
# Links were treated as directed.
# No time limit was set for the clique search.

0: 00016 00065 00014 
1: 00128 00017 00071 
2: 00058 00117 00125 
3: 00008 00114 00128 00105 
4: 00009 00076 00098 
5: 00128 00017 00118 
6: 00023 00092 00113 
7: 00027 00065 00052 
8: 00065 00076 00052 
9: 00006 00084 00107 
10: 00007 00011 00012 00025 
11: 00007 00011 00012 00038 
12: 00016 00051 00074 
13: 00016 00065 00074 
14: 00051 00074 00150 
15: 00065 00074 00150 
16: 00128 00017 00040 00041 00061 
17: 00011 00012 00025 00128 
18: 00025 00128 00017 
19: 00107 00054 00036 00123 00150 
20: 00065 00107 00036 00123 00150 
21: 00103 00058 00125 
22: 00061 00125 00105 
23: 00002 00003 00019 00020 00070 00141 
24: 00002 00003 00019 00068 00070 00141 
25: 00011 00012 00038 00128 
26: 00011 00012 00038 00075 
27: 00114 00096 00105 00101 
28: 00114 00105 00094 00101 
29: 00048 00091 00044 
30: 00091 00044 00100 00111 
31: 00103 00078 00058 
32: 00103 00058 00120 
33: 00038 00128 00033 00017 00041 
34: 00128 00061 00105 
35: 00019 00020 00070 00141 00030 00055 00072 
36: 00141 00137 00073 
37: 00038 00023 00073 
38: 00051 00023 00069 00073 
39: 00027 00067 00107 00092 
40: 00107 00023 00069 00092 
41: 00044 00078 00100 00111 
42: 00128 00100 00105 
43: 00078 00111 00094 00101 
44: 00120 00105 00094 00101 
45: 00003 00068 00029 00032 00066 
46: 00003 00068 00141 00029 00137 
47: 00003 00068 00029 00032 00137 
48: 00068 00029 00066 00150 
49: 00066 00054 00150 
50: 00012 00076 00075 
51: 00107 00010 00054 
52: 00107 00010 00017 
53: 00107 00010 00096 
54: 00128 00010 00017 
55: 00019 00020 00070 00032 00018 
56: 00019 00020 00070 00141 00018 00030 
57: 00020 00141 00137 00018 00030 
58: 00020 00032 00137 00018 
59: 00107 00051 00023 00069 
60: 00107 00054 00051 00069 00036 
61: 00044 00078 00111 00101 
62: 00096 00058 00120 
63: 00096 00120 00105 00101 
64: 00044 00120 00101 
65: 00006 00016 00065 00107 
66: 00016 00107 00051 
67: 00016 00107 00122 
68: 00006 00009 00013 00048 00050 00065 00067 
69: 00009 00013 00050 00065 00076 
70: 00009 00013 00050 00067 00057 
71: 00009 00013 00050 00057 00076 
72: 00013 00057 00075 00033 
73: 00038 00057 00075 00033 
74: 00068 00122 00150 
75: 00107 00054 00122 00150 
76: 00107 00096 00122 00017 
77: 00107 00038 00023 
78: 00107 00054 00078 00058 
79: 00107 00096 00078 00058 
80: 00003 00020 00141 00137 
81: 00003 00020 00032 00137 
82: 00068 00141 00137 00030 
83: 00006 00013 00027 00048 00065 00067 
84: 00006 00027 00065 00067 00107 
85: 00027 00107 00051 
86: 00013 00065 00076 00075 
87: 00013 00057 00076 00075 
88: 00065 00107 00075 
89: 00107 00038 00057 00075 
90: 00107 00044 00036 
91: 00107 00054 00051 00036 00150 
92: 00003 00019 00020 00070 00032 
93: 00003 00019 00068 00070 00032 
94: 00067 00107 00057 
95: 00107 00057 00096 
96: 00019 00068 00070 00141 00030 
97: 00107 00096 00044 00078 
98: 00096 00044 00078 00101 
99: 00107 00038 00017 
