# The contained directed cliques in the directed communities at k=12
# from /Users/bogna/dev/role-mining/datasets/hepth/timeslots/cit-HepTh-2000.edges
# at no lower link weight threshold,
# and at no upper link weight threshold.
# Links were treated as directed.
# No time limit was set for the clique search.

0: 12860 22594 22588 22589 22592 22635 24321 25008 22587 22624 20958 22577 22619 22623 22633 20950 20959 20964 20976 20951 20968 20969 20977 22608 22614 22583 22605 13666 16957 22603 22606 22632 24209 24210 24235 27122 27123 27140 27146 27152 13667 13669 13673 13664 13665 24204 22604 23547 23570 23571 24230 24231 24205 24211 24232 24236 24237 24245 24246 24256 24270 24206 24215 24212 24223 24241 27124 24217 24238 24218 27128 24221 24225 22621 24222 24226 24227 24269 24253 24255 24267 24268 24252 24258 24280 24316 27145 24244 24257 24279 27151 27148 27135 27149 27136 27142 27150 27143 27129 27141 27147 27153 24262 24249 27180 27181 19212 24965 27175 19213 19214 19215 19241 19216 19242 19207 19245 19206 19234 19233 19244 21017 24963 19246 19352 19217 19243 24283 19348 19353 19349 22593 20965 21018 25007 24276 24318 24320 24315 25006 23763 23757 13668 13671 22618 16959 22642 22641 22590 
1: 13105 13106 13119 13107 13109 13110 13113 13112 
2: 13108 13111 13114 
3: 13116 
4: 18814 18815 18831 20063 20064 18816 18832 19156 19157 18833 19135 19136 19139 19140 19160 19161 20067 20073 20068 20074 20093 18834 20092 22415 18835 22414 20070 20069 20072 20071 19158 20065 19137 19159 19138 20066 
5: 22554 22555 
