# The links inside the directed communities at k=12
# from /Users/bogna/dev/role-mining/datasets/hepth/timeslots/cit-HepTh-2000.edges
# at no lower link weight threshold,
# and at no upper link weight threshold.
# Links were treated as directed.
# No time limit was set for the clique search.

0:
0002117 9902105
0002211 9902105
0002237 9902105
0003031 9902105
0005036 9902105
0006240 9902105
0007153 9902105
0008053 9902105
0008101 9902105
0008227 9902105
0009105 9902105
0009246 9902105
0010240 9902105
0011226 9902105
0012251 9902105
0001084 9911116
0002211 9911116
0002237 9911116
0003101 9911116
0003220 9911116
0004015 9911116
0005031 9911116
0005036 9911116
0005085 9911116
0006071 9911116
0006240 9911116
0007153 9911116
0008033 9911116
0008127 9911116
0008227 9911116
0008252 9911116
0009038 9911116
0009061 9911116
0009189 9911116
0010240 9911116
0011029 9911116
0011226 9911116
0012251 9911116
0001084 9912249
0001201 9912249
0002117 9912249
0002211 9912249
0002237 9912249
0003031 9912249
0003101 9912249
0003220 9912249
0005031 9912249
0005036 9912249
0005085 9912249
0006071 9912249
0006240 9912249
0007153 9912249
0007235 9912249
0008033 9912249
0008053 9912249
0008101 9912249
0008127 9912249
0008227 9912249
0008252 9912249
0009038 9912249
0009061 9912249
0009105 9912249
0009189 9912249
0009213 9912249
0009246 9912249
0009252 9912249
0010016 9912249
0010060 9912249
0010240 9912249
0011029 9912249
0011226 9912249
0012251 9912249
0002117 9805019
0002211 9805019
0002237 9805019
0003031 9805019
0005036 9805019
0006240 9805019
0008053 9805019
0008101 9805019
0008227 9805019
0009246 9805019
0011226 9805019
0012251 9805019
0001084 9503099
0001201 0001084
0002117 0001084
0002211 0001084
0002237 0001084
0003031 0001084
0003101 0001084
0003220 0001084
0004015 0001084
0005036 0001084
0005085 0001084
0006071 0001084
0006240 0001084
0007153 0001084
0007235 0001084
0008033 0001084
0008053 0001084
0008127 0001084
0008227 0001084
0008252 0001084
0009038 0001084
0009061 0001084
0009105 0001084
0009189 0001084
0009213 0001084
0009246 0001084
0009252 0001084
0010240 0001084
0011029 0001084
0011226 0001084
0012251 0001084
0001201 9503099
0002211 9503099
0002237 9503099
0003220 9503099
0005036 9503099
0006240 9503099
0007153 9503099
0008033 9503099
0008127 9503099
0011226 9503099
0002117 0001201
0002211 0001201
0002237 0001201
0003031 0001201
0003101 0001201
0003220 0001201
0005036 0001201
0005085 0001201
0006071 0001201
0006240 0001201
0007153 0001201
0008033 0001201
0008053 0001201
0008101 0001201
0008127 0001201
0008227 0001201
0008252 0001201
0009038 0001201
0009252 0001201
0010016 0001201
0010240 0001201
0011226 0001201
0002211 0002117
0002237 0002117
0003031 0002117
0003101 0002117
0005031 0002117
0005036 0002117
0005085 0002117
0006240 0002117
0007153 0002117
0007235 0002117
0008033 0002117
0008053 0002117
0008101 0002117
0008127 0002117
0008227 0002117
0008252 0002117
0009038 0002117
0009105 0002117
0009189 0002117
0009213 0002117
0009246 0002117
0009252 0002117
0010016 0002117
0010060 0002117
0010240 0002117
0011029 0002117
0011226 0002117
0012251 0002117
0002237 0002211
0003031 0002211
0003101 0002211
0003220 0002211
0004015 0002211
0005031 0002211
0005036 0002211
0005085 0002211
0006071 0002211
0006240 0002211
0007153 0002211
0007235 0002211
0008033 0002211
0008053 0002211
0008101 0002211
0008127 0002211
0008227 0002211
0008252 0002211
0009038 0002211
0009061 0002211
0009105 0002211
0009189 0002211
0009213 0002211
0009246 0002211
0009252 0002211
0010016 0002211
0010240 0002211
0011029 0002211
0011226 0002211
0012251 0002211
0003031 0002237
0003101 0002237
0003220 0002237
0005031 0002237
0005036 0002237
0005085 0002237
0006071 0002237
0006240 0002237
0007153 0002237
0007235 0002237
0008033 0002237
0008053 0002237
0008101 0002237
0008127 0002237
0008227 0002237
0008252 0002237
0009038 0002237
0009061 0002237
0009105 0002237
0009189 0002237
0009213 0002237
0009246 0002237
0009252 0002237
0010016 0002237
0010060 0002237
0010240 0002237
0011029 0002237
0011226 0002237
0012251 0002237
0003101 0003031
0005031 0003031
0005036 0003031
0005085 0003031
0006071 0003031
0006240 0003031
0007153 0003031
0007235 0003031
0008033 0003031
0008053 0003031
0008101 0003031
0008127 0003031
0008227 0003031
0009038 0003031
0009105 0003031
0009189 0003031
0009213 0003031
0009246 0003031
0009252 0003031
0010016 0003031
0010060 0003031
0010240 0003031
0011029 0003031
0011226 0003031
0012251 0003031
0005031 0003101
0005036 0003101
0007153 0003101
0008033 0003101
0008127 0003101
0008252 0003101
0009038 0003101
0009246 0003101
0009252 0003101
0010060 0003101
0010240 0003101
0012251 0003101
0004015 0003220
0005036 0003220
0005085 0003220
0006071 0003220
0006240 0003220
0007153 0003220
0008033 0003220
0008127 0003220
0008227 0003220
0008252 0003220
0009038 0003220
0009061 0003220
0009189 0003220
0010016 0003220
0010240 0003220
0011029 0003220
0011226 0003220
0012251 0003220
0005036 0004015
0005085 0004015
0006071 0004015
0006240 0004015
0007153 0004015
0008033 0004015
0008127 0004015
0008227 0004015
0009038 0004015
0009189 0004015
0010240 0004015
0011029 0004015
0011226 0004015
0006071 0005031
0006240 0005031
0007153 0005031
0008033 0005031
0008252 0005031
0009038 0005031
0009189 0005031
0010016 0005031
0010060 0005031
0010240 0005031
0011029 0005031
0012251 0005031
0005085 0005036
0006240 0005036
0007153 0005036
0007235 0005036
0008033 0005036
0008053 0005036
0008101 0005036
0008127 0005036
0008227 0005036
0008252 0005036
0009038 0005036
0009105 0005036
0009189 0005036
0009213 0005036
0009246 0005036
0009252 0005036
0010016 0005036
0010060 0005036
0010240 0005036
0011029 0005036
0011226 0005036
0012251 0005036
0007153 0005085
0008033 0005085
0009038 0005085
0009189 0005085
0010016 0005085
0010060 0005085
0011029 0005085
0006240 0006071
0007153 0006071
0008033 0006071
0008252 0006071
0009038 0006071
0009189 0006071
0010016 0006071
0010240 0006071
0011029 0006071
0012251 0006071
0007153 0006240
0007235 0006240
0008033 0006240
0008101 0006240
0008127 0006240
0008227 0006240
0008252 0006240
0009038 0006240
0009061 0006240
0009105 0006240
0009189 0006240
0009213 0006240
0009246 0006240
0009252 0006240
0010016 0006240
0010240 0006240
0011029 0006240
0011226 0006240
0012251 0006240
0008033 0007153
0008127 0007153
0008227 0007153
0008252 0007153
0009038 0007153
0009061 0007153
0009189 0007153
0009213 0007153
0009246 0007153
0010016 0007153
0010060 0007153
0010240 0007153
0011029 0007153
0011226 0007153
0012251 0007153
0008033 0007235
0008127 0007235
0009038 0007235
0009252 0007235
0008127 0008033
0008227 0008033
0008252 0008033
0009038 0008033
0009061 0008033
0009189 0008033
0009252 0008033
0010016 0008033
0010060 0008033
0010240 0008033
0011029 0008033
0011226 0008033
0012251 0008033
0008101 0008053
0008127 0008053
0008227 0008053
0009038 0008053
0009105 0008053
0009213 0008053
0009246 0008053
0010016 0008053
0010240 0008053
0011226 0008053
0012251 0008053
0008127 0008101
0008227 0008101
0008252 0008101
0009038 0008101
0009105 0008101
0009213 0008101
0009246 0008101
0010016 0008101
0010240 0008101
0011226 0008101
0012251 0008101
0008227 0008127
0009038 0008127
0009105 0008127
0009189 0008127
0009213 0008127
0009252 0008127
0010016 0008127
0010060 0008127
0011029 0008127
0011226 0008127
0009105 0008227
0009213 0008227
0009246 0008227
0010016 0008227
0011226 0008227
0012251 0008227
0009038 0008252
0009105 0008252
0009189 0008252
0009246 0008252
0010016 0008252
0010240 0008252
0011029 0008252
0011226 0008252
0012251 0008252
0009061 0009038
0009189 0009038
0009213 0009038
0010016 0009038
0010060 0009038
0010240 0009038
0011029 0009038
0012251 0009038
0010240 0009061
0012251 0009061
0009246 0009105
0010240 0009105
0011226 0009105
0012251 0009105
0011029 0009189
0010016 0009213
0010240 0009246
0011029 0009246
0011226 0009246
0012251 0009246
0010060 0010016
0011029 0010016
0010240 0010060
0011029 0010060
0012251 0010060
0011029 0010240
0012251 0010240
0012251 0011226
1:
0002161 9906064
0002190 9906064
0003054 9906064
0005016 9906064
0009199 9906064
0005217 9906064
0006059 9906064
0006215 9906064
0008041 9906064
0008054 9906064
0008128 9906064
0009022 9906064
0011111 9906064
0011245 9906064
0012049 9906064
0002161 0002190
0003054 0002161
0005016 0002161
0009199 0002161
0005217 0002161
0006059 0002161
0006215 0002161
0008041 0002161
0008054 0002161
0008128 0002161
0009022 0002161
0011245 0002161
0003054 0002190
0005016 0002190
0009199 0002190
0005217 0002190
0006059 0002190
0006215 0002190
0008041 0002190
0008054 0002190
0008128 0002190
0009022 0002190
0011111 0002190
0011245 0002190
0012049 0002190
0005016 0003054
0005217 0003054
0006059 0003054
0006215 0003054
0008041 0003054
0008054 0003054
0009022 0003054
0011245 0003054
0012049 0003054
0005217 0005016
0006059 0005016
0006215 0005016
0008041 0005016
0008054 0005016
0008128 0005016
0009022 0005016
0011111 0005016
0011245 0005016
0012049 0005016
0009199 0005217
0009199 0006059
0009199 0006215
0009199 0008041
0009199 0008054
0009199 0008128
0009199 0009022
0011111 0009199
0011245 0009199
0012049 0009199
0006059 0005217
0006215 0005217
0008041 0005217
0008054 0005217
0008128 0005217
0009022 0005217
0011111 0005217
0011245 0005217
0012049 0005217
0006215 0006059
0008041 0006059
0008054 0006059
0008128 0006059
0009022 0006059
0011111 0006059
0011245 0006059
0012049 0006059
0008041 0006215
0008054 0006215
0008128 0006215
0009022 0006215
0011245 0006215
0012049 0006215
0008054 0008041
0008128 0008041
0009022 0008041
0011111 0008041
0011245 0008041
0012049 0008041
0008128 0008054
0009022 0008054
0011111 0008054
0011245 0008054
0012049 0008054
0009022 0008128
0011111 0008128
0011245 0008128
0012049 0008128
0011111 0009022
0011245 0009022
0012049 0009022
0011245 0011111
0012049 0011111
0012049 0011245
2:
0002161 0002072
0002190 0002072
0003054 0002072
0005016 0002072
0009199 0002072
0004057 0002072
0005217 0002072
0006059 0002072
0006215 0002072
0008041 0002072
0008054 0002072
0008128 0002072
0009022 0002072
0002161 0002190
0003054 0002161
0005016 0002161
0009199 0002161
0004057 0002161
0005217 0002161
0006059 0002161
0006215 0002161
0008041 0002161
0008054 0002161
0008128 0002161
0009022 0002161
0003054 0002190
0005016 0002190
0009199 0002190
0004057 0002190
0005217 0002190
0006059 0002190
0006215 0002190
0008041 0002190
0008054 0002190
0008128 0002190
0009022 0002190
0005016 0003054
0004057 0003054
0005217 0003054
0006059 0003054
0006215 0003054
0008041 0003054
0008054 0003054
0009022 0003054
0005016 0004057
0005217 0005016
0006059 0005016
0006215 0005016
0008041 0005016
0008054 0005016
0008128 0005016
0009022 0005016
0009199 0004057
0009199 0005217
0009199 0006059
0009199 0006215
0009199 0008041
0009199 0008054
0009199 0008128
0009199 0009022
0005217 0004057
0006059 0004057
0006215 0004057
0008041 0004057
0008054 0004057
0008128 0004057
0009022 0004057
0006059 0005217
0006215 0005217
0008041 0005217
0008054 0005217
0008128 0005217
0009022 0005217
0006215 0006059
0008041 0006059
0008054 0006059
0008128 0006059
0009022 0006059
0008041 0006215
0008054 0006215
0008128 0006215
0009022 0006215
0008054 0008041
0008128 0008041
0009022 0008041
0008128 0008054
0009022 0008054
0009022 0008128
3:
0002161 0002072
0002190 0002072
0003020 0002072
0003045 0002072
0003054 0002072
0005016 0002072
0004057 0002072
0005217 0002072
0006059 0002072
0006215 0002072
0008041 0002072
0002161 0002190
0003020 0002161
0003045 0002161
0003054 0002161
0005016 0002161
0004057 0002161
0005217 0002161
0006059 0002161
0006215 0002161
0008041 0002161
0003020 0002190
0003045 0002190
0003054 0002190
0005016 0002190
0004057 0002190
0005217 0002190
0006059 0002190
0006215 0002190
0008041 0002190
0003045 0003020
0003054 0003020
0005016 0003020
0004057 0003020
0005217 0003020
0006059 0003020
0006215 0003020
0008041 0003020
0003054 0003045
0005016 0003045
0004057 0003045
0005217 0003045
0006059 0003045
0006215 0003045
0008041 0003045
0005016 0003054
0004057 0003054
0005217 0003054
0006059 0003054
0006215 0003054
0008041 0003054
0005016 0004057
0005217 0005016
0006059 0005016
0006215 0005016
0008041 0005016
0005217 0004057
0006059 0004057
0006215 0004057
0008041 0004057
0006059 0005217
0006215 0005217
0008041 0005217
0006215 0006059
0008041 0006059
0008041 0006215
4:
0005015 0005129
0005040 0005015
0005046 0005015
0005048 0005015
0005073 0005015
0006062 0005015
0006225 0005015
0006085 0005015
0006236 0005015
0007106 0005015
0007147 0005015
0007168 0005015
0007215 0005015
0008119 0005015
0005129 0005040
0005129 0005046
0005129 0005048
0005129 0005073
0006023 0005129
0006062 0005129
0006225 0005129
0006085 0005129
0006236 0005129
0006202 0005129
0007089 0005129
0007106 0005129
0007147 0005129
0007168 0005129
0007215 0005129
0008119 0005129
0008213 0005129
0009141 0005129
0009182 0005129
0005073 0005040
0006023 0005040
0006062 0005040
0006225 0005040
0006085 0005040
0006236 0005040
0006202 0005040
0007089 0005040
0007106 0005040
0007147 0005040
0007168 0005040
0007215 0005040
0008119 0005040
0008213 0005040
0009141 0005040
0009182 0005040
0005073 0005046
0006023 0005046
0006062 0005046
0006225 0005046
0006085 0005046
0006236 0005046
0007089 0005046
0007106 0005046
0007147 0005046
0007168 0005046
0007215 0005046
0008119 0005046
0008213 0005046
0009182 0005046
0005073 0005048
0006023 0005048
0006062 0005048
0006225 0005048
0006085 0005048
0006236 0005048
0006202 0005048
0007089 0005048
0007106 0005048
0007147 0005048
0007168 0005048
0007215 0005048
0008119 0005048
0008213 0005048
0009141 0005048
0009182 0005048
0006062 0005073
0006225 0005073
0006085 0005073
0006236 0005073
0007089 0005073
0007106 0005073
0007147 0005073
0007168 0005073
0007215 0005073
0008119 0005073
0008213 0005073
0009141 0005073
0009182 0005073
0006062 0006023
0006225 0006023
0006085 0006023
0006202 0006023
0007089 0006023
0007106 0006023
0007147 0006023
0007168 0006023
0007215 0006023
0008119 0006023
0008213 0006023
0009141 0006023
0009182 0006023
0006062 0006225
0006085 0006062
0006236 0006062
0006202 0006062
0007089 0006062
0007106 0006062
0007147 0006062
0007168 0006062
0007215 0006062
0008119 0006062
0008213 0006062
0009141 0006062
0009182 0006062
0006225 0006085
0006225 0006202
0007089 0006225
0007106 0006225
0007147 0006225
0007168 0006225
0007215 0006225
0008119 0006225
0008213 0006225
0009141 0006225
0009182 0006225
0006236 0006085
0007089 0006085
0007106 0006085
0007147 0006085
0007168 0006085
0007215 0006085
0008119 0006085
0008213 0006085
0009141 0006085
0009182 0006085
0007106 0006236
0007147 0006236
0007168 0006236
0007215 0006236
0008119 0006236
0007089 0006202
0007106 0006202
0007147 0006202
0007168 0006202
0007215 0006202
0008119 0006202
0008213 0006202
0009141 0006202
0009182 0006202
0007106 0007089
0007147 0007089
0007168 0007089
0007215 0007089
0008119 0007089
0008213 0007089
0009141 0007089
0009182 0007089
0007147 0007106
0007168 0007106
0007215 0007106
0008119 0007106
0008213 0007106
0009141 0007106
0009182 0007106
0007168 0007147
0007215 0007147
0008119 0007147
0008213 0007147
0009141 0007147
0009182 0007147
0007215 0007168
0008119 0007168
0008213 0007168
0009141 0007168
0009182 0007168
0008119 0007215
0008213 0007215
0009141 0007215
0009182 0008213
5:
0002067 9908142
0002186 9908142
0003145 9908142
0003180 9908142
0003215 9908142
0004013 9908142
0004080 9908142
0004183 9908142
0008002 9908142
0011019 9908142
0011119 9908142
0002067 9912072
0002186 9912072
0003145 9912072
0003180 9912072
0003215 9912072
0004013 9912072
0004080 9912072
0004183 9912072
0008002 9912072
0011019 9912072
0011119 9912072
0002186 0002067
0003145 0002067
0003180 0002067
0003215 0002067
0004013 0002067
0004080 0002067
0004183 0002067
0008002 0002067
0011019 0002067
0011119 0002067
0003145 0002186
0003180 0002186
0003215 0002186
0004013 0002186
0004080 0002186
0004183 0002186
0008002 0002186
0011019 0002186
0011119 0002186
0003180 0003145
0003215 0003145
0004013 0003145
0004080 0003145
0004183 0003145
0008002 0003145
0011019 0003145
0011119 0003145
0003215 0003180
0004013 0003180
0004080 0003180
0004183 0003180
0008002 0003180
0011019 0003180
0011119 0003180
0004013 0003215
0004080 0003215
0004183 0003215
0008002 0003215
0011019 0003215
0011119 0003215
0004080 0004013
0004183 0004013
0008002 0004013
0011019 0004013
0011119 0004013
0004183 0004080
0008002 0004080
0011019 0004080
0011119 0004080
0008002 0004183
0011019 0004183
0011119 0004183
0011019 0008002
0011119 0008002
0011119 0011019
