# The directed communities at k=12
# from /Users/bogna/dev/role-mining/datasets/hepth/timeslots/cit-HepTh-2000.edges
# at no lower link weight threshold,
# and at no upper link weight threshold.
# Links were treated as directed.
# No time limit was set for the clique search.

0: 9902105 9911116 9912249 9805019 0001084 9503099 0001201 0002117 0002211 0002237 0003031 0003101 0003220 0004015 0005031 0005036 0005085 0006071 0006240 0007153 0007235 0008033 0008053 0008101 0008127 0008227 0008252 0009038 0009061 0009105 0009189 0009213 0009246 0009252 0010016 0010060 0010240 0011029 0011226 0012251 
1: 9906064 0002161 0002190 0003054 0005016 0009199 0005217 0006059 0006215 0008041 0008054 0008128 0009022 0011111 0011245 0012049 
2: 0002072 0002161 0002190 0003054 0005016 0009199 0004057 0005217 0006059 0006215 0008041 0008054 0008128 0009022 
3: 0002072 0002161 0002190 0003020 0003045 0003054 0005016 0004057 0005217 0006059 0006215 0008041 
4: 0005015 0005129 0005040 0005046 0005048 0005073 0006023 0006062 0006225 0006085 0006236 0006202 0007089 0007106 0007147 0007168 0007215 0008119 0008213 0009141 0009182 
5: 9908142 9912072 0002067 0002186 0003145 0003180 0003215 0004013 0004080 0004183 0008002 0011019 0011119 
