# The links inside the directed communities at k=5
# from /Users/bogna/dev/role-mining/datasets/enron/timeslots/08.edges
# at no lower link weight threshold,
# and at no upper link weight threshold.
# Links were treated as directed.
# No time limit was set for the clique search.

0:
107 65
107 73
109 107
51 107
54 107
92 107
127 107
151 107
23 107
129 107
65 51
65 54
127 65
151 65
23 65
65 74
129 65
73 51
73 54
73 151
73 23
109 122
109 36
109 51
109 54
109 92
127 109
129 109
54 122
122 123
127 122
129 122
36 54
36 123
127 36
151 36
129 36
51 54
51 92
51 127
51 151
51 23
51 66
51 69
51 74
129 51
54 123
127 54
151 54
23 54
66 54
54 129
127 92
129 92
127 123
151 123
66 123
129 123
127 151
127 23
127 66
127 69
127 74
129 127
151 66
151 74
23 69
129 23
66 129
129 69
129 74
1:
65 48
65 6
65 13
65 50
65 67
65 9
6 48
13 48
50 48
67 48
6 13
6 50
6 67
6 9
13 50
13 67
13 9
50 67
50 9
67 9
2:
29 20
20 137
20 141
20 19
20 70
20 28
20 2
137 29
29 141
29 19
29 70
29 2
137 141
137 19
19 141
141 70
28 141
2 141
19 70
19 28
2 19
28 70
2 70
28 2
