# The contained directed cliques in the directed communities at k=5
# from /Users/bogna/dev/role-mining/datasets/hepth/timeslots/cit-HepTh-1998.edges
# at no lower link weight threshold,
# and at no upper link weight threshold.
# Links were treated as directed.
# No time limit was set for the clique search.

0: 781 782 
1: 794 1253 1254 1768 
2: 846 847 1896 2332 2337 2343 3328 3818 3825 4364 4991 1895 1310 2331 2335 2341 2789 3327 3817 3823 4362 4989 2329 2330 2786 3325 3821 3824 4360 4363 4987 4990 2333 2339 2787 2788 3326 3815 3822 4361 4988 2334 2336 2338 2340 3816 2344 3826 4365 4992 2342 
3: 1001 1002 2076 2078 2080 2077 2079 2081 
4: 1025 
5: 1035 1036 1346 2095 2498 2604 3051 3060 3063 3585 4066 4156 5176 5354 5627 5688 6142 7032 12003 5352 
6: 1053 3073 11009 11012 3074 11006 11011 
7: 1181 
8: 1187 3428 3937 
9: 1209 9271 9274 11583 11622 11642 7364 8119 8268 8676 9267 9269 9272 9273 9275 9277 9278 9279 11621 11623 11624 11633 11636 11638 11641 11644 11646 13331 15088 6711 6798 7358 7359 7361 7363 7365 7396 7397 8103 8106 8111 8113 8115 8117 8120 10351 10353 11603 12617 13327 13329 13349 13733 13735 13752 13754 14576 18081 18205 20699 20700 20733 20734 20744 20745 3722 6712 7360 7362 10354 13330 13736 14341 3721 3723 3726 3725 10255 3727 10257 10260 10261 10262 10263 7832 7833 3673 10355 13256 14783 14828 16381 16382 16615 17134 17135 19212 19248 19280 20279 20677 21284 22037 22038 23695 23696 23697 23698 3671 3674 3668 3672 6804 6805 6806 3669 6796 6797 6799 6807 8105 9208 4799 8107 8108 9210 4801 4802 4803 4800 7408 7409 8112 8114 8116 8118 10360 10363 12628 13344 13347 13741 13744 13762 13764 14578 14579 14580 15130 15131 16863 17449 18080 18083 18243 20701 20702 20704 20705 20706 20707 20737 20738 20740 20741 20742 20743 8109 8110 8279 10362 10364 12432 13336 13337 13340 13346 13348 13353 13354 13355 13356 13357 13358 13737 13738 13739 13740 13742 13743 13745 13746 13747 13748 14237 14259 2758 7265 7401 7402 7414 8101 8102 8269 11592 11601 12431 12434 12614 13732 13734 14236 14244 14245 14252 14575 15128 16433 16435 6666 6668 7266 7267 7268 7270 7271 7272 7273 7398 7403 7413 10352 11593 11598 11602 11604 12433 12436 12438 12601 12602 12603 12606 12611 12612 12613 12615 12616 12618 12619 12620 12622 12629 12630 13328 13753 13755 18097 6667 6669 6670 6671 6672 6673 6677 6678 6679 6680 6681 6682 6684 6686 12167 12172 12599 12600 6683 6685 12184 12190 12607 12631 6674 6676 7407 7773 7779 8662 8666 8667 8668 8670 8680 8742 8747 9188 9189 10358 11594 11595 11639 12437 12442 12443 12444 12474 12608 12609 12610 12621 12623 12625 12626 12627 12632 12633 13283 13289 13290 13291 13292 13293 13294 13295 13296 13341 13758 13759 14585 14652 14671 16440 16441 16442 16443 16444 16446 16447 18159 18810 18811 18815 18816 18822 18823 19115 19116 19117 19448 19458 19469 19472 19668 19671 19677 19680 20722 20723 20877 20880 20997 20998 21000 21001 21003 21005 21006 21493 21494 21496 21497 21499 21502 21503 21838 21840 21842 21845 22237 22238 22240 22241 22242 22244 22247 22248 22393 22394 22396 22398 22399 22401 22403 22404 22790 22792 22793 22795 22798 22881 22883 22885 22887 22889 23012 23013 23015 23017 23018 23020 23022 23024 23102 23103 23105 23107 23108 23110 23112 23113 23730 23849 23857 23868 23870 6675 7689 12451 12470 16434 19113 19114 20715 20925 20926 20928 20929 20931 21395 21396 21398 21399 21401 21766 21768 21770 22133 22134 22136 22137 22138 22140 22317 22318 22320 22322 22323 22325 22714 22716 22717 22719 22833 22835 22837 22839 22931 22932 22934 22936 22937 22939 23066 23067 23069 23071 23072 23074 6687 7690 7691 7692 7697 7698 7681 7682 7685 7686 7699 7700 7702 8663 8665 8675 8678 11579 11580 11582 11591 11597 11599 11628 12439 12440 12441 12445 12448 12450 12454 12455 12456 12459 12461 12462 12583 12585 12714 13282 13284 13287 13749 13761 13763 14581 14583 14587 14779 14782 16448 18084 18086 18098 18824 18825 18873 18874 20053 20055 20056 20058 20160 20162 20163 20165 20324 20326 20327 20329 20451 20453 20454 20456 20522 20524 20526 20687 20713 20716 20724 20730 20864 20881 20895 20916 20917 20934 20935 20937 20938 20940 21009 21010 21045 21046 21093 21094 21096 21097 21099 21146 21147 21205 21206 21375 21379 21386 21387 21403 21404 21406 21407 21409 21505 21506 21545 21546 21620 21631 21632 21634 21635 21637 21683 21684 21753 21755 21760 21771 21773 21775 21846 21922 22111 22123 22124 22142 22143 22145 22146 22147 22149 22250 22251 22304 22308 22315 22316 22326 22327 22405 22406 22430 22431 22519 22520 22522 22523 22524 22526 22567 22568 22585 22594 22595 22639 22640 22701 22707 22720 22722 22723 22725 22799 22827 22829 22832 22840 22890 22920 22921 22942 22943 22945 22947 22948 22950 23026 23027 23064 23065 23075 23076 23114 23115 23129 23130 23162 23163 23165 23167 23168 23170 23221 23222 23262 23263 23285 23286 23505 23511 23585 23844 23846 23850 23854 23858 23861 23930 23959 24058 24072 8664 8674 8677 10350 13325 18198 18199 19866 19871 19941 19946 19948 19956 19959 19960 20686 20689 21195 21196 21200 21201 21202 21203 21204 21230 21231 21894 21915 21919 21920 21921 21925 21943 21972 22006 23327 23328 23503 23504 23507 23509 23510 23513 23519 23522 23529 23586 23703 23710 23716 23924 23927 23928 23929 23943 23955 23956 23957 23958 23964 24054 24055 24056 24057 24061 24066 24069 24070 24071 24081 5823 7395 7399 7400 7411 8660 8671 8672 8679 8682 8685 8687 8690 8736 9172 11584 11605 12435 12446 13750 14582 14660 17958 19851 23606 1684 5822 5824 5825 5826 7771 7776 8737 8738 8739 8740 8741 8745 8746 8748 8749 8759 9173 14635 14649 14662 14663 16095 16608 16757 16868 17940 17959 17960 19191 19226 19287 19302 20927 20930 21108 21109 21306 21397 21400 21712 21767 21769 22056 22135 22139 22319 22321 22324 22669 22715 22718 22834 22836 22838 22933 22935 22938 23068 23070 23073 23146 23179 23180 23181 23266 23267 23268 23736 24255 1685 7410 10359 10361 11637 11645 12591 12592 12593 13343 13345 13765 14586 14673 14674 16618 16765 19838 7404 7412 7415 7416 7737 7775 7781 8743 8750 8772 8773 9191 9194 11630 11634 11771 12192 12449 12588 12594 12595 12597 13350 14257 14266 14342 14352 14584 14588 14641 14653 14668 14677 14791 15132 16439 16766 16872 18079 18087 18088 18089 18090 18163 18247 18248 18261 18282 18678 18679 18826 18827 18828 18829 18830 19144 19169 19203 19214 19238 19250 19271 19283 19284 19306 19307 20004 20005 20006 20085 20086 20087 20088 20089 20090 20091 20205 20206 20207 20253 20254 20255 20256 20283 20284 20285 20286 20368 20369 20370 20371 20372 20373 20374 20565 20566 20567 20568 20569 20570 20638 20639 20640 20691 20725 20726 20813 20882 20883 20884 21011 21012 21013 21014 21015 21172 21173 21237 21238 21239 21240 21241 21286 21288 21331 21507 21508 21509 21510 21511 21728 21847 21848 21849 21850 21907 21948 21949 21950 21987 22082 22252 22253 22254 22255 22256 22257 22683 22800 22801 22802 22803 22804 23028 23029 23030 23031 23032 23033 23034 23151 23255 23256 23257 23356 23358 23413 23414 23508 23514 23527 23595 23597 23604 23708 23713 23714 23719 23869 23948 23949 23950 23968 23994 23995 23996 24009 24010 24052 24064 24084 24085 24086 24190 6850 14657 16865 17952 6851 9178 12174 12587 17945 6744 7772 7778 9164 9165 9170 9174 9175 9176 9177 9179 9180 9193 9195 9196 12173 12175 12180 12586 14650 16760 17465 17835 17948 17949 18085 18148 18206 24038 6733 6734 6735 6742 6743 6745 6746 6747 6748 6749 6750 13297 13298 6736 6737 6738 6739 6740 8624 8625 9205 9853 9854 9863 12198 12199 12200 12204 12205 12208 12209 12210 12211 12212 12218 6741 6752 8626 8627 9206 9873 9874 9883 12201 12202 12203 12206 12207 12213 12214 12215 12216 12217 12220 13299 6753 6754 6755 7792 14794 18384 18392 18394 18396 18398 18400 18504 18505 18508 19440 19442 19444 19445 19446 19447 19449 19452 19459 19465 19468 19470 19473 19479 19577 19595 19612 19669 19678 19844 19858 19868 19891 19920 19943 22084 22211 22212 22224 22258 22259 22260 22261 22262 22771 22780 22805 22806 22807 22985 22986 22997 23035 23036 23037 23038 23039 23258 23259 23260 23416 23506 23538 23847 23848 23933 23938 23951 23952 24019 24020 24027 24075 24078 24189 24191 8645 8647 8654 8669 8684 9871 9872 9876 11478 11495 11496 11635 11640 11648 12221 12457 13300 13301 13311 14298 14300 14378 14380 14381 15706 15707 15715 15716 16451 18533 18535 18537 18539 18541 18547 18549 18551 18558 18560 18562 18564 18576 18578 18582 18714 18715 18716 18717 18718 18719 18720 18770 18786 18787 18802 18817 18820 18831 18832 18833 18834 18835 18836 18837 18880 18883 19076 19077 19102 19103 19105 19324 19333 19334 19335 19338 19340 19341 19342 19343 19347 19362 19379 19496 19519 19528 19589 19590 19594 19608 19609 19610 19611 19697 19706 19853 19870 19881 19908 19945 20692 20727 20815 21016 21017 21018 21174 21175 21242 21243 21333 21365 21366 21368 21500 21512 21513 21514 21515 21552 21690 21743 21744 21746 21843 21851 21852 21853 21881 21885 21933 21934 21940 21946 21951 21952 22010 22011 22013 22014 22015 22022 22039 22040 22041 22058 22061 22077 22079 22080 22081 22091 22095 22099 22101 22102 22104 22169 22179 22195 22209 22219 22220 22221 22222 22231 22232 22233 22234 22235 22245 22246 22263 22408 22409 22410 22503 22506 22507 22558 22575 22577 22578 22579 22582 22656 22657 22658 22670 22682 22687 22690 22692 22693 22695 22735 22743 22756 22769 22777 22778 22779 22786 22787 22788 22789 22796 22797 22808 22892 22893 22910 22913 22992 22993 22995 23005 23006 23007 23008 23010 23021 23116 23117 23118 23147 23148 23149 23150 23230 23231 23233 23239 23240 23241 23242 23246 23247 23248 23252 23253 23254 23302 23303 23329 23332 23346 23347 23348 23349 23350 23352 23354 23355 23375 23383 23384 23385 23395 23398 23405 23406 23407 23409 23410 23411 23412 23535 23536 23537 23543 23654 23656 23660 23662 23720 23811 23812 23815 23816 23936 23937 23941 23942 23946 23947 23969 24013 24014 24015 24016 24017 24018 24024 24026 4248 4250 8558 8560 8562 8628 8629 8630 8631 8632 8633 8634 8635 8636 8637 8638 8639 8640 8641 8642 8643 8644 8646 8648 8649 8650 8651 8652 8653 8655 9849 9850 9851 9852 9855 9856 9857 9858 9859 9860 9861 9864 9865 9866 9867 9868 9869 9870 9875 9877 9878 9879 9880 9881 9882 9884 9885 9886 9887 9888 11470 11471 11472 11473 11474 11475 11476 11477 11479 11481 11483 11484 11486 11487 11488 11491 11494 11731 11734 11735 11738 11739 11740 11741 11743 11744 11751 11752 11753 11754 12222 13195 13196 13197 13199 13200 13201 13202 13203 13204 13205 13206 13207 13208 13210 13211 13212 13213 13214 13216 13217 13302 13303 13304 13305 13306 13308 13310 13602 13603 13604 13605 13607 13608 13610 13611 13612 13618 13624 13627 14110 14111 14112 14114 14116 14119 14120 14122 14128 14132 14139 14146 14148 14149 14150 14156 14163 14168 14169 14279 14280 14293 14294 14295 14299 14301 14372 14373 14374 14376 14377 14379 14382 14383 14384 15017 15022 16411 16530 16930 16931 17389 17390 17391 18470 18471 18472 18473 18474 18475 18479 18480 18481 18482 19083 19084 19101 19104 19106 19383 19394 19424 19438 19907 19944 21697 21698 21699 21727 21902 21903 21904 21906 22667 22668 22677 22679 22681 22684 22685 22688 22691 22694 22733 22740 22754 22772 22773 22774 22775 22776 22781 22782 22783 22784 22785 22791 22794 23321 23322 23323 23324 23351 23357 23728 23805 23985 23990 24076 24077 24079 24080 24082 24083 4245 4249 15018 17114 17125 18390 18391 18399 18401 18428 18430 18432 18446 18447 18449 18476 18477 18483 18531 18532 18540 18542 18546 18552 19388 19924 19925 19937 19949 19950 19951 20499 20500 20561 20562 20563 20564 20635 20636 20637 21726 21745 21829 21830 21831 21832 21833 21834 21835 21836 21837 21905 21937 21938 21939 21941 21942 22822 22874 22875 22876 22877 22878 22879 22880 23637 23657 24022 24060 4246 8557 8559 9862 11469 11480 11730 11732 11745 13307 13606 13609 14109 14113 14115 14117 14118 14123 14124 14145 14147 4247 17120 4251 8829 8830 8832 8850 9780 9781 9790 9791 10366 10367 10381 10382 10383 10384 10393 10845 11720 11723 12739 12743 12745 12756 12758 13542 13543 13544 13545 13702 13704 13706 13707 14921 14923 14924 14930 15937 15939 15957 15958 15960 15975 15977 17091 17094 17096 17097 17098 17099 17106 17111 17182 17183 18039 18040 8858 9785 9786 9799 9800 10372 10373 10390 10391 10392 10846 12752 14922 14925 14926 14931 15941 15943 15974 17104 17105 17110 17184 17186 18041 18042 18951 18952 8318 8851 8852 8857 8859 8860 12238 12239 19439 8306 8309 8313 8315 8317 8320 8845 8846 8856 10387 17083 5305 5306 8303 8304 8305 8307 8308 8310 8314 9090 9091 9788 9794 10379 10380 10386 10388 10389 13694 13695 13715 13717 15968 16324 16325 16326 16327 16328 16888 16889 17080 17081 17082 17084 17085 17086 17087 17090 17092 19429 19431 19432 19433 23685 23686 3194 4795 5302 5303 5304 5307 5308 5310 7119 8841 8843 8844 10180 10326 10327 10780 13690 13691 13692 16115 16116 16117 16119 16322 16323 16330 16331 16332 16333 16886 17055 17100 23681 3190 3195 3196 7121 8842 10181 3191 3192 4784 3193 3197 4789 5311 5309 4785 4788 4783 4787 10336 10781 4786 10329 13693 14627 14628 14629 14645 14630 14631 14646 5414 10940 11060 11061 13528 13547 13548 13549 13551 13703 14632 14633 14634 14637 14640 14642 14647 14648 14654 14676 14912 14932 14933 14944 15976 16560 16564 16565 17067 17072 17116 17974 18047 18049 18927 18928 23829 5409 5410 10929 12224 13701 14911 14942 18046 18036 18048 5836 5837 8827 9219 9459 10368 10385 10842 10843 11725 13557 13559 13560 13716 14928 14929 14939 15455 17063 17095 17193 17246 18037 10844 9460 10375 13686 15935 16899 17178 17191 18948 23691 9457 15244 18930 18932 15238 15243 15245 15217 15235 18926 18929 18931 16669 16670 16671 16672 16665 16900 17101 17102 17103 17107 9917 9924 10599 12069 12081 12142 12144 12410 12414 12415 12416 16666 16667 16668 17056 17057 17061 17065 17066 17069 5878 9918 9922 9925 9929 9916 17790 17791 17792 17801 17979 17980 17981 15801 17982 15796 15802 15803 7111 15797 15798 15799 16122 16123 16124 16125 7108 7112 7113 7114 7115 7116 7117 16895 17987 7109 7110 7118 7122 10779 13712 7123 13710 13711 13713 10736 10735 10778 12229 13696 13700 13714 13718 13719 13720 13721 16120 16334 23682 12230 13689 13697 13698 4793 6697 10937 10938 10939 12231 12232 12234 4791 4797 6696 8849 3706 6692 3704 3707 3708 3709 6694 3705 3710 9793 10936 12233 13722 5392 9783 9784 9798 10369 15965 17190 17195 17196 5389 10370 10374 7857 10376 3254 7852 7855 7856 7860 7861 7862 7850 7851 7859 7849 7854 8833 7853 9243 9248 11676 11724 9240 9241 9242 11099 11674 6224 6225 7300 7301 7304 7305 7308 9244 9245 9246 9249 10269 10270 10272 10275 10278 11096 11101 11102 11103 11650 11653 11654 11656 11657 11658 11669 11670 11671 11672 11673 11675 11679 11718 6226 6227 7303 10273 10279 10284 11652 10288 10289 12659 12660 4898 4905 10276 10280 10282 10285 10286 10287 11719 11726 12656 12658 12760 12761 13681 4897 4899 4900 4901 4902 4904 4907 10281 10290 4903 4906 11721 13677 13679 13680 2249 9253 13683 14975 15341 2247 2248 14974 17279 11665 15339 17277 17280 23833 24157 5327 11619 11660 11661 11664 11666 11667 12046 12156 14271 14272 16928 17278 17348 5326 5328 5329 6705 9166 9167 11772 11775 11777 11779 12045 12048 12155 12157 12159 12160 12161 12162 12668 12670 12696 13830 14141 14273 14750 14757 15394 15994 16541 16718 16854 17145 17346 17349 17350 17351 17473 17483 19099 23826 23982 23983 23988 12047 12152 12158 16540 16730 19120 8755 10258 10264 12043 12049 12153 16542 16731 19123 3696 8751 8752 8753 8756 8766 8771 8774 8775 8826 12187 12189 12635 14353 16501 16505 16517 16518 16519 3694 3695 8760 8763 8764 7777 12169 12170 13725 14351 14661 23837 23839 7780 7786 13326 7774 7790 8681 12186 13342 13728 14672 19118 23838 23840 7791 12188 16445 16450 7785 7794 12263 14552 16830 16845 16848 16858 7782 7783 7784 8168 8173 8174 8179 8180 8182 9202 9812 9820 10974 11746 11755 11756 11757 12244 12249 12664 12665 12666 12667 12672 12675 12676 12679 12690 12691 12694 12695 12705 13198 13209 13215 13600 13614 13617 13619 13620 13621 13622 13623 13625 13626 14106 14107 14108 14121 14134 14135 14136 14138 14140 14142 14144 14152 14155 14157 14158 14159 14160 14161 14162 14164 14165 14166 14167 14292 14370 14371 14385 14753 14754 14771 15009 15010 15023 16368 16528 16529 16769 16932 17143 17149 18092 18095 18096 19421 19422 19423 19425 7788 8167 9811 9813 12252 12256 12262 12684 12685 12686 12687 12701 14125 14129 14133 14143 14369 14375 16527 7789 7793 14297 7787 14296 16816 22059 22060 22150 22671 22672 22726 22951 22952 23330 23331 23333 23334 23632 14636 16101 16758 22144 22148 22151 22721 22724 22944 22946 22949 22953 22954 23182 23183 23184 23523 23704 23931 23932 24073 24074 24278 7734 8761 8762 11489 11765 14638 14639 14644 14658 14659 14664 14665 14669 14675 14755 14756 14759 16378 16568 16754 16869 17132 17961 18201 18202 18278 19192 19227 19261 19303 19854 19855 19867 19884 19885 19911 19912 19942 20052 20054 20057 20172 20173 20174 20237 20238 20239 20240 20323 20325 20328 20521 20523 20525 20622 20623 20624 20936 20939 21110 21111 21207 21208 21209 21308 21405 21408 21713 21772 21774 21895 21923 21924 21973 22053 22054 22125 22126 22127 22128 22129 22130 22131 22488 22521 22525 22708 22709 22710 22711 22712 22713 22922 22923 22924 22925 22926 22927 22928 23145 23164 23166 23169 23175 23176 23177 23178 23325 23326 23521 23702 23804 23806 23925 23926 24067 24068 24218 8754 8757 8769 11114 8784 12176 12178 13756 13757 8785 8786 8791 8793 13727 13751 13766 8768 8792 8794 8795 13730 16438 16870 17478 18771 18772 19078 19079 19080 19081 19082 8770 9594 9605 8758 16871 17136 17137 17138 17139 17140 17141 18244 18245 18672 18673 18674 18676 18677 18781 18782 18796 18797 18812 18813 18814 18818 18819 19142 19143 19153 19166 19167 19168 19200 19201 19202 19215 19235 19236 19237 19251 19269 19270 19282 19285 19288 19304 19305 19308 19323 19361 19378 19997 20001 20198 20199 20200 20202 20203 20204 20281 20282 20287 20288 20589 20590 20678 20679 20807 20811 20868 20873 20878 20879 20999 21002 21158 21159 21164 21165 21168 21169 21170 21171 21232 21233 21234 21289 21329 21495 21498 21839 21841 21879 21884 21944 21945 21986 22239 22243 22395 22397 22400 22882 22884 22886 23014 23016 23019 23104 23106 23109 23235 23236 23237 23238 23243 23244 23245 23249 23250 23251 23297 23298 23299 23300 23301 23526 23530 23707 23711 23712 23715 23717 23718 23803 23808 23944 23945 23965 23966 24005 24007 24008 24011 24012 24051 24053 24062 24063 24256 11763 17200 9758 11760 11761 11762 11768 11769 11770 9749 9751 9753 9755 9757 9764 9765 9748 11056 9750 9752 9754 11054 9759 9821 9825 7456 9760 9767 9768 15986 15992 7457 7458 4263 4264 7452 7453 7454 7455 7459 7461 8155 8159 8163 8169 8171 8172 8175 8181 9814 10975 10977 10978 10983 11737 11748 11749 12223 12253 12257 12258 12669 12680 12681 12682 12683 12688 12689 12693 12697 12699 14126 14130 14151 14153 14154 15988 15991 15995 15996 4266 4267 9815 9818 12237 12255 12260 8157 8161 8164 8177 9817 9819 10984 11733 11758 12254 12259 12261 12264 12692 14127 14131 8156 8158 8160 8162 8165 8166 8170 8178 10973 10976 10981 10982 12248 8143 8144 8147 8176 10968 11482 11736 11747 12243 12245 12246 8146 8150 8145 8149 9816 10970 14751 5238 8148 10967 14749 4712 12671 12677 13615 13616 14137 14275 14276 14277 14278 14752 14760 14765 14767 16103 17142 17144 17146 17147 17157 17158 17353 17354 17378 17379 19876 19878 23980 23981 4710 4711 15997 4715 5233 15005 15007 15011 4714 15006 15016 15019 15020 9572 9576 9769 10972 13239 13563 14558 14559 14572 14768 15024 15647 15649 15785 15786 15792 15794 15990 16367 16373 17153 17380 17392 17633 17677 19299 19376 19377 19441 19443 19722 19723 19724 19725 19839 19845 19849 19852 19859 19860 19865 19869 19873 19874 19875 19880 19893 19894 19904 19961 19962 19963 19964 19965 19966 19971 20703 20720 20721 9571 9573 9574 9575 9577 9578 9579 9583 9584 9585 9586 9587 9595 9596 9597 9598 9599 9600 9601 9602 9606 9607 9608 9609 9610 9611 9612 9613 9614 9615 9616 9617 9618 9619 14551 14553 14556 14557 14560 14561 14562 14563 18803 18804 19309 19322 19360 19380 19389 19390 19391 20708 20709 20710 20739 20747 20748 21166 21167 23295 23296 9580 9588 9589 9590 9603 9604 19386 11067 12070 13580 13582 13583 13585 13587 13588 16681 17128 17133 19189 19224 19259 19382 11068 11069 11073 11081 11087 12072 17129 17130 17131 6490 8831 9930 9934 9936 10397 10930 10931 10932 10941 11063 11065 11070 11071 11072 11074 11075 11076 11078 11080 11084 11085 11086 11088 11089 11090 11091 11092 11093 12071 12117 12118 12119 12125 12132 12136 12138 12139 12140 12151 12737 12740 12741 12742 12753 13531 13538 13553 14288 14901 14905 14909 14935 15932 15938 15940 15942 16437 17975 17976 17977 18616 18617 18618 18933 18935 18937 24161 6489 6491 12803 13480 15226 12801 12805 7600 12798 12799 12802 13478 15223 15251 18615 18619 7599 7601 2882 12744 12757 13477 14903 14906 14908 15221 15250 18620 18621 3429 6425 6495 7553 7607 12793 16905 16909 16910 16911 6426 7554 16920 16923 16924 3617 3903 7621 11263 13688 15955 16796 16808 16809 16810 16890 16891 16892 16893 16906 16907 16908 16912 16919 16921 16922 16925 7620 11262 11257 16894 11702 15947 15963 16887 16896 16897 16918 10193 11701 8855 10182 10177 10174 10176 18044 10173 10175 23683 8311 16901 23684 23690 23871 23872 8321 8316 16050 12150 12755 14910 15964 10947 12143 10942 10943 10948 7704 7834 8834 10933 10944 10945 10946 12114 12127 12128 14291 14917 16852 18002 18351 24162 7703 7705 7709 7712 11493 14795 16453 17978 7826 16431 12116 16432 16851 17988 12115 12133 12120 12121 12131 17794 11064 12113 12123 17795 17796 17800 9931 11062 11066 11079 12065 14083 15934 17071 17802 17990 17991 18936 9939 5150 7597 11077 11083 11094 12066 12067 12074 16344 16534 17078 5146 5147 5148 5149 9927 11082 12147 12149 5144 7592 9923 11215 12141 12146 12148 12411 12412 7589 9921 11214 12413 7593 7594 7596 11216 11218 12076 12078 12068 12075 12077 12079 12145 17059 18922 18923 12130 17058 18921 9935 12129 9926 9938 12124 12126 12228 17073 17074 10934 12226 12242 17068 17075 10935 12227 12240 13705 14915 17121 10952 12225 12241 17204 10951 10955 16100 17198 10954 11490 10953 11492 11485 8561 12678 13613 14274 14281 15013 16929 18091 23987 8569 8575 16104 16363 8572 16358 17148 17156 8570 8571 8577 8578 8580 15014 15998 16359 16372 16402 16404 17151 17152 17162 17163 17165 17166 17169 17170 17171 17172 17173 18403 18405 18452 18453 18454 18455 18458 18459 18461 18463 18465 18466 18485 18487 18510 18515 18516 18517 18569 18570 19575 19581 19667 19676 22078 22103 22225 22226 22227 22228 22229 22230 22236 22911 22912 22998 22999 23000 23001 23002 23003 23004 23009 23011 23353 23408 23525 23616 23633 23706 23867 23939 23940 23989 24006 8564 15547 15645 15754 15783 17161 18406 18490 18494 18518 18584 18586 19624 19625 19749 19751 19753 19756 19758 19781 19782 19783 19784 19785 8565 8567 8568 16428 14076 16426 16427 16430 17564 17579 17580 17581 17582 17583 17584 17585 17586 17587 17588 17589 17590 17591 17592 17593 17594 17595 17596 17600 17601 17602 17603 17604 17605 17606 17607 17608 17609 17610 17611 17612 17613 17614 17615 17616 17617 17618 17625 17627 17628 17629 17630 17634 17635 17636 17637 17638 17639 17640 17641 17642 17643 17645 17646 17647 17648 17652 17653 17654 17655 17656 17657 17658 17659 17660 17661 17662 17663 17664 17665 17666 17748 8029 8036 9699 9707 9711 9713 9714 9715 9721 9722 9723 9725 9727 9728 9729 12490 12496 12498 12503 12505 12525 12531 12533 12553 12559 12561 13982 13991 14056 14057 14058 14059 14060 14061 14062 14063 14064 14065 14066 14067 14068 14069 14070 14071 14072 14073 14074 14075 14077 14078 14079 14080 14081 14082 14086 14090 15555 15556 15557 15558 15559 15560 15561 15562 15563 15564 15565 15566 15567 15606 15607 15608 15609 15611 15612 15613 15615 15616 15617 15618 15619 15621 15622 15642 15644 15646 15662 15663 15664 15665 15666 15667 15668 15669 15670 15671 15672 15674 15676 15677 15682 15683 15746 15757 17504 17506 17511 17513 17547 17548 17549 17550 17551 17552 17553 17554 17555 17556 17557 17558 17559 17560 17561 17562 17563 17566 17569 17570 17571 17572 17573 17574 17575 17576 17577 17578 17599 17620 17622 17623 17624 17626 17631 17632 17644 17651 17668 17671 17673 17674 17676 17679 17681 17682 17683 17685 17687 17690 17691 17692 17693 17694 17695 17696 17698 17700 17702 17710 17716 17717 17718 17719 17720 17721 17722 17723 17724 17725 17726 17727 17728 17729 17730 17731 17732 17733 17734 17735 17736 17737 17738 17739 17740 17744 17745 17746 17750 17754 17756 17757 17758 17759 17762 17767 17900 17908 17909 17950 17953 17956 17964 17967 17970 18151 18155 18160 18164 18188 18210 18214 18216 18217 18219 18220 18221 18222 18224 18225 18227 18228 18230 18238 18239 18240 18241 18242 18251 18253 18254 18255 18257 18258 18262 18263 18264 18267 18269 18408 18409 18410 18411 18412 18415 18436 18437 18438 18439 18440 18441 18442 18443 18444 18445 18448 18450 18451 18456 18460 18467 18492 18496 18513 18514 18691 18696 18699 18706 18709 18712 18725 18727 18728 18729 18730 18737 18762 18766 19132 19133 19134 19135 19136 19137 19138 19139 19140 19141 19145 19146 19147 19148 19149 19150 19152 19154 19155 19252 19253 19254 19255 19256 19262 19263 19264 19265 19266 19267 19268 19272 19273 19274 19275 19276 19277 19279 19295 19296 19297 19298 19499 19501 19502 19504 19505 19506 19511 19521 19523 19532 19533 19539 19540 19541 19542 19543 19544 19545 19546 19547 19548 19549 19550 19551 19552 19553 19554 19555 19556 19557 19558 19559 19560 19561 19562 19563 19564 19565 19566 19567 19568 19569 19570 19621 19622 19629 19630 19631 19633 19640 19643 19684 19688 19690 19692 19750 19752 19754 19757 19759 19761 19762 19763 19764 19766 19767 19769 19771 19772 19773 19774 19775 19776 19777 19778 19780 19788 19792 19796 19806 19807 19811 19813 19814 19815 19817 19818 19821 19824 19846 19848 19892 19899 19900 19903 19921 19923 19930 19932 19936 19972 19973 19974 19975 19976 19977 19978 19979 19980 19981 19982 19983 19984 19985 19986 19987 19988 19989 19990 19991 19992 19993 19994 19995 19996 19998 19999 20000 20002 20003 20007 20008 20009 20010 20011 20012 20013 20014 20015 20016 20017 20018 20019 20021 20022 20023 20037 20038 20039 20040 20041 20042 20043 20044 20045 20047 20048 20050 20059 20060 20061 20062 20064 20067 20068 20069 20070 20071 20072 20073 20074 20075 20076 20077 20078 20079 20080 20081 20082 20083 20084 20092 20093 20094 20095 20096 20097 20098 20099 20100 20101 20102 20103 20104 20105 20106 20107 20108 20109 20110 20111 20112 20113 20114 20115 20116 20117 20118 20119 20120 20121 20122 20124 20149 20150 20151 20152 20153 20154 20156 20159 20161 20164 20167 20170 20175 20176 20177 20178 20179 20180 20181 20182 20183 20184 20185 20186 20187 20188 20189 20190 20191 20192 20193 20194 20195 20196 20197 20201 20208 20209 20210 20211 20212 20213 20214 20215 20216 20217 20218 20219 20221 20233 20234 20236 20241 20242 20243 20244 20245 20246 20247 20248 20249 20250 20251 20252 20257 20258 20259 20260 20261 20262 20263 20264 20265 20266 20267 20268 20269 20270 20271 20272 20273 20274 20275 20276 20277 20278 20291 20292 20293 20294 20295 20296 20297 20298 20299 20300 20301 20302 20303 20304 20305 20306 20307 20308 20309 20310 20311 20312 20313 20314 20317 20318 20319 20321 20330 20331 20332 20333 20334 20337 20340 20341 20342 20343 20344 20345 20346 20347 20348 20349 20350 20351 20352 20353 20354 20355 20356 20357 20358 20359 20360 20361 20362 20363 20364 20365 20366 20367 20375 20376 20377 20378 20379 20380 20381 20382 20383 20384 20385 20386 20387 20388 20389 20390 20391 20392 20393 20394 20395 20396 20397 20398 20399 20400 20401 20402 20403 20404 20405 20406 20407 20408 20411 20423 20440 20441 20442 20443 20444 20447 20450 20452 20455 20457 20458 20459 20460 20461 20462 20463 20464 20465 20466 20467 20468 20469 20470 20471 20472 20473 20474 20475 20476 20477 20478 20479 20480 20481 20492 20493 20494 20495 20496 20497 20498 20501 20502 20503 20504 20505 20506 20507 20508 20509 20510 20511 20512 20513 20516 20517 20518 20519 20527 20530 20531 20532 20533 20535 20536 20537 20538 20539 20540 20541 20542 20543 20544 20545 20546 20547 20548 20549 20550 20551 20552 20553 20554 20555 20556 20557 20558 20559 20560 20571 20572 20573 20574 20575 20576 20579 20580 20581 20582 20584 20586 20588 20591 20593 20617 20619 20620 20621 20625 20627 20628 20629 20630 20631 20632 20633 20634 20641 20642 20643 20644 20645 20646 20648 20649 20650 20652 20653 20655 20656 20657 20658 20659 20785 20790 20794 20826 20833 20834 20835 20848 20850 21058 21059 21063 21064 21113 21114 21129 21130 21266 21267 21271 21272 21344 21348 21350 21356 21358 21359 21361 21362 21377 21381 21449 21452 21453 21455 21562 21569 21604 21609 21613 21651 21668 21734 21736 21737 21739 21740 21806 21807 21994 21998 22000 22042 22062 22069 22071 22085 22086 22088 22089 22092 22093 22094 22097 22098 22108 22112 22113 22114 22121 22166 22194 22196 22199 22265 22282 22289 22290 22291 22292 22293 22294 22302 22303 22305 22306 22307 22309 22310 22336 22345 22347 22365 22366 22367 22368 22369 22370 22371 22375 22378 22386 22413 22423 22435 22438 22442 22446 22449 22451 22453 22468 22470 22473 22475 22482 22485 22496 22497 22499 22500 22508 22533 22551 22587 22602 22606 22607 22608 22611 22615 22617 22622 22630 22633 22645 22648 22649 22659 22675 22686 22689 22699 22702 22738 22755 22759 22763 22817 22818 22819 22828 22848 22861 22862 22864 22868 22895 22908 22914 22955 22978 22982 23040 23042 23055 23057 23087 23095 23135 23137 23152 23185 23187 23202 23204 23225 23270 23276 23279 23339 23360 23361 23363 23364 23367 23369 23370 23372 23373 23381 23388 23392 23417 23455 23456 23460 23474 23532 23618 23619 23620 23627 23635 23643 23647 23705 23709 23721 23724 23725 23726 23727 23761 23771 23774 23775 23776 23777 23778 23780 23782 23784 23786 23863 23901 23953 23975 23999 24000 24001 8028 8030 8037 17597 17598 17649 17650 15756 15784 18416 19770 19789 7347 7349 7350 7354 10155 15541 15546 15548 15549 15552 15553 15554 15569 15573 15575 15576 15577 15578 15580 15581 15582 15583 15584 15585 15586 15587 15588 15589 15592 15593 15597 15599 15601 15602 15620 15625 15626 15629 15630 15632 15634 15635 15637 15638 15639 15640 15641 15643 15648 15650 15651 15652 15653 15654 15655 15656 15657 15658 15659 15673 15675 15678 15679 15680 15681 15685 15687 15691 15692 15693 15694 15695 15698 15699 15704 15705 15708 15709 15711 15713 15714 15717 15718 15719 15720 15721 15722 15723 15726 15729 15730 15731 15733 15734 15735 15736 15737 15738 15739 15742 15743 15744 15745 15747 15748 15749 15750 15751 15752 15753 15755 15758 15759 15760 15761 15762 15763 15764 15765 15766 15767 15768 15769 15770 15771 15772 15773 15774 15775 15776 15777 15778 15779 15780 15781 15782 15787 15788 15789 15795 15845 16012 17154 17160 17168 17174 17175 17356 17503 17510 17518 17519 17520 17521 17524 17526 17535 17537 17619 17621 17667 17669 17670 17672 17675 17701 17703 17714 17747 18389 18393 18395 18397 18425 18427 18457 18468 18469 18491 18493 18506 18507 18509 18519 18520 18521 18522 18523 18524 18526 18527 18530 18534 18536 18538 18545 18548 18550 18559 18568 18575 18577 18579 18583 18585 18587 18589 18590 18595 18707 18726 18765 18767 18961 18962 18963 18965 18968 18977 18978 18979 18980 18983 18984 18991 18992 18993 18994 18995 18998 18999 19000 19001 19002 19003 19004 19010 19011 19013 19014 19034 19035 19036 19038 19039 19040 19450 19451 19453 19454 19455 19457 19460 19461 19462 19466 19471 19474 19475 19476 19477 19478 19480 19481 19482 19483 19484 19485 19486 19487 19488 19489 19490 19491 19492 19493 19494 19495 19497 19498 19500 19503 19507 19508 19509 19510 19512 19513 19514 19515 19516 19517 19518 19522 19524 19529 19530 19531 19534 19535 19538 19579 19584 19585 19591 19592 19593 19596 19597 19598 19599 19600 19601 19602 19606 19607 19614 19617 19623 19626 19627 19628 19632 19634 19635 19636 19637 19638 19639 19641 19642 19644 19645 19646 19647 19648 19649 19650 19651 19654 19656 19657 19658 19659 19660 19661 19662 19663 19664 19665 19675 19679 19682 19685 19686 19687 19689 19691 19698 19699 19700 19701 19710 19711 19712 19713 19714 19715 19716 19717 19718 19719 19720 19721 19730 19731 19733 19755 19760 19765 19768 19790 19791 19793 19798 19799 19802 19803 19808 19809 19810 19816 19823 19825 19826 19843 19863 19864 19879 19882 19883 19886 19887 19888 19889 19890 19895 19896 19897 19898 19901 19902 19905 19906 19919 19922 19926 19931 19939 19940 19952 19953 19954 19957 19958 19970 20422 20428 20429 20434 20435 20719 20849 20851 21292 21293 21294 21322 21323 21327 21328 21334 21335 21340 21341 21345 21346 21347 21357 21360 21363 21367 21369 21376 21378 21421 21422 21423 21424 21425 21426 21427 21428 21434 21435 21436 21437 21450 21451 21454 21456 21457 21458 21459 21460 21461 21462 21466 21467 21468 21481 21482 21483 21484 21485 21486 21487 21488 21489 21490 21491 21492 21518 21519 21520 21533 21534 21535 21536 21537 21538 21539 21540 21541 21542 21543 21544 21557 21558 21559 21560 21568 21570 21571 21605 21606 21640 21641 21642 21643 21644 21645 21646 21647 21735 21809 21810 21989 21995 22017 22018 22019 22023 22024 22025 22026 22072 22096 22167 22168 22170 22171 22172 22173 22174 22197 22198 22200 22201 22202 22203 22204 22208 22210 22281 22283 22284 22295 22296 22297 22298 22299 22300 22301 22331 22332 22333 22334 22335 22344 22346 22348 22349 22350 22351 22352 22353 22354 22355 22356 22357 22358 22359 22360 22361 22362 22363 22364 22372 22373 22374 22376 22377 22379 22380 22381 22382 22383 22384 22385 22387 22388 22389 22390 22391 22392 22402 22407 22411 22412 22414 22415 22416 22417 22418 22419 22420 22421 22422 22424 22425 22426 22427 22428 22429 22432 22433 22434 22436 22437 22439 22440 22441 22443 22444 22445 22447 22448 22450 22452 22454 22464 22467 22474 22478 22479 22605 22609 22610 22612 22613 22614 22616 22618 22619 22620 22628 22629 22631 22632 22634 22635 22636 22637 22638 22849 22863 22896 22897 22898 23061 23088 23094 23096 23097 23098 23099 23100 23101 23124 23125 23126 23127 23128 23136 23440 23516 23520 23541 23544 23546 23548 23549 23629 23649 23652 23655 23658 23659 23665 23772 23773 23779 23781 23785 23962 23963 23971 23972 7340 7345 7346 7348 7351 7352 7353 15540 15545 15568 15572 15594 15603 15684 15690 16011 18659 18681 18692 18839 18887 20693 20697 20728 20781 20786 20816 20855 20856 20885 21700 21730 21855 21909 21954 7341 7342 15697 7343 18181 18207 21312 21314 21591 21593 21716 21754 21898 21976 21978 22589 22844 23642 23646 22045 22047 22049 22109 22122 22153 22154 22490 22511 22512 22661 22663 22665 22673 22700 22703 22706 22727 22731 22917 22918 22919 22957 22958 23154 23155 23171 23337 23459 23461 23463 23467 9700 9705 9708 9709 9710 11742 11764 12480 12484 12485 12486 12488 12489 12499 12500 12510 12513 12514 12515 12517 12518 12523 12534 12537 12543 12547 12548 12549 12551 12552 12562 12563 13023 13024 13978 13983 13984 13989 13990 13992 13993 13994 15406 15410 15543 15544 15579 15590 15591 15595 15596 15598 15600 15604 15605 15610 15614 15623 15624 15627 15628 15631 15633 15636 15728 15732 16360 16374 16375 16388 16395 17377 17505 17507 17512 17514 17516 17523 17525 17527 17528 17529 17531 17532 17533 17534 17536 17538 17539 17540 17541 17542 17544 17545 17546 17680 17688 17689 17708 17709 17712 17713 17752 17753 17760 17761 17764 17765 17766 17768 17886 17892 17893 17896 17933 17934 17936 17938 17941 17946 17951 17954 17955 17957 17962 17963 17965 17971 18152 18174 18183 18184 18185 18186 18187 18189 18190 18203 18204 18209 18211 18212 18218 18266 18268 18271 18387 18404 18417 18421 18422 18424 18426 18429 18431 18434 18435 18462 18464 18486 18488 18525 18528 18554 18567 18653 18658 18661 18662 18663 18664 18665 18666 18667 18668 18669 18670 18671 18675 18682 18683 18685 18688 18690 18695 18697 18702 18704 18731 18774 18842 18964 18966 18967 18969 18970 18981 18982 18986 18987 18988 18989 18997 19009 19012 19015 19016 19017 19018 19019 19020 19021 19022 19023 19024 19025 19026 19027 19028 19029 19033 19037 19041 19042 19043 19044 19045 19046 19047 19048 19050 19051 19052 19053 19054 19055 19056 19057 19058 19059 19060 19061 19062 19063 19064 19156 19157 19158 19159 19160 19161 19162 19163 19164 19165 19170 19171 19172 19173 19174 19175 19176 19177 19178 19182 19183 19184 19185 19186 19187 19188 19190 19193 19194 19195 19196 19197 19198 19199 19204 19205 19206 19207 19208 19209 19210 19211 19216 19217 19218 19219 19220 19221 19222 19223 19225 19228 19229 19230 19231 19232 19233 19234 19239 19240 19241 19242 19243 19244 19245 19246 19247 19257 19258 19260 19278 19290 19314 19315 19316 19319 19320 19325 19330 19336 19339 19352 19353 19354 19357 19358 19363 19368 19520 19525 19526 19527 19536 19537 19572 19574 19576 19578 19580 19582 19583 19586 19587 19588 19603 19604 19605 19613 19615 19616 19618 19619 19620 19666 19670 19672 19681 19683 19702 19703 19704 19705 19707 19708 19709 19786 19787 19794 19795 19800 19819 19856 19857 19861 19862 19872 19909 19910 19916 19917 19928 19929 20046 20049 20051 20063 20065 20066 20123 20125 20126 20127 20128 20129 20130 20131 20132 20133 20135 20137 20139 20141 20142 20143 20145 20147 20155 20157 20158 20166 20168 20169 20171 20220 20222 20223 20224 20225 20227 20229 20231 20235 20290 20315 20316 20320 20322 20335 20336 20338 20339 20409 20410 20412 20413 20414 20415 20416 20417 20418 20419 20420 20421 20424 20425 20426 20427 20430 20431 20432 20433 20436 20437 20438 20439 20445 20446 20448 20449 20482 20483 20484 20485 20486 20487 20488 20490 20514 20515 20520 20528 20529 20534 20577 20578 20585 20587 20592 20596 20598 20601 20607 20618 20626 20651 20654 20660 20665 20681 20777 20778 20779 20780 20783 20784 20791 20792 20793 20795 20797 20798 20799 20801 20802 20803 20804 20805 20806 20809 20814 20818 20819 20820 20822 20824 20827 20828 20829 20830 20831 20839 20840 20857 20858 20859 20862 20865 20869 20875 20886 20887 20893 20897 20899 20902 20904 20905 20906 20907 20908 20909 20910 20911 20912 20913 20914 20915 20918 20919 20920 20921 20922 20923 20924 20932 20933 20941 20942 20943 20944 20945 20946 20947 20948 20949 20950 20951 20952 20953 20954 20955 20956 20957 20958 20959 20960 20961 20962 20963 20964 20966 20967 20968 20969 20970 20971 20972 20973 20974 20975 20976 20977 20978 20979 20980 20981 20983 20984 20985 20986 20987 20988 20989 20990 20991 20992 20993 20994 20995 21004 21007 21019 21021 21022 21023 21024 21025 21026 21027 21028 21029 21030 21031 21032 21033 21034 21035 21036 21037 21038 21039 21040 21041 21042 21043 21047 21048 21049 21050 21051 21052 21053 21054 21055 21057 21060 21061 21062 21065 21066 21067 21068 21069 21070 21071 21072 21073 21074 21075 21076 21077 21078 21079 21080 21081 21084 21085 21086 21087 21088 21089 21090 21091 21092 21095 21098 21100 21101 21102 21104 21105 21106 21107 21112 21115 21116 21117 21118 21119 21120 21121 21122 21123 21124 21128 21131 21132 21133 21134 21135 21138 21139 21141 21148 21149 21150 21151 21153 21162 21176 21177 21180 21183 21184 21187 21188 21191 21192 21197 21198 21199 21210 21211 21212 21213 21214 21217 21218 21219 21220 21223 21224 21225 21226 21227 21228 21235 21244 21245 21246 21247 21248 21253 21254 21255 21256 21260 21261 21262 21263 21265 21268 21269 21270 21274 21277 21278 21279 21280 21282 21283 21290 21291 21295 21296 21297 21298 21299 21300 21301 21302 21303 21304 21305 21307 21309 21310 21311 21313 21315 21316 21317 21318 21319 21320 21321 21324 21325 21326 21330 21332 21336 21337 21338 21339 21342 21343 21349 21351 21352 21353 21354 21355 21364 21370 21371 21372 21373 21374 21380 21382 21383 21384 21385 21388 21389 21390 21391 21392 21393 21394 21402 21410 21411 21412 21413 21414 21415 21416 21417 21418 21419 21420 21429 21430 21431 21432 21433 21438 21439 21440 21441 21442 21443 21444 21445 21446 21447 21448 21463 21464 21465 21469 21470 21471 21472 21473 21474 21475 21476 21477 21478 21479 21480 21501 21504 21516 21517 21521 21522 21523 21524 21525 21526 21527 21528 21529 21530 21531 21532 21547 21548 21549 21550 21551 21553 21554 21555 21556 21561 21563 21564 21565 21566 21567 21572 21573 21574 21575 21576 21577 21578 21579 21580 21581 21582 21583 21584 21585 21586 21587 21588 21589 21590 21592 21594 21595 21596 21597 21598 21599 21600 21601 21602 21603 21607 21608 21610 21611 21612 21614 21615 21616 21617 21618 21619 21621 21622 21623 21624 21625 21626 21627 21628 21629 21630 21633 21636 21638 21639 21650 21652 21653 21654 21655 21656 21657 21658 21659 21660 21661 21662 21663 21664 21665 21666 21667 21669 21670 21671 21672 21673 21674 21675 21676 21677 21678 21679 21680 21681 21685 21686 21687 21688 21689 21691 21692 21693 21695 21696 21702 21703 21704 21705 21706 21707 21708 21709 21710 21711 21714 21715 21717 21718 21719 21720 21721 21722 21723 21724 21725 21729 21732 21733 21742 21748 21749 21750 21751 21752 21756 21757 21759 21761 21762 21763 21764 21765 21776 21778 21779 21780 21781 21782 21789 21790 21791 21792 21793 21799 21800 21801 21815 21816 21817 21818 21819 21820 21822 21823 21824 21826 21844 21858 21859 21860 21861 21862 21863 21864 21866 21867 21868 21869 21871 21873 21876 21877 21878 21880 21882 21883 21887 21889 21892 21893 21896 21897 21900 21901 21908 21911 21912 21913 21914 21916 21917 21918 21926 21927 21928 21930 21957 21958 21959 21960 21963 21970 21971 21974 21975 21977 21979 21980 21981 21982 21983 21984 21985 21988 21990 21991 21992 21993 21999 22001 22002 22003 22004 22005 22008 22009 22020 22021 22029 22030 22031 22032 22033 22043 22044 22046 22048 22050 22051 22052 22055 22057 22063 22064 22065 22066 22067 22068 22070 22073 22074 22075 22076 22083 22087 22090 22100 22105 22106 22107 22110 22115 22116 22117 22118 22119 22120 22132 22141 22152 22155 22156 22157 22158 22159 22160 22161 22162 22163 22164 22165 22175 22176 22177 22178 22180 22181 22182 22183 22184 22185 22186 22187 22188 22189 22190 22191 22192 22193 22205 22206 22207 22213 22214 22215 22216 22217 22218 22223 22249 22264 22266 22267 22268 22269 22270 22271 22272 22273 22274 22275 22276 22277 22278 22279 22280 22285 22286 22287 22288 22311 22312 22313 22314 22328 22329 22330 22337 22338 22339 22340 22341 22342 22343 22455 22456 22457 22458 22459 22460 22461 22462 22463 22465 22466 22469 22471 22472 22476 22477 22480 22481 22483 22484 22486 22487 22489 22491 22492 22493 22494 22495 22498 22501 22502 22504 22505 22509 22510 22513 22514 22515 22516 22517 22518 22527 22528 22529 22530 22531 22532 22534 22535 22536 22537 22538 22539 22540 22541 22542 22543 22544 22545 22546 22547 22548 22549 22550 22552 22553 22554 22555 22556 22557 22559 22560 22561 22562 22563 22564 22565 22566 22569 22570 22571 22572 22573 22574 22576 22580 22581 22583 22584 22586 22588 22590 22591 22592 22593 22596 22597 22598 22599 22600 22601 22603 22604 22621 22623 22624 22625 22626 22627 22641 22642 22643 22644 22646 22650 22651 22652 22653 22654 22655 22660 22662 22664 22666 22674 22676 22678 22680 22696 22697 22698 22704 22705 22728 22729 22730 22732 22734 22741 22742 22744 22745 22746 22747 22748 22749 22750 22751 22752 22753 22765 22766 22767 22768 22770 22809 22810 22811 22812 22813 22814 22815 22816 22820 22825 22826 22830 22831 22841 22842 22843 22850 22851 22857 22866 22867 22869 22871 22888 22891 22899 22900 22901 22903 22906 22907 22909 22915 22916 22929 22930 22940 22941 22956 22959 22960 22961 22962 22963 22964 22965 22966 22967 22968 22969 22970 22971 22972 22973 22974 22975 22976 22977 22979 22980 22981 22983 22984 22987 22988 22989 22990 22991 22994 22996 23023 23025 23041 23043 23044 23045 23046 23047 23048 23049 23050 23051 23052 23053 23054 23056 23058 23059 23060 23062 23063 23077 23078 23079 23080 23081 23082 23083 23084 23085 23086 23089 23090 23091 23092 23093 23111 23119 23120 23121 23122 23123 23131 23132 23133 23134 23138 23139 23140 23141 23142 23143 23144 23153 23156 23157 23158 23159 23160 23161 23172 23173 23174 23186 23188 23189 23190 23191 23192 23193 23194 23195 23196 23197 23198 23199 23200 23201 23203 23205 23206 23207 23208 23209 23210 23211 23212 23213 23214 23215 23216 23217 23218 23219 23223 23224 23226 23227 23228 23229 23232 23264 23265 23269 23271 23272 23273 23277 23280 23282 23287 23314 23315 23316 23317 23318 23319 23320 23335 23336 23338 23340 23341 23342 23343 23344 23345 23359 23362 23365 23368 23371 23374 23376 23377 23378 23379 23380 23382 23386 23387 23389 23390 23391 23393 23394 23396 23397 23399 23400 23401 23402 23403 23404 23415 23418 23419 23449 23450 23451 23452 23453 23454 23457 23458 23462 23464 23465 23466 23468 23469 23470 23471 23472 23473 23475 23476 23479 23480 23481 23482 23483 23485 23486 23487 23524 23528 23539 23614 23615 23617 23624 23634 23636 23638 23640 23641 23651 23722 23723 23764 23767 23768 23807 23864 23865 23866 23879 23880 23881 23882 23883 23884 23886 23887 23889 23892 23893 23895 23934 23935 23954 23961 23967 23974 23977 23978 24002 24003 24004 24111 9659 9694 9695 9696 9697 9698 9701 9702 9703 9704 9706 9712 9716 9717 9718 9719 9720 9724 9726 9730 10880 10905 10907 10909 12478 12479 12482 12487 12491 12492 12493 12494 12497 12501 12502 12504 12506 12509 12511 12516 12519 12520 12521 12522 12524 12526 12527 12528 12529 12530 12532 12535 12536 12539 12541 12542 12545 12550 12554 12555 12556 12557 12560 12564 15408 16192 16193 17464 17825 17826 17829 17830 17887 17888 17889 17890 17891 17894 17895 17899 17901 17902 17906 17907 17939 17942 17943 17944 17947 18149 18150 18156 18168 18192 18229 18783 18790 19349 19359 19571 20661 21935 22821 22872 22873 23290 23291 23292 23540 23813 23817 23891 23897 24021 24023 24025 24032 24033 3700 7203 8240 9657 9660 11791 15927 16377 16745 16746 16755 16756 17807 17846 17847 17848 17849 17850 18191 18193 18194 18195 18196 18940 18941 19414 19417 20682 3701 3702 3703 3699 8243 6759 6760 4699 8256 8254 9658 8252 8253 8258 7200 7208 7212 8239 8248 8250 8533 11792 14261 14262 14263 16397 16398 16413 16624 16748 16750 16762 16763 16770 17810 17812 17857 17860 18231 18256 18779 18784 18843 18849 18851 18891 18945 20289 20680 20867 20870 20888 20889 21215 21249 21821 21929 21931 22870 23558 23855 23859 23960 23970 23984 24059 24192 24220 7199 7207 7209 7211 7213 14248 14249 14258 14264 14265 14267 14268 7202 7204 8528 14246 14250 14251 14253 14254 10150 11759 13252 15409 16003 19947 20599 21758 21825 21932 10146 10151 10156 10158 10161 13029 18985 18990 19049 20595 20600 20609 23878 24112 24113 24115 7566 10147 10149 13028 17515 17517 18971 20594 24130 7567 16284 16274 16275 16280 17704 20602 20603 20604 20605 20606 20608 20610 20611 20612 20613 20614 20615 24104 24114 16273 16276 16281 16278 18852 18855 18862 18868 18876 18882 21179 21186 21190 23305 23308 23310 16279 15686 15689 15740 15741 16351 17079 17755 18259 18402 18652 18654 18655 18656 18657 18680 18684 18686 18687 18689 18698 18700 18701 18703 18705 18708 18722 18723 18724 18738 18743 18744 18745 18746 18755 18756 18757 18768 18769 18780 18785 18788 18789 18791 18792 18793 18798 18799 18800 18801 18809 18840 18844 18845 18846 18847 18848 18850 18853 18854 18856 18857 18858 18859 18860 18861 18863 18864 18865 18866 18867 18869 18870 18871 18872 18875 18877 18878 18879 18881 18884 18885 18886 18890 18892 18893 18894 18895 18896 18897 18899 18902 18903 18904 18905 18906 18907 18908 18909 18910 18911 18912 18915 18920 19151 19213 19249 19281 19286 19310 19321 19326 19328 19329 19344 19346 19364 19366 19367 20020 20033 20280 20821 20890 20892 20894 20896 20898 20901 21160 21161 21178 21185 21189 21194 21216 21221 21250 21252 21257 21259 21264 21285 21886 23304 23307 23309 23313 23512 23515 23517 23534 23545 13034 15542 15550 15551 15570 15571 15574 15660 15661 15688 15700 15701 15702 15703 15710 15712 15724 15725 15727 17697 18500 18710 18741 18742 18747 18748 18749 18750 18751 18754 18758 18759 18760 18761 18763 18773 18776 18777 18898 19072 19179 19180 19181 19289 19293 19294 19337 19345 19372 20844 20845 20846 20847 21783 23621 23732 23760 13025 13026 13032 13033 24163 24195 24196 13036 20796 20800 20808 20810 20812 20823 20825 13035 10924 12589 13980 13981 13985 15413 16371 16391 16394 16399 16401 16403 17742 18157 18158 18223 18226 18385 18386 18388 18413 18418 18419 18420 18423 18433 18511 18512 18529 18544 18571 18574 18581 18594 19071 19073 19074 19075 19107 19108 19311 19312 19313 19317 19318 19327 19348 19351 19355 19356 19373 19384 19464 19653 19655 19673 19674 20026 20027 20028 20029 20030 20031 20032 20034 20035 20036 20138 20144 20228 20230 20232 20489 20491 20735 20736 20782 20787 20788 20789 20817 20832 20837 20838 20843 20853 20854 20860 20861 20863 20866 20871 20872 20874 20876 20891 20903 20965 20982 20996 21008 21020 21044 21056 21103 21125 21126 21127 21136 21137 21140 21142 21143 21144 21145 21152 21154 21155 21156 21157 21163 21182 21222 21229 21236 21251 21273 21682 21694 21741 21803 21804 21805 21808 21827 21828 21854 21872 21888 21890 21936 21947 21953 21961 21966 21967 22012 22016 22034 23220 23234 23274 23275 23278 23281 23283 23284 23288 23289 23622 23623 23625 23626 23733 23734 23735 23845 23853 23856 23860 24040 10912 10919 10923 16201 16202 18166 18249 18572 18805 18806 18807 18808 19109 19111 19350 22894 23261 23293 23294 23542 23639 23661 23663 24041 24044 24046 10881 10882 10883 10884 10886 10888 10894 10896 10898 10906 10908 10910 10911 10913 10917 10920 10921 10922 12481 12483 12507 12508 12538 12540 12544 12546 13808 13810 13812 13814 15398 15399 15400 15402 16195 16196 16197 16199 16200 16204 16205 16206 16208 16209 16210 16211 16212 16213 16214 16215 16216 16217 16218 16219 16220 16222 16223 16224 16226 16227 16739 16740 16741 16743 16744 17828 17832 17837 17838 17839 17840 17842 17897 17898 17903 17904 17911 17912 17913 17914 17915 17916 17917 17920 17921 17926 17927 17937 18169 18170 18171 18172 18175 18176 18177 19412 19413 19416 19573 19694 19695 19696 19728 20662 20663 20666 20668 20669 24028 24029 24030 24035 24037 24042 9827 10885 10887 10889 10890 10891 10892 10899 10900 10901 10902 10903 10904 11034 11035 11042 11043 11044 11045 11046 12197 13777 13778 13787 13789 13791 13792 13793 13794 13799 13800 13801 13802 13803 13804 13805 13806 13813 13815 13817 13819 14048 14051 14766 15405 16198 16207 16742 16747 16749 17495 17827 17831 17833 17834 17836 17841 17852 17855 17856 17858 17859 17861 17862 17867 17868 17905 17925 17932 18943 18944 19110 19112 23424 24043 9822 9823 9824 9826 9828 10230 15396 15404 16007 16008 16009 16537 16538 16764 16001 12698 15015 6706 10980 11773 11780 15008 16000 16850 23701 23827 6710 6708 17347 23593 23602 23587 12030 12032 12035 12036 12042 8270 9280 10248 11625 12031 12034 12037 12038 12044 23592 8264 8271 8276 8277 10247 23598 23601 8263 8265 8266 8267 8275 9339 14238 14240 14241 8278 9346 14239 14786 14787 8816 8814 8815 14785 8813 8818 12171 12634 16096 16499 16503 16509 16510 12091 12168 12177 12179 12194 12195 16504 12092 12094 12097 12099 12108 14820 7290 12098 16102 7288 7289 7296 5364 7283 7292 16612 5358 5365 5371 5359 5361 5362 15372 5372 15379 7286 7287 7284 7285 7294 7295 15351 15363 15366 24197 15356 23699 14784 16545 16616 9343 14778 9348 9341 9349 9350 12164 14340 12163 14339 12103 12109 12165 13333 14234 12104 12105 12106 14781 12096 14790 15084 12101 4849 8692 11626 14780 14789 14792 14793 15087 15096 15097 15098 15099 15100 15101 15102 15103 18059 18795 21287 4847 4850 4858 4848 4853 4854 4881 14819 16099 4882 4883 4884 4887 14913 4888 14914 14937 12750 12751 12754 12738 12746 16915 17996 14907 16988 7866 10159 10394 10403 13533 13539 13555 13556 14902 14904 14916 14919 14920 14934 14936 14940 14947 15248 15948 17230 17247 7863 7867 7868 7864 7872 13537 13552 18614 17192 7959 13558 15936 17179 17181 17187 17188 17189 17194 18949 18038 17093 18045 17109 18043 12134 17180 17185 14290 14918 17206 18352 18950 14289 17362 18093 18094 18356 18934 8574 15933 8573 14945 14946 15247 15944 15945 15972 15973 18938 15951 15959 15952 17199 17202 17201 17207 10378 8798 9782 9787 10377 13729 16546 8796 8799 8797 13726 5448 16547 16548 3262 9204 16412 9203 13592 14571 12646 13584 13586 13589 13590 13591 19100 12644 12645 12596 16626 16735 11118 8790 10348 11117 11119 11120 11123 16737 18625 20674 8787 8788 8789 10349 11124 10344 10345 10346 10347 13760 13767 9770 13351 14830 16515 16520 17479 9766 9762 14821 16511 9763 13334 13339 13731 14235 18624 13338 11588 13335 11587 3170 16736 18360 18627 20673 12196 16724 9190 12185 12191 12193 16768 18165 18252 24047 9197 18161 18246 24045 9181 9198 9182 9171 9187 9185 22647 5816 9169 9186 9192 12605 14788 18154 19467 23731 23998 5810 5811 5812 5813 11589 8661 8689 11586 11590 8673 8686 11581 11596 11600 12473 13288 11632 12463 12468 12469 12472 12476 12624 23596 23605 13988 13979 10249 23631 10250 10252 10251 10253 10266 10246 16725 10256 12041 16722 16715 16721 16728 13832 16717 13834 13833 16716 16719 16720 16726 16506 23600 16867 20695 21258 23973 16866 16864 16620 19381 20694 20696 20731 20746 23899 23900 14770 16409 16410 16609 16610 16611 16619 16621 16622 16623 16625 16627 16857 18250 18484 18489 20690 13147 13245 13271 13272 13273 13277 14761 14763 14764 14769 14773 16369 16370 16396 16405 16406 16407 16408 16469 17811 13148 13149 16470 16471 16474 16473 12582 13246 13247 13251 13260 13270 13276 17112 17113 17115 21083 23828 18414 23783 4128 12495 12558 13518 16832 17124 17481 17686 17929 17966 17968 17969 18182 18208 18215 18265 18270 18407 18478 18495 18497 18498 18499 18501 18503 18543 18553 18555 18556 18557 18561 18563 18565 18566 18592 18694 18838 19797 19812 19822 19842 19847 19933 19934 20024 20647 20841 20842 21731 21795 21910 21997 22823 22846 22852 22853 22855 22856 22858 22860 23484 23628 23630 23644 23645 23648 23664 23765 23766 23862 4126 13512 13516 13517 19369 19370 19652 19693 21968 22904 22905 23311 23312 23547 23814 23818 23819 9263 9259 9261 17706 17749 18273 18274 18913 18914 18916 18917 18918 18919 19331 19332 19365 19371 19374 19375 19456 19463 19727 19935 20136 20148 20583 21082 21193 21275 21276 21281 21865 21870 21874 21875 21891 21964 21969 22035 22036 22859 22865 22902 23306 23518 23560 23976 24065 17565 17567 17568 17684 17699 17705 17707 17711 17715 17751 17763 18733 18734 18775 19801 19804 19805 19828 19830 21785 22824 22847 22854 18573 18713 18764 18778 19291 19292 19387 19393 19915 21648 21649 21738 21747 21784 21786 21787 21788 21796 21797 21811 21812 21813 21814 21856 21857 21955 22739 22760 22761 22762 22764 18502 18580 18588 18593 18794 18821 18841 18888 18889 18900 18732 18735 18739 18660 18693 18736 18740 19820 19829 18721 18753 21701 21899 21996 18711 18752 21956 22027 22028 19779 19827 15844 18591 19913 19914 19918 22736 22737 22757 22758 23851 23885 15838 15846 15840 15411 15839 5728 12512 13788 15401 15403 15407 15414 15416 15417 15418 16194 20616 20664 20667 21965 4866 5725 5727 5732 4868 4870 5724 5731 13809 15415 13790 13811 15395 16203 17814 17851 18167 18173 18197 18200 18232 18233 18235 18237 19419 23986 24036 6293 11036 11038 11049 12181 13773 13774 13784 13795 13797 13818 13820 16536 17813 6294 6295 6297 6296 6289 11040 13776 17492 17493 6321 8502 10893 10895 10897 11041 11047 11048 11050 11051 11052 11053 11978 11981 11987 13768 13769 13770 13775 13779 13780 13781 13782 13798 13821 13822 14050 14054 14354 14358 15397 17487 17494 17496 18114 23428 23820 24109 6322 6323 6327 23557 6328 9303 18105 18180 18277 19395 19396 19399 16221 18178 18179 18276 19729 23430 14040 14041 14046 14047 16225 17910 18272 18275 21962 8534 9666 11795 14042 14043 14044 14045 14049 14052 14053 14055 15928 16751 16752 17869 17870 17930 17931 19415 20684 7158 8519 11468 23991 7155 11467 8518 14039 23992 14776 11793 18947 23993 23427 20676 20672 7708 13280 16400 18234 19726 20140 20670 20671 20675 13257 13275 13278 13279 13243 13254 13262 13274 13242 24117 13250 13267 24116 13249 13248 13261 13236 16376 13237 13238 16361 13255 15987 16362 16364 13253 16379 16380 16414 16415 13995 14774 16387 16389 16390 18901 20900 21798 16365 16366 16392 13219 15791 17358 17382 17385 17386 17387 17388 5787 13218 13220 17383 23770 5788 5785 5789 14302 5786 4265 4268 16879 16880 10925 21777 22845 10926 10927 10928 17381 15793 15989 15790 19967 15696 19006 19300 19301 19841 19927 20688 20714 20836 23788 19385 19392 17522 18974 19005 19007 19008 17509 17508 18975 18976 16975 17530 17543 18972 18973 18996 19030 19031 23442 16974 16977 4431 16978 19065 19069 14943 19068 23836 14941 14949 14950 14951 17251 14938 17232 16913 17229 13685 13708 15953 15961 16914 16916 16917 13709 15962 15967 15946 13831 16927 16797 16798 16799 17985 16800 16811 17233 17235 17292 17294 19430 12569 17983 12568 12570 16118 17984 17992 16121 17088 17089 18924 17108 18925 9796 9797 18000 17993 17999 17998 17995 17997 17994 17117 17803 14084 17118 17119 17122 6780 14085 14087 16346 17799 6782 17804 17793 16345 16347 16350 16348 12122 7827 7828 17126 18057 4301 17123 18958 4297 17234 17237 17236 17238 17244 17062 16902 16898 16904 16903 15454 15452 15456 23441 14092 19955 20717 23443 16393 15021 15012 13269 20134 20146 21802 8032 13263 20025 20226 21181 8031 8033 8034 8035 23531 23650 23787 23789 23894 23896 22007 17922 17923 17928 23366 23653 23888 23890 23898 23902 23903 14525 14523 14524 20597 24031 14247 14255 14256 14260 16759 17462 18147 14269 14270 16767 16613 16614 16628 24034 12598 13639 13986 16507 17463 17466 17475 17935 12584 12604 18146 14577 15129 18153 18162 18260 20749 8104 11606 4834 8688 11585 4831 4832 4830 4828 4829 4833 8683 11649 11620 11643 11647 15105 11668 11663 11662 11681 11659 11680 7306 11677 7302 7307 11678 9247 11651 11655 10271 10274 10277 10283 13678 12655 12657 12661 12663 13674 13682 12662 12765 12759 10296 10291 10295 16425 10297 10292 11682 11683 18359 14567 18626 12111 14568 14569 14573 12102 12112 14570 15352 16664 16738 17360 17361 9771 17352 19938 17359 19877 23769 17357 18355 17384 18354 18357 23700 15072 17853 17854 17865 17866 18236 20683 23559 6148 15071 15435 15436 6149 9144 10016 10638 10664 10695 11272 12903 9145 9151 10017 10021 10623 10639 10645 10665 10671 10696 10702 11273 11279 11930 12904 12911 14989 15424 17018 17808 17809 17815 17919 9152 3521 4675 4677 7374 7377 9539 10018 10019 10020 10022 10023 10024 10025 10026 10027 10028 10029 10030 10031 10032 10033 10622 10624 10625 10626 10630 10631 10632 10633 10640 10641 10646 10647 10648 10649 10650 10651 10652 10653 10654 10655 10656 10666 10667 10672 10673 10674 10675 10676 10677 10678 10679 10680 10681 10682 10697 10698 10703 10704 10705 10706 10707 10708 10709 10710 10711 10712 10713 11274 11275 11280 11281 11282 11283 11284 11285 11286 11287 11288 11289 11290 11391 11392 11929 11931 11932 11933 11938 11939 11940 11941 12905 12906 12912 12913 12914 12915 12916 12917 12918 12919 12920 12921 12922 14987 14990 14991 14992 14993 14994 14996 14997 14998 15331 15332 15333 15334 15335 15336 17013 17014 17015 2596 3910 6169 13384 7375 7378 7379 9483 10634 10657 10683 10714 11291 11942 12923 15338 7373 9484 9485 9486 9487 9488 9489 9490 12927 15897 7376 15539 12902 10015 10621 10663 10694 11271 11928 12900 12901 15537 10013 10014 10012 10431 10619 10661 10692 11269 11926 15528 15536 10618 10660 10691 11268 11925 12899 15529 15534 15535 10620 10662 10693 11270 11927 15538 10428 9668 9905 10427 15533 9667 9671 9692 9680 9691 9673 9679 8503 9301 9674 9675 9676 9677 9678 9689 12289 12290 12295 15530 19402 6836 9684 10083 10086 10087 10112 10117 12292 16419 6837 6842 6838 6843 16424 6583 9681 9682 9683 9685 10092 10093 10114 10115 13064 13065 9672 9893 9900 10089 10091 10098 10099 6853 6857 6858 6859 6866 8884 9889 9890 9892 9894 9895 9897 9899 9901 9902 9903 10094 10101 10416 10418 10419 10424 14614 14615 16232 16233 17394 17396 17397 18100 18125 3742 6852 6854 6855 6856 6860 6861 6862 6864 6865 6867 8864 9896 10415 10420 10421 10435 10436 10442 11823 13847 13849 13853 14602 14603 14607 14608 14609 14612 14613 14616 14617 14618 14619 14620 14621 14623 17027 17393 17399 18124 3740 3741 3743 3749 3756 9359 12771 13363 17026 17029 3747 3754 9357 12769 13361 13851 14604 14605 14606 14622 17028 18122 8862 12774 13377 8863 10441 14625 16138 17398 18283 6863 9898 10422 13362 13852 16234 16631 17400 18284 18285 9891 10417 13848 16231 17395 18123 10458 14626 10459 13365 16133 16134 16135 16788 16791 3750 5467 9361 10444 12816 13368 13371 16787 5468 4917 10452 12776 14952 14954 14956 14958 14959 14961 16238 16633 16789 16792 7250 14597 7246 7249 7251 7244 7245 14595 1732 13857 14589 14593 14594 14599 1731 13856 13379 14592 14596 14598 14590 14600 14611 14601 16136 12779 13858 15912 16137 18006 18007 13070 17409 18008 18009 10088 12293 13068 10084 10090 10113 17410 10085 10095 10116 10119 18286 18288 10118 13066 16632 8865 10423 18101 18102 18289 8866 13854 16236 17402 18287 13850 18126 8891 10446 16235 17401 8886 8890 5867 6341 8885 8888 10440 5866 6340 1727 4926 10438 18103 4928 10439 10445 10425 16237 17403 17407 17408 10102 8887 12294 13067 14624 13364 10111 10109 12296 15531 15532 14355 18013 13771 11985 16139 14610 9686 9687 9906 9904 10429 10096 14359 10628 10629 10644 10670 10701 11278 11936 12910 11937 15425 15428 15426 15437 15440 15444 20685 12924 12925 12926 12928 6235 10658 10659 10684 10685 10715 10716 11292 11293 12907 12929 14742 17345 5396 6232 6234 4056 4215 5339 5342 5343 5394 5395 14738 14995 17303 17344 4214 4216 4217 4218 5345 5344 5340 14737 14743 14988 6231 10642 10643 10668 10699 11276 17019 17020 10669 10700 11277 12908 17021 17022 18014 7382 7384 2414 4506 15337 18133 19131 11388 18942 19418 7206 16617 17863 18946 17864 8249 23425 8247 8251 23426 23429 11977 13816 11974 11980 11973 13807 19066 19840 17150 17155 17164 8387 17167 17159 11629 13332 11631 14105 14343 16761 14344 24158 9211 9209 9212 11607 13352 16452 13640 17476 17480 23667 16831 16821 23668 23666 24164 15969 17775 24175 24176 18074 17467 17468 17482 12590 20732 13264 17743 23763 17741 8579 12452 12458 12466 20852 21794 23762 23852 12453 12467 12471 12465 12464 12460 16006 14574 14667 14670 14643 16855 13550 16576 13530 13526 13529 13527 13532 13535 14651 16436 13534 13554 13536 13562 24050 23997 24049 16449 16856 9468 9471 20698 20729 14775 11398 19738 23433 23431 8259 8241 8260 8244 8245 8257 14368 14364 11037 13796 14357 11039 11387 8500 10915 10914 10916 13783 11976 13772 17491 3218 4867 4869 14758 23423 23420 10225 13785 17843 16543 15847 15848 15104 11627 17678 14555 16042 16040 16039 10754 13546 19732 16010 13645 13644 24237 10157 24177 10162 10160 24178 24174 16544 8531 8529 8532 8732 16853 8731 12154 14796 19124 16727 10265 12040 12039 11121 11122 12715 24166 12166 16514 16502 11115 11116 13475 13473 5580 13597 9199 8853 8861 17197 12807 15246 17972 12806 4740 5586 6494 7614 13483 15229 4738 5584 13482 15227 5581 11220 13479 15224 15252 17973 8312 16454 23832 14927 16097 8828 18062 18061 18066 18063 18064 16981 18001 8693 18058 15357 15346 15353 15358 15374 15381 5048 15347 15348 5049 5045 15354 15355 15360 15359 15361 15362 15370 15860 15369 15859 15367 15368 15371 14721 14977 15858 15861 15862 15863 4806 11516 11534 11535 11536 11537 11539 11556 14684 14688 14689 14690 14691 14692 14693 14702 14719 14720 14722 14723 14724 14725 14727 4276 4807 4808 4809 4810 11513 11515 11517 11518 11520 11521 11523 11538 11540 11554 11558 11560 11563 11565 11566 12881 4275 4274 12882 12884 13668 13670 10074 12402 13666 13667 13669 14696 11522 14694 9620 11503 11504 11505 11506 11509 11510 11511 11512 11514 11524 11525 11526 11527 11528 11529 11530 11531 11541 11542 11543 11544 11545 11546 11547 11548 11549 11550 11551 11552 11553 13671 14185 14683 14685 14686 14687 14698 14701 14705 14706 14709 14710 14726 9621 11507 11508 14187 14192 14194 11519 12880 13176 14699 14700 14703 14704 14712 12883 14707 14711 14713 14714 14715 14716 14717 14708 14679 11532 11533 14678 14680 14681 14682 14697 14718 14695 11000 11370 10994 11001 11003 11368 11369 11371 11374 5022 7231 7240 11379 5019 5021 5024 5017 5020 4493 5018 5023 7230 4494 4497 2939 7239 13169 13193 11555 11557 11559 11561 11562 11564 11568 15864 15865 11567 15113 14976 14978 14979 14980 7291 5368 3173 9321 8188 8194 8189 14243 14242 5516 8822 16277 5331 12183 5330 12182 16847 16849 16846 4744 7968 11774 19437 12673 13944 12250 12247 19435 16004 10227 10226 10228 10223 8735 16682 17177 17176 7355 7356 16105 16106 16107 16108 16002 16109 8193 8187 12219 13027 11794 7701 9223 23477 6437 23729 6432 23790 8391 4889 17355 5236 9254 9250 6751 17076 12235 12236 17060 7598 10596 10597 12083 12082 17798 17797 12135 16044 8333 16983 10179 3140 3139 11692 4294 4295 15218 15240 9095 9096 15069 15068 5234 10969 10971 10979 5235 14772 14762 16862 17448 18082 16860 17446 6165 18056 18055 8767 23745 9184 11800 15345 4282 11727 4279 4281 12767 6230 13672 15918 7808 15917 7804 7809 7811 7814 7801 7800 11100 9290 4514 9284 9285 9287 9288 9289 9292 9552 1769 2801 8835 13699 6693 6695 7120 5634 9283 9094 9093 4790 8847 7277 7280 5390 5393 6206 16038 12447 3621 
10: 1243 3664 3662 
11: 1273 2848 7484 10202 6196 4450 
12: 1276 1277 3319 3388 3891 3896 4324 4453 4458 4941 4961 5534 5896 6886 6894 8322 14031 14032 14033 3320 3389 3419 3892 4325 4459 4942 4948 4962 5535 5897 6887 6895 8323 13976 13977 3321 3322 3802 3897 4318 4319 4326 4455 4949 4955 4963 5898 6188 6189 6190 6191 6890 6898 7988 7989 8324 14028 14029 14030 4328 4944 4950 5900 6888 6897 8325 11788 11789 11790 4327 4943 4964 5899 6896 14746 14747 14748 5903 5904 14739 14740 14741 2118 8327 11785 11786 11787 8098 3899 4591 5443 8091 8092 8094 8096 8099 3898 3902 3901 4945 8085 8087 8089 8086 8088 8090 8093 8095 8097 5400 7445 5401 5402 7446 7447 6891 6899 7297 7298 7299 4317 4954 3420 4958 5901 
13: 1288 1556 2638 2866 3086 3907 5541 6549 8356 9389 14392 16524 16525 1289 5624 6131 7026 10508 10507 5166 6201 6550 9371 10056 12358 12786 13863 16996 18636 23822 23823 
14: 1359 6152 7624 7625 6154 1396 1397 10075 14502 
15: 1389 
16: 1401 
17: 1463 1464 2561 4079 4704 6085 8018 2562 4706 9971 11167 15503 4707 4705 8019 11136 11137 11138 11141 6086 6949 11134 11139 11140 15504 5527 5966 9972 15114 4146 2169 
18: 1482 1486 2047 4118 4119 4695 4696 8808 9064 8811 9656 5797 2166 3597 4811 
19: 1525 
20: 1550 2015 
21: 1558 1560 2123 5575 5571 4692 5672 
22: 1593 3997 4042 6556 6724 6725 10365 2157 4043 6477 6557 6726 6727 7748 7749 11033 11463 5316 5317 5319 7750 7752 16476 5315 5318 7751 7753 7754 6497 6728 16475 16180 
23: 1610 1790 2603 3047 3611 4188 4210 6203 1791 3610 4187 4211 6204 
24: 1655 3232 3233 2167 5298 5299 5300 2501 2688 2499 2690 
25: 1696 3592 2624 3112 3113 3591 2623 2628 2627 
26: 1710 
27: 1766 
28: 1844 4486 6057 6071 8285 8286 8287 4485 13223 13225 15387 6070 3719 
29: 1885 8441 
30: 1981 1983 12016 12018 12011 12012 4273 5775 8206 8209 8215 8216 8217 8218 8220 8221 8222 8224 8225 8229 8291 8292 8293 8294 8295 9028 9029 9030 9031 9033 9034 9039 9041 9047 9049 11326 11327 11328 11329 11330 11331 11332 11333 11336 11340 11341 11342 11343 11344 11346 11348 11350 11351 11353 11356 11359 11361 11362 11363 11366 12005 12007 12008 12009 12010 12268 12269 12270 12274 12275 12276 12277 12278 12280 12282 12283 12284 12285 12286 12288 12941 12942 12946 12947 12950 12976 12979 12981 12982 13519 13521 15811 15819 15821 15831 15833 15837 16190 4269 4270 4272 4271 5774 5776 5777 5778 5779 5780 5781 8219 9044 9045 12266 12267 12271 12273 12279 12305 12307 12308 12309 12956 5782 8223 12265 12272 12306 12314 15807 15820 15823 8205 8207 8211 8226 8230 8231 8232 8296 9048 11360 12287 12311 12937 12951 12958 12974 12975 12977 12978 12984 14015 15808 15809 15810 15812 15822 15824 15826 15828 15829 15830 15832 15834 8204 8210 8212 8213 8214 8228 9046 11355 11357 12936 12954 15813 15814 15825 15827 8208 8227 8233 9032 11338 11349 11352 11354 12310 12312 12313 11334 11335 11337 11339 11345 12006 12957 11347 11365 12281 12955 12983 9050 12980 9040 9043 9036 9037 9038 9042 12938 9035 11364 13520 13522 13523 13524 8289 3602 12940 3601 12943 12944 12945 12948 12949 8298 12952 8299 12972 14002 15815 14000 14001 14014 15816 15817 15835 5754 5755 5756 
31: 2061 2595 2218 
32: 2188 2666 
33: 2203 2547 
34: 2227 2734 
35: 2362 3836 5981 11160 11988 11989 11990 
36: 2482 5630 17000 19741 24088 24095 24106 24181 24206 24233 24314 24316 24319 24322 19742 13457 19745 24090 24097 24182 24207 24234 24265 24268 24273 24284 14865 18139 18643 23568 24092 24100 24185 24208 24266 24269 24274 24285 24087 8919 11302 14860 18135 18637 19126 20766 23561 23756 24094 24180 24232 24304 24305 24306 8918 11294 11919 24179 24231 24238 24301 24302 24303 
37: 2489 3248 
38: 2671 2672 6635 6636 6638 5102 5103 8061 8062 8063 8064 6637 8100 12299 6922 
39: 2695 2696 2697 2698 
40: 2745 
41: 2784 3500 4984 8371 14844 14891 14892 7528 8365 10534 13438 14895 7525 5126 5135 5921 6016 6017 6387 7021 7160 7524 13430 14171 14389 14841 14896 14897 14898 5125 5134 5598 5920 6386 7020 8364 10516 13429 14840 23553 5922 6388 6008 4415 5424 6009 7159 7161 7162 7163 14170 14172 14387 4416 4417 5425 7164 13321 5426 7165 13322 7166 7167 14173 
42: 2869 12421 
43: 2926 5169 7971 9071 9072 
44: 2956 10803 10807 13104 13105 2958 7048 7991 10791 10794 10795 10796 10797 10798 10801 10802 10804 10806 10808 10809 10812 10817 11020 11954 12828 12835 13101 13122 13124 15467 16155 16157 16158 17771 2959 2960 5510 10591 11210 13103 7041 10811 11031 12829 12836 13115 13123 13125 13126 13127 16160 16161 4062 7039 7040 7045 7046 7047 7049 12859 13111 13114 13119 15296 15297 16164 16165 17336 17337 17338 4061 4060 4063 5489 7993 8954 8960 8967 10536 10556 10561 10568 10574 11173 11178 11185 11191 11417 11418 11419 11710 11711 12825 12832 12847 12853 13918 13925 15462 15463 15464 15469 15470 16030 7990 8953 8959 8965 10535 10555 10560 10566 11172 11177 11183 11409 11410 11411 11412 12824 12827 12846 12851 13917 13923 15292 16029 17770 17772 18078 7043 12830 12833 14447 15290 15291 15301 17769 7044 8955 8973 8979 10538 10557 10575 10581 10789 10790 11019 11029 11174 11192 11198 11405 11406 11407 11408 12826 12837 12848 12861 13919 14452 15289 15295 15299 16032 17339 7050 11021 11022 11025 11027 11030 10800 11013 11018 11024 11026 11028 10799 10788 10810 13117 5501 7887 8964 8978 8980 8983 10548 10565 10580 10582 10585 10792 11182 11197 11199 11200 11204 12734 12850 12860 12862 12865 13487 13922 13924 13926 13931 13932 13933 13934 13935 14451 15293 15298 5502 5503 5504 5499 5505 5500 5509 8956 10539 10558 11175 12849 13920 16033 5511 10590 11209 13116 5512 5038 13102 5039 13106 11969 13128 13360 11956 11955 13359 11953 16034 16035 8962 8972 10546 10563 10573 11180 11190 11414 11430 11431 11432 11443 11444 11445 11446 11447 12831 12839 12858 13110 13118 13930 14448 14449 14455 15300 15303 15306 15308 15309 15315 15316 16703 8961 8969 8970 8974 8975 8976 8987 10562 10578 11179 11195 11426 11427 11428 11429 11433 11434 8968 8984 10544 10570 10577 11187 11194 11421 11422 11423 11424 11425 12855 13927 8966 8971 8985 10543 10569 10571 11186 11188 12854 12856 13928 14446 7169 8981 8982 10542 10567 11184 12852 15310 3512 5506 7168 7170 7171 7172 7173 7174 7175 7176 7177 7178 7179 7180 7181 7182 7183 7184 7185 7187 8986 10587 11206 12867 14453 15304 3507 3511 3513 3514 5508 7191 7192 7890 12726 12730 3508 3509 15305 3510 14454 15294 15307 3515 14457 15314 7196 7197 7198 7186 7193 7188 7189 7190 12863 12868 14459 15079 11201 11202 11207 10583 10584 10588 11193 11203 11208 12735 12864 10576 10589 11413 11415 11416 11023 11420 11435 11436 13936 11448 13112 13100 13099 13113 13120 13121 16163 12840 9990 14445 9986 9989 9991 5491 9987 10554 12869 10552 10553 10551 10586 11205 12866 10545 10549 10550 14443 14444 14442 12870 12727 12733 12834 12838 14458 14450 15078 10572 11189 12857 13929 15077 15080 7194 7195 15312 14456 15311 15852 12736 12725 5507 10541 11708 10814 11709 13836 13844 10815 10816 10805 5486 10793 16156 11017 10818 
45: 3118 9119 9120 9122 9123 3263 3264 3266 
46: 3451 5175 7978 10106 
47: 3717 
48: 3854 5480 8596 8598 8600 5477 6113 6529 7014 8478 8595 8597 8599 
49: 4181 4182 4183 4184 4185 4186 
50: 4390 4996 5453 5653 
51: 4552 4553 4555 4561 7001 7010 7326 8475 11459 4557 4562 6358 6528 7002 7011 7327 8476 4566 6533 7006 7016 8480 10311 4564 7004 7013 8477 10310 10313 
52: 5004 5005 7084 7085 7086 7087 8936 10164 10165 10166 6299 6300 6301 6302 
53: 5292 5293 
54: 5906 5911 6375 7502 
55: 5945 5946 5947 5948 
56: 5964 6408 6932 8022 
57: 6210 6211 
58: 6415 6421 7756 7761 7760 7765 
59: 6564 14018 14019 14020 16874 16875 
60: 7124 
61: 7310 7311 7318 7319 
62: 7497 9953 13903 14196 14197 14198 9957 12985 12986 12987 
63: 7718 7719 7720 7721 7722 7723 7724 
64: 8447 8448 8449 13564 13565 9077 13566 13567 9078 9079 
65: 8544 
66: 8946 9112 9113 9114 
67: 8958 10559 11176 11400 11401 11402 11403 
68: 10041 12324 
69: 10862 10863 
70: 11858 11859 14396 14400 14397 14398 14399 
71: 13167 16707 
72: 16801 
