# The directed communities at k=5
# from /Users/bogna/dev/role-mining/datasets/hepth/timeslots/cit-HepTh-1998.edges
# at no lower link weight threshold,
# and at no upper link weight threshold.
# Links were treated as directed.
# No time limit was set for the clique search.

0: 9801033 9705108 9711028 9809125 9809126 9809127 
1: 9801046 9412166 9510171 9704213 9707091 9802003 9804050 9805185 
2: 9801042 9212088 9303012 9401059 9401092 9402008 9609174 9711023 9711057 9711096 9711110 9801133 9502096 9605183 9709032 9711047 9802174 9803007 9806110 9807026 9807070 9811044 9811212 
3: 9803091 9604128 9607174 9609128 9612010 9612011 9805025 9806174 9807125 9810087 9811173 
4: 9803143 9709093 9809147 9811193 9812163 
5: 9711200 9602022 9608017 9607112 9607185 9705205 9604139 9608061 9710141 9704054 9602049 9603116 9610074 9803188 9604200 9703060 9703123 9707215 9710066 9711128 9804028 9806085 9809034 9810025 9812161 
6: 9508143 9410167 9508154 9803239 9305139 9308052 9803259 9806146 9807127 9808069 9810159 9810180 
7: 9610193 9807069 9808127 9812090 9812185 
8: 9410138 9602156 9809004 9607188 9810104 9810117 9812022 
9: 9801002 9411149 9510017 9606017 9607163 9611050 9611230 9702014 9703051 9703166 9703210 9704104 9705199 9705232 9706047 9706082 9707027 9708082 9708118 9708127 9708134 9709096 9712028 9712193 9509066 9508143 9510135 9601029 9801017 9704043 9704170 9705022 9707192 9712143 9712145 9801019 9204099 9303007 9310194 9412184 9702015 9707188 9711138 9711200 9712251 9801020 9601038 9604034 9608129 9706109 9706127 9409089 9503124 9610043 9608024 9704080 9602022 9510209 9602070 9603142 9510169 9709220 9710009 9710231 9410167 9712072 9711037 9602135 9604042 9704044 9706192 9801051 9709005 9710030 9308075 9602114 9603161 9511080 9704005 9711161 9712073 9712239 9801060 9702180 9710116 9301052 9602065 9603078 9605234 9606185 9609026 9703031 9704018 9706072 9709199 9710174 9610249 9611159 9611173 9306052 9603109 9604166 9801076 9209116 9302126 9307049 9607164 9610155 9704189 9702103 9703078 9801085 9611072 9606036 9701093 9705091 9511064 9512031 9706158 9709063 9801114 9602030 9604129 9604178 9605049 9606169 9702165 9705163 9706051 9708040 9601167 9610148 9612080 9702133 9801125 9410073 9610172 9612051 9703216 9704156 9704195 9706100 9711072 9701125 9608096 9507050 9605184 9704059 9801134 9603167 9801145 9610140 9702203 9801152 9708099 9601177 9710014 9207094 9801182 9512078 9705117 9706039 9710178 9801183 9801189 9602045 9801206 9801207 9802004 9606165 9802042 9711002 9605009 9802047 0208020 9606176 9607019 9612126 9802067 9802076 9405171 9503121 9802103 9608053 9802109 9702076 9703040 9708005 9802116 9802126 9802150 9802151 9802152 9802162 9802183 9704151 9712166 9802195 9802198 9802203 9509140 9607060 9611075 9803001 9803131 9803135 9803263 9805114 9805129 9808016 9808017 9809022 9803002 9803013 9803015 9803023 9803028 9803033 9803039 9803051 9712074 9803053 9803054 9803060 9803061 9803064 9803068 9803076 9803077 9607149 9803080 9803082 9803083 9803085 9803086 9803090 9803103 9710151 9803109 9803111 9803119 9803124 9803137 9803138 9803140 9803141 9703157 9803167 9803168 9803171 9803174 9307010 9803186 9803189 9803193 9803196 9803197 9803214 9803220 9803227 9803231 9803232 9803249 9803251 9803252 9806026 9804006 9804007 9804019 9804026 9804031 9804035 9804037 9804056 9804058 9804060 9804062 9804083 9804084 9804085 9804092 9804093 9804095 9804099 9804110 9804111 9804113 9804129 9804141 9804149 9804159 9804166 9804170 9804172 9804173 9804175 9804182 9804184 9804200 9804209 9805007 9805014 9805018 9805028 9805029 9805041 9805047 9805050 9805064 9805069 9805070 9805082 9805087 9805096 9805097 9603147 9612229 9805099 9805104 9805105 9805112 9805131 9805139 9805140 9805141 9805142 9805143 9805145 9805146 9805151 9805156 9805157 9603133 9805158 9805162 9805165 9805171 9805178 9805182 9805207 9805208 9805217 9805218 9806004 9806008 9806012 9806018 9806021 9806024 9806028 9806041 9806042 9806044 9806049 9806065 9806066 9806071 9806074 9806075 9806080 9806081 9806082 9806087 9806089 9806091 9806092 9806095 9806096 9806103 9806104 9806108 9806109 9806113 9806119 9806122 9806125 9806128 9806131 9806132 9806136 9806141 9806143 9509108 9806158 9806159 9806162 9806166 9806171 9806173 9806177 9806178 9806180 9806188 9806194 9806195 9806197 9806213 9806216 9806217 9806224 9806226 9806235 9806240 9807008 9807011 9807019 9807033 9807034 9807046 9807071 9807076 9807080 9807082 9807090 9807093 9807097 9807098 9807109 9807115 9809213 9807135 9807137 9807140 9807149 9807150 9807156 9807164 9807173 9807179 9807185 9807195 9807196 9807200 9811010 9807205 9807206 9807208 9807213 9807216 9807223 9807225 9807226 9807230 9807235 9807240 9807241 9808002 9808006 9808014 9808019 9808020 9808032 9808035 9808037 9808038 9808039 9808048 9808051 9808052 9808056 9808060 9808075 9808079 9808081 9808086 9808088 9808095 9808100 9808117 9808124 9808126 9808138 9808139 9808143 9808146 9808149 9808157 9808161 9808162 9808168 9808172 9808175 9808177 9808182 9808183 9808184 9808185 9808188 9808191 9808192 9809009 9809021 9809027 9809032 9809033 9809039 9809045 9809055 9809057 9809059 9809061 9809067 9809070 9809073 9809076 9809106 9809124 9809132 9809133 9809145 9809147 9809158 9809162 9809164 9809172 9809174 9809179 9809181 9809188 9809193 9809204 9810008 9810010 9810021 9810024 9810051 9810053 9810063 9810066 9810069 9810075 9810083 9810092 9810102 9810123 9810126 9810129 9810132 9810135 9810136 9810140 9810142 9810146 9810148 9810151 9810154 9810155 9810186 9810194 9810195 9810200 9810201 9810203 9810205 9810206 9810210 9810224 9810225 9810226 9810243 9810244 9810250 9810254 9811002 9811004 9811005 9811019 9811028 9811033 9811035 9811037 9811042 9811047 9811048 9811049 9811056 9811057 9811060 9811089 9811097 9811106 9811107 9811120 9811122 9811126 9811131 9811134 9811139 9811140 9811141 9811146 9811147 9811152 9811156 9811162 9811167 9811172 9811183 9811192 9811193 9811201 9811204 9811208 9811224 9811230 9811245 9811257 9811258 9812007 9812012 9812016 9812025 9812027 9812032 9812034 9812035 9812037 9812038 9812039 9812044 9812046 9812047 9812062 9812066 9812067 9812072 9812073 9812087 9812089 9812092 9812093 9812097 9812100 9812109 9812114 9812117 9812118 9812121 9812126 9812158 9812161 9812163 9812165 9812169 9812183 9812187 9812194 9812196 9812206 9812216 9812218 9812220 9812226 9812237 9812238 9812239 9812240 9812250 9812252 
10: 9801038 9710214 9711181 9801165 9803231 9808181 9810090 
11: 9610043 9612115 9801084 9705128 9708123 9711073 9802085 9802164 9806139 9810237 9812177 
12: 9801030 9510209 9602070 9603142 9605136 9608019 9609209 9702110 9704177 9706171 9707143 9708031 9709043 9710208 9711158 9711197 9601150 9608173 9801087 9606036 9701048 9707208 9707223 9709049 9709214 9711080 9801123 9712214 9511203 9801204 9802111 9802148 9803235 9611196 9804096 9806022 9806051 9807124 9808101 9808122 9810155 9811133 9811168 9812052 9812086 
13: 9705199 9705232 9708118 9407087 9604034 9408099 9411048 9505100 9505150 9706110 9509175 9609239 9602073 9603136 9607076 9607202 9608060 9508155 9503163 9505062 9609041 9610156 9701055 9601108 9804009 9507032 9606199 9701170 9804105 9804151 9805051 9805172 9806144 
14: 9611173 9801202 9607227 9611008 9710223 9802032 9303156 9312168 9803041 9804051 9807202 
15: 9802015 9707163 9802074 9805150 9808140 
16: 9802036 9408081 9803237 9806150 9808189 
17: 9611050 9510169 9601150 9604119 9712004 9711043 9705162 9603123 9707217 9704120 9708086 9802199 9706117 9707011 9707113 9704131 9805205 9806069 9806120 9806169 9809039 9811021 9812188 9812224 9812225 
18: 9711200 9610043 9703030 9504150 9803027 9612021 9612073 9612083 9705242 9803170 9209049 9307111 9806133 9807035 9808120 9809165 9810158 9811083 9811254 
19: 9803122 9312108 9803234 9810011 9810057 
20: 9802105 9710147 9804004 9805094 9806084 9809149 9810067 
21: 9704214 9703147 9710142 9803176 9804010 9710250 9711135 9712128 9804168 9806147 9810137 
22: 9510017 9601038 9512077 9403040 9604091 9701137 9603167 9604156 9510227 9511194 9704006 9803194 9805019 9612215 9708075 9805170 9806155 9807138 9808141 9809111 9810188 9811064 9812003 9812031 9812135 9812226 
23: 9503097 9802030 9803084 9803121 9803156 9803178 9803210 9804096 9804106 9805012 9805032 9805164 9805167 9805181 9806093 9807051 9807100 
24: 9512223 9802012 9702107 9802049 9802108 9804174 9805168 9805201 9806034 9806237 9807172 9811041 9811112 9811179 
25: 9701060 9803184 9803200 9710171 9804071 9804118 9805184 9809050 9809098 9811039 
26: 9407087 9804124 9805106 9809068 9812232 
27: 9801046 9306044 9804050 9805185 9806184 
28: 9510017 9611050 9602052 9801110 9701190 9702037 9705130 9707068 9802088 9805091 9809070 9810150 9812031 9812200 
29: 9510135 9801127 9612120 9804065 9808124 9811116 
30: 9510135 9610043 9611042 9611202 9704080 9711162 9711165 9709220 9710009 9612115 9701125 9801147 9712201 9801170 9801182 9802052 9712168 9802068 9802069 9807198 9810099 9803031 9803044 9803067 9803088 9803166 9804120 9806099 9804188 9805034 9808128 9809039 9810072 9810116 9810179 9810185 9810219 9811159 9811213 9812143 9812172 9812219 
31: 9801024 9709109 9803063 9803133 9805153 9808186 9810167 
32: 9308116 9508148 9807106 9807163 9807233 9811249 
33: 9709224 9802160 9804033 9805081 9806055 9808109 
34: 9610193 9807069 9808129 9811077 9811171 9811176 
35: 9801057 9603161 9604030 9605200 9701162 9701165 9705174 9706093 9802202 9803072 9808159 
36: 9510017 9611050 9508143 9510135 9412184 9503124 9610043 9608024 9612121 9510209 9603142 9510169 9710231 9512077 9410167 9702201 9712004 9712072 9501068 9401139 9603127 9705091 9611190 9801132 9505162 9611203 9603167 9801182 9511026 9512078 9802051 9802067 9803072 9806199 9809039 9811019 
37: 9504006 9512143 9805152 9805199 9811180 9812026 
38: 9603087 9604179 9705011 9507158 9608116 9606139 9702202 9710129 9803163 9803216 9803260 9805073 9805176 9806040 9811024 9811034 9812087 
39: 9211021 9703150 9705035 9706221 9801073 9806230 9806233 9808063 
40: 9409089 9802150 9805114 9806039 9811051 9812043 
41: 9403195 9407087 9408099 9411048 9506102 9509161 9509162 9510129 9510183 9605090 9607109 9801061 9411102 9505035 9709193 9711108 9712062 9510101 9511126 9512161 9707120 9610156 9802007 9701014 9802130 9802185 9803126 9803217 9804086 9804104 9805051 9805172 9806015 9806032 9811214 9812055 
42: 9510017 9801110 9706186 9803096 9805019 9812031 
43: 9411149 9402044 9801173 9612207 9710001 9712116 9803087 9804061 9803139 
44: 9611230 9703166 9607201 9508143 9510135 9407087 9602064 9602077 9408099 9602022 9801067 9603009 9610251 9705031 9709013 9710116 9711013 9711094 9711130 9711202 9712050 9712070 9712180 9712211 9605150 9612062 9402032 9801205 9606044 9608005 9608186 9802033 9602082 9605199 9701185 9704011 9802168 9802189 9803097 9803127 9803142 9803194 9804114 9804139 9804160 9804164 9804174 9804210 9805076 9805096 9805220 9806011 9806126 9806159 9807117 9808185 9809026 9811064 9811087 9812028 9812037 9812049 9812081 9812209 9812227 
45: 9610043 9701025 9703030 9611042 9804121 9709029 9805071 9807232 9808124 9812120 
46: 9402044 9510148 9612207 9710001 9803139 9810014 9811119 9812155 
47: 9510017 9801110 9803096 9810150 9811251 
48: 9703166 9706109 9704044 9708122 9711030 9604004 9606191 9703197 9707017 9801159 9802067 9804029 9804097 9805048 
49: 9705046 9704098 9711107 9803117 9803265 9804199 9809103 9809130 
50: 9705236 9706009 9707025 9707041 9802029 9807123 9811092 9812164 
51: 9411149 9509066 9703072 9604004 9801146 9507013 9508002 9603206 9703197 9707017 9801157 9803146 9804068 9804097 9808114 9808178 
52: 9801057 9602114 9603161 9605131 9701162 9701165 9705104 9802093 9802194 9805206 9806094 9811129 
53: 9711200 9802109 9802150 9803138 9805125 9809204 
54: 9801034 9701139 9704041 9704158 9705055 9803088 9806139 9810237 
55: 9610043 9704080 9709220 9710009 9801047 9804034 9805070 9807229 
56: 9603087 9609212 9711043 9708003 9803040 9804202 9805209 9812014 
57: 9707126 9804176 9811013 9811228 9812093 9812154 
58: 9706082 9706109 9801060 9707244 9802067 9805123 9809133 9809173 
59: 9711162 9711165 9507121 9712071 9802068 9802069 9804027 9805045 9812172 
60: 9711138 9801076 9801145 9803083 9804129 
61: 9407087 9510101 9803054 9803123 9804124 9804126 9808156 
62: 9610043 9709091 9710217 9710226 9711005 9712063 9801070 9802173 9806214 9806240 9808035 
63: 9610043 9704080 9709091 9709108 9710217 9710226 9711005 9801070 9806225 9806242 9806245 
64: 9611050 9510135 9608024 9801127 9701125 9801182 9804018 9804180 9806199 9808124 
65: 9510101 9804027 9804069 9806238 9808175 
66: 9602114 9603161 9701162 9705104 9805056 9805189 9805206 9807087 
67: 9603009 9711094 9711130 9711202 9712050 9712070 9712211 9801205 9803135 9803097 9803111 9804141 
68: 9510182 9506112 9804014 9804176 9808131 9811228 
69: 9702014 9703166 9802067 9805142 9806170 9812097 
70: 9601029 9801019 9204099 9602043 9711138 9712251 9801048 9801053 9801064 9807171 
71: 9610043 9802042 9802150 9805136 9806178 9808183 
72: 9711138 9803090 9803259 9810123 9811107 
