# The graph of directed at k=5
# from /Users/bogna/dev/role-mining/datasets/hepth/timeslots/cit-HepTh-1998.edges
# at no lower link weight threshold,
# and at no upper link weight threshold.
# Links were treated as directed.
# No time limit was set for the clique search.

1 27 3
4 9 3
5 9 3
5 18 1
5 44 1
5 53 1
6 9 2
6 36 2
6 44 1
6 72 1
7 34 2
9 10 1
9 11 1
9 12 5
9 13 4
9 14 1
9 17 3
9 18 2
9 22 4
9 28 3
9 29 2
9 30 8
9 35 1
9 36 21
9 38 1
9 40 3
9 42 1
9 43 1
9 44 10
9 45 2
9 47 1
9 48 4
9 51 2
9 52 2
9 53 5
9 55 5
9 57 1
9 58 5
9 60 5
9 61 1
9 62 3
9 63 2
9 64 6
9 65 1
9 66 2
9 67 3
9 69 5
9 70 5
9 71 5
9 72 4
11 18 1
11 30 2
11 36 1
11 45 1
11 54 2
11 55 1
11 62 1
11 63 1
11 71 1
12 17 1
12 23 1
12 36 2
13 26 1
13 41 6
13 44 2
13 61 1
17 28 1
17 30 1
17 36 4
17 56 1
17 64 1
18 30 1
18 36 1
18 45 2
18 53 1
18 55 1
18 62 1
18 63 1
18 71 1
22 28 2
22 36 3
22 42 3
22 44 2
22 47 1
24 44 1
26 41 1
26 44 1
26 61 2
28 36 2
28 42 3
28 47 3
28 64 1
29 30 1
29 36 1
29 44 1
29 45 1
29 64 3
30 36 4
30 44 1
30 45 2
30 54 1
30 55 4
30 59 5
30 62 1
30 63 2
30 64 3
30 71 1
35 36 1
35 52 4
35 66 2
36 42 1
36 44 2
36 45 1
36 47 1
36 48 1
36 55 1
36 58 1
36 62 1
36 63 1
36 64 5
36 69 1
36 71 1
38 56 1
40 53 1
40 71 1
41 44 2
41 61 2
41 65 1
42 47 3
43 46 4
43 51 1
44 48 1
44 61 1
44 64 1
44 67 9
44 69 1
45 55 1
45 62 1
45 63 1
45 64 1
45 71 1
48 51 4
48 58 2
48 69 2
52 66 5
53 71 1
55 62 1
55 63 2
55 71 1
57 68 2
58 69 1
59 65 1
60 70 1
60 72 1
61 65 1
62 63 6
62 71 1
63 71 1
70 72 1
