# The links inside the directed communities at k=12
# from /Users/bogna/dev/role-mining/datasets/hepth/timeslots/cit-HepTh-1998.edges
# at no lower link weight threshold,
# and at no upper link weight threshold.
# Links were treated as directed.
# No time limit was set for the clique search.

0:
9802109 9711200
9803251 9711200
9804035 9711200
9804058 9711200
9804083 9711200
9805105 9711200
9805145 9711200
9805162 9711200
9806074 9711200
9806216 9711200
9807097 9711200
9807098 9711200
9808006 9711200
9808037 9711200
9809009 9711200
9809193 9711200
9811057 9711200
9811106 9711200
9802150 9802109
9803251 9802109
9804035 9802109
9804058 9802109
9804083 9802109
9805105 9802109
9805145 9802109
9805162 9802109
9806074 9802109
9806216 9802109
9807097 9802109
9807098 9802109
9808006 9802109
9808037 9802109
9808184 9802109
9809009 9802109
9809193 9802109
9810151 9802109
9811057 9802109
9811106 9802109
9812194 9802109
9812238 9802109
9803251 9802150
9804035 9802150
9804058 9802150
9804083 9802150
9805105 9802150
9805145 9802150
9805162 9802150
9806074 9802150
9806216 9802150
9807097 9802150
9807098 9802150
9808006 9802150
9808037 9802150
9808184 9802150
9809009 9802150
9809193 9802150
9810151 9802150
9811057 9802150
9811106 9802150
9812194 9802150
9812238 9802150
9804035 9803251
9804058 9803251
9804083 9803251
9805145 9803251
9805162 9803251
9806074 9803251
9806216 9803251
9807097 9803251
9807098 9803251
9808006 9803251
9808037 9803251
9808184 9803251
9809009 9803251
9809193 9803251
9810151 9803251
9811057 9803251
9811106 9803251
9812194 9803251
9812238 9803251
9804083 9804035
9805105 9804035
9805162 9804035
9806074 9804035
9806216 9804035
9807097 9804035
9807098 9804035
9808006 9804035
9808037 9804035
9808184 9804035
9809009 9804035
9809193 9804035
9811057 9804035
9811106 9804035
9812194 9804035
9812238 9804035
9804083 9804058
9805105 9804058
9805145 9804058
9805162 9804058
9806074 9804058
9806216 9804058
9807097 9804058
9807098 9804058
9808006 9804058
9808037 9804058
9808184 9804058
9809009 9804058
9809193 9804058
9810151 9804058
9811057 9804058
9811106 9804058
9812194 9804058
9812238 9804058
9805105 9804083
9805145 9804083
9805162 9804083
9806074 9804083
9806216 9804083
9807097 9804083
9807098 9804083
9808006 9804083
9808037 9804083
9808184 9804083
9809009 9804083
9809193 9804083
9810151 9804083
9811057 9804083
9811106 9804083
9812194 9804083
9812238 9804083
9805145 9805105
9805162 9805105
9806074 9805105
9806216 9805105
9807098 9805105
9808006 9805105
9808037 9805105
9808184 9805105
9809009 9805105
9809193 9805105
9811057 9805105
9811106 9805105
9812238 9805105
9806074 9805145
9806216 9805145
9807097 9805145
9807098 9805145
9808037 9805145
9808184 9805145
9809009 9805145
9809193 9805145
9811057 9805145
9811106 9805145
9812238 9805145
9806074 9805162
9806216 9805162
9807097 9805162
9807098 9805162
9808006 9805162
9808037 9805162
9808184 9805162
9809009 9805162
9809193 9805162
9811057 9805162
9811106 9805162
9812194 9805162
9812238 9805162
9806216 9806074
9807097 9806074
9807098 9806074
9808006 9806074
9808037 9806074
9808184 9806074
9809009 9806074
9809193 9806074
9810151 9806074
9811057 9806074
9811106 9806074
9812194 9806074
9812238 9806074
9807097 9806216
9807098 9806216
9808006 9806216
9808037 9806216
9808184 9806216
9809009 9806216
9809193 9806216
9810151 9806216
9811057 9806216
9811106 9806216
9812238 9806216
9808006 9807097
9808037 9807097
9808184 9807097
9809009 9807097
9809193 9807097
9810151 9807097
9811057 9807097
9811106 9807097
9812194 9807097
9808006 9807098
9808037 9807098
9808184 9807098
9809193 9807098
9811057 9807098
9808037 9808006
9808184 9808006
9809009 9808006
9809193 9808006
9810151 9808006
9811057 9808006
9811106 9808006
9812194 9808006
9809193 9808037
9811057 9808037
9809009 9808184
9809193 9808184
9810151 9808184
9811057 9808184
9811106 9808184
9812194 9808184
9812238 9808184
9809193 9809009
9811057 9809009
9811106 9809009
9812194 9809009
9812238 9809009
9811057 9809193
9811106 9810151
9812238 9811106
1:
9801206 9711138
9802109 9711138
9802150 9711138
9802183 9711138
9802195 9711138
9802198 9711138
9802203 9711138
9803131 9711138
9803263 9711138
9803013 9711138
9803028 9711138
9803051 9711138
9803060 9711138
9803061 9711138
9803077 9711138
9803082 9711138
9803090 9711138
9803109 9711138
9803119 9711138
9803137 9711138
9803167 9711138
9803171 9711138
9803174 9711138
9803193 9711138
9803214 9711138
9803220 9711138
9803231 9711138
9803251 9711138
9804006 9711138
9804058 9711138
9804060 9711138
9804182 9711138
9801206 9711200
9802042 9711200
9802047 9711200
9802109 9711200
9802183 9711200
9802195 9711200
9803001 9711200
9803131 9711200
9803135 9711200
9803002 9711200
9803013 9711200
9803023 9711200
9803028 9711200
9803039 9711200
9803051 9711200
9803061 9711200
9803068 9711200
9803076 9711200
9803077 9711200
9803082 9711200
9803085 9711200
9803090 9711200
9803109 9711200
9803111 9711200
9803119 9711200
9803138 9711200
9803167 9711200
9803174 9711200
9803193 9711200
9803214 9711200
9803220 9711200
9803231 9711200
9803251 9711200
9804006 9711200
9804058 9711200
9804060 9711200
9804093 9711200
9804182 9711200
9805131 9711200
9806041 9711200
9811010 9711200
9808143 9711200
9808182 9711200
9810244 9711200
9801206 9712073
9802047 9712073
9802150 9712073
9802183 9712073
9802195 9712073
9802203 9712073
9803131 9712073
9803039 9712073
9803061 9712073
9803077 9712073
9803085 9712073
9803090 9712073
9803109 9712073
9803119 9712073
9803174 9712073
9803193 9712073
9803220 9712073
9803231 9712073
9804006 9712073
9804058 9712073
9804060 9712073
9801206 9712239
9802047 9712239
9802126 9712239
9802150 9712239
9803131 9712239
9803135 9712239
9803013 9712239
9803028 9712239
9803051 9712239
9803068 9712239
9803076 9712239
9803077 9712239
9803085 9712239
9803111 9712239
9803119 9712239
9803137 9712239
9803167 9712239
9803174 9712239
9803193 9712239
9803214 9712239
9803220 9712239
9803231 9712239
9803251 9712239
9804006 9712239
9804058 9712239
9804060 9712239
9802047 9801206
9802126 9801206
9802150 9801206
9802183 9801206
9802203 9801206
9803131 9801206
9803135 9801206
9803013 9801206
9803028 9801206
9803039 9801206
9803061 9801206
9803077 9801206
9803085 9801206
9803090 9801206
9803109 9801206
9803111 9801206
9803137 9801206
9803174 9801206
9803193 9801206
9803220 9801206
9803231 9801206
9804006 9801206
9804058 9801206
9804060 9801206
9802150 9802042
9802195 9802042
9802203 9802042
9803131 9802042
9803002 9802042
9803028 9802042
9803039 9802042
9803051 9802042
9803061 9802042
9803068 9802042
9803076 9802042
9803077 9802042
9803082 9802042
9803085 9802042
9803090 9802042
9803109 9802042
9803111 9802042
9803119 9802042
9803138 9802042
9803167 9802042
9803174 9802042
9803193 9802042
9803214 9802042
9803220 9802042
9803231 9802042
9804058 9802042
9804060 9802042
9804182 9802042
9806041 9802042
9811010 9802042
9808182 9802042
9802150 9802047
9802195 9802047
9802203 9802047
9803131 9802047
9803028 9802047
9803051 9802047
9803060 9802047
9803061 9802047
9803068 9802047
9803077 9802047
9803090 9802047
9803109 9802047
9803119 9802047
9803137 9802047
9803167 9802047
9803174 9802047
9803193 9802047
9803214 9802047
9803220 9802047
9803231 9802047
9803251 9802047
9804006 9802047
9804058 9802047
9804060 9802047
9804182 9802047
9802150 9802109
9802183 9802109
9802198 9802109
9802203 9802109
9803001 9802109
9803131 9802109
9803135 9802109
9803263 9802109
9803002 9802109
9803023 9802109
9803028 9802109
9803051 9802109
9803053 9802109
9803060 9802109
9803061 9802109
9803068 9802109
9803076 9802109
9803077 9802109
9803082 9802109
9803085 9802109
9803109 9802109
9803111 9802109
9803119 9802109
9803137 9802109
9803138 9802109
9803167 9802109
9803171 9802109
9803174 9802109
9803193 9802109
9803214 9802109
9803220 9802109
9803231 9802109
9803251 9802109
9804006 9802109
9804058 9802109
9804060 9802109
9804093 9802109
9804182 9802109
9805131 9802109
9806041 9802109
9811010 9802109
9808143 9802109
9808182 9802109
9810244 9802109
9802126 9802116
9802150 9802116
9802183 9802116
9802195 9802116
9802203 9802116
9803131 9802116
9803135 9802116
9803263 9802116
9803002 9802116
9803023 9802116
9803028 9802116
9803051 9802116
9803060 9802116
9803061 9802116
9803076 9802116
9803077 9802116
9803082 9802116
9803085 9802116
9803090 9802116
9803109 9802116
9803111 9802116
9803137 9802116
9803138 9802116
9803167 9802116
9803174 9802116
9803193 9802116
9803214 9802116
9803220 9802116
9803231 9802116
9804006 9802116
9804060 9802116
9804182 9802116
9805131 9802116
9806041 9802116
9802150 9802126
9802203 9802126
9803131 9802126
9803135 9802126
9803013 9802126
9803085 9802126
9803111 9802126
9803137 9802126
9803174 9802126
9803220 9802126
9803231 9802126
9804006 9802126
9804060 9802126
9802183 9802150
9802195 9802150
9802198 9802150
9802203 9802150
9803001 9802150
9803131 9802150
9803135 9802150
9803263 9802150
9803002 9802150
9803013 9802150
9803023 9802150
9803028 9802150
9803039 9802150
9803051 9802150
9803053 9802150
9803060 9802150
9803061 9802150
9803068 9802150
9803076 9802150
9803077 9802150
9803082 9802150
9803085 9802150
9803090 9802150
9803109 9802150
9803111 9802150
9803119 9802150
9803137 9802150
9803138 9802150
9803167 9802150
9803171 9802150
9803174 9802150
9803193 9802150
9803214 9802150
9803220 9802150
9803231 9802150
9803251 9802150
9804006 9802150
9804058 9802150
9804060 9802150
9804093 9802150
9804182 9802150
9805131 9802150
9806041 9802150
9811010 9802150
9808143 9802150
9810244 9802150
9802195 9802183
9803131 9802183
9803135 9802183
9803263 9802183
9803015 9802183
9803023 9802183
9803028 9802183
9803039 9802183
9803051 9802183
9803060 9802183
9803061 9802183
9803076 9802183
9803077 9802183
9803082 9802183
9803085 9802183
9803090 9802183
9803109 9802183
9803111 9802183
9803119 9802183
9803137 9802183
9803138 9802183
9803167 9802183
9803174 9802183
9803193 9802183
9803214 9802183
9803220 9802183
9803231 9802183
9803251 9802183
9804006 9802183
9804058 9802183
9804060 9802183
9804093 9802183
9804182 9802183
9805131 9802183
9806041 9802183
9811010 9802183
9808143 9802183
9808182 9802183
9810244 9802183
9803131 9802195
9803263 9802195
9803039 9802195
9803051 9802195
9803060 9802195
9803061 9802195
9803076 9802195
9803077 9802195
9803082 9802195
9803085 9802195
9803109 9802195
9803111 9802195
9803119 9802195
9803137 9802195
9803138 9802195
9803167 9802195
9803174 9802195
9803193 9802195
9803214 9802195
9803220 9802195
9803231 9802195
9803251 9802195
9804006 9802195
9804058 9802195
9804060 9802195
9804093 9802195
9804182 9802195
9805131 9802195
9806041 9802195
9811010 9802195
9808143 9802195
9808182 9802195
9810244 9802195
9803131 9802198
9803263 9802198
9803028 9802198
9803051 9802198
9803077 9802198
9803082 9802198
9803119 9802198
9803167 9802198
9803174 9802198
9803193 9802198
9803214 9802198
9803220 9802198
9804060 9802198
9804182 9802198
9803131 9802203
9803135 9802203
9803263 9802203
9803013 9802203
9803023 9802203
9803028 9802203
9803039 9802203
9803051 9802203
9803053 9802203
9803060 9802203
9803061 9802203
9803068 9802203
9803076 9802203
9803077 9802203
9803082 9802203
9803085 9802203
9803109 9802203
9803111 9802203
9803137 9802203
9803138 9802203
9803167 9802203
9803171 9802203
9803174 9802203
9803193 9802203
9803214 9802203
9803220 9802203
9803231 9802203
9803251 9802203
9804006 9802203
9804058 9802203
9804060 9802203
9804182 9802203
9805131 9802203
9806041 9802203
9803001 9803131
9803001 9803135
9803001 9803263
9803023 9803001
9803028 9803001
9803051 9803001
9803060 9803001
9803076 9803001
9803077 9803001
9803082 9803001
9803085 9803001
9803090 9803001
9803109 9803001
9803111 9803001
9803137 9803001
9803138 9803001
9803167 9803001
9803174 9803001
9803214 9803001
9803220 9803001
9803231 9803001
9803251 9803001
9804006 9803001
9804058 9803001
9804060 9803001
9804182 9803001
9805131 9803001
9806041 9803001
9811010 9803001
9808182 9803001
9803135 9803131
9803263 9803131
9803131 9803002
9803131 9803013
9803131 9803015
9803131 9803023
9803131 9803028
9803131 9803039
9803131 9803051
9803131 9803053
9803131 9803061
9803131 9803068
9803131 9803076
9803131 9803077
9803131 9803082
9803131 9803085
9803131 9803109
9803131 9803111
9803131 9803119
9803167 9803131
9803171 9803131
9803174 9803131
9803193 9803131
9803214 9803131
9803220 9803131
9803231 9803131
9803251 9803131
9804006 9803131
9804058 9803131
9804060 9803131
9804182 9803131
9805131 9803131
9806041 9803131
9808182 9803131
9803135 9803002
9803135 9803053
9803135 9803076
9803135 9803085
9803135 9803111
9803167 9803135
9803174 9803135
9803214 9803135
9803220 9803135
9803231 9803135
9804006 9803135
9804058 9803135
9804060 9803135
9805131 9803135
9803263 9803002
9803263 9803013
9803263 9803023
9803263 9803028
9803263 9803051
9803263 9803076
9803263 9803082
9803263 9803109
9803263 9803111
9803263 9803119
9803263 9803167
9803263 9803174
9803263 9803193
9804058 9803263
9804060 9803263
9804182 9803263
9803023 9803002
9803028 9803002
9803051 9803002
9803060 9803002
9803061 9803002
9803076 9803002
9803077 9803002
9803082 9803002
9803085 9803002
9803090 9803002
9803109 9803002
9803111 9803002
9803137 9803002
9803138 9803002
9803167 9803002
9803174 9803002
9803193 9803002
9803214 9803002
9803220 9803002
9803231 9803002
9803251 9803002
9804006 9803002
9804058 9803002
9804060 9803002
9804182 9803002
9805131 9803002
9806041 9803002
9811010 9803002
9808182 9803002
9803028 9803013
9803051 9803013
9803060 9803013
9803077 9803013
9803082 9803013
9803085 9803013
9803111 9803013
9803137 9803013
9803167 9803013
9803174 9803013
9803193 9803013
9803214 9803013
9803220 9803013
9803231 9803013
9804006 9803013
9804058 9803013
9804060 9803013
9804182 9803013
9803028 9803015
9803039 9803015
9803051 9803015
9803060 9803015
9803061 9803015
9803076 9803015
9803077 9803015
9803085 9803015
9803109 9803015
9803111 9803015
9803119 9803015
9803167 9803015
9803174 9803015
9803193 9803015
9803214 9803015
9803220 9803015
9803231 9803015
9804006 9803015
9804060 9803015
9804093 9803015
9804182 9803015
9805131 9803015
9806041 9803015
9811010 9803015
9808143 9803015
9808182 9803015
9803028 9803023
9803051 9803023
9803076 9803023
9803077 9803023
9803082 9803023
9803085 9803023
9803119 9803023
9803167 9803023
9803174 9803023
9803193 9803023
9803214 9803023
9803220 9803023
9804058 9803023
9804060 9803023
9804182 9803023
9803051 9803028
9803060 9803028
9803077 9803028
9803082 9803028
9803090 9803028
9803109 9803028
9803119 9803028
9803137 9803028
9803138 9803028
9803167 9803028
9803174 9803028
9803220 9803028
9803231 9803028
9803251 9803028
9804006 9803028
9804058 9803028
9804182 9803028
9805131 9803028
9803051 9803039
9803060 9803039
9803061 9803039
9803077 9803039
9803082 9803039
9803085 9803039
9803090 9803039
9803109 9803039
9803119 9803039
9803137 9803039
9803167 9803039
9803174 9803039
9803193 9803039
9803214 9803039
9803220 9803039
9803231 9803039
9804006 9803039
9804058 9803039
9804060 9803039
9804182 9803039
9805131 9803039
9803060 9803051
9803068 9803051
9803076 9803051
9803077 9803051
9803082 9803051
9803085 9803051
9803090 9803051
9803109 9803051
9803111 9803051
9803119 9803051
9803137 9803051
9803138 9803051
9803167 9803051
9803174 9803051
9803193 9803051
9803214 9803051
9803220 9803051
9803231 9803051
9803251 9803051
9804006 9803051
9804058 9803051
9804060 9803051
9804093 9803051
9804182 9803051
9805131 9803051
9806041 9803051
9811010 9803051
9808143 9803051
9808182 9803051
9810244 9803051
9803060 9803053
9803068 9803053
9803077 9803053
9803085 9803053
9803109 9803053
9803111 9803053
9803119 9803053
9803137 9803053
9803138 9803053
9803167 9803053
9803174 9803053
9803193 9803053
9803214 9803053
9803220 9803053
9803231 9803053
9803251 9803053
9804006 9803053
9804058 9803053
9804060 9803053
9804182 9803053
9805131 9803053
9806041 9803053
9803090 9803060
9803109 9803060
9803111 9803060
9803119 9803060
9803167 9803060
9803193 9803060
9803214 9803060
9803231 9803060
9804006 9803060
9804058 9803060
9804060 9803060
9804182 9803060
9805131 9803060
9803090 9803061
9803109 9803061
9803111 9803061
9803167 9803061
9803171 9803061
9803174 9803061
9803193 9803061
9803214 9803061
9803220 9803061
9803231 9803061
9803251 9803061
9804006 9803061
9804058 9803061
9804060 9803061
9805131 9803061
9803109 9803068
9803111 9803068
9803119 9803068
9803137 9803068
9803167 9803068
9803174 9803068
9803214 9803068
9803220 9803068
9803231 9803068
9803251 9803068
9804006 9803068
9804058 9803068
9804060 9803068
9804093 9803068
9804182 9803068
9805131 9803068
9806041 9803068
9811010 9803068
9808143 9803068
9808182 9803068
9803109 9803076
9803111 9803076
9803119 9803076
9803137 9803076
9803167 9803076
9803174 9803076
9803193 9803076
9803214 9803076
9803220 9803076
9803231 9803076
9803251 9803076
9804006 9803076
9804058 9803076
9804060 9803076
9805131 9803076
9806041 9803076
9803090 9803077
9803109 9803077
9803111 9803077
9803119 9803077
9803138 9803077
9803167 9803077
9803193 9803077
9803214 9803077
9803220 9803077
9803231 9803077
9803251 9803077
9804006 9803077
9804058 9803077
9804060 9803077
9804093 9803077
9804182 9803077
9805131 9803077
9806041 9803077
9811010 9803077
9808143 9803077
9808182 9803077
9810244 9803077
9803167 9803082
9803174 9803082
9803193 9803082
9803214 9803082
9803220 9803082
9804060 9803082
9804182 9803082
9803111 9803085
9803137 9803085
9803167 9803085
9803174 9803085
9803193 9803085
9803214 9803085
9803220 9803085
9803231 9803085
9804006 9803085
9804058 9803085
9804060 9803085
9805131 9803085
9803109 9803090
9803220 9803090
9803231 9803090
9804006 9803090
9804058 9803090
9804060 9803090
9804182 9803090
9803137 9803109
9803167 9803109
9803174 9803109
9803193 9803109
9803214 9803109
9803220 9803109
9803231 9803109
9803251 9803109
9804006 9803109
9804058 9803109
9804060 9803109
9804093 9803109
9804182 9803109
9805131 9803109
9806041 9803109
9811010 9803109
9808143 9803109
9808182 9803109
9810244 9803109
9803137 9803111
9803167 9803111
9803174 9803111
9803193 9803111
9803214 9803111
9803220 9803111
9803231 9803111
9803251 9803111
9804006 9803111
9804058 9803111
9804060 9803111
9803137 9803119
9803167 9803119
9803174 9803119
9803193 9803119
9803220 9803119
9803231 9803119
9803251 9803119
9804006 9803119
9804058 9803119
9804060 9803119
9804093 9803119
9804182 9803119
9805131 9803119
9806041 9803119
9811010 9803119
9808143 9803119
9808182 9803119
9810244 9803119
9803167 9803137
9803174 9803137
9803214 9803137
9803220 9803137
9803231 9803137
9803251 9803137
9804006 9803137
9804058 9803137
9804060 9803137
9805131 9803137
9803167 9803138
9803174 9803138
9803193 9803138
9803214 9803138
9803220 9803138
9803231 9803138
9804006 9803138
9804058 9803138
9804182 9803138
9803171 9803167
9803174 9803167
9803193 9803167
9803214 9803167
9803220 9803167
9803231 9803167
9803251 9803167
9804006 9803167
9804058 9803167
9804060 9803167
9804093 9803167
9804182 9803167
9805131 9803167
9806041 9803167
9811010 9803167
9808143 9803167
9808182 9803167
9810244 9803167
9803214 9803171
9803220 9803171
9803231 9803171
9804006 9803171
9804058 9803171
9804060 9803171
9803214 9803174
9803220 9803174
9803231 9803174
9803251 9803174
9804006 9803174
9804182 9803174
9805131 9803174
9803214 9803193
9803220 9803193
9803231 9803193
9803251 9803193
9804006 9803193
9804060 9803193
9805131 9803193
9803220 9803214
9804006 9803214
9804058 9803214
9804060 9803214
9805131 9803214
9806041 9803214
9811010 9803214
9808143 9803214
9808182 9803214
9803231 9803220
9803251 9803220
9804006 9803220
9804058 9803220
9804060 9803220
9804182 9803220
9804006 9803231
9804058 9803231
9804060 9803231
9804182 9803231
9804058 9803251
9804060 9803251
9804182 9803251
9805131 9803251
9804058 9804006
9804060 9804006
9804182 9804006
9805131 9804006
9804182 9804058
9805131 9804058
9804093 9804060
9805131 9804060
9806041 9804060
9811010 9804060
9808143 9804060
9808182 9804060
9810244 9804060
9805131 9804093
9806041 9804093
9811010 9804093
9808143 9804093
9808182 9804093
9810244 9804093
9805131 9804182
9806041 9805131
9810244 9805131
9811010 9806041
9808143 9806041
9808182 9806041
9810244 9806041
9811010 9808143
9811010 9808182
9808182 9808143
9810244 9808143
2:
9801206 9711138
9802126 9711138
9802150 9711138
9802203 9711138
9803131 9711138
9803013 9711138
9803137 9711138
9803171 9711138
9803220 9711138
9803231 9711138
9804006 9711138
9804060 9711138
9802126 9801206
9802150 9801206
9802203 9801206
9803131 9801206
9803013 9801206
9803137 9801206
9803171 9801206
9803220 9801206
9803231 9801206
9804006 9801206
9804060 9801206
9802150 9802126
9802203 9802126
9803131 9802126
9803013 9802126
9803137 9802126
9803171 9802126
9803220 9802126
9803231 9802126
9804006 9802126
9804060 9802126
9802203 9802150
9803131 9802150
9803013 9802150
9803137 9802150
9803171 9802150
9803220 9802150
9803231 9802150
9804006 9802150
9804060 9802150
9803131 9802203
9803013 9802203
9803137 9802203
9803171 9802203
9803220 9802203
9803231 9802203
9804006 9802203
9804060 9802203
9803131 9803013
9803171 9803131
9803220 9803131
9803231 9803131
9804006 9803131
9804060 9803131
9803137 9803013
9803171 9803013
9803220 9803013
9803231 9803013
9804006 9803013
9804060 9803013
9803171 9803137
9803220 9803137
9803231 9803137
9804006 9803137
9804060 9803137
9803220 9803171
9803231 9803171
9804006 9803171
9804060 9803171
9803231 9803220
9804006 9803220
9804060 9803220
9804006 9803231
9804060 9803231
9804060 9804006
