# The directed communities at k=4
# from /Users/bogna/dev/role-mining/datasets/enron/timeslots/10-2000.edges
# at no lower link weight threshold,
# and at no upper link weight threshold.
# Links were treated as directed.
# No time limit was set for the clique search.

0: 1070 786 10204 29144 4214 4564 4577 4585 730 7475 807 10226 4 3213 17234 2878 3468 3716 5604 10260 1212 1230 1363 14026 14027 14474 14480 151 17721 19097 27547 28207 33667 33670 3697 3704 3850 4163 4220 4589 4703 5024 5287 5529 5580 5588 5611 7838 8129 8594 971 103 10389 10808 111 112 11678 117 118 126 196 2105 51 8326 8352 93 10341 10343 179 216 273 3 3228 389 9 91 10351 1061 133 1608 2137 4314 540 544 9045 916 10353 10354 10404 2024 277 401 8336 8349 8351 8627 10374 17266 1050 125 452 527 532 106 1399 148 17292 1888 2050 2839 2842 2848 2980 2986 300 3008 3204 3351 3431 3433 3451 3460 3670 456 5284 5296 5313 5314 5316 5442 5548 6112 930 938 1062 1336 19987 558 641 1063 1066 1079 1323 1593 519 746 919 928 1067 628 1068 1071 1076 1078 1300 1310 1316 1318 1331 1335 1360 531 708 936 35128 603 817 823 857 10760 1849 1850 419 4820 505 547 1077 1321 1548 1552 3713 3734 508 5286 625 713 914 251 11523 3647 4280 7644 825 634 11538 11539 5204 8196 11546 1223 1411 17140 1798 2332 2333 5497 550 597 723 11667 11669 11684 11685 11686 11689 11691 11692 124 127 128 129 130 131 14319 144 146 155 2054 368 382 4217 425 432 445 457 656 6693 11680 11679 11701 11706 15016 281 4250 4503 135 11732 11794 11822 11887 11891 11893 11901 11903 11904 11907 1384 14321 14322 14323 14324 14325 14326 14327 14328 14329 14330 14331 14332 14333 14334 244 249 3117 332 383 416 4458 4722 556 787 9322 954 11778 10 10349 10366 10391 10759 121 170 171 172 178 181 184 186 188 189 190 191 1959 197 201 204 2106 231 233 256 2659 276 30 306 3447 479 5033 510 5753 604 76 78 8327 8334 89 11843 15283 17293 293 719 1185 501 14504 17890 3354 3695 437 444 5277 5290 622 714 736 7742 1199 1233 5905 1213 1189 1241 2373 5683 804 8435 5197 8612 1236 143 1246 1493 20677 1249 1547 616 617 674 722 726 12517 12521 1306 489 1315 1317 1325 1329 1332 1334 1376 1492 1546 448 491 498 509 538 572 598 600 611 623 624 642 663 673 679 686 720 733 735 742 756 762 775 802 835 851 854 856 864 877 905 985 28215 515 592 610 777 849 2169 19985 19986 3701 3727 3728 3927 4857 4961 4978 5502 6017 774 7826 13320 1375 17175 17193 17265 3283 3284 3293 3298 3303 3307 3382 3722 3731 3735 3863 3870 3932 4623 4979 5293 5381 5519 5541 5601 6781 1364 1540 581 3480 5414 889 1393 15766 1414 1415 2049 2960 3006 3231 429 2073 542 8431 1412 142 789 123 134 3046 3180 439 518 764 12515 17161 554 14469 453 1539 3292 4717 8634 1516 1527 4504 5358 6692 15272 1528 10382 1069 1538 4334 5412 545 2238 920 2398 1545 1278 4465 711 1573 2234 4859 17235 33768 15810 2934 3214 3395 874 1589 1295 1328 1549 1550 499 607 690 693 927 953 982 2886 2939 2978 3230 3702 4213 4278 5191 5294 5319 563 799 939 15936 20746 961 17263 1586 3026 5547 5596 2850 11531 1494 1523 1526 1612 17905 2027 28342 3309 3412 3745 4212 4252 4282 497 5410 546 5630 605 765 871 174 4505 4506 4508 5178 549 645 10352 1813 3838 3198 2288 1279 2392 2654 502 517 5247 562 566 619 696 811 812 828 995 10355 10356 10357 10365 10367 10368 10370 10371 10372 10373 10377 10379 10380 10384 10385 10387 291 292 307 3084 3085 312 58252 68 1891 1894 19495 138 3297 19992 4873 2022 20683 3559 4288 4429 4507 4509 492 5179 5371 5640 5688 5690 2023 205 2962 20575 1245 14902 20586 20668 20670 20676 20679 20682 20698 21520 21525 2262 580 639 890 11673 11702 20684 2092 20934 21491 21521 4333 5037 5373 731 7682 901 9012 925 9323 948 9931 2100 1521 1522 1524 1525 2701 3061 3527 8621 333 4464 543 728 241 24237 24240 11526 11533 11540 1815 2161 2162 24231 24232 24235 24236 24238 24243 24244 24246 24247 24250 24252 2907 3158 3161 3840 3968 3985 4034 4071 4265 4845 4848 4860 5200 5201 5203 5645 6036 6768 7763 24245 26325 6703 267 272 10360 10361 10363 10364 10375 10378 10381 10383 10459 252 275 288 9823 10358 10359 10369 10376 10386 176 32889 32890 9820 28237 28427 5493 28562 28737 28815 28948 28968 3678 29414 29921 2966 34544 3029 3119 7088 3163 3219 3286 17275 35598 27580 7701 3446 3385 34591 46618 46658 4840 5631 4988 6018 10973 24249 3135 3723 4216 21029 3841 4407 6625 101 53394 548 47079 5416 500 553 495 816 5041 1072 5888 2126 700 78254 6792 796 8333 842 
1: 10229 3213 34940 11460 17747 17973 37340 3221 15953 3203 3233 4805 3218 5459 6872 81924 3099 3320 3424 37321 37341 80337 
2: 501 1330 6982 607 
3: 2850 2935 3883 3286 
4: 3015 44582 44588 44590 
5: 3228 8405 8403 8713 
6: 3471 17293 501 1612 5355 5632 3605 3584 52084 52068 
7: 3647 581 871 46589 5633 
8: 4334 5193 3530 5216 4511 3147 5205 3385 3149 3150 3609 3659 465 4858 5210 5212 5215 5218 5220 5222 5208 
9: 634 4873 731 11528 
10: 18198 33768 34506 67244 67240 67274 67308 67350 67351 67353 67354 67459 
11: 68245 68307 14634 68228 68262 68354 68384 68687 68693 68694 68741 68746 68753 68756 68922 68927 69112 69351 69355 69380 69383 69395 69398 69407 69410 69418 69895 69906 70027 70189 70216 70247 70289 70290 70291 70292 70293 70295 70296 70297 70298 70299 70300 70303 70304 70307 70310 70343 70396 70397 70400 69139 70452 
12: 151 9322 429 9313 5041 
13: 10250 17234 2878 33767 3468 15799 15612 18197 18198 5298 15741 17235 15757 15759 15774 17248 15787 15805 15825 17249 34394 4666 17239 3286 7713 
14: 2878 10410 17266 5530 5549 6040 6052 8365 5327 5603 6110 3309 2876 3055 6054 
15: 3351 3670 17239 3894 
16: 807 17740 3604 5468 700 
17: 3015 1819 19888 5447 631 769 782 4728 
18: 544 8431 20740 20764 20771 20813 20827 20743 20857 23056 
19: 544 20742 20753 20767 20807 20768 20848 
20: 20747 21149 20762 20806 
21: 544 20801 20885 20931 21000 21012 22959 
22: 558 5414 28351 3458 
23: 6112 10195 3678 3077 6765 
24: 3231 4666 17077 2893 7713 
25: 527 135 14890 160 
26: 558 13621 28268 28345 28354 
27: 6040 2934 3592 2876 4625 
28: 501 581 5633 9830 
29: 558 1190 3740 501 
30: 558 1552 13621 28397 
31: 17293 501 581 5441 52033 
32: 10250 5315 5604 3231 8634 4666 3481 17263 15813 3918 2966 3286 
33: 11649 11733 12597 12599 14370 14373 13825 13827 
34: 1593 5298 5311 3286 
35: 17234 733 735 497 2846 
36: 787 17293 611 123 4185 
37: 17235 15805 17263 3286 
38: 3228 8365 2850 2844 2935 
