# The links inside the directed communities at k=4
# from /Users/bogna/dev/role-mining/datasets/enron/timeslots/10-2000.edges
# at no lower link weight threshold,
# and at no upper link weight threshold.
# Links were treated as directed.
# No time limit was set for the clique search.

0:
1070 786
1070 641
1300 1070
1310 1070
1070 35128
508 1070
625 1070
713 1070
188 1070
17293 1070
642 1070
756 1070
2398 1070
1589 1070
807 786
786 4163
786 1062
786 1336
786 558
786 641
786 1323
1593 786
928 786
1310 786
786 1331
786 1335
1077 786
786 1552
786 508
625 786
713 786
786 825
786 11680
786 281
786 4250
17293 786
786 714
786 489
786 1329
786 1376
786 498
642 786
786 663
756 786
786 851
515 786
3701 786
786 1375
786 3731
5519 786
786 1540
3480 786
5414 786
786 889
786 3006
786 142
1539 786
786 1516
1528 786
2398 786
3395 786
1589 786
786 607
786 927
3297 786
2023 786
786 2100
333 786
267 786
28427 786
28562 786
28737 786
28948 786
786 28968
34544 786
786 34591
816 786
842 786
10204 29144
10204 4214
10204 4564
10204 4577
10204 4585
10204 730
10204 7475
10204 807
4214 29144
807 29144
4214 4564
4214 4577
4214 4585
7475 4214
4214 807
17293 4214
835 4214
4214 3219
4214 53394
4585 4564
730 4564
7475 4564
17293 4564
835 4564
53394 4564
4585 4577
7475 4577
17293 4577
730 4585
4585 807
17293 4585
4585 835
3219 4585
4585 53394
730 641
730 1066
730 1079
1323 730
730 1076
730 1310
730 1548
508 730
625 730
730 713
730 914
188 730
17293 730
730 1325
730 1334
730 448
730 642
730 720
730 733
756 730
730 835
1528 730
2398 730
1589 730
842 730
7475 807
807 456
1079 807
1593 807
1076 807
807 1300
1310 807
807 857
508 807
625 807
713 807
1492 807
807 720
807 733
756 807
807 835
1393 807
15766 807
1528 807
1589 807
3702 807
3219 807
807 53394
700 807
842 807
10226 4
118 10226
188 10226
5033 10226
2398 10226
174 10226
205 10226
103 4
4 117
4 118
4 196
4 8326
4 93
10341 4
179 4
216 4
4 3228
4 9
9045 4
4 2024
401 4
4 8351
4 251
4 171
4 178
4 181
4 189
4 231
4 256
4 2659
4 276
4 306
4 5033
4 76
78 4
11843 4
293 4
2398 4
174 4
4 10365
4 10387
4 292
4 3085
4 68
205 4
728 4
4 176
32889 4
29414 4
29921 4
4 101
8333 4
6112 3213
425 3213
11904 3213
3213 5290
3213 622
7742 3213
3213 439
3678 3213
2878 17234
17234 3292
8634 17234
17234 17235
17234 33768
3309 17234
2966 17234
151 2878
5529 2878
3292 2878
8634 2878
33768 2878
3309 2878
1079 3468
1593 3468
3468 928
3716 3451
1079 3716
1593 3716
3716 928
3716 3713
3716 5286
3286 3716
3292 5604
8634 5604
17263 5604
10260 1212
10260 1230
10260 1363
10260 14026
10260 14027
10260 14474
10260 14480
10260 151
10260 17721
10260 19097
10260 27547
10260 28207
10260 33667
10260 33670
10260 3697
10260 3704
10260 3850
10260 4163
10260 4220
10260 4589
10260 4703
10260 5024
10260 5287
10260 5529
10260 5580
10260 5588
10260 5611
10260 7838
10260 8129
10260 8594
10260 971
5905 10260
8612 10260
8634 10260
3678 10260
4988 10260
5041 10260
1212 151
1212 5905
4988 1212
14026 1230
1230 151
4589 1230
129 1230
1230 8612
143 1230
3678 1230
6018 1230
151 1363
5905 1363
4988 1363
14474 14026
14026 151
17721 14026
14026 5287
5905 14026
14026 429
4988 14026
14027 151
5905 14027
3678 14027
4988 14027
5905 14474
151 14480
5905 14480
14469 14480
3678 14480
4988 14480
151 17721
151 19097
27547 151
28207 151
33667 151
33670 151
151 3697
151 3704
151 3850
151 4163
151 4220
4589 151
151 4703
151 5024
151 5287
151 5529
151 5580
5588 151
151 5611
151 7838
151 8129
151 8594
151 971
151 10808
6112 151
1593 151
151 124
144 151
151 425
11904 151
151 787
17293 151
151 719
5290 151
151 5905
151 8612
151 143
151 429
151 134
151 439
14469 151
151 3292
151 4717
151 8634
3678 151
3029 151
4988 151
6018 151
5041 151
17721 5905
4988 17721
19097 5905
4988 19097
5905 27547
4988 27547
5905 28207
4988 28207
5905 33667
4988 33667
33670 5905
4988 33670
641 3697
1593 3697
1335 3697
5905 3697
17263 3697
3286 3697
4988 3697
5905 3704
4988 3704
3850 5905
4988 3850
641 4163
4163 142
8634 4163
17263 4163
3297 4163
34544 4163
3286 4163
5905 4220
3292 4220
8634 4220
3678 4220
4988 4220
3678 4589
5041 4589
5905 4703
3678 4703
4988 4703
5905 5024
4988 5024
5588 5287
1593 5287
144 5287
11904 5287
5290 5287
5905 5287
4717 5287
3678 5287
4988 5287
5041 5287
5529 17266
5529 5548
5905 5529
3292 5529
8634 5529
5529 2850
4988 5529
641 5580
1335 5580
8634 5580
17263 5580
3286 5580
8634 5588
5905 5611
8634 5611
4988 5611
5905 7838
8634 7838
4988 7838
5905 8129
3292 8129
8634 8129
3678 8129
4988 8129
8129 5041
17293 8594
5290 8594
5905 8594
14469 8594
3678 8594
4988 8594
5905 971
4988 971
5041 971
103 10389
103 10808
103 11678
103 117
103 118
103 126
103 196
103 8326
103 93
11706 103
11732 103
14334 103
812 103
118 10389
8326 10389
9045 10389
174 10389
29414 10389
29921 10389
2105 10808
916 10808
1050 10808
532 10808
11669 10808
131 10808
155 10808
425 10808
11706 10808
11732 10808
14334 10808
3117 10808
5290 10808
812 10808
890 10808
3029 10808
118 111
188 111
2398 111
174 111
118 112
10341 112
216 112
3228 112
544 112
9045 112
10354 112
277 112
401 112
8351 112
276 112
174 112
68 112
272 112
288 112
29414 112
29921 112
2105 11678
916 11678
11669 11678
11684 11678
11678 11685
131 11678
11678 155
11706 11678
11732 11678
14323 11678
14334 11678
11778 11678
812 11678
118 117
118 196
118 51
118 8326
118 8352
118 10343
118 179
118 3228
118 389
118 9
118 540
9045 118
118 452
118 527
118 106
118 10760
118 505
118 547
118 251
118 723
118 4250
118 10
118 10349
118 10366
118 10391
118 10759
118 121
118 170
118 171
118 172
118 178
118 181
118 184
118 186
118 188
118 189
118 190
118 191
118 1959
118 197
118 201
118 204
118 2106
118 231
118 233
118 256
118 2659
118 276
118 30
118 306
118 3447
118 479
118 5033
118 510
118 604
118 76
118 78
118 8327
118 8334
118 89
11843 118
174 118
3297 118
21525 118
9931 118
842 118
2105 126
916 126
1050 126
532 126
11669 126
131 126
146 126
155 126
425 126
11706 126
11732 126
14334 126
3117 126
383 126
812 126
3678 126
3029 126
188 196
196 231
5033 196
2398 196
174 196
728 196
842 196
2105 133
2105 916
2105 11667
2105 11732
2105 383
2105 416
189 51
479 51
89 51
174 51
8326 93
10341 8326
8326 179
8326 216
8326 3228
9045 8326
401 8326
8326 181
8326 306
78 8326
11843 8326
174 8326
8326 10352
8326 68
32889 8326
29414 8326
29921 8326
8333 8326
216 8352
9045 8352
174 8352
10341 93
9045 93
189 93
276 93
68 93
32889 93
29414 93
10341 179
10341 216
10341 3228
9045 10343
174 10343
9045 179
179 2024
189 179
276 179
11843 179
174 179
179 10352
68 179
29414 179
216 3228
216 544
216 9045
10354 216
216 10404
216 2024
216 277
401 216
216 8336
216 8349
216 8351
216 8627
216 251
216 181
276 216
216 76
174 216
68 216
216 8621
272 216
288 216
29921 216
9045 273
276 273
68 273
272 273
11669 3
11706 3
11732 3
14334 3
3117 3
812 3
3228 544
9045 3228
3228 2024
3228 277
3228 401
3228 8336
3228 8349
3228 8351
3228 170
3228 181
3228 188
3228 233
3228 306
2398 3228
174 3228
205 3228
288 3228
8333 3228
842 3228
78 389
174 389
188 9
2398 9
174 9
3297 9
842 9
9045 91
276 91
68 91
10351 2137
10351 4314
10351 540
10351 544
20668 10351
9931 10351
241 10351
1061 1399
1061 148
1061 17292
1061 1888
1061 2050
1061 2839
1061 2842
1061 2848
1061 2980
1061 2986
1061 300
1061 3008
1061 3204
1061 3351
1061 3431
1061 3433
1061 3460
1061 3670
1061 456
1061 5284
1061 5296
1061 5313
1061 5314
1061 5316
1061 5442
1061 930
1061 938
1593 1061
425 1061
787 1061
17293 1061
143 1061
15810 1061
3745 1061
2100 1061
3678 1061
3446 1061
3385 1061
540 133
916 133
133 527
532 133
11669 133
155 133
11706 133
11732 133
14334 133
3117 133
812 133
3029 133
456 1608
1593 1608
3230 1608
2137 544
2137 527
2137 5753
2137 19495
20575 2137
20586 2137
20668 2137
2137 20670
2137 20679
890 2137
2137 11673
2137 20684
2137 21491
9931 2137
540 4314
544 4314
2022 4314
20668 4314
890 4314
2092 4314
20934 4314
540 544
540 125
540 452
540 527
540 532
540 419
540 505
540 547
1223 540
540 1411
540 550
540 723
540 127
425 540
11680 540
540 281
540 4250
540 4503
954 540
540 1959
540 2106
540 30
540 604
1199 540
540 1189
540 5683
540 804
143 540
1246 540
540 489
491 540
540 1412
540 453
540 1527
540 4504
540 5358
540 15272
174 540
540 4505
540 4506
540 4508
540 645
540 1813
540 2022
540 4288
540 5371
540 5690
20586 540
20668 540
21525 540
890 540
2092 540
20934 540
540 4333
540 5373
731 540
9931 540
540 241
540 548
540 2126
544 125
544 452
544 527
544 532
544 419
544 547
11546 544
1223 544
544 1411
544 17140
544 1798
544 2333
544 550
544 723
544 15016
544 4250
544 4503
544 954
544 1959
544 2106
544 30
544 5753
544 604
544 5277
544 1199
544 1213
2373 544
544 5683
544 804
544 8435
1246 544
1493 544
544 20677
544 489
544 491
544 498
544 1414
544 2073
544 542
544 8431
544 1412
1527 544
544 15272
544 545
544 2398
15936 544
544 20746
544 549
1891 544
1894 544
544 2022
544 4507
544 5688
544 20575
544 20586
544 20668
544 20670
544 20676
544 20679
544 20682
544 20698
544 2262
544 580
544 639
544 890
2092 544
20934 544
544 731
544 901
9931 544
241 544
3840 544
544 500
9045 10353
9045 10354
9045 2024
9045 277
9045 401
9045 8336
9045 8349
9045 8351
9045 10374
9045 106
9045 251
9045 10349
9045 10366
9045 10391
9045 121
9045 172
9045 178
9045 181
9045 186
9045 190
9045 191
9045 197
9045 201
9045 204
9045 256
9045 2659
9045 276
9045 306
9045 3447
9045 76
9045 78
9045 8327
9045 8334
9045 293
9045 10382
174 9045
9045 10352
9045 10355
9045 10356
9045 10357
9045 10365
9045 10367
9045 10368
9045 10370
9045 10371
9045 10372
9045 10373
9045 10377
9045 10379
9045 10380
9045 10384
9045 10385
9045 10387
9045 291
9045 292
9045 307
9045 3084
9045 3085
9045 312
9045 58252
9045 68
9045 272
9045 10360
9045 10361
9045 10363
9045 10364
9045 10375
9045 10378
9045 10381
9045 10383
9045 10459
9045 252
9045 275
9045 288
9045 9823
9045 10358
9045 10359
9045 10369
9045 10376
9045 10386
9045 176
9045 32889
9045 32890
9045 9820
9045 101
532 916
916 11667
916 135
916 11732
916 383
916 416
3029 916
189 10353
276 10353
68 10353
10354 2024
10354 277
10354 401
10354 8336
10354 8349
10354 8351
10354 8627
276 10354
68 10354
272 10354
288 10404
29921 10404
277 2024
401 2024
8351 2024
2024 8627
251 2024
276 2024
174 2024
68 2024
272 2024
288 2024
29414 2024
29921 2024
277 401
277 8336
277 8349
277 8351
10374 277
277 251
276 277
174 277
68 277
272 277
277 288
401 8336
401 8349
401 8351
401 8627
251 401
401 181
276 401
401 76
174 401
68 401
401 8621
272 401
401 252
288 401
29414 401
29921 401
8351 8336
251 8336
276 8336
174 8336
68 8336
272 8336
288 8336
29921 8336
8351 8349
251 8349
276 8349
174 8349
68 8349
272 8349
288 8349
251 8351
276 8351
174 8351
68 8351
272 8351
288 8351
29921 8351
288 8627
29921 8627
276 10374
68 10374
272 10374
17266 8634
17266 2850
1050 125
1050 452
1050 527
1050 532
2238 1050
20668 1050
9323 1050
3029 1050
452 125
125 527
125 532
547 125
723 125
15283 125
804 125
2238 125
1894 125
20668 125
731 125
9931 125
241 125
3029 125
452 527
452 532
505 452
452 547
1798 452
452 723
425 452
11680 452
452 281
452 4250
4503 452
954 452
452 30
452 604
5277 452
1199 452
452 804
1246 452
489 452
491 452
452 1527
174 452
1894 452
2022 452
20575 452
20586 452
20668 452
20676 452
21525 452
890 452
925 452
948 452
9931 452
241 452
3029 452
452 548
78254 452
842 452
527 532
527 148
527 419
527 505
527 547
1798 527
527 550
527 723
527 11667
11669 527
527 11684
11691 527
527 127
527 144
527 146
155 527
527 425
527 457
527 11680
527 11679
11706 527
527 281
527 4250
527 135
11732 527
14323 527
14334 527
3117 527
383 527
527 954
11778 527
527 10759
527 1959
527 2106
527 30
604 527
5277 527
527 804
527 143
1246 527
527 12521
489 527
527 491
527 13320
1527 527
527 5358
527 15272
2238 527
174 527
4508 527
527 2288
812 527
527 1894
527 19495
2022 527
527 492
20668 527
21525 527
890 527
527 11673
925 527
9323 527
948 527
9931 527
241 527
3029 527
842 527
419 532
723 532
532 11691
532 131
532 656
4250 532
532 135
5290 532
1246 532
532 12521
489 532
491 532
13320 532
2238 532
2288 532
532 812
1894 532
20668 532
925 532
9323 532
532 948
9931 532
241 532
3029 532
174 106
2050 1399
456 1399
1593 1399
1399 419
1399 425
787 1399
17293 1399
1399 1233
143 1399
1399 1414
1399 1415
1399 2049
1399 2960
1399 3006
1399 3231
15810 1399
2934 1399
2100 1399
3678 1399
3385 1399
1593 148
823 148
425 148
787 148
17293 148
501 148
489 148
491 148
3745 148
3678 148
3029 148
3351 17292
456 17292
5442 17292
938 17292
2100 17292
3385 17292
425 1888
787 1888
17293 1888
456 2050
1593 2050
17293 2050
2050 2049
2050 2960
2050 3231
2050 2934
2050 3230
2050 5294
2050 3198
2050 2962
2100 2050
3678 2050
3385 2050
2842 2839
2100 2839
3385 2839
2842 3204
456 2842
1593 2842
425 2842
787 2842
2842 3354
2842 437
2842 5290
2842 143
2842 3006
2842 764
15810 2842
2842 2939
2842 2100
2842 3527
2842 5493
3678 2842
3385 2842
5316 2848
2100 2848
3351 2980
456 2980
5442 2980
938 2980
1593 2980
3385 2980
3351 2986
2986 456
5442 2986
2100 2986
3385 2986
456 300
2100 300
3351 3008
456 3008
5442 3008
1593 3008
2100 3008
3385 3008
456 3204
1593 3204
425 3204
787 3204
3204 17293
3204 5290
3204 143
3204 3046
15810 3204
3204 3214
3204 2978
3204 939
3204 3412
2100 3204
3204 2701
3678 3204
3385 3204
3351 3431
3351 3433
3351 3460
3351 3670
3351 456
3351 5313
3351 5442
3351 938
3713 3351
2100 3351
3351 3446
3385 3351
5442 3431
2100 3431
3385 3431
456 3433
5442 3433
3713 3433
2100 3433
1079 3451
1593 3451
5442 3460
2100 3460
3446 3460
3385 3460
5442 3670
3385 3670
456 5284
456 5296
456 5313
456 5314
456 5316
456 930
456 938
1593 456
425 456
456 5290
456 143
456 720
456 2049
15810 456
456 874
456 2978
456 3230
456 5294
456 5319
456 939
17263 456
456 2100
3286 456
1593 5284
2100 5284
5442 5296
938 5296
1593 5296
17293 5296
15810 5296
2100 5296
5442 5313
1593 5313
3713 5313
2100 5313
3446 5313
3385 5313
1593 5314
425 5314
787 5314
5314 17293
5314 143
5314 765
2100 5314
5314 2701
3678 5314
1593 5316
2100 5316
5442 938
5442 3446
3292 5548
8634 5548
425 6112
5290 6112
1593 930
425 930
787 930
17293 930
15810 930
2100 930
3678 930
1593 938
17293 938
2100 938
1062 1336
1062 19987
1062 558
1062 641
1331 1062
1335 1062
825 1062
19987 1336
558 1336
641 1336
1323 1336
1593 1336
746 1336
628 1336
1068 1336
1310 1336
1331 1336
1335 1336
1552 1336
508 1336
625 1336
713 1336
4280 1336
7644 1336
825 1336
1329 1336
756 1336
851 1336
4857 1336
5601 1336
2398 1336
1589 1336
28948 1336
3286 1336
19987 558
641 19987
1323 19987
1331 19987
558 641
558 1323
1593 558
558 746
558 919
1310 558
558 1331
558 1335
1548 558
558 1552
508 558
625 558
713 558
558 4280
558 7644
558 825
188 558
17293 558
558 719
558 501
714 558
558 1329
756 558
558 802
558 851
558 854
558 515
558 592
558 777
849 558
3701 558
558 6017
1375 558
558 3932
558 3480
558 5414
558 889
1516 558
1528 558
2398 558
558 1278
558 4465
558 711
3395 558
1589 558
558 1549
558 1550
558 607
558 927
28342 558
558 5247
558 696
4464 558
267 558
558 28237
558 28427
28562 558
28737 558
28815 558
28948 558
28968 558
842 558
641 1063
641 1066
641 1323
641 1593
641 519
641 746
641 919
928 641
641 1067
641 628
1068 641
1300 641
1310 641
641 1331
641 1335
641 35128
641 1077
641 1548
641 1552
641 508
625 641
713 641
641 4280
641 7644
641 825
641 719
641 622
641 714
641 5197
641 1315
641 1329
641 1334
641 448
641 509
641 600
641 642
756 641
641 851
641 854
641 864
641 592
641 19985
641 19986
641 3701
641 3727
641 3728
641 3927
641 4857
641 4961
641 4978
641 5502
641 6017
641 774
641 7826
641 1375
641 17175
641 17193
641 17265
641 3283
641 3284
641 3293
641 3298
641 3303
641 3307
641 3382
641 3722
641 3731
641 3735
641 3863
641 3870
641 3932
641 4623
641 4979
641 5293
641 5381
641 5519
641 5541
5601 641
641 6781
641 1364
641 1540
641 889
641 3006
641 142
641 518
641 1539
641 545
2398 641
641 1545
641 3395
1589 641
641 607
641 690
953 641
641 982
641 5191
17263 641
641 3026
641 5596
3297 641
641 2100
267 641
641 28237
641 28427
28562 641
28948 641
641 28968
34544 641
3286 641
641 7701
641 5888
1063 1066
1063 1079
1063 1323
1063 1593
1063 519
1063 746
1063 919
1063 928
1335 1063
5197 1063
592 1063
4334 1063
17263 1063
3286 1063
1079 1066
1593 1066
1066 928
1310 1066
508 1066
625 1066
713 1066
188 1066
1492 1066
733 1066
756 1066
1528 1066
2398 1066
1589 1066
3286 1066
842 1066
1079 1593
1079 519
1079 928
1079 1067
1079 1068
1310 1079
1079 936
1079 1321
1079 1548
1079 1552
1079 3713
1079 3734
1079 508
1079 5286
1079 625
1079 713
1079 914
188 1079
1492 1079
733 1079
756 1079
2398 1079
1589 1079
17263 1079
3286 1079
1593 1323
746 1323
1323 1078
1323 1331
1335 1323
1548 1323
1323 1552
508 1323
625 1323
1323 713
1323 7644
1323 825
188 1323
1323 714
1323 726
1323 1306
1323 1329
1323 1334
1323 448
1323 623
1323 624
1323 735
756 1323
851 1323
1323 854
1323 905
1323 28215
1323 515
1323 592
1323 610
1323 777
1323 849
1528 1323
2398 1323
1589 1323
28237 1323
28948 1323
842 1323
1593 519
1593 919
1593 928
1593 1067
1593 1078
1593 1331
1593 1335
1593 1360
1593 708
1593 857
1593 3713
1593 5286
1593 713
1593 425
1593 719
1593 3354
1593 3695
1593 5290
1593 5197
1593 1236
1593 143
1593 617
1593 1334
1593 538
1593 624
1593 663
1593 720
1593 735
1593 835
1593 854
1593 3701
1593 3863
1593 3932
1593 5293
1593 3480
1593 2049
1593 2960
1593 1539
1593 545
1593 3395
1593 874
1593 607
1593 2886
1593 2939
1593 2978
1593 3230
1593 3702
1593 5191
1593 5294
1593 5319
1593 939
3286 1593
928 519
1310 519
505 519
508 519
625 519
713 519
188 519
17293 519
501 519
519 489
491 519
498 519
519 720
733 519
756 519
3701 519
519 889
1539 519
1528 519
2398 519
1589 519
2886 519
925 519
842 519
746 1331
1335 746
1331 919
1335 919
4334 919
17263 919
3838 919
731 919
3286 919
919 4216
1310 928
928 1552
508 928
928 625
713 928
188 928
17293 928
928 719
5197 928
928 489
928 1492
491 928
928 509
928 538
928 600
928 720
928 733
756 928
928 835
928 592
928 610
928 1393
15766 928
928 1528
2398 928
1589 928
928 2886
2654 928
928 562
842 928
1067 628
1068 1067
1310 1067
508 1067
625 1067
713 1067
663 1067
756 1067
4334 1067
545 1067
2398 1067
1589 1067
17263 1067
3286 1067
628 1331
628 1335
1552 628
2398 628
1068 1071
1068 1076
1068 1078
1068 1300
1068 1310
1068 1316
1068 1318
1068 1331
1068 1335
1068 1360
1068 531
1068 708
1068 936
508 1068
625 1068
713 1068
756 1068
2398 1068
1589 1068
1310 1071
508 1071
625 1071
713 1071
501 1071
756 1071
2398 1071
1589 1071
1310 1076
1076 603
1076 817
1076 823
1076 857
508 1076
625 1076
713 1076
501 1076
1249 1076
756 1076
2398 1076
1589 1076
1310 1078
1552 1078
508 1078
625 1078
713 1078
188 1078
1492 1078
733 1078
756 1078
2398 1078
1589 1078
1310 1300
508 1300
625 1300
713 1300
188 1300
501 1300
663 1300
756 1300
2398 1300
1589 1300
1310 1318
1310 1331
1310 1335
1310 1360
1310 531
1310 708
1310 936
1310 603
1310 817
1310 823
1310 857
1310 1077
1310 1548
1310 1552
1310 508
1310 625
1310 713
1310 914
1310 634
188 1310
1310 501
1310 714
1310 616
1310 617
1310 674
1310 722
1310 726
1310 1306
1310 489
1310 1315
1310 1317
1310 1325
1310 1329
1310 1332
1310 1334
1310 1376
1310 1492
1310 1546
1310 448
1310 491
1310 498
1310 509
1310 538
1310 572
1310 598
1310 600
1310 611
1310 623
1310 624
1310 642
1310 663
1310 673
1310 679
1310 686
1310 720
1310 733
1310 735
1310 742
1310 756
1310 762
1310 775
1310 802
1310 835
1310 851
1310 854
1310 856
1310 864
1310 877
1310 905
1310 985
2398 1310
1589 1310
508 1316
625 1316
1316 501
1492 1316
733 1316
756 1316
851 1316
2398 1316
1589 1316
508 1318
625 1318
713 1318
756 1318
2398 1318
1589 1318
1331 1335
508 1331
625 1331
713 1331
1331 4280
1331 7644
1331 825
1331 719
1331 5197
1331 1329
756 1331
851 1331
1331 854
1331 19985
1331 19986
1331 3701
1331 3727
1331 3728
1331 3927
1331 4857
1331 4961
1331 4978
1331 5502
1331 6017
1331 774
1331 7826
5601 1331
1589 1331
28342 1331
28237 1331
28948 1331
625 1335
713 1335
1335 4280
1335 7644
1335 825
1335 719
1335 5197
1335 1329
1335 742
756 1335
851 1335
1335 854
1335 610
1335 19985
1335 19986
1335 3701
1335 3727
1335 3728
1335 3927
1335 4857
1335 4961
1335 4978
1335 5502
1335 6017
1335 774
1335 7826
1335 1375
1335 17175
1335 17193
1335 17265
1335 3283
1335 3284
1335 3293
1335 3298
1335 3303
1335 3307
1335 3382
1335 3722
1335 3731
1335 3735
1335 3863
1335 3870
1335 3932
1335 4623
1335 4979
1335 5293
1335 5381
1335 5519
1335 5541
1335 5601
1335 6781
1589 1335
28948 1335
3286 1335
508 1360
625 1360
713 1360
1492 1360
733 1360
756 1360
2398 1360
1589 1360
17263 1360
3286 1360
508 531
625 531
713 531
188 531
510 531
489 531
756 531
2398 531
1589 531
508 708
625 708
713 708
188 708
1492 708
733 708
756 708
2398 708
1589 708
17263 708
3286 708
508 936
625 936
713 936
756 936
2398 936
1589 936
2398 35128
508 603
625 603
713 603
17293 603
501 603
1249 603
756 603
1528 603
2398 603
1589 603
842 603
508 817
625 817
713 817
188 817
498 817
756 817
1528 817
2398 817
1589 817
842 817
505 823
508 823
625 823
713 823
188 823
17293 823
501 823
1249 823
756 823
1528 823
2398 823
1589 823
823 1612
842 823
713 857
857 1546
733 857
2398 857
1589 857
857 3702
700 857
10760 419
10760 505
10760 547
188 10760
2398 10760
174 10760
20668 10760
890 10760
1849 547
1849 5204
1849 3838
731 1849
24240 1849
419 1850
3838 1850
731 1850
24240 1850
5203 1850
419 4820
419 547
419 11538
419 5204
1798 419
419 723
425 419
787 419
954 419
17293 419
419 1185
419 1233
804 419
419 1236
143 419
489 419
419 1414
419 1415
419 1412
419 3180
4334 419
419 1573
419 4859
419 4213
419 1494
419 1523
419 1526
419 2027
419 4212
419 4282
419 3838
890 419
731 419
2100 419
419 1521
419 1522
419 1524
419 1525
419 3061
419 11526
419 11533
419 11540
419 1815
419 2161
419 2162
419 24231
419 24235
419 24238
419 24243
419 24244
419 24246
419 24247
419 24250
419 3158
419 3161
419 3985
419 4034
419 4071
419 4265
419 4845
419 4848
419 4860
419 5200
419 5201
419 5203
419 5645
419 6036
419 6768
419 7763
419 24245
3678 419
3029 419
419 17275
3385 419
419 10973
419 24249
419 3135
419 3723
419 4216
3838 4820
731 4820
24240 4820
547 505
505 425
188 505
505 30
505 604
505 1189
505 143
505 616
663 505
505 835
505 764
505 1527
4334 505
2398 505
505 4278
174 505
4508 505
505 549
505 828
505 138
2022 505
505 3559
505 4429
20668 505
21525 505
890 505
2092 505
842 505
547 1411
547 550
547 723
547 281
954 547
547 30
547 510
547 604
547 1185
547 1199
547 1189
547 5683
547 804
547 489
491 547
547 663
547 1414
547 1415
547 542
547 1412
547 453
547 1527
4334 547
547 545
547 1573
547 2234
547 4213
547 1494
547 1523
547 1526
547 2027
547 4212
547 4282
174 547
547 549
3838 547
2022 547
20668 547
890 547
2092 547
731 547
547 1522
547 3061
547 2161
547 2162
547 548
547 500
553 547
547 2126
796 547
508 1077
625 1077
713 1077
714 1077
756 1077
1589 1077
34591 1077
842 1077
625 1321
756 1321
2398 1321
508 1548
625 1548
713 1548
1548 825
188 1548
17293 1548
1548 663
756 1548
1528 1548
4334 1548
2398 1548
1589 1548
842 1548
508 1552
625 1552
713 1552
1329 1552
733 1552
1552 610
1552 777
1552 4465
1552 711
1589 1552
2100 3713
3298 3734
17263 3734
3286 3734
508 625
508 713
508 914
508 825
508 634
508 127
508 425
508 501
508 714
508 143
508 1547
508 616
508 617
508 674
508 722
508 726
508 1306
508 489
508 1315
508 1317
508 1325
508 1329
508 1334
508 1376
508 1492
508 1546
508 448
508 491
508 498
508 509
508 538
508 572
508 598
508 600
508 611
508 623
508 624
508 642
508 663
508 673
508 679
508 686
508 720
508 733
508 735
508 742
508 756
508 762
508 775
508 802
508 835
508 851
508 854
508 856
508 864
508 877
508 905
508 985
508 610
508 1364
508 1540
508 889
508 789
508 518
508 1539
508 1069
508 1538
508 5412
508 545
508 1545
508 711
508 1589
508 1295
508 1328
508 1549
508 1550
508 607
508 690
508 693
508 927
508 982
508 1279
508 517
508 495
508 816
508 1072
17263 5286
3286 5286
625 713
625 914
625 825
625 634
625 127
625 501
625 714
625 1547
625 616
625 617
625 674
625 722
625 726
625 1306
625 489
625 1315
625 1317
625 1325
625 1329
625 1334
625 1376
625 1492
625 1546
625 448
625 491
625 498
625 509
625 538
625 572
625 598
625 600
625 611
625 623
625 624
625 642
625 663
625 673
625 679
625 686
625 720
625 733
625 735
625 742
625 756
625 762
625 775
625 802
625 835
625 851
625 854
625 856
625 864
625 877
625 905
625 985
625 28215
625 610
625 2169
625 1364
625 1540
625 789
625 518
625 1069
625 1538
625 5412
625 545
2398 625
625 1589
625 1295
625 1549
625 607
625 690
625 693
625 927
625 953
625 982
625 1279
625 517
625 1072
713 914
713 825
188 713
17293 713
713 501
713 714
713 616
713 617
713 674
713 726
713 1306
713 489
713 1315
713 1317
713 1325
713 1329
713 1332
713 1334
713 1376
713 1492
713 1546
713 448
713 491
713 498
713 509
713 538
713 572
713 600
713 611
713 623
713 624
713 642
713 663
713 673
713 679
713 686
713 720
733 713
713 735
713 742
713 756
713 762
713 775
713 802
713 835
713 851
713 854
713 856
713 864
713 877
713 905
713 985
713 28215
15766 713
1528 713
713 1069
713 1538
713 5412
2398 713
713 1589
713 1328
713 499
17263 713
713 1586
3286 713
700 713
842 713
501 914
1589 914
189 251
276 251
174 251
68 251
272 251
288 251
11523 3647
871 11523
46618 11523
5631 11523
3647 597
616 3647
3647 674
3647 563
3647 4252
5410 3647
3647 5630
3647 605
3647 871
3647 26325
3647 6703
3647 46618
3647 46658
3647 4840
3647 5631
47079 3647
825 4280
4857 7644
7644 607
17263 7644
28948 7644
3286 7644
188 825
17293 825
714 825
825 1329
825 498
756 825
825 851
825 610
825 19986
825 1375
825 17265
825 3722
825 5414
1516 825
1528 825
2398 825
825 1545
1589 825
825 1550
825 982
825 2100
825 28237
28948 825
842 825
188 634
17293 634
634 501
1249 634
634 616
634 674
756 634
2398 634
1589 634
3838 11538
731 11538
24240 11538
11539 5204
731 11539
24240 11539
5204 1185
5204 1236
4334 5204
5204 1573
5204 1526
3838 5204
731 5204
5204 3061
24240 5204
5204 3985
5204 5203
3385 5204
8196 4873
731 8196
3840 8196
11546 1223
11546 1411
11546 17140
11546 1798
11546 2332
11546 2333
11546 5497
11546 550
11546 597
11546 723
3840 11546
1223 1411
1223 723
1223 1199
1223 1189
1223 1241
1223 2373
1223 5683
1223 804
1223 8435
20746 1223
1798 1411
723 1411
954 1411
604 1411
1199 1411
2373 1411
804 1411
1411 8435
1246 1411
1411 2073
1411 542
1411 8431
1527 1411
2398 1411
15936 1411
20746 1411
2022 1411
20668 1411
890 1411
731 1411
9931 1411
723 17140
17140 1412
3840 17140
1798 550
597 1798
723 1798
425 1798
954 1798
17293 1798
804 1798
1798 1412
3840 1798
597 2332
3840 2332
723 2333
3840 2333
597 5497
3840 5497
550 723
954 550
550 804
2022 550
20668 550
890 550
731 550
9931 550
616 597
597 871
3840 597
26325 597
6703 597
597 46658
954 723
723 30
723 604
723 1185
723 1199
723 1189
723 1241
2373 723
723 804
1246 723
723 1414
723 1415
723 1412
1527 723
2398 723
723 20746
723 4212
174 723
549 723
2022 723
20668 723
723 580
890 723
2092 723
731 723
9931 723
723 2161
11680 11667
11706 11667
281 11667
11732 11667
11794 11667
14334 11667
954 11667
812 11667
19495 11667
11669 11684
11669 11685
11669 11686
11669 11689
11669 11691
11669 11692
11669 124
11669 127
11669 128
11669 129
11669 130
11669 131
11669 14319
11669 144
11669 146
11669 155
11669 2054
11669 368
11669 382
11669 4217
11669 425
11669 432
11669 445
11669 457
11669 656
11669 6693
11706 11669
11732 11669
14334 11669
383 11669
812 11669
144 11684
425 11684
11706 11684
11732 11684
14323 11684
14334 11684
3117 11684
812 11684
890 11684
155 11685
11706 11685
11732 11685
14334 11685
3117 11685
11778 11685
812 11685
11706 11686
11732 11686
14323 11686
14334 11686
3117 11686
812 11686
11706 11689
11732 11689
14323 11689
14334 11689
3117 11689
812 11689
11706 11691
11691 135
11732 11691
14334 11691
3117 11691
812 11691
842 11691
11706 11692
11732 11692
14334 11692
812 11692
144 124
11706 124
11732 124
14334 124
3117 124
5290 124
812 124
425 127
11706 127
11732 127
11904 127
14334 127
3117 127
11778 127
5290 127
756 127
812 127
890 127
3678 127
3029 127
11706 128
11732 128
14334 128
3117 128
812 128
129 425
11706 129
11732 129
14334 129
3117 129
129 719
5290 129
143 129
812 129
3678 129
3029 129
6018 129
11706 130
11732 130
14334 130
3117 130
812 130
11706 131
11732 131
14334 131
3117 131
812 131
11706 14319
11732 14319
812 14319
11706 144
11732 144
144 11904
14323 144
14334 144
144 3117
144 14504
144 17890
144 437
144 444
144 5290
144 622
144 736
144 12517
144 498
144 439
144 12515
14469 144
4717 144
812 144
890 144
3029 144
6792 144
11706 146
11732 146
14334 146
3117 146
5290 146
812 146
3678 146
155 656
11706 155
11732 155
14334 155
3117 155
11778 155
812 155
11706 2054
11732 2054
14334 2054
3117 2054
812 2054
11706 368
11732 368
14334 368
812 368
11706 382
11732 382
14334 382
3117 382
383 382
812 382
11706 4217
11732 4217
14334 4217
3117 4217
812 4217
11706 425
11732 425
14334 425
3117 425
425 787
11778 425
425 3695
425 5290
425 1236
425 143
489 425
425 498
425 581
425 1412
425 123
425 134
425 3180
425 439
425 764
425 3214
425 874
425 2939
425 4278
425 3412
425 546
425 765
812 425
425 138
890 425
425 2701
425 5493
3678 425
3029 425
11706 432
11732 432
14334 432
3117 432
812 432
11706 445
11732 445
14323 445
14334 445
3117 445
812 445
11706 457
11732 457
14334 457
812 457
11706 656
11732 656
14334 656
3117 656
5290 656
143 656
812 656
890 656
3678 656
3029 656
11706 6693
11732 6693
6693 14323
14334 6693
3117 6693
812 6693
11680 11679
11680 11701
11680 11706
11680 15016
11680 281
11680 4250
11680 4503
2022 11680
20586 11680
20668 11680
890 11680
954 11679
20668 11679
890 11679
20668 11701
890 11701
11706 11732
11706 11794
11706 11822
11706 11887
11706 11891
11706 11893
11706 11901
11706 11903
11706 11904
11706 11907
11706 1384
11706 14321
11706 14322
11706 14323
11706 14324
11706 14325
11706 14326
11706 14327
11706 14328
11706 14329
11706 14330
11706 14331
11706 14332
11706 14333
11706 14334
11706 244
11706 249
11706 3117
11706 332
11706 383
11706 416
11706 4458
11706 4722
11706 556
11706 787
11706 9322
11706 954
812 11706
19495 11706
20575 15016
20586 15016
20668 15016
890 15016
281 4250
890 281
731 281
498 4250
4250 453
174 4250
4250 549
4250 1894
2022 4250
20668 4250
890 4250
4250 11702
731 4250
4503 20677
4503 4507
4503 5688
4503 20575
20586 4503
4503 20668
4503 20682
4503 2262
890 4503
20934 4503
241 4503
3029 135
11732 11794
11732 11822
11732 11887
11732 11891
11732 11893
11732 11901
11732 11903
11732 11904
11732 11907
11732 1384
11732 14321
11732 14322
11732 14323
11732 14324
11732 14325
11732 14326
11732 14327
11732 14328
11732 14329
11732 14330
11732 14331
11732 14332
11732 14333
11732 14334
11732 244
11732 249
11732 3117
11732 332
11732 383
11732 416
11732 4458
11732 4722
11732 556
11732 787
11732 9322
11732 954
812 11732
14334 11794
812 11794
14334 11822
812 11822
812 11887
14334 11891
812 11891
14334 11893
812 11893
14334 11901
812 11901
14334 11903
812 11903
14334 11904
11904 14504
11904 17890
11904 437
11904 444
11904 5290
11904 622
11904 736
11904 7742
812 11904
6792 11904
14334 11907
812 11907
14334 1384
812 1384
14334 14321
812 14321
14334 14322
812 14322
14334 14323
812 14323
14334 14324
812 14324
14334 14325
812 14325
14334 14326
812 14326
14334 14327
812 14327
812 14328
14334 14329
812 14329
14334 14330
812 14330
14334 14331
812 14331
14334 14332
812 14332
14334 14333
812 14333
14334 244
14334 249
14334 3117
14334 332
14334 383
14334 416
14334 4458
14334 4722
14334 556
14334 787
14334 9322
14334 954
812 14334
812 244
812 249
5290 3117
3117 143
812 3117
3678 3117
812 332
383 556
812 383
812 416
812 4458
812 4722
812 556
17293 787
787 3695
787 143
787 498
787 581
787 1412
787 123
787 134
787 3046
787 764
787 3214
787 3412
787 3745
787 765
812 787
787 2701
787 5493
812 9322
954 30
954 804
812 954
954 1894
954 19495
20668 954
890 954
954 548
188 10
5033 10
2398 10
174 10
842 10
174 10349
189 10366
276 10366
174 10366
68 10366
174 10391
1246 10759
174 10759
20668 10759
890 10759
174 121
174 170
174 171
174 172
78 178
2398 178
174 178
32889 178
8333 178
78 181
174 181
8333 181
188 184
489 184
2398 184
174 184
842 184
174 186
188 191
188 1959
188 201
188 231
188 233
188 256
188 2659
188 510
188 714
188 616
188 674
188 722
188 489
188 1315
188 1317
188 1334
188 1546
188 498
188 509
188 538
188 572
188 600
188 611
188 624
188 642
188 663
188 686
188 720
188 762
188 775
188 835
188 854
188 864
188 905
188 592
188 554
188 1069
188 5412
188 545
188 2398
188 1278
174 188
188 1279
188 2392
188 2654
188 502
188 517
188 5247
188 562
188 566
188 619
188 696
188 811
188 828
188 995
3297 188
205 188
842 188
189 191
189 276
189 3447
189 293
174 189
189 10355
189 10356
189 10357
189 10365
189 10367
189 10368
189 10370
189 10371
189 10372
189 10373
189 10377
189 10379
189 10380
189 10384
189 10385
189 10387
189 291
189 292
189 307
189 3084
189 3085
189 312
189 58252
189 68
78 190
174 190
276 191
2398 191
174 191
68 191
2398 1959
174 1959
890 1959
9931 1959
241 1959
3029 1959
174 197
2398 201
174 201
174 204
2106 13320
174 2106
20668 2106
9931 2106
241 2106
3029 2106
5033 231
2398 231
174 231
205 231
842 231
5033 233
2398 233
174 233
205 233
842 233
2398 256
174 256
842 256
5033 2659
2398 2659
174 2659
205 2659
276 3447
276 293
276 10382
174 276
276 10352
276 10355
276 10356
276 10357
276 10365
276 10367
276 10368
276 10370
276 10371
276 10372
276 10373
276 10377
276 10379
276 10380
276 10384
276 10385
276 10387
276 291
276 292
276 307
276 3084
276 3085
276 312
276 58252
276 68
276 272
276 10360
276 10361
276 10363
276 10364
276 10375
276 10378
276 10381
276 10383
276 10459
276 252
276 275
276 288
276 9823
276 10358
276 10359
276 10369
276 10376
276 10386
276 176
276 32889
276 32890
276 9820
604 30
30 804
663 30
1527 30
174 30
4508 30
2022 30
20668 30
890 30
2092 30
30 731
9931 30
241 30
78254 30
78 306
174 306
8333 306
174 3447
272 3447
174 479
2398 5033
174 5033
5033 205
510 489
510 542
2398 510
174 510
510 500
2398 5753
20575 5753
20586 5753
20668 5753
604 804
1527 604
174 604
4508 604
2022 604
20668 604
890 604
2092 604
241 604
604 78254
78 76
174 76
8333 76
78 8327
78 8334
174 78
78 101
8333 78
174 8327
174 8334
174 89
15283 2238
15283 920
20668 15283
17293 501
5290 17293
143 17293
17293 1249
17293 1547
17293 616
17293 617
17293 674
17293 722
17293 1306
17293 489
17293 1329
17293 1334
17293 509
17293 538
17293 572
17293 600
17293 611
17293 624
17293 642
17293 663
17293 720
17293 762
17293 802
17293 835
17293 985
17293 515
17293 581
17293 1412
17293 134
17293 3180
17293 545
17293 3214
17293 2886
17293 1612
17293 17905
17293 3412
17293 3745
17293 4252
17293 497
17293 5410
17293 5630
17293 605
17293 765
17293 871
68 293
272 293
32889 293
143 719
5519 719
28968 719
3678 719
4334 1185
3838 1185
731 1185
501 1249
501 1547
501 616
501 617
501 674
501 722
501 726
501 489
1492 501
501 572
501 611
501 624
501 642
501 663
733 501
756 501
501 835
1528 501
2398 501
501 1589
607 501
501 1612
501 17905
501 4252
5410 501
995 501
501 495
842 501
5290 14504
14469 14504
5290 17890
5290 3354
15810 3354
2100 3354
5290 3695
3695 143
5290 437
143 437
14469 437
3678 437
3385 437
5290 444
736 444
14469 444
2100 444
3678 444
3029 444
6792 444
20668 5277
890 5277
5290 622
5290 736
5290 7742
5290 143
5290 12517
5290 498
5290 3006
5290 134
5290 439
5290 12515
14469 5290
15810 5290
5290 874
5290 546
890 5290
2100 5290
5290 3527
5290 241
3678 5290
3029 5290
3385 5290
14469 622
17263 622
3678 622
3029 622
3286 622
489 714
714 1315
714 1329
714 498
714 509
714 600
714 686
756 714
714 864
714 1364
714 1540
714 889
1539 714
1528 714
2398 714
1589 714
714 690
714 693
714 517
2023 714
714 28968
714 34591
842 714
2100 736
3678 736
3029 736
14469 7742
3678 7742
804 1199
15936 1199
4508 1199
20668 1199
21525 1199
890 1199
20934 1199
143 1233
3678 1233
5905 8612
5905 429
731 1213
3840 1213
20746 1189
20746 1241
2373 2398
5683 804
8435 5683
174 5683
20668 5683
890 5683
1246 804
804 1414
1527 804
174 804
20668 804
804 890
2092 804
731 804
9931 804
804 2126
78254 804
8435 8431
5197 538
5519 5197
4334 5197
17263 5197
3286 5197
3292 8612
8634 8612
3678 8612
4988 8612
1236 143
3838 1236
731 1236
3029 1236
489 143
498 143
143 3006
143 1412
143 123
143 134
143 3046
143 3180
143 439
143 518
143 764
2939 143
890 143
2100 143
3678 143
1246 1493
1246 20677
20668 1246
20668 1493
890 1493
20934 1493
2398 20677
20575 20677
20586 20677
20668 20677
20677 20670
890 20677
1249 1547
1249 616
1249 617
1249 674
1249 722
498 1547
756 1547
1589 1547
498 616
756 616
1528 616
2398 616
1589 616
616 871
842 616
489 617
1492 617
617 663
733 617
756 617
1528 617
1589 617
842 617
489 674
1492 674
663 674
733 674
756 674
1528 674
2398 674
1589 674
4252 674
674 605
674 871
842 674
756 722
2398 722
1589 722
1329 726
854 726
1589 726
3029 12517
20668 12521
611 1306
756 1306
851 1306
1528 1306
2398 1306
1589 1306
842 1306
489 448
489 491
489 498
489 538
489 572
489 600
489 611
489 663
756 489
489 835
489 889
489 542
489 764
489 554
1528 489
489 545
2398 489
1589 489
489 499
489 497
489 546
489 871
489 502
489 562
489 566
489 619
489 828
2023 489
925 489
728 489
489 500
489 553
796 489
842 489
756 1315
1528 1315
2398 1315
1589 1315
842 1315
498 1317
756 1317
515 1317
1528 1317
2398 1317
1589 1317
842 1317
756 1325
1589 1325
1329 498
1329 623
1329 742
756 1329
1329 851
1329 854
1329 905
1329 610
1329 2169
1528 1329
1589 1329
28948 1329
842 1329
1589 1332
1492 1334
1334 720
733 1334
756 1334
15766 1334
1528 1334
2398 1334
1589 1334
17263 1334
3286 1334
700 1334
842 1334
1589 1376
1492 1546
1492 624
1492 720
1492 735
1492 1539
1589 1492
733 1546
756 1546
2398 1546
1589 1546
842 1546
498 448
756 448
1528 448
1589 448
842 448
491 498
611 491
491 877
491 1364
491 542
491 518
491 453
491 545
1589 491
491 546
491 543
491 548
491 500
498 509
538 498
572 498
611 498
498 642
498 663
498 673
756 498
498 802
498 835
498 877
515 498
789 498
498 518
498 12515
498 1539
1528 498
2398 498
1589 498
498 1550
498 546
498 1279
498 2392
498 517
498 566
498 811
890 498
925 498
728 498
3678 498
3029 498
498 495
498 816
842 498
756 509
1528 509
2398 509
1589 509
842 509
756 538
1528 538
2398 538
1589 538
842 538
756 572
1528 572
2398 572
1589 572
572 497
842 572
1589 598
642 600
756 600
1528 600
2398 600
1589 600
842 600
756 611
611 1364
1528 611
2398 611
1589 611
842 611
1589 623
733 624
756 624
851 624
2398 624
1589 624
700 624
842 624
756 642
142 642
1528 642
2398 642
1589 642
995 642
842 642
756 663
663 762
663 835
663 854
663 905
663 985
1528 663
1538 663
4334 663
663 545
2398 663
1589 663
2023 663
663 495
663 796
842 663
756 673
1589 673
842 673
1589 679
756 686
1528 686
2398 686
1589 686
842 686
733 720
756 720
1393 720
720 15766
1528 720
2398 720
1589 720
700 720
842 720
733 735
733 835
733 851
733 905
733 610
733 2169
1589 733
733 1072
700 733
756 735
2398 735
1589 735
700 735
2398 742
1589 742
756 762
756 775
756 802
756 835
756 854
756 864
756 877
756 985
756 1364
756 1540
756 789
756 518
756 1069
756 545
1589 756
756 1549
756 607
756 690
756 693
756 927
756 982
756 1279
756 517
1528 762
4334 762
2398 762
1589 762
842 762
2398 775
1589 775
842 775
1528 802
1589 802
842 802
1393 835
1528 835
2398 835
1589 835
2023 835
700 835
842 835
851 854
905 851
2398 851
1589 851
851 1586
2398 854
1589 854
842 854
1589 856
1528 864
2398 864
1589 864
842 864
1528 877
1589 877
842 877
2398 905
1589 905
1528 985
4334 985
1589 985
842 985
2398 515
333 515
2398 592
592 28237
592 28815
842 592
1589 610
28948 610
2398 777
777 4465
842 777
842 849
1589 2169
17263 19985
3286 19985
17263 3701
3286 3701
5519 4857
17263 4857
3286 4857
5519 4961
17263 4961
3286 4961
17263 6017
3286 6017
20668 13320
1375 5414
1375 889
3297 1375
3286 1375
3286 17175
17263 17193
3286 17193
17265 3298
17265 3722
17265 5519
17263 17265
34544 17265
3286 17265
5888 17265
5519 3283
3286 3283
3286 3284
17263 3293
3286 3293
3298 3307
3298 3382
3298 3731
3298 3863
5519 3298
3298 6781
3298 5191
17263 3298
3026 3298
3297 3298
3298 34544
3286 3298
3298 35598
3298 27580
3298 7701
5888 3298
17263 3303
3297 3303
3286 3303
5519 3307
3297 3307
3286 3307
5888 3307
17263 3382
3286 3382
3731 3722
5519 3722
3026 3722
34544 3722
5888 3722
3731 5519
2398 3731
3026 3731
3297 3731
3286 3731
5519 3735
17263 3735
3297 3735
3286 3735
5888 3735
3286 3863
17263 3870
3286 3870
28948 3932
3286 4623
3286 4979
17263 5293
3286 5293
5519 5381
3292 5381
8634 5381
17263 5381
3297 5381
3286 5381
5381 5888
5519 6781
5519 17161
17263 5519
5519 3026
34544 5519
3286 5519
5519 35598
5519 27580
5519 7701
5888 5519
17263 5541
3286 5541
3297 6781
5888 6781
1364 1540
2398 1364
1589 1364
789 1540
1589 1540
581 1412
889 5414
28737 5414
142 889
1589 889
889 1550
889 28968
1393 15766
2398 1393
700 1393
842 1393
3286 15766
4334 1414
2934 1414
3838 1414
731 1414
2100 1414
24240 1414
5203 1414
4334 1415
3838 1415
4873 1415
731 1415
2100 1415
24240 1415
5203 1415
2960 2049
15810 2049
2100 2049
3385 2049
2960 3231
2960 2934
2960 3230
2960 5294
2960 3198
2960 2962
2100 3006
28968 3006
3231 3230
3231 3198
3231 2962
2073 8431
542 8431
542 961
542 543
542 500
553 542
4873 1412
890 1412
731 1412
3840 1412
3678 1412
1589 789
3678 134
2100 3180
1589 518
4508 764
890 764
2100 764
3678 764
3029 12515
17263 17161
3286 17161
2398 554
728 554
3678 14469
890 453
1589 1539
953 1539
8634 3292
3292 17235
3292 5191
3292 17263
3292 5547
3292 2850
8634 17235
33768 8634
8634 5191
8634 17263
8634 5547
8634 2850
8634 3309
8634 2966
1527 4504
1527 5358
174 1527
890 1527
2092 1527
645 4504
890 4504
2092 4504
4508 5358
2022 5358
20668 5358
890 5358
2092 5358
2022 6692
20668 6692
890 6692
2238 15272
20668 15272
9931 15272
241 15272
3029 15272
1528 1538
1528 4334
1528 545
68 10382
272 10382
2398 1069
1589 1069
842 1069
2398 1538
1589 1538
953 1538
4334 545
4334 1573
4334 4859
4334 4213
4334 1523
4334 1526
4334 4212
4334 4282
4334 1522
4334 3061
4334 4071
4334 5203
3286 4334
2398 5412
842 5412
2398 545
1589 545
731 545
842 545
2238 920
2238 2288
20668 2238
20668 920
2398 1545
2398 1278
2398 607
2398 693
2398 927
2398 982
2398 1586
2398 174
2398 1279
2398 2392
2398 2654
2398 502
2398 517
2398 5247
2398 562
2398 566
2398 619
2398 696
2398 811
2398 828
2398 995
2398 20668
2398 333
2398 4464
2398 728
1589 1545
1573 2234
1573 4859
3838 1573
731 1573
24240 1573
3161 1573
3385 1573
3838 2234
3838 4859
731 4859
24240 4859
3385 4859
17263 17235
2966 17235
15810 874
2934 3198
2934 2962
2100 2934
3385 2934
3678 3214
2100 874
3029 874
1589 1295
1589 1328
1589 1549
1589 1550
1589 499
1589 607
1589 690
1589 693
1589 927
1589 953
1589 982
28237 1550
953 607
2100 2939
3678 2939
17263 2978
2100 2978
3286 2978
2100 3230
700 3702
3838 4213
731 4213
4508 4278
2022 4278
890 4278
17263 5191
3286 5191
17263 5319
3286 5319
605 563
871 563
4873 799
731 799
3840 799
2100 939
15936 20746
500 961
553 961
17263 1586
17263 3026
17263 5547
17263 5596
3297 17263
3286 17263
3286 1586
3286 3026
3286 5596
731 11531
3840 11531
3119 11531
3838 1494
731 1494
24240 1494
3838 1523
731 1523
24240 1523
5203 1523
3838 1526
731 1526
24240 1526
5203 1526
3385 1526
17905 5410
3838 2027
731 2027
24240 2027
28342 28237
3838 4212
731 4212
5410 4252
5630 4252
4252 871
3838 4282
731 4282
5410 871
5410 26325
925 546
3029 546
871 5630
5631 5630
605 871
605 4840
605 5631
871 26325
871 6703
871 46618
46658 871
4840 871
871 5631
47079 871
174 4508
174 549
20668 4505
21525 4505
890 4505
2092 4505
2022 4506
20668 4506
21525 4506
890 4506
2092 4506
20934 4506
2022 4508
4508 20683
4508 3559
4508 4429
4508 4509
20668 4508
890 4508
2092 4508
20934 4508
2022 5178
20668 5178
890 5178
20934 5178
20668 549
890 549
20934 549
549 4333
1813 645
20668 645
890 645
2092 645
68 10352
272 10352
29414 10352
2022 1813
20668 1813
890 1813
2092 1813
731 3838
3838 1521
3838 1522
3838 1524
3838 1525
3838 3061
3838 24240
3838 11526
3838 11533
3838 11540
3838 1815
3838 2161
3838 2162
3838 24231
3838 24235
3838 24236
3838 24238
3838 24243
3838 24244
3838 24246
3838 24247
3838 24250
3838 24252
3838 2907
3838 3158
3838 3161
3838 3968
3838 3985
3838 4034
3838 4071
3838 4265
3838 4845
3838 4848
3838 4860
3838 5200
3838 5201
3838 5203
3838 5645
3838 6036
3838 6768
3838 7763
3838 24245
3838 17275
3838 10973
3838 24249
3838 3135
3838 3723
3838 4216
2100 3198
3385 3198
728 1279
842 1279
842 2392
728 517
842 517
842 5247
842 562
842 566
842 619
4464 696
842 696
728 811
842 811
842 812
842 828
842 995
68 10355
68 10356
68 10357
32889 10357
68 10365
272 10365
68 10367
68 10368
68 10370
68 10371
68 10372
68 10373
68 10377
32889 10377
68 10379
68 10380
68 10384
68 10385
32889 10385
68 10387
68 291
68 292
68 307
272 307
68 3084
68 3085
68 312
272 312
68 58252
68 272
68 10360
68 10361
68 10363
68 10364
68 10378
68 10381
68 10383
68 10459
68 252
68 275
68 288
68 9823
68 10358
68 10359
68 10369
68 10376
68 10386
68 176
68 32889
68 32890
68 9820
29414 68
20668 1891
890 1891
9931 1894
9931 19495
890 138
19992 4873
731 19992
3840 19992
731 4873
24237 4873
4873 24240
4873 24232
4873 2907
4873 3840
4873 3119
3163 4873
4873 21029
4873 3841
4873 4407
6625 4873
4873 5416
2022 20683
2022 3559
2022 4288
2022 4429
2022 4507
2022 4509
2022 492
2022 5179
2022 5371
2022 5640
2022 5688
2022 5690
20668 2022
890 2022
2092 2022
842 2022
20575 20683
20668 20683
890 20683
20934 20683
20668 4288
890 4288
2092 4288
20934 4288
20575 4507
20668 4507
890 4507
20934 4507
20668 4509
890 4509
2092 4509
20668 492
890 492
925 492
20668 5179
890 5179
20934 5179
20668 5371
890 5371
2092 5371
20934 5371
20668 5640
890 5640
20575 5688
20586 5688
20668 5688
890 5688
20934 5688
20668 5690
890 5690
2092 5690
2100 2962
20575 1245
20575 14902
20575 20586
20575 20668
20575 20670
20575 20676
20575 20679
20575 20682
20575 20698
20575 21520
20575 21525
20575 2262
20575 580
20575 639
20575 890
20586 1245
20668 1245
20668 14902
890 14902
20586 20668
20586 20670
20586 20676
20586 20679
20586 20682
20586 2262
20586 639
20668 20670
20668 20676
20668 20679
20668 20682
20668 20698
20668 21520
20668 21525
20668 2262
20668 580
20668 890
20668 11673
20668 11702
20668 20684
20668 2092
20668 20934
20668 21491
20668 21521
20668 4333
20668 5037
20668 5373
20668 731
20668 7682
20668 901
20668 9012
20668 925
20668 9323
20668 948
20668 9931
9931 20670
890 20676
890 20682
890 21520
890 21525
890 2262
890 580
890 11702
890 20684
890 2092
890 20934
890 21491
890 21521
890 4333
890 5037
890 5373
890 731
890 7682
890 901
890 9012
890 925
2092 4333
2092 5373
20934 21521
20934 5037
20934 5373
20934 7682
20934 9012
731 1521
731 1522
731 1524
731 1525
731 3061
731 24237
731 24240
731 11526
731 11533
731 11540
731 1815
731 2161
731 2162
731 24231
731 24232
731 24235
731 24236
731 24238
731 24243
731 24244
731 24246
731 24247
731 24250
731 24252
731 2907
731 3158
731 3161
731 3840
731 3968
731 3985
731 4034
731 4071
731 4265
731 4845
731 4848
731 4860
731 5200
731 5201
731 5203
731 5645
731 6036
731 6768
731 7763
731 24245
731 3119
731 7088
731 3163
731 17275
731 10973
731 24249
731 3135
731 3723
731 4216
731 21029
731 3841
731 4407
731 6625
731 5416
2100 3527
24240 1521
5203 1521
24240 1522
5203 1522
24240 1524
5203 1524
24240 1525
5203 1525
3385 3527
288 8621
29921 8621
500 543
553 543
3029 241
3840 24237
24240 11526
24240 11533
24240 11540
24240 1815
24240 2161
24240 2162
24240 24231
24240 24232
24240 24235
24240 24236
24240 24238
24240 24243
24240 24244
24240 24246
24240 24247
24240 24250
24240 24252
24240 2907
24240 3158
24240 3161
24240 3840
24240 3968
24240 3985
24240 4034
24240 4071
24240 4265
24240 4845
24240 4848
24240 4860
24240 5200
24240 5201
24240 5203
24240 5645
24240 6036
24240 6768
24240 7763
3840 24232
3119 24232
3840 3119
3840 7088
3840 3163
3840 21029
3840 3841
3840 4407
3840 6625
5203 4071
26325 6703
46658 26325
47079 26325
272 10360
272 10361
272 10363
272 10364
272 10375
272 10378
272 10381
272 10383
272 10459
272 252
272 275
272 288
272 9823
288 10459
288 252
29921 252
29921 288
28815 28237
3678 5493
34591 28968
3678 4988
3678 6018
29414 29921
3119 7088
6625 7088
3286 35598
7701 27580
5631 46618
6625 5416
8333 101
553 500
1:
10229 3213
10229 34940
3233 10229
81924 10229
80337 10229
3213 34940
11460 3213
3213 17747
3213 17973
37340 3213
3213 3221
3213 15953
3213 3203
3213 3233
3213 4805
3213 3218
3213 5459
3213 6872
81924 3213
3213 3099
3213 3320
3213 3424
3213 37321
3213 37341
80337 3213
34940 17973
81924 34940
37321 34940
80337 34940
11460 17747
80337 11460
17973 17747
80337 17747
17973 15953
17973 3203
17973 3233
17973 4805
17973 3218
17973 5459
17973 6872
17973 81924
80337 17973
37340 4805
80337 37340
3221 4805
3218 3221
80337 3221
80337 15953
3218 3203
80337 3203
4805 3233
3233 5459
81924 3233
3320 3233
3233 37341
80337 3233
4805 5459
80337 4805
3218 3099
3218 3424
80337 3218
81924 5459
3320 5459
37341 5459
80337 5459
3099 6872
80337 6872
81924 37321
80337 3099
80337 3320
80337 3424
80337 37321
2:
501 1330
501 6982
607 501
1330 6982
607 1330
607 6982
3:
2850 2935
2850 3883
3286 2850
2935 3883
3286 2935
3286 3883
4:
3015 44582
3015 44588
3015 44590
44582 44588
44582 44590
44588 44590
5:
3228 8405
3228 8403
8713 3228
8405 8403
8405 8713
8713 8403
6:
3471 501
3471 1612
3471 5355
3471 5632
3471 3605
3584 3471
52068 3471
17293 501
17293 5355
17293 5632
501 1612
501 5355
501 5632
501 3605
501 3584
501 52084
501 52068
3605 1612
5632 5355
3605 5355
5632 3605
5632 3584
5632 52084
5632 52068
3584 3605
52068 3605
3584 52084
7:
3647 581
3647 871
3647 46589
3647 5633
871 581
581 46589
581 5633
871 46589
871 5633
8:
4334 5193
4334 3530
4334 5216
4334 4511
4334 3147
4334 5205
4334 3149
4334 3150
4334 3609
4334 3659
4334 465
4334 4858
4334 5210
4334 5212
4334 5215
4334 5218
4334 5220
4334 5222
4334 5208
3385 5193
4858 5193
5220 5193
3385 3530
4858 3530
5220 3530
3385 5216
4858 5216
5220 5216
3385 4511
4511 4858
5220 4511
3385 3147
4858 3147
5220 3147
4858 5205
5205 5220
3385 3149
3385 3150
3385 3609
3385 3659
3385 465
3385 4858
3385 5210
3385 5212
3385 5215
3385 5218
3385 5220
3385 5222
4858 3149
5220 3149
4858 3150
5220 3150
4858 3609
5220 3609
4858 3659
5220 3659
4858 465
5220 465
4858 5210
4858 5212
4858 5215
4858 5218
4858 5220
4858 5222
4858 5208
5220 5210
5220 5212
5220 5215
5220 5218
5220 5222
5220 5208
9:
4873 634
731 634
634 11528
731 4873
4873 11528
731 11528
10:
33768 18198
67240 18198
67350 18198
33768 67244
67240 33768
67350 33768
67244 34506
67240 34506
67350 34506
67354 34506
67244 67240
67244 67274
67244 67308
67244 67350
67244 67353
67244 67354
67244 67459
67240 67274
67240 67308
67240 67350
67240 67351
67240 67353
67240 67354
67350 67274
67350 67308
67354 67308
67350 67351
67350 67353
67350 67354
67350 67459
67354 67351
67354 67353
67354 67459
11:
68245 68307
68245 14634
68245 68228
68245 68262
68245 68354
68245 68384
68245 68687
68245 68693
68245 68694
68245 68741
68245 68746
68245 68753
68245 68756
68245 68922
68245 68927
68245 69112
68245 69351
68245 69355
68245 69380
68245 69383
68245 69395
68245 69398
68245 69407
68245 69410
68245 69418
68245 69895
68245 69906
68245 70027
68245 70189
68245 70216
68245 70247
68245 70289
68245 70290
68245 70291
68245 70292
68245 70293
68245 70295
68245 70296
68245 70297
68245 70298
68245 70299
68245 70300
68245 70303
68245 70304
68245 70307
68245 70310
68245 70343
68245 70396
68245 70397
68245 70400
69139 68245
70452 68245
68307 14634
68307 68262
68307 68384
68307 68687
68693 68307
68307 68694
68307 68741
68307 68746
68307 68753
68307 68756
68307 68927
68307 69112
68307 69351
68307 69380
69895 68307
68307 70189
70216 68307
68307 70289
68307 70292
68307 70293
68307 70297
68307 70298
68307 70300
68307 70307
68307 70310
68307 69139
70452 68307
68262 14634
68693 14634
68753 14634
69895 14634
70216 14634
70292 14634
70310 14634
69139 14634
70452 14634
69895 68228
70216 68228
70292 68228
69139 68228
70452 68228
68693 68262
68753 68262
69895 68262
70216 68262
70292 68262
70310 68262
69139 68262
70452 68262
68753 68354
69895 68354
70216 68354
70292 68354
70310 68354
69139 68354
70452 68354
68693 68384
68753 68384
69895 68384
70216 68384
70292 68384
70310 68384
69139 68384
70452 68384
68693 68687
68753 68687
69895 68687
70216 68687
70292 68687
70310 68687
69139 68687
70452 68687
68693 68694
68693 68746
68693 68753
68693 68922
68693 68927
68693 69112
68693 69355
68693 69380
68693 69398
68693 69418
68693 69895
68693 70189
68693 70247
68693 70289
68693 70291
68693 70292
68693 70293
68693 70295
68693 70297
68693 70298
68693 70300
68693 70307
68693 70310
68693 70343
68753 68694
69895 68694
70216 68694
70292 68694
70310 68694
69139 68694
70452 68694
68753 68741
69895 68741
70216 68741
70292 68741
70310 68741
69139 68741
70452 68741
68753 68746
69895 68746
70292 68746
70310 68746
69139 68746
68753 68756
68753 68922
68753 68927
68753 69112
68753 69351
68753 69355
68753 69380
68753 69383
68753 69395
68753 69398
68753 69407
68753 69410
68753 69418
68753 69895
68753 69906
68753 70027
68753 70189
68753 70216
68753 70247
68753 70289
68753 70290
68753 70291
68753 70292
68753 70293
68753 70295
68753 70296
68753 70298
68753 70299
68753 70300
68753 70303
68753 70304
68753 70307
68753 70310
68753 70343
68753 70396
68753 70397
68753 70400
68753 69139
70452 68753
69895 68756
70216 68756
70292 68756
70310 68756
69139 68756
70452 68756
69895 68922
70216 68922
70292 68922
70310 68922
69139 68922
70452 68922
69895 68927
70216 68927
70292 68927
70310 68927
69139 68927
70452 68927
69895 69112
70216 69112
70292 69112
70310 69112
69139 69112
70452 69112
69895 69351
70216 69351
70292 69351
70310 69351
69139 69351
70452 69351
69895 69355
70216 69355
70292 69355
70310 69355
69139 69355
70452 69355
69895 69380
70216 69380
70292 69380
70310 69380
69139 69380
70452 69380
69895 69383
70216 69383
70292 69383
70310 69383
69139 69383
70452 69383
70216 69395
70292 69395
70310 69395
69139 69395
70452 69395
69895 69398
70216 69398
70292 69398
70310 69398
69139 69398
70452 69398
70216 69407
70292 69407
70310 69407
69139 69407
69895 69410
70216 69410
70292 69410
70310 69410
69139 69410
70452 69410
69895 69418
70216 69418
70292 69418
70310 69418
69139 69418
70452 69418
69895 69906
69895 70027
69895 70189
69895 70216
69895 70247
69895 70289
69895 70290
69895 70291
69895 70292
69895 70293
69895 70295
69895 70296
69895 70297
69895 70298
69895 70299
69895 70300
69895 70303
69895 70304
69895 70307
69895 70310
69895 69139
70452 69895
70216 69906
70292 69906
70310 69906
69139 69906
70452 69906
70216 70027
70292 70027
70310 70027
69139 70027
70452 70027
70216 70189
70292 70189
70310 70189
69139 70189
70452 70189
70216 70247
70216 70289
70216 70290
70216 70291
70216 70292
70216 70293
70216 70295
70216 70296
70216 70297
70216 70298
70216 70299
70216 70300
70216 70303
70216 70304
70216 70307
70216 70310
70216 70343
69139 70216
70452 70216
70292 70247
70310 70247
69139 70247
70452 70247
70292 70289
70310 70289
69139 70289
70452 70289
70292 70290
70310 70290
69139 70290
70452 70290
70292 70291
70310 70291
69139 70291
70452 70291
70292 70293
70292 70295
70292 70296
70292 70297
70292 70298
70292 70299
70292 70300
70292 70303
70292 70304
70292 70307
70292 70310
70292 70343
70292 70396
70292 70397
70292 69139
70452 70292
70310 70293
69139 70293
70452 70293
70310 70295
69139 70295
70452 70295
70310 70296
69139 70296
70452 70296
70310 70297
70452 70297
70310 70298
69139 70298
70452 70298
70310 70299
69139 70299
70452 70299
70310 70300
69139 70300
70452 70300
70310 70303
69139 70303
70452 70303
70310 70304
69139 70304
70452 70304
70310 70307
69139 70307
70452 70307
70310 70343
70310 70396
70310 70397
69139 70310
70452 70310
69139 70343
70452 70343
69139 70396
69139 70397
69139 70400
12:
9322 151
151 429
151 9313
5041 151
9322 429
9322 9313
429 9313
5041 429
5041 9313
13:
10250 17234
10250 2878
10250 33767
10250 3468
15799 10250
5298 10250
3286 10250
2878 17234
17234 33767
17234 3468
17234 15799
17234 15612
17234 18197
17234 18198
5298 17234
17234 17235
15757 17234
17234 15774
15787 17234
17234 34394
17234 4666
17239 17234
3286 17234
7713 17234
5298 2878
3468 33767
15799 33767
17235 33767
33767 15774
15787 33767
4666 33767
7713 33767
3468 18198
34394 3468
15799 5298
15799 15741
15799 17235
15757 15799
15799 15774
15787 15799
4666 15799
7713 15799
15612 18197
15612 18198
15612 5298
17235 15612
15787 15612
4666 15612
17239 15612
7713 15612
5298 18197
15787 18197
7713 18197
17235 18198
34394 18198
7713 18198
5298 15741
5298 17235
15787 5298
5298 15825
4666 5298
3286 5298
7713 5298
17235 15741
15787 15741
4666 15741
7713 15741
17235 15759
17235 15774
17235 17248
17235 15787
17235 15805
17235 15825
17235 17249
34394 17235
4666 17235
3286 17235
7713 17235
15757 15774
15759 17248
4666 15759
7713 15759
34394 15774
15787 17248
4666 17248
7713 17248
15787 15805
15787 15825
15787 17249
4666 15787
7713 15787
4666 15805
7713 15805
4666 15825
7713 15825
4666 17249
7713 17249
4666 17239
4666 7713
14:
6040 2878
3309 2878
2876 2878
10410 17266
10410 5530
10410 5549
10410 6040
10410 6052
17266 5530
17266 5549
17266 6040
17266 6052
8365 17266
17266 5327
17266 6110
2876 17266
6040 5530
8365 5530
2876 5530
6040 5549
8365 5549
6040 6052
8365 6040
6040 5327
6040 5603
6040 6110
6040 3309
6040 2876
6040 3055
6040 6054
8365 6052
2876 6052
8365 5327
3309 5603
2876 5603
3309 6110
2876 6110
3309 2876
3309 3055
3309 6054
2876 3055
2876 6054
15:
3351 3670
3351 17239
3351 3894
3670 17239
3670 3894
17239 3894
16:
807 17740
807 3604
5468 807
700 807
5468 17740
700 17740
5468 3604
700 3604
5468 700
17:
1819 3015
19888 3015
3015 5447
631 3015
3015 769
782 3015
3015 4728
1819 19888
1819 5447
1819 631
1819 769
1819 782
19888 5447
19888 631
19888 769
19888 782
4728 19888
4728 5447
4728 631
4728 769
782 4728
18:
544 8431
544 20740
544 20771
544 20813
544 20827
544 20743
20740 8431
20771 8431
20813 8431
23056 8431
20740 20764
20740 20771
20740 20813
20740 20827
20743 20740
20857 20740
23056 20740
20743 20764
20857 20764
20813 20771
20771 20743
20857 20771
23056 20771
20743 20813
20857 20813
23056 20813
20743 20827
20857 20743
19:
544 20742
544 20753
20767 544
544 20807
544 20768
544 20848
20742 20753
20767 20742
20807 20742
20768 20742
20753 20767
20753 20807
20767 20807
20767 20768
20807 20768
20807 20848
20768 20848
20:
20747 21149
20762 20747
20806 20747
20762 21149
20806 21149
20762 20806
21:
20801 544
544 20885
20931 544
21012 544
20801 20885
20801 20931
20801 21000
20801 21012
20801 22959
20885 20931
20885 21000
20885 21012
20885 22959
20931 21000
20931 21012
20931 22959
21012 21000
21012 22959
22:
558 5414
558 28351
558 3458
5414 28351
3458 5414
3458 28351
23:
6112 10195
6112 3678
6112 3077
6112 6765
3678 10195
3077 10195
3678 3077
3678 6765
3077 6765
24:
3231 4666
3231 17077
3231 2893
7713 3231
4666 17077
4666 2893
4666 7713
7713 17077
7713 2893
25:
527 135
14890 527
160 527
14890 135
160 135
14890 160
26:
558 13621
558 28268
558 28345
558 28354
28345 13621
28354 13621
28345 28268
28354 28268
28345 28354
27:
6040 2934
6040 3592
6040 2876
6040 4625
2934 3592
2934 2876
2934 4625
2876 3592
2876 4625
28:
501 581
501 5633
501 9830
581 5633
581 9830
9830 5633
29:
1190 558
558 3740
558 501
1190 3740
1190 501
3740 501
30:
558 1552
558 13621
558 28397
1552 13621
1552 28397
28397 13621
31:
17293 501
17293 581
17293 5441
501 581
501 5441
52033 501
5441 581
52033 581
52033 5441
32:
10250 5315
10250 5604
3231 10250
17263 10250
3286 10250
17263 5315
3286 5315
17263 5604
3286 5604
8634 3231
3231 4666
3231 3481
17263 3231
3231 15813
3231 3918
2966 3231
3286 3231
8634 3481
8634 17263
8634 15813
8634 3918
8634 2966
4666 3481
4666 3918
3481 3918
2966 3481
17263 15813
17263 3918
3286 17263
2966 15813
3286 15813
2966 3918
3286 3918
33:
11733 11649
13825 11649
13827 11649
11733 12597
11733 12599
11733 14370
11733 14373
11733 13825
13827 11733
13825 12597
13827 12597
13825 12599
13827 12599
13825 14370
13827 14370
13825 14373
13827 14373
13827 13825
34:
1593 5298
1593 5311
3286 1593
5298 5311
3286 5298
3286 5311
35:
733 17234
17234 735
497 17234
733 735
733 497
733 2846
497 735
735 2846
497 2846
36:
17293 787
611 787
787 123
4185 787
17293 611
4185 17293
611 123
4185 611
4185 123
37:
17235 15805
17263 17235
3286 17235
17263 15805
3286 15805
3286 17263
38:
8365 3228
3228 2850
2844 3228
2935 3228
8365 2844
8365 2935
2850 2844
2850 2935
2935 2844
