# The contained directed cliques in the directed communities at k=6
# from /Users/bogna/dev/role-mining/datasets/enron/timeslots/8-2001.edges
# at no lower link weight threshold,
# and at no upper link weight threshold.
# Links were treated as directed.
# No time limit was set for the clique search.

0: 1683 2074 2075 2400 2752 2997 3004 3007 3010 3231 3235 3392 3394 3395 3396 3400 3401 3744 3968 4644 4654 4655 4891 4892 4893 4894 4992 4993 4994 4995 5281 5282 5350 5459 2073 2749 3000 3001 3005 3008 3233 3397 3398 3515 3518 3521 3739 3740 3741 3745 3969 3970 4088 4089 4264 4265 4318 4327 4652 4653 4661 4663 4664 4831 4838 4898 4900 4901 4902 4985 4986 4987 4989 4991 4996 4997 4998 4999 5138 5139 5143 5144 5146 5147 5148 5152 5153 5158 5160 5162 5279 5349 4656 4895 4896 4897 4645 4647 4651 4657 4660 4662 4665 4832 4839 4899 4903 4904 5283 5284 5287 5292 5293 4621 4646 4648 4649 4650 4658 4659 4681 4828 4829 4830 4835 4837 5141 5142 5277 5278 5280 5285 5286 5294 5296 5351 5403 5404 5507 5522 4251 4590 4614 4616 4617 4619 4620 4622 4630 4631 4842 5006 5131 5338 5339 5352 5385 5089 5078 3226 4474 4625 4716 5056 5384 5386 5387 3227 4475 4623 4627 4476 4477 4489 4626 4632 5355 4479 5008 5009 5011 5010 5017 5016 5041 3871 3980 4740 5012 5013 5018 5020 5050 5051 5053 5441 3866 3867 3872 3875 5307 5318 3502 3982 3499 3504 3498 3500 3981 3979 4741 5014 5015 4232 4237 4525 4643 4810 4827 5019 5123 4388 4512 4389 4392 4515 4507 5124 3494 4113 4635 4640 4641 4642 5121 3493 4111 4112 4638 3491 4639 3492 4634 4636 4637 4804 4110 4802 4805 4815 4115 4114 4816 3855 4721 5122 5497 3854 4717 4720 4729 5033 5115 5487 4473 4812 5037 4471 4472 5032 5035 5036 4885 5031 4719 4886 4814 4803 5034 4728 4727 4117 4209 5063 5090 5499 4819 4818 4820 4821 3725 5049 3726 5048 2378 4817 5439 5039 5043 5052 5226 5230 5042 4603 4599 5431 4600 5054 5300 5227 4258 4208 4628 4629 5341 4618 4624 4615 5340 3989 4266 3898 4262 4268 5489 2462 3275 3276 3517 4263 4834 4836 4840 4988 5140 5145 5150 5151 5154 5155 5156 5157 5159 5161 5295 5415 2127 2757 3273 2756 3274 4322 2998 3068 3232 3335 3520 3733 3738 3742 3743 4316 4317 4319 4321 4323 4324 4325 4328 4332 4677 4679 4851 4971 4990 5025 5028 5149 3069 3734 4090 4320 4983 4329 4682 4685 4684 4683 4852 5024 5026 5178 5406 3516 4846 4167 4176 4269 4847 4168 4171 4172 4175 4170 3269 4967 5027 4968 4969 4970 3947 3967 3965 4984 5348 5347 5405 4833 4678 4326 4687 5475 4558 5132 5472 5478 4559 4360 4337 4341 5323 5473 4335 4338 4339 4342 4343 4344 4345 4347 4543 5211 5462 5463 5464 5468 3458 4336 4240 4545 5321 3359 3360 4238 4239 4241 4243 4246 4546 3362 3363 3361 5216 5215 5212 4247 4297 4453 4539 5423 4245 4244 4302 4432 5430 5444 5218 3792 4018 4301 4430 5217 5429 5443 4431 4553 5445 5446 5465 5467 4554 5447 4555 5448 5466 5476 4540 4547 4549 4351 4538 4544 4548 4550 4352 4353 4356 4542 4541 4551 4702 4700 4704 4708 4707 4348 2940 5200 5471 3432 5298 3434 5297 5299 2203 2204 2751 4909 4418 4843 3177 5288 5291 3071 2753 2999 1810 
1: 1727 3891 3893 3971 3983 3985 4158 4160 4270 4272 4395 4397 4565 4567 2788 3892 3894 3972 3973 3984 3986 4149 4150 4151 4159 4161 4165 4271 4273 4274 4396 4398 4400 4566 4568 4569 4584 2789 4164 4162 4163 
2: 1897 1898 1899 1901 1903 1905 1907 1909 1911 1943 1945 1947 1949 1951 1953 1955 1957 1959 1961 1963 1965 1967 1969 1971 1973 1975 1977 2270 2275 2278 2281 2292 2295 2298 2302 2306 2310 2313 2315 2318 2570 2578 2583 2586 2598 2602 2606 2615 2618 2622 2632 2851 2854 2864 2868 3120 1900 1902 1904 1906 1908 1910 1912 1944 1946 1948 1950 1952 1954 1956 1958 1960 1962 1964 1966 1968 1970 1972 1974 1976 1978 2271 2276 2279 2283 2293 2296 2300 2304 2308 2312 2314 2316 2319 2571 2579 2584 2587 2599 2603 2607 2616 2620 2624 2635 2853 2855 2866 2871 3124 2299 2297 2303 2307 2311 2301 2305 2309 
3: 2143 4055 4049 4050 4193 2394 4052 4065 4194 5021 5022 
4: 2152 2679 2682 2685 2688 2691 3625 2680 2683 2686 2689 2692 3631 
5: 2251 4959 3933 3934 3935 4935 4936 4947 4948 4949 4954 4958 4960 4961 4962 5075 4873 4953 5398 4872 4875 4929 4930 4877 5109 4876 5103 5112 4874 5172 5392 5361 5393 5360 5397 5372 5395 3619 4045 4945 3620 3621 3622 4046 4934 2678 2681 2684 2687 2690 4933 3618 3924 3925 3926 3927 3928 4755 4931 4937 4955 4957 5110 3615 3613 5106 5371 4944 5107 4946 5394 3918 3915 3919 4924 3916 3917 3920 4757 4922 4925 4940 3921 4758 4943 3932 3930 3931 4760 4759 4942 3900 4964 3564 3903 3560 4939 4932 4956 3923 4756 4926 4928 5111 4950 4952 3937 2505 
6: 2473 2475 
7: 3261 3262 4177 
8: 3312 4921 
9: 3353 3354 3665 3666 3667 3818 3819 3820 
10: 3418 
11: 3570 3571 
12: 3588 3589 3674 3786 
13: 3939 3941 
14: 4125 4127 4126 
15: 4499 
16: 4572 4574 
17: 4768 5186 
18: 5180 
