# The links inside the directed communities at k=6
# from /Users/bogna/dev/role-mining/datasets/enron/timeslots/8-2001.edges
# at no lower link weight threshold,
# and at no upper link weight threshold.
# Links were treated as directed.
# No time limit was set for the clique search.

0:
1415 1815
1415 2161
1415 3135
1415 8196
1178 1415
17777 1415
419 1415
969 1415
1415 1814
544 1415
11529 1415
11540 1415
1415 1524
3838 1415
1415 4212
1415 1043
2907 1415
3837 1415
1415 3985
1415 4820
11541 1415
1415 4071
1415 5204
1415 7763
1415 11543
1812 1415
723 1415
2824 1415
998 1415
510 1415
500 1415
3886 1415
10263 151
126 151
151 129
457 151
4589 151
7991 151
441 151
1178 1815
419 1815
544 1815
1522 1815
4213 1815
4873 1815
1812 1815
1794 1815
2824 1815
2161 3135
2161 966
2161 1178
419 2161
2161 969
1814 2161
2161 4212
2161 11537
2161 2720
2161 2907
2161 3985
2161 11541
2161 4034
2161 11543
1812 2161
2161 723
1794 2161
2161 2824
2161 414
452 2828
2828 17776
2828 17777
4506 2828
2828 804
2828 969
2828 972
2828 544
2828 723
2826 2828
2828 1199
2828 661
1243 2828
2828 1246
9931 2828
1244 2828
2828 1895
890 2828
21464 2828
2828 19417
3135 1523
3135 419
3135 1814
11529 3135
3135 11540
3135 1521
3135 1522
3135 1524
3135 1526
3135 3839
3135 3158
11539 3135
3135 3985
3135 4873
3135 1525
3135 11543
4128 126
4128 142
4128 457
4128 123
4128 132
4128 10808
4128 133
8196 1178
8196 419
8196 1814
8196 11529
8196 11540
8196 1521
8196 1522
8196 1524
8196 1526
8196 3838
8196 3839
8196 4212
8196 4213
8196 4216
11539 8196
318 126
318 129
318 138
318 142
318 143
318 145
318 425
318 457
318 132
318 969
318 10808
318 1209
318 127
318 133
318 149
318 152
318 424
318 441
11656 318
318 130
318 148
318 11667
318 11712
318 11901
966 970
966 969
972 966
508 966
966 544
723 966
1794 966
2824 966
414 966
549 966
2826 966
966 661
966 538
970 971
970 969
972 970
508 970
970 723
970 1199
970 661
970 538
10263 126
10263 128
10263 129
10263 138
10263 140
10263 142
10263 143
10263 145
10263 425
10263 457
10263 4589
10263 7991
126 128
126 129
126 138
126 140
126 142
126 143
126 145
126 425
126 457
4589 126
7991 126
126 123
126 137
126 132
126 2606
126 419
126 969
126 1209
126 127
126 133
126 141
126 149
126 152
126 424
126 441
11656 126
126 130
126 148
126 11667
11712 126
126 11901
457 128
4589 128
7991 128
129 425
129 4589
7991 129
11656 129
129 148
11667 129
11712 129
11901 129
457 138
4589 138
7991 138
441 138
11656 138
457 140
4589 140
7991 140
143 142
457 142
4589 142
7991 142
123 142
132 142
2606 142
419 142
969 142
10808 142
125 142
133 142
142 141
152 142
424 142
441 142
142 544
142 422
723 142
11656 142
142 546
11667 142
11712 142
11901 142
1527 142
457 143
4589 143
7991 143
132 143
2606 143
419 143
969 143
10808 143
133 143
141 143
424 143
441 143
544 143
422 143
723 143
11656 143
148 143
546 143
11667 143
11712 143
11901 143
1527 143
145 457
4589 145
7991 145
441 145
11656 145
457 425
4589 425
7991 425
132 425
969 425
10808 425
425 1209
425 149
544 425
723 425
11656 425
425 130
148 425
11667 425
11712 425
11901 425
4457 425
4589 457
7991 457
457 123
457 137
132 457
969 457
457 10808
457 1209
457 133
457 141
457 152
441 457
544 457
11656 457
457 130
546 457
11667 457
11712 457
11901 457
4457 457
1527 457
7991 4589
4589 132
4589 133
4589 141
4589 441
4589 130
4589 148
7991 2606
7991 419
7991 141
7991 441
7991 130
7991 148
971 969
971 972
971 544
971 723
971 661
971 538
971 5129
419 1523
11540 1523
1523 1522
3838 1523
1523 2907
3985 1523
1523 4820
11541 1523
1494 1523
24246 1523
4034 1523
11543 1523
132 123
137 452
1178 137
137 132
17777 137
137 21496
7413 137
80 137
969 137
508 137
137 10808
125 137
137 133
544 137
723 137
4501 137
1794 137
1246 137
9931 137
890 137
10759 452
452 1178
452 132
452 1574
452 17776
452 17777
452 21496
452 4506
452 4508
452 5277
452 7413
452 80
452 804
452 969
508 452
10808 452
452 125
452 544
452 1812
452 723
11680 452
452 4501
1794 452
452 1813
452 414
452 549
452 604
452 2826
452 1199
452 4483
661 452
452 1246
452 1493
9931 452
1244 452
452 1527
452 1811
452 1867
452 1881
452 1895
452 1959
452 19609
452 2022
452 20676
452 21713
452 2607
452 281
452 4314
452 4333
452 4502
452 4504
452 4505
452 4507
452 4509
452 492
452 5046
452 5178
452 5372
452 5640
452 7412
452 890
452 925
452 954
452 998
452 7682
452 9012
452 19653
452 21464
452 19417
452 21493
452 21500
452 5037
452 645
33069 452
452 4503
10759 1178
10759 132
10759 1574
10759 4506
10759 4508
10759 7413
10759 80
10759 804
10759 969
1178 10973
969 10973
10973 1814
10973 3167
544 10973
1812 10973
1794 10973
132 1178
1178 419
4508 1178
1178 804
1178 969
1178 972
1178 1814
1178 3167
1178 544
11529 1178
1178 1414
1178 1521
1178 1522
1178 1524
1178 1526
1178 3839
1178 4212
1178 4213
1178 4216
1178 422
1178 11537
1178 1236
1178 2720
1178 4873
1178 1525
1178 4071
1178 5204
1178 1812
1178 723
4501 1178
1178 1794
1178 1813
1178 2824
1178 414
1178 549
1178 604
2826 1178
1246 1178
9931 1178
1527 1178
890 1178
998 1178
500 1178
21464 1178
132 1574
132 17652
132 2106
132 21496
132 2606
132 5277
132 7413
132 80
132 804
132 969
508 132
10808 132
132 125
132 127
132 133
141 132
132 441
132 544
723 132
132 11656
132 130
132 148
132 11667
132 4501
11712 132
549 132
132 604
11901 132
661 132
1243 132
132 1246
9931 132
1244 132
1527 132
132 1811
132 1959
132 281
890 132
132 954
21464 132
21500 132
17652 1574
7413 1574
80 1574
969 1574
1574 544
723 1574
11680 1574
4501 1574
414 1574
604 1574
2826 1574
1246 1574
9931 1574
1527 1574
1811 1574
21713 1574
5640 1574
890 1574
19653 1574
21464 1574
33069 1574
4503 1574
17652 80
17652 4501
17652 1246
1246 17776
9931 17776
1244 17776
17777 419
17777 80
17777 969
17777 544
17777 723
1246 17777
21713 17777
969 2106
723 2106
9931 2106
21464 2106
21496 544
1246 21496
9931 21496
2606 419
10808 2606
441 2606
969 419
419 972
419 1814
419 3167
419 544
11529 419
419 11540
419 1414
419 1521
419 1522
419 1524
419 1526
419 3838
419 3839
419 4212
419 4213
419 11537
419 11538
419 3158
11539 419
419 1043
419 1236
419 24240
2720 419
419 2907
3985 419
3990 419
419 4820
419 4873
419 11541
419 1494
419 1525
419 4071
419 24231
419 24246
419 5204
6210 419
419 7763
419 11543
1812 419
723 419
4501 419
1794 419
2824 419
998 419
510 419
500 419
3886 419
4508 4506
4506 5277
4506 7413
4506 969
4506 1199
1246 4506
4506 1895
21713 4506
4506 4314
890 4506
21464 4506
5037 4506
4508 7413
4508 804
4508 969
4508 125
4508 544
4508 1812
4508 723
4508 4501
4508 1813
4508 414
4508 4483
4508 1246
4508 1527
4508 1867
4508 1881
4508 1959
4508 19609
4508 2022
4508 20676
21713 4508
4508 2607
4508 281
4508 4314
4508 4333
4508 4502
4508 4504
4508 4505
4508 4507
4508 4509
4508 492
4508 5046
4508 5178
4508 5372
4508 5640
4508 7412
890 4508
4508 925
21464 4508
969 5277
1246 5277
5277 1527
890 5277
21464 5277
7413 80
7413 804
7413 969
7413 125
7413 544
1812 7413
723 7413
7413 4501
1813 7413
604 7413
7413 1246
1527 7413
21713 7413
890 7413
21464 7413
969 80
80 125
80 544
80 4501
1246 80
9931 80
1527 80
21713 80
890 80
21464 80
804 969
804 544
422 804
1812 804
804 723
4501 804
2824 804
2826 804
804 1199
1243 804
1246 804
1244 804
804 890
998 804
21464 804
21500 804
969 972
508 969
10808 969
969 125
969 133
969 141
969 149
969 544
969 422
969 11537
969 2720
969 1812
969 723
969 148
969 11680
969 4501
969 1794
969 1813
969 2824
969 414
969 549
969 604
969 2826
969 1199
969 4483
969 661
1243 969
969 1246
969 1493
9931 969
1244 969
969 1527
969 1811
969 1867
969 1881
969 1895
969 1959
969 19609
969 2022
21713 969
969 2607
969 281
969 4314
969 4333
969 4502
969 4504
969 4505
969 4509
969 492
969 5046
969 5178
969 5372
969 5640
969 7412
969 890
969 998
969 538
510 969
969 7682
969 9012
969 500
969 5129
21464 969
969 19417
969 21493
5037 969
969 645
972 544
1812 972
972 723
972 1199
972 661
998 972
972 538
972 5129
508 549
508 661
508 890
508 538
10808 1209
10808 125
10808 133
10808 141
10808 152
10808 441
11712 10808
11901 10808
130 1209
11712 1209
11901 1209
4457 1209
125 544
125 723
1794 125
125 1199
125 1246
9931 125
1527 125
441 127
11656 127
11667 133
11712 133
11901 133
11656 141
11667 141
544 149
723 149
11656 149
148 149
11712 149
11901 149
11656 152
11712 152
11901 152
11656 424
11656 441
441 130
441 148
441 546
3167 1814
544 1814
11529 1814
1522 1814
3838 1814
4213 1814
1814 11537
1814 11538
11539 1814
24240 1814
1814 2720
2907 1814
3837 1814
1814 3985
1814 4820
1814 4873
11541 1814
1525 1814
24246 1814
4034 1814
1814 5204
1814 7763
1814 11543
1812 1814
1794 1814
2824 1814
545 1814
3886 1814
1522 3167
3838 3167
4213 3167
11539 3167
3167 1043
2720 3167
2907 3167
1812 3167
723 3167
1794 3167
2824 3167
545 3167
3886 3167
544 1414
544 422
2720 544
544 1812
544 723
544 148
544 11667
544 4501
544 1794
544 1813
2824 544
544 414
544 549
544 604
2826 544
544 1199
544 661
544 545
544 1243
544 1246
544 1493
9931 544
544 1244
544 1811
544 1895
544 890
998 544
544 538
510 544
544 7682
19653 544
544 5129
21464 544
21500 544
4503 544
11529 11540
11529 1521
11529 1522
11529 1524
11529 1526
11529 3838
11529 3839
11529 4212
11529 4213
11529 4216
11539 11529
11540 1521
11540 1522
11540 1524
11540 1526
11540 3839
11540 3158
2907 11540
11540 11541
11540 1494
11540 1525
11540 4071
1812 1414
723 1414
1794 1414
1526 1521
3838 1521
4212 1521
4213 1521
11539 1521
1812 1521
1522 1524
1522 1526
1522 3838
1522 3839
4212 1522
4216 1522
1522 11537
1522 11538
3158 1522
1522 1236
1522 24240
2907 1522
1522 3837
1522 3968
1522 3985
3990 1522
1522 4820
1522 4873
11541 1522
1522 1525
1522 4071
1522 24231
24246 1522
1522 4034
1522 6210
1522 11543
1812 1522
3886 1522
3838 1524
4213 1524
11538 1524
3158 1524
11539 1524
24240 1524
3968 1524
3985 1524
3990 1524
4820 1524
11541 1524
1525 1524
4034 1524
6210 1524
11543 1524
1812 1524
3886 1524
1526 3838
4212 1526
4216 1526
2907 1526
3985 1526
11541 1526
1526 24231
11543 1526
1812 1526
3838 11537
11539 3838
3838 1043
2907 3838
3837 3838
3838 4820
11541 3838
3838 1494
3838 1525
1812 3838
4216 3839
3985 3839
4873 3839
11543 3839
1812 3839
11539 4212
4873 4212
1812 4212
2824 4212
4213 1525
4213 4071
1812 4213
2824 4213
545 4213
3886 4213
1812 422
723 422
11539 11537
2720 11537
2907 11537
11541 11537
4034 11537
1794 11537
2824 11537
11538 3158
4873 11538
11541 11538
11543 11538
3158 11539
3158 2907
3968 3158
3985 3158
3990 3158
3158 4820
11541 3158
3158 1525
4034 3158
6210 3158
3158 11543
3886 3158
11539 1043
11539 2907
11539 3985
11539 4820
2907 1043
4820 1043
11541 1043
4873 1236
1812 1236
723 1236
1236 2824
24240 4820
24240 1525
2720 1812
2720 723
2720 1794
2720 2824
2720 414
2720 604
2720 545
2907 3985
11541 2907
2907 1494
2907 4071
2907 24231
2907 4034
3837 4820
4873 3837
11541 3837
24246 3837
3837 4034
11541 3968
3968 1525
11543 3968
3886 3968
3985 4820
4873 3985
11541 3985
3985 1525
3985 6210
3985 11543
11541 3990
3990 1525
4034 3990
11543 3990
4873 4820
11541 4820
4820 1525
4820 24246
4034 4820
4820 7763
3886 4820
11541 4873
4873 4071
4034 4873
4873 7763
4873 11543
1812 4873
3886 4873
11541 1494
11541 1525
11541 4071
11541 24231
11541 24246
11541 4034
11541 6210
11541 7763
6210 1525
11543 1525
1812 1525
3886 1525
1812 4071
2824 4071
4034 24246
24246 7763
4034 7763
1812 5204
2824 5204
3886 5204
1812 723
1812 4501
1812 1794
1812 1813
1812 2824
1812 414
1812 549
1812 604
2826 1812
1246 1812
9931 1812
1527 1812
1812 1811
5046 1812
5640 1812
890 1812
21464 1812
21500 1812
723 148
723 1794
723 2824
723 414
723 549
723 604
2826 723
723 1199
723 661
723 545
723 1246
9931 723
723 1895
723 890
998 723
723 538
723 510
723 5129
21464 723
11656 130
11656 148
11656 546
11667 130
11712 130
11901 130
4457 130
11667 148
11712 148
11901 148
11680 4501
9931 11680
1527 11680
4501 414
4501 604
4501 1246
9931 4501
4501 1527
4501 1811
4501 281
4501 5640
890 4501
21464 4501
4501 21493
1794 1813
1794 414
1794 549
1794 604
1794 545
1794 1811
1794 538
1813 414
549 1813
1813 604
2826 1813
1246 1813
1813 1811
1813 5640
890 1813
21464 1813
2824 545
2824 538
500 2824
3886 2824
414 549
2826 414
414 545
1246 414
1527 414
1811 414
5640 414
33069 414
2826 549
1246 549
1811 549
890 549
21464 549
2826 604
604 1246
1527 604
604 1811
2607 604
604 281
604 4314
604 4505
5640 604
890 604
21464 604
33069 604
2826 1199
2826 1493
2826 1527
2826 1811
2826 2607
2826 890
2826 998
21464 2826
11901 4457
1199 4483
661 1199
1243 1199
1246 1199
1493 1199
1244 1199
1527 1199
890 1199
998 1199
21464 1199
1246 4483
890 4483
998 4483
9931 661
661 1895
538 661
3886 545
1243 1246
1243 1493
1243 9931
1246 1493
9931 1246
1244 1246
1246 1527
1246 1811
1246 1867
1246 1881
1246 1895
1246 1959
1246 19609
1246 2022
1246 20676
1246 21713
1246 2607
1246 281
1246 4314
1246 4333
1246 4502
1246 4504
1246 4505
1246 4507
1246 4509
1246 492
1246 5046
1246 5178
1246 5372
1246 5640
1246 7412
1246 890
1246 925
1246 954
1246 998
21464 1246
1244 1493
1527 1493
1493 1959
890 1493
1493 7682
1493 9012
21464 1493
1244 9931
9931 1881
9931 1895
9931 1959
9931 19609
9931 281
9931 4502
21464 9931
9931 19417
9931 21493
9931 21500
1527 1811
1527 19609
1527 2022
1527 281
1527 4314
1527 4333
1527 4502
1527 4509
1527 5046
1527 5178
1527 5640
890 1527
21464 1527
33069 1527
1811 1881
1811 2607
1811 4502
1811 4504
5640 1811
890 1811
21464 1811
33069 1811
5640 1867
1867 890
2607 1881
890 1881
21464 1881
890 1895
21464 1895
1959 5372
890 1959
21464 1959
890 19609
21464 19609
5037 19609
890 2022
21464 2022
890 20676
21464 20676
2607 4314
2607 4333
2607 4504
2607 4505
2607 5178
5640 2607
890 2607
21464 2607
890 281
21464 281
890 4314
21464 4314
890 4333
4509 4502
890 4502
21464 4502
890 4504
21464 4504
890 4505
21464 4505
890 4507
21464 4507
890 4509
21464 4509
890 492
21464 492
5046 5640
890 5046
21464 5046
890 5178
21464 5178
890 5372
21464 5372
5037 5372
890 5640
21464 5640
5640 645
890 7412
21464 7412
890 925
890 954
890 998
890 7682
890 9012
890 19653
21464 890
890 19417
890 21493
890 21500
890 5037
890 645
890 4503
21464 925
21464 954
21500 954
21464 998
21464 7682
21464 9012
21464 19653
4503 19653
21464 19417
21464 21493
21464 21500
21464 5037
21464 645
1:
628 994
628 1079
1311 628
628 1336
1340 628
628 610
141 628
628 2375
628 1279
628 1307
628 1313
628 1323
1327 628
628 1329
628 1331
628 1335
628 2385
628 558
628 641
628 825
628 974
663 994
508 663
610 663
141 663
663 1323
1327 663
663 974
994 1311
994 1336
994 1340
994 508
994 610
994 141
994 2375
994 877
994 1279
994 1307
994 1313
994 1323
1327 994
994 1331
994 1335
994 2385
994 558
994 641
994 825
994 856
994 974
1079 1311
1079 1336
1079 1340
1079 610
141 1079
1311 1336
1311 1340
610 1311
141 1311
1311 2375
1311 1279
1311 1307
1311 1313
1311 1323
1311 1327
1311 1331
1311 1335
1311 2385
1311 558
1311 641
1311 825
1311 856
1311 974
1340 1336
610 1336
141 1336
1336 1279
1336 1307
1313 1336
1336 1323
1327 1336
1331 1336
1336 1335
1336 2385
1336 558
1336 641
1336 825
1336 974
508 1340
1340 610
141 1340
1340 877
1340 1279
1340 1307
1340 1313
1340 1323
1340 1327
1340 1329
1340 1335
1340 2385
1340 558
1340 641
1340 825
1340 974
508 141
508 2375
508 877
508 1279
508 1307
508 1323
508 2385
508 558
508 825
508 974
610 141
610 2375
610 877
610 1279
610 1307
610 1313
610 1323
610 1329
610 1331
610 1335
610 2385
610 558
610 641
610 825
610 974
141 2375
141 877
141 1279
141 1307
141 1313
141 1323
141 1327
141 1329
141 1331
141 1335
141 2385
141 558
141 641
141 825
141 856
141 974
1307 2375
1313 2375
1323 2375
1327 2375
1331 2375
558 2375
1307 877
1313 877
1323 877
1327 877
1307 1279
1313 1279
1323 1279
1327 1279
1331 1279
558 1279
1307 1313
1307 1323
1307 1327
1307 1329
1307 1331
1307 1335
1307 2385
1307 558
1307 641
1307 825
1307 856
1307 974
1313 1323
1313 1331
1313 1335
1313 2385
1313 558
1313 641
1313 825
1313 856
1313 974
1327 1323
1323 1331
1323 1335
1323 2385
1323 558
1323 641
1323 825
1323 974
1327 1329
1327 1331
1327 1335
1327 2385
1327 558
1327 641
1327 825
1327 974
1331 1335
1331 2385
1331 558
1331 641
1331 825
1331 974
558 1335
558 2385
558 641
558 825
558 974
2:
10041 2951
10041 2991
10041 3060
10041 3151
10041 3387
10041 3402
10041 3410
10041 3543
10041 3554
10041 3570
10041 3591
10041 3597
10041 3601
10041 3614
10041 3643
10041 3651
10041 3653
10041 3657
10041 3676
10041 3679
10041 3746
10041 4848
10041 6770
10041 7839
10041 7840
10041 7875
10041 7898
10041 7912
10041 7916
10041 7918
10041 7985
10041 8063
10041 8066
10041 8087
10041 8088
10041 8089
10041 8156
10041 8192
10041 8194
10041 8195
10041 8201
10041 8204
10041 8205
10041 8207
10041 8208
10041 8210
10041 8211
10041 8212
10041 8214
10041 8215
10041 8216
10041 8217
10041 8219
10041 8220
10041 8222
10041 8223
10041 8224
10041 8227
10041 9530
10041 9531
126 10041
8088 2951
8192 2951
8195 2951
126 2951
4610 2951
8088 2991
8192 2991
8195 2991
126 2991
4610 2991
8088 3060
8192 3060
8195 3060
126 3060
4610 3060
8088 3151
8192 3151
8195 3151
126 3151
4610 3151
8088 3387
8192 3387
8195 3387
126 3387
4610 3387
8088 3402
8192 3402
8195 3402
126 3402
4610 3402
8088 3410
8192 3410
8195 3410
126 3410
4610 3410
8088 3543
8192 3543
8195 3543
126 3543
4610 3543
8088 3554
8192 3554
8195 3554
126 3554
4610 3554
8088 3570
8192 3570
8195 3570
126 3570
4610 3570
8088 3591
8192 3591
8195 3591
126 3591
4610 3591
8088 3597
8192 3597
8195 3597
126 3597
4610 3597
8088 3601
8192 3601
8195 3601
126 3601
4610 3601
8088 3614
8192 3614
8195 3614
126 3614
4610 3614
8088 3643
8192 3643
8195 3643
126 3643
4610 3643
8088 3651
8192 3651
8195 3651
126 3651
4610 3651
8088 3653
8192 3653
8195 3653
126 3653
4610 3653
8088 3657
8192 3657
8195 3657
126 3657
4610 3657
8088 3676
8192 3676
8195 3676
126 3676
4610 3676
8088 3679
8192 3679
8195 3679
126 3679
4610 3679
8088 3746
8192 3746
8195 3746
126 3746
4610 3746
4848 8063
4848 8066
4848 8087
4848 8088
4848 8089
4848 8195
126 4848
4610 4848
8088 6770
8192 6770
8195 6770
126 6770
4610 6770
8088 7839
8192 7839
8195 7839
126 7839
4610 7839
8088 7840
8192 7840
8195 7840
126 7840
4610 7840
8088 7875
8192 7875
8195 7875
126 7875
4610 7875
8088 7898
8192 7898
8195 7898
126 7898
4610 7898
8088 7912
8192 7912
8195 7912
126 7912
4610 7912
8088 7916
8192 7916
8195 7916
126 7916
4610 7916
8088 7918
8192 7918
8195 7918
126 7918
4610 7918
8088 7985
8192 7985
8195 7985
8201 7985
8217 7985
126 7985
4610 7985
8088 8063
8192 8063
8195 8063
126 8063
4610 8063
8088 8066
8192 8066
8195 8066
126 8066
4610 8066
8088 8087
8192 8087
8195 8087
126 8087
4610 8087
8088 8089
8088 8156
8088 8192
8088 8194
8088 8195
8088 8201
8088 8204
8088 8205
8088 8207
8088 8208
8088 8210
8088 8211
8088 8212
8088 8214
8088 8215
8088 8216
8088 8217
8088 8219
8088 8220
8088 8222
8088 8223
8088 8224
8088 8227
8088 9530
8088 9531
126 8088
4610 8088
8192 8089
8195 8089
126 8089
4610 8089
8192 8156
8195 8156
126 8156
4610 8156
8192 8194
8192 8195
8192 8201
8192 8204
8192 8205
8192 8207
8192 8208
8192 8210
8192 8211
8192 8212
8192 8214
8192 8215
8192 8216
8192 8217
8192 8219
8192 8220
8192 8222
8192 8223
8192 8224
8192 8227
8192 9530
8192 9531
126 8192
4610 8192
8195 8194
126 8194
4610 8194
8195 8201
8195 8204
8195 8205
8195 8207
8195 8208
8195 8210
8195 8211
8195 8212
8195 8214
8195 8215
8195 8216
8195 8217
8195 8219
8195 8220
8195 8222
8195 8223
8195 8224
8195 8227
8195 9530
8195 9531
126 8195
4610 8195
126 8201
4610 8201
126 8204
4610 8204
126 8205
4610 8205
126 8207
4610 8207
126 8208
4610 8208
126 8210
4610 8210
126 8211
4610 8211
126 8212
4610 8212
126 8214
4610 8214
126 8215
4610 8215
126 8216
4610 8216
126 8217
4610 8217
126 8219
4610 8219
126 8220
4610 8220
126 8222
4610 8222
126 8223
4610 8223
126 8224
4610 8224
126 8227
4610 8227
126 9530
4610 9530
126 9531
4610 9531
126 4610
3:
172 8627
172 118
172 121
172 186
172 69
172 8346
172 407
172 408
172 173
172 177
172 204
172 29805
172 7813
8361 172
32923 172
8627 186
8627 173
8627 177
8627 29805
32923 8627
118 121
118 186
69 118
118 407
118 408
173 118
177 118
204 118
7813 118
8361 118
32923 118
407 121
173 121
177 121
204 121
32923 121
407 186
173 186
177 186
204 186
8361 186
32923 186
69 407
173 69
69 7813
407 8346
8346 173
8346 204
32923 8346
407 408
173 407
407 204
7813 407
8361 407
32923 407
173 408
204 408
32923 408
177 173
173 204
173 29805
173 7813
32923 173
177 29805
32923 177
32923 204
32923 29805
32923 7813
32923 8361
4:
172 8627
172 29794
172 29796
172 29810
172 29821
172 32864
172 32873
172 32874
172 9947
8361 172
32923 172
8627 8608
8608 29794
8608 29796
8608 29810
8608 29821
8608 32864
8608 32873
8608 32874
8608 8361
32923 8608
8627 29794
8627 29796
8627 29810
8627 29821
8627 32864
8627 32873
8627 32874
8627 9947
8627 8361
32923 8627
32864 29794
8361 29794
32923 29794
32864 29796
8361 29796
32923 29796
32864 29810
8361 29810
32923 29810
32864 29821
8361 29821
32923 29821
32864 32873
32864 32874
32864 9947
8361 32864
32923 32864
8361 32873
32923 32873
8361 32874
32923 32874
8361 9947
32923 9947
32923 8361
5:
2 2024
2 5
2 112
2 251
2 401
2 277
2 288
2 8336
2 8349
2 193
181 2
8327 2
2024 5
2024 251
2024 401
8627 2024
2024 277
2024 288
2024 8336
2024 8349
2024 193
2024 181
2024 9
8327 2024
32889 2024
9045 2024
5 251
5 277
5 8336
5 8349
5 181
10388 172
172 112
29668 172
401 172
172 8627
172 118
172 186
172 29794
172 29796
172 29810
172 29821
172 32864
172 32873
172 32874
172 69
172 8349
172 7813
181 172
8361 172
9045 172
7659 10388
7659 112
7659 251
7659 401
7659 288
8608 251
8608 401
8627 8608
8608 277
8608 8336
8347 8608
8608 8349
8608 8361
10369 10388
10369 112
10369 251
10369 29668
10369 401
10369 8627
8327 10369
9045 10369
10388 112
10388 251
10388 29668
10388 401
10388 8627
10388 118
10388 186
10388 277
10388 288
10388 29794
10388 29796
10388 29810
10388 29821
10388 32864
10388 32873
10388 32874
10388 4
10388 69
10388 8336
10388 8347
10388 8349
181 10388
312 10388
9045 10388
112 251
29668 112
401 112
112 277
112 288
4 112
181 112
8361 112
81 112
8327 112
32889 112
9045 112
251 29668
251 401
251 8627
251 118
251 277
251 288
251 4
69 251
251 8336
251 8347
251 8349
251 193
7813 251
251 181
251 8361
251 9
81 251
251 312
251 32797
251 8334
8327 251
32902 251
9045 251
29668 401
29668 8627
29668 118
29668 186
29668 277
29668 288
29668 29794
29668 29796
29668 29810
29668 29821
29668 32864
29668 32873
29668 32874
29668 69
29668 8336
29668 8349
32889 29668
9045 29668
401 8627
401 118
401 186
401 277
288 401
401 32873
4 401
401 69
401 8336
401 8347
401 8349
401 193
401 7813
401 181
401 8361
401 9
32797 401
8327 401
32889 401
401 32902
9045 401
8627 186
8627 277
8627 288
8627 29794
8627 29796
8627 29810
8627 29821
8627 32864
8627 32873
8627 32874
69 8627
8627 8336
8627 8349
7813 8627
181 8627
8627 8361
32797 8627
8627 32902
118 186
69 118
7813 118
181 118
8361 118
81 118
8327 118
9045 118
9045 186
288 277
277 8336
277 8349
181 277
8361 277
9 277
312 277
32797 277
8327 277
32889 277
9045 277
288 8336
288 8349
32889 288
32864 29794
32864 29796
32864 29810
32864 29821
32864 32873
32864 32874
69 32873
7813 32873
8361 32873
4 69
4 8336
181 4
81 4
4 8334
4 8327
69 8336
69 8347
69 8349
69 7813
69 181
8361 69
81 69
69 8334
69 8327
69 32902
181 8336
8361 8336
312 8336
32797 8336
8334 8336
8327 8336
32889 8336
9045 8336
8347 8349
7813 8347
181 8347
8347 8361
7813 8349
181 8349
8361 8349
312 8349
32797 8349
8327 8349
32889 8349
9045 8349
181 193
9 193
7813 181
7813 32902
181 8361
181 9
81 181
8327 181
9045 181
9 312
8327 9
9045 9
81 8327
312 8327
9045 312
8327 8334
8327 9045
6:
172 8627
172 121
172 177
172 29814
172 29943
32923 172
8627 177
8627 29814
8627 29943
32923 8627
177 121
29814 121
29943 121
32923 121
177 29814
177 29943
32923 177
29943 29814
32923 29814
32923 29943
7:
766 4064
4064 3699
4064 3533
5046 4064
4015 4064
4064 3987
4064 4024
766 3699
766 3533
766 5046
766 2516
766 4015
766 3987
766 4024
3533 3699
5046 3699
4015 3699
4024 3699
3533 5046
3533 2516
3533 4015
3533 3987
3533 4024
5046 2516
5046 4015
5046 3987
5046 4024
4015 2516
4024 2516
4015 4024
4024 3987
8:
7991 129
10264 129
5596 129
129 971
19145 129
7991 9313
10264 7991
5596 7991
7991 971
19145 7991
10264 9313
5596 9313
971 9313
19145 9313
10264 5596
10264 971
19145 10264
5596 971
19145 5596
19145 971
9:
807 2284
2297 807
807 1079
2265 807
807 2422
807 508
610 807
141 807
1327 807
1079 2284
2265 2284
2422 2284
508 2284
610 2284
141 2284
1327 2284
1079 2297
2297 2265
2422 2297
508 2297
610 2297
141 2297
1327 2297
1079 2265
1079 2422
1079 508
1079 610
141 1079
1327 1079
2422 2265
508 2265
610 2265
141 2265
1327 2265
141 2422
508 141
610 141
141 1327
10:
3048 3045
3048 3582
2883 3048
3048 3039
3048 3400
3045 3582
2883 3045
3039 3045
3400 3045
2883 3582
3039 3582
3400 3582
2883 3039
2883 3400
3400 3039
11:
2024 5
2024 251
8627 2024
2024 277
2024 279
2024 7793
5 251
5 277
5 279
5 7793
251 8627
251 277
279 251
7793 251
8627 277
8627 279
8627 7793
279 277
7793 277
279 7793
12:
3434 3217
3217 3436
3217 807
126 3217
3217 2827
3217 2993
3217 4214
3217 1352
3217 3463
3434 3436
126 3434
3434 2827
3434 2993
3434 4214
3434 1352
3436 807
126 3436
3436 2827
3436 2993
3436 4214
3436 1352
3436 3463
807 2827
2993 807
807 1352
807 3463
126 2827
126 4214
2827 2993
2827 4214
2827 1352
2827 3463
2993 4214
2993 1352
2993 3463
1352 4214
3463 4214
1352 3463
13:
4128 142
4128 4430
4128 994
4128 152
4128 2475
4128 4133
4430 142
994 142
152 142
2475 142
4133 142
4430 994
152 4430
4430 2475
4133 4430
994 152
994 2475
152 2475
4133 152
4133 2475
14:
419 1814
419 3723
11539 419
419 24240
419 2907
3985 419
419 4820
3723 1814
11539 1814
24240 1814
2907 1814
1814 3985
1814 4820
11539 3723
24240 3723
2907 3723
3723 3985
3723 4820
11539 24240
11539 2907
11539 3985
11539 4820
24240 4820
2907 3985
3985 4820
15:
419 1814
419 3167
11539 419
2720 419
3990 419
3167 1814
11539 1814
1814 2720
3990 1814
11539 3167
2720 3167
3990 3167
11539 2720
11539 3990
2720 3990
16:
2827 544
2826 2827
1493 2827
2827 2050
2827 1352
2983 2827
2826 544
544 1493
544 1352
544 2983
2826 1493
2826 2050
2826 1352
2826 2983
1493 2050
1493 1352
1493 2983
1352 2050
2050 2983
1352 2983
17:
10759 765
17777 765
2129 765
765 2606
765 3015
3020 765
10759 17777
10759 2129
10759 2606
10759 3015
10759 3020
17777 2606
17777 3015
17777 3020
2129 2606
2129 3015
2129 3020
2606 3015
2606 3020
3020 3015
18:
4843 765
126 765
765 2606
765 3015
3020 765
126 4843
4843 2606
4843 3015
4843 3020
126 2606
126 3015
126 3020
2606 3015
2606 3020
3020 3015
