# The directed communities at k=6
# from /Users/bogna/dev/role-mining/datasets/enron/timeslots/8-2001.edges
# at no lower link weight threshold,
# and at no upper link weight threshold.
# Links were treated as directed.
# No time limit was set for the clique search.

0: 1415 151 1815 2161 2828 3135 4128 8196 318 966 970 10263 126 128 129 138 140 142 143 145 425 457 4589 7991 971 1523 123 137 452 10759 10973 1178 132 1574 17652 17776 17777 2106 21496 2606 419 4506 4508 5277 7413 80 804 969 972 508 10808 1209 125 127 133 141 149 152 424 441 1814 3167 544 11529 11540 1414 1521 1522 1524 1526 3838 3839 4212 4213 4216 422 11537 11538 3158 11539 1043 1236 24240 2720 2907 3837 3968 3985 3990 4820 4873 11541 1494 1525 4071 24231 24246 4034 5204 6210 7763 11543 1812 723 11656 130 148 546 11667 11680 4501 11712 1794 1813 2824 414 549 604 2826 11901 4457 1199 4483 661 545 1243 1246 1493 9931 1244 1527 1811 1867 1881 1895 1959 19609 2022 20676 21713 2607 281 4314 4333 4502 4504 4505 4507 4509 492 5046 5178 5372 5640 7412 890 925 954 998 538 510 7682 9012 500 19653 5129 21464 19417 21493 21500 5037 645 33069 3886 4503 
1: 628 663 994 1079 1311 1336 1340 508 610 141 2375 877 1279 1307 1313 1323 1327 1329 1331 1335 2385 558 641 825 856 974 
2: 10041 2951 2991 3060 3151 3387 3402 3410 3543 3554 3570 3591 3597 3601 3614 3643 3651 3653 3657 3676 3679 3746 4848 6770 7839 7840 7875 7898 7912 7916 7918 7985 8063 8066 8087 8088 8089 8156 8192 8194 8195 8201 8204 8205 8207 8208 8210 8211 8212 8214 8215 8216 8217 8219 8220 8222 8223 8224 8227 9530 9531 126 4610 
3: 172 8627 118 121 186 69 8346 407 408 173 177 204 29805 7813 8361 32923 
4: 172 8608 8627 29794 29796 29810 29821 32864 32873 32874 9947 8361 32923 
5: 2 2024 5 172 7659 8608 10369 10388 112 251 29668 401 8627 118 186 277 288 29794 29796 29810 29821 32864 32873 32874 4 69 8336 8347 8349 193 7813 181 8361 9 81 312 32797 8334 8327 32889 32902 9045 
6: 172 8627 121 177 29814 29943 32923 
7: 4064 766 3699 3533 5046 2516 4015 3987 4024 
8: 129 7991 9313 10264 5596 971 19145 
9: 807 2284 2297 1079 2265 2422 508 610 141 1327 
10: 3048 3045 3582 2883 3039 3400 
11: 2024 5 251 8627 277 279 7793 
12: 3217 3434 3436 807 126 2827 2993 4214 1352 3463 
13: 4128 142 4430 994 152 2475 4133 
14: 419 1814 3723 11539 24240 2907 3985 4820 
15: 419 1814 3167 11539 2720 3990 
16: 2827 544 2826 1493 2050 1352 2983 
17: 765 10759 17777 2129 2606 3015 3020 
18: 765 4843 126 2606 3015 3020 
