# The links inside the directed communities at k=5
# from /Users/bogna/dev/role-mining/datasets/enron/timeslots/10-2000.edges
# at no lower link weight threshold,
# and at no upper link weight threshold.
# Links were treated as directed.
# No time limit was set for the clique search.

0:
11523 3647
871 11523
46618 11523
5631 11523
3647 871
3647 46618
3647 5631
871 46618
871 5631
5631 46618
1:
103 10808
103 11678
103 126
11706 103
11732 103
14334 103
812 103
11669 10808
131 10808
155 10808
425 10808
11706 10808
11732 10808
14334 10808
3117 10808
812 10808
11669 11678
11684 11678
11678 11685
131 11678
11678 155
11706 11678
11732 11678
14323 11678
14334 11678
812 11678
11669 126
131 126
146 126
155 126
425 126
11706 126
11732 126
14334 126
3117 126
383 126
812 126
11669 3
11706 3
11732 3
14334 3
3117 3
812 3
133 527
11669 133
155 133
11706 133
11732 133
14334 133
3117 133
812 133
527 11667
11669 527
527 11684
11691 527
527 127
527 144
527 146
155 527
527 425
527 457
11706 527
11732 527
14323 527
14334 527
3117 527
383 527
527 954
812 527
11706 11667
11732 11667
11794 11667
14334 11667
954 11667
812 11667
11669 11684
11669 11685
11669 11686
11669 11689
11669 11691
11669 11692
11669 124
11669 127
11669 128
11669 129
11669 130
11669 131
11669 14319
11669 144
11669 146
11669 155
11669 2054
11669 368
11669 382
11669 4217
11669 425
11669 432
11669 445
11669 457
11669 656
11669 6693
11706 11669
11732 11669
14334 11669
383 11669
812 11669
144 11684
425 11684
11706 11684
11732 11684
14323 11684
14334 11684
3117 11684
812 11684
155 11685
11706 11685
11732 11685
14334 11685
3117 11685
812 11685
11706 11686
11732 11686
14323 11686
14334 11686
3117 11686
812 11686
11706 11689
11732 11689
14323 11689
14334 11689
3117 11689
812 11689
11706 11691
11732 11691
14334 11691
3117 11691
812 11691
11706 11692
11732 11692
14334 11692
812 11692
144 124
11706 124
11732 124
14334 124
3117 124
812 124
425 127
11706 127
11732 127
11904 127
14334 127
3117 127
812 127
11706 128
11732 128
14334 128
3117 128
812 128
129 425
11706 129
11732 129
14334 129
3117 129
812 129
11706 130
11732 130
14334 130
3117 130
812 130
11706 131
11732 131
14334 131
3117 131
812 131
11706 14319
11732 14319
812 14319
11706 144
11732 144
144 11904
14323 144
14334 144
144 3117
812 144
11706 146
11732 146
14334 146
3117 146
812 146
155 656
11706 155
11732 155
14334 155
3117 155
812 155
11706 2054
11732 2054
14334 2054
3117 2054
812 2054
11706 368
11732 368
14334 368
812 368
11706 382
11732 382
14334 382
3117 382
383 382
812 382
11706 4217
11732 4217
14334 4217
3117 4217
812 4217
11706 425
11732 425
14334 425
3117 425
425 787
812 425
11706 432
11732 432
14334 432
3117 432
812 432
11706 445
11732 445
14323 445
14334 445
3117 445
812 445
11706 457
11732 457
14334 457
812 457
11706 656
11732 656
14334 656
3117 656
812 656
11706 6693
11732 6693
6693 14323
14334 6693
3117 6693
812 6693
11706 11732
11706 11794
11706 11822
11706 11891
11706 11893
11706 11901
11706 11903
11706 11904
11706 11907
11706 1384
11706 14321
11706 14322
11706 14323
11706 14324
11706 14325
11706 14326
11706 14327
11706 14329
11706 14330
11706 14331
11706 14332
11706 14333
11706 14334
11706 244
11706 249
11706 3117
11706 332
11706 383
11706 416
11706 4458
11706 4722
11706 556
11706 787
11706 9322
11706 954
812 11706
11732 11794
11732 11822
11732 11891
11732 11893
11732 11901
11732 11903
11732 11904
11732 11907
11732 1384
11732 14321
11732 14322
11732 14323
11732 14324
11732 14325
11732 14326
11732 14327
11732 14329
11732 14330
11732 14331
11732 14332
11732 14333
11732 14334
11732 244
11732 249
11732 3117
11732 332
11732 383
11732 416
11732 4458
11732 4722
11732 556
11732 787
11732 9322
11732 954
812 11732
14334 11794
812 11794
14334 11822
812 11822
14334 11891
812 11891
14334 11893
812 11893
14334 11901
812 11901
14334 11903
812 11903
14334 11904
812 11904
14334 11907
812 11907
14334 1384
812 1384
14334 14321
812 14321
14334 14322
812 14322
14334 14323
812 14323
14334 14324
812 14324
14334 14325
812 14325
14334 14326
812 14326
14334 14327
812 14327
14334 14329
812 14329
14334 14330
812 14330
14334 14331
812 14331
14334 14332
812 14332
14334 14333
812 14333
14334 244
14334 249
14334 3117
14334 332
14334 383
14334 416
14334 4458
14334 4722
14334 556
14334 787
14334 9322
14334 954
812 14334
812 244
812 249
812 3117
812 332
383 556
812 383
812 416
812 4458
812 4722
812 556
812 787
812 9322
812 954
2:
17234 33767
17234 15799
17234 15612
17234 18197
17234 18198
5298 17234
17234 17235
17234 15774
15787 17234
17234 4666
7713 17234
15799 33767
17235 33767
33767 15774
15787 33767
4666 33767
7713 33767
15799 5298
15799 15741
15799 17235
15799 15774
15787 15799
4666 15799
7713 15799
15612 18197
15612 18198
15612 5298
17235 15612
15787 15612
4666 15612
7713 15612
5298 18197
15787 18197
7713 18197
17235 18198
7713 18198
5298 15741
5298 17235
15787 5298
5298 15825
4666 5298
7713 5298
17235 15741
15787 15741
4666 15741
7713 15741
17235 15759
17235 15774
17235 17248
17235 15787
17235 15805
17235 15825
17235 17249
4666 17235
7713 17235
15759 17248
4666 15759
7713 15759
15787 17248
4666 17248
7713 17248
15787 15805
15787 15825
15787 17249
4666 15787
7713 15787
4666 15805
7713 15805
4666 15825
7713 15825
4666 17249
7713 17249
4666 7713
3:
544 20742
544 20753
20767 544
544 20807
544 20768
20742 20753
20767 20742
20807 20742
20768 20742
20753 20767
20753 20807
20767 20807
20767 20768
20807 20768
4:
20801 544
544 20885
20931 544
21012 544
20801 20885
20801 20931
20801 21000
20801 21012
20801 22959
20885 20931
20885 21000
20885 21012
20885 22959
20931 21000
20931 21012
20931 22959
21012 21000
21012 22959
5:
10226 4
118 10226
5033 10226
2398 10226
174 10226
4 118
4 196
4 8326
4 93
10341 4
179 4
216 4
4 3228
9045 4
4 2024
401 4
4 8351
4 251
4 178
4 181
4 189
4 231
4 256
4 2659
4 276
4 306
4 5033
4 76
78 4
11843 4
293 4
2398 4
174 4
4 10365
4 10387
4 292
4 3085
4 68
4 176
32889 4
29414 4
29921 4
8333 4
118 10389
8326 10389
9045 10389
174 10389
118 112
216 112
3228 112
9045 112
10354 112
277 112
401 112
8351 112
276 112
174 112
68 112
272 112
288 112
29921 112
118 196
118 8326
118 179
118 3228
9045 118
118 251
118 10366
118 178
118 181
118 188
118 189
118 190
118 191
118 231
118 256
118 2659
118 276
118 306
118 3447
118 5033
118 76
118 78
118 8327
118 8334
11843 118
174 118
842 118
188 196
196 231
5033 196
2398 196
174 196
842 196
8326 93
10341 8326
8326 179
8326 216
8326 3228
9045 8326
401 8326
8326 181
8326 306
78 8326
11843 8326
174 8326
8326 10352
8326 68
32889 8326
29414 8326
29921 8326
8333 8326
9045 93
189 93
276 93
68 93
32889 93
29414 93
10341 216
10341 3228
9045 179
179 2024
189 179
276 179
11843 179
174 179
179 10352
68 179
29414 179
216 3228
216 9045
10354 216
216 2024
216 277
401 216
216 8336
216 8349
216 8351
216 8627
216 251
216 181
276 216
216 76
174 216
68 216
216 8621
272 216
288 216
29921 216
9045 273
276 273
68 273
272 273
9045 3228
3228 2024
3228 277
3228 401
3228 8336
3228 8349
3228 8351
3228 181
3228 306
174 3228
288 3228
8333 3228
9045 10354
9045 2024
9045 277
9045 401
9045 8336
9045 8349
9045 8351
9045 10374
9045 251
9045 10366
9045 178
9045 181
9045 190
9045 191
9045 256
9045 2659
9045 276
9045 306
9045 3447
9045 76
9045 78
9045 8327
9045 8334
9045 293
9045 10382
174 9045
9045 10352
9045 10357
9045 10365
9045 10377
9045 10385
9045 10387
9045 292
9045 307
9045 3085
9045 312
9045 68
9045 272
9045 10360
9045 10361
9045 10363
9045 10364
9045 10378
9045 10381
9045 10383
9045 10459
9045 252
9045 275
9045 288
9045 9823
9045 176
9045 32889
10354 2024
10354 277
10354 401
10354 8336
10354 8349
10354 8351
10354 8627
276 10354
68 10354
272 10354
277 2024
401 2024
8351 2024
2024 8627
251 2024
276 2024
174 2024
68 2024
272 2024
288 2024
29414 2024
29921 2024
277 401
277 8336
277 8349
277 8351
10374 277
277 251
276 277
174 277
68 277
272 277
277 288
401 8336
401 8349
401 8351
401 8627
251 401
401 181
276 401
401 76
174 401
68 401
401 8621
272 401
401 252
288 401
29414 401
29921 401
8351 8336
251 8336
276 8336
174 8336
68 8336
272 8336
288 8336
29921 8336
8351 8349
251 8349
276 8349
174 8349
68 8349
272 8349
288 8349
251 8351
276 8351
174 8351
68 8351
272 8351
288 8351
29921 8351
288 8627
29921 8627
276 10374
68 10374
272 10374
189 251
276 251
174 251
68 251
272 251
288 251
189 10366
276 10366
174 10366
78 178
174 178
78 181
174 181
8333 181
188 231
188 2398
174 188
842 188
189 191
189 276
189 3447
174 189
189 10365
189 10387
189 292
189 3085
189 68
78 190
174 190
276 191
174 191
5033 231
2398 231
174 231
842 231
174 256
5033 2659
2398 2659
174 2659
276 3447
276 293
276 10382
174 276
276 10352
276 10357
276 10365
276 10377
276 10385
276 10387
276 292
276 307
276 3085
276 312
276 68
276 272
276 10360
276 10361
276 10363
276 10364
276 10378
276 10381
276 10383
276 10459
276 252
276 275
276 288
276 9823
276 176
276 32889
78 306
174 306
8333 306
174 3447
2398 5033
174 5033
78 76
174 76
78 8327
78 8334
174 78
8333 78
174 8327
174 8334
68 293
272 293
32889 293
68 10382
272 10382
2398 174
68 10352
272 10352
29414 10352
68 10357
32889 10357
68 10365
272 10365
68 10377
32889 10377
68 10385
32889 10385
68 10387
68 292
68 307
272 307
68 3085
68 312
272 312
68 272
68 10360
68 10361
68 10363
68 10364
68 10378
68 10381
68 10383
68 10459
68 252
68 275
68 288
68 9823
68 176
68 32889
29414 68
288 8621
29921 8621
272 10360
272 10361
272 10363
272 10364
272 10378
272 10381
272 10383
272 10459
272 252
272 275
272 288
272 9823
288 10459
288 252
29921 288
29414 29921
6:
3647 597
3647 871
3647 26325
3647 6703
3647 46658
597 871
26325 597
6703 597
597 46658
871 26325
871 6703
46658 871
26325 6703
46658 26325
7:
67244 34506
67240 34506
67350 34506
67354 34506
67244 67240
67244 67308
67244 67350
67244 67353
67244 67354
67240 67308
67240 67350
67240 67353
67240 67354
67350 67308
67354 67308
67350 67353
67350 67354
67354 67353
8:
10260 14026
10260 14027
10260 14480
10260 151
10260 17721
10260 4220
10260 4703
10260 5287
10260 8129
10260 8594
5905 10260
8612 10260
3678 10260
4988 10260
14026 151
17721 14026
14026 5287
5905 14026
4988 14026
14027 151
3678 14027
4988 14027
151 14480
3678 14480
4988 14480
151 17721
151 4220
151 4703
151 5287
151 8129
151 8594
151 5905
151 8612
3678 151
4988 151
17721 5905
4988 17721
3678 4220
4988 4220
3678 4703
4988 4703
5905 5287
3678 5287
4988 5287
3678 8129
4988 8129
3678 8594
4988 8594
3678 8612
4988 8612
3678 4988
9:
1593 151
151 425
151 787
17293 151
5290 151
151 143
151 134
151 439
3678 151
118 540
118 452
118 527
118 10760
118 505
118 547
118 723
118 4250
118 188
118 1959
118 2106
118 30
118 604
174 118
21525 118
9931 118
842 118
10351 2137
10351 4314
10351 540
10351 544
20668 10351
9931 10351
1061 1399
1061 2050
1061 2842
1061 3204
1061 456
1061 5314
1061 930
1593 1061
425 1061
787 1061
143 1061
15810 1061
2100 1061
3678 1061
2137 544
2137 527
2137 5753
20575 2137
20586 2137
20668 2137
2137 20670
2137 20679
890 2137
9931 2137
540 4314
544 4314
2022 4314
20668 4314
890 4314
2092 4314
20934 4314
540 544
540 125
540 452
540 527
540 532
540 419
540 505
540 547
1223 540
540 1411
540 550
540 723
540 127
425 540
11680 540
540 281
540 4250
540 4503
954 540
540 1959
540 2106
540 30
540 604
1199 540
540 5683
540 804
143 540
1246 540
540 489
491 540
540 1412
540 1527
540 4504
540 5358
540 15272
174 540
540 4505
540 4506
540 4508
540 645
540 1813
540 2022
540 4288
540 5371
540 5690
20586 540
20668 540
21525 540
890 540
2092 540
20934 540
540 4333
540 5373
731 540
9931 540
540 241
540 548
544 125
544 452
544 527
544 532
544 419
544 547
11546 544
1223 544
544 1411
544 1798
544 550
544 723
544 15016
544 4250
544 4503
544 954
544 1959
544 2106
544 30
544 5753
544 604
544 5277
544 1199
2373 544
544 5683
544 804
1246 544
1493 544
544 20677
544 489
544 491
544 1414
544 542
544 1412
1527 544
544 15272
544 545
544 2398
544 20746
544 549
1894 544
544 2022
544 4507
544 5688
544 20575
544 20586
544 20668
544 20670
544 20676
544 20679
544 20682
544 2262
544 580
544 890
2092 544
20934 544
544 731
9931 544
241 544
544 500
1050 125
1050 452
1050 527
1050 532
2238 1050
20668 1050
9323 1050
3029 1050
452 125
125 527
125 532
547 125
723 125
804 125
2238 125
1894 125
20668 125
731 125
9931 125
241 125
3029 125
452 527
452 532
505 452
452 547
1798 452
452 723
425 452
11680 452
452 281
452 4250
4503 452
954 452
452 30
452 604
5277 452
1199 452
452 804
1246 452
489 452
491 452
452 1527
174 452
1894 452
2022 452
20575 452
20586 452
20668 452
20676 452
21525 452
890 452
925 452
9931 452
241 452
3029 452
452 548
78254 452
842 452
527 532
527 419
527 505
527 547
1798 527
527 550
527 723
527 127
527 425
527 11680
527 11679
527 281
527 4250
527 954
527 1959
527 2106
527 30
604 527
5277 527
527 804
527 143
1246 527
489 527
527 491
1527 527
527 5358
527 15272
2238 527
174 527
4508 527
527 1894
2022 527
527 492
20668 527
21525 527
890 527
925 527
9323 527
9931 527
241 527
3029 527
842 527
419 532
723 532
4250 532
1246 532
489 532
491 532
2238 532
1894 532
20668 532
925 532
9323 532
9931 532
241 532
3029 532
2050 1399
456 1399
1593 1399
1399 419
1399 425
787 1399
1399 1233
143 1399
1399 2049
1399 2960
2100 1399
3678 1399
456 2050
1593 2050
2050 2049
2050 2960
2100 2050
2842 3204
456 2842
1593 2842
425 2842
787 2842
2842 437
2842 5290
2842 143
2842 3006
2842 764
15810 2842
2842 2939
2842 2100
3678 2842
456 3204
1593 3204
425 3204
787 3204
3204 5290
3204 143
15810 3204
2100 3204
3678 3204
456 5314
456 930
1593 456
425 456
456 5290
456 143
456 2049
15810 456
456 874
456 2100
1593 5314
425 5314
5314 143
1593 930
425 930
1593 425
1593 3695
1593 5290
1593 143
1593 2049
1593 2960
1593 874
1593 2939
10760 505
10760 547
188 10760
2398 10760
174 10760
20668 10760
890 10760
1849 5204
1849 3838
731 1849
24240 1849
419 1850
3838 1850
731 1850
24240 1850
5203 1850
419 547
419 5204
1798 419
419 723
425 419
787 419
954 419
419 1185
419 1233
804 419
419 1236
143 419
489 419
419 1414
419 1415
419 1412
4334 419
419 1573
419 4859
419 4213
419 1494
419 1523
419 1526
419 2027
419 4212
419 4282
419 3838
890 419
731 419
419 1521
419 1522
419 1524
419 1525
419 3061
419 2161
419 2162
419 3161
419 3985
419 4071
419 5203
3678 419
547 505
505 425
188 505
505 30
505 604
505 143
505 764
505 1527
2398 505
505 4278
174 505
4508 505
505 549
2022 505
20668 505
21525 505
890 505
2092 505
842 505
547 1411
547 550
547 723
547 281
954 547
547 30
547 510
547 604
547 1185
547 1199
547 5683
547 804
547 489
491 547
547 1414
547 1415
547 542
547 1412
547 1527
547 545
547 1573
547 4213
547 1494
547 1523
547 1526
547 2027
547 4212
547 4282
174 547
547 549
3838 547
2022 547
20668 547
890 547
2092 547
731 547
547 1522
547 3061
547 2161
547 2162
547 548
547 500
553 547
5204 1185
5204 1236
4334 5204
5204 1573
5204 1526
3838 5204
731 5204
5204 3061
24240 5204
5204 3985
5204 5203
11546 1223
11546 1411
11546 1798
11546 550
11546 723
1223 1411
1223 723
1223 1199
1223 2373
1223 5683
1223 804
20746 1223
1798 1411
723 1411
954 1411
604 1411
1199 1411
2373 1411
804 1411
1246 1411
1527 1411
2398 1411
20746 1411
2022 1411
20668 1411
890 1411
731 1411
9931 1411
1798 550
723 1798
954 1798
804 1798
1798 1412
550 723
954 550
550 804
2022 550
20668 550
890 550
731 550
9931 550
954 723
723 30
723 604
723 1185
723 1199
2373 723
723 804
1246 723
723 1414
723 1415
723 1412
1527 723
2398 723
723 20746
723 4212
174 723
549 723
2022 723
20668 723
723 580
890 723
2092 723
731 723
9931 723
723 2161
425 127
3117 127
5290 127
890 127
3678 127
129 425
3117 129
5290 129
143 129
3678 129
3117 425
425 787
425 3695
425 5290
425 143
489 425
425 498
425 1412
425 134
425 439
425 764
425 874
425 2939
890 425
3678 425
3117 656
5290 656
143 656
3678 656
11680 11679
11680 281
11680 4250
11680 4503
2022 11680
20586 11680
20668 11680
890 11680
954 11679
20668 11679
890 11679
20575 15016
20586 15016
20668 15016
890 15016
281 4250
890 281
731 281
174 4250
4250 549
4250 1894
2022 4250
20668 4250
890 4250
731 4250
4503 20677
4503 4507
4503 5688
4503 20575
20586 4503
4503 20668
4503 20682
4503 2262
890 4503
20934 4503
241 4503
5290 3117
3117 143
3678 3117
787 143
787 1412
787 134
787 764
954 30
954 804
954 1894
20668 954
890 954
954 548
188 2398
174 188
174 1959
890 1959
9931 1959
241 1959
174 2106
20668 2106
9931 2106
241 2106
604 30
30 804
1527 30
174 30
4508 30
2022 30
20668 30
890 30
2092 30
30 731
9931 30
241 30
78254 30
510 489
510 542
510 500
20575 5753
20586 5753
20668 5753
604 804
1527 604
174 604
4508 604
2022 604
20668 604
890 604
2092 604
241 604
604 78254
5290 17293
143 17293
17293 134
3838 1185
731 1185
5290 3695
3695 143
5290 437
143 437
3678 437
20668 5277
890 5277
5290 143
5290 498
5290 3006
5290 134
5290 439
15810 5290
5290 874
890 5290
2100 5290
3678 5290
804 1199
4508 1199
20668 1199
21525 1199
890 1199
20934 1199
143 1233
3678 1233
2373 2398
5683 804
174 5683
20668 5683
890 5683
1246 804
804 1414
1527 804
174 804
20668 804
804 890
2092 804
731 804
9931 804
78254 804
3838 1236
731 1236
489 143
498 143
143 3006
143 1412
143 134
143 439
143 764
2939 143
890 143
2100 143
3678 143
20668 1246
20668 1493
890 1493
20934 1493
20575 20677
20586 20677
20668 20677
20677 20670
890 20677
489 491
489 542
489 545
925 489
489 500
489 553
491 542
491 545
491 548
491 500
890 498
3678 498
3838 1414
731 1414
24240 1414
5203 1414
3838 1415
731 1415
24240 1415
5203 1415
2960 2049
2100 2049
2100 3006
542 500
553 542
890 1412
731 1412
3678 1412
3678 134
890 764
3678 764
1527 4504
1527 5358
174 1527
890 1527
2092 1527
645 4504
890 4504
2092 4504
4508 5358
2022 5358
20668 5358
890 5358
2092 5358
20668 15272
9931 15272
241 15272
4334 1526
4334 5203
20668 2238
2398 174
2398 20668
1573 4859
3838 1573
731 1573
24240 1573
3161 1573
3838 4859
731 4859
24240 4859
3678 2939
3838 4213
731 4213
4508 4278
2022 4278
890 4278
3838 1494
731 1494
3838 1523
731 1523
24240 1523
5203 1523
3838 1526
731 1526
24240 1526
5203 1526
3838 2027
731 2027
3838 4212
731 4212
3838 4282
731 4282
174 4508
20668 4505
21525 4505
890 4505
2092 4505
2022 4506
20668 4506
21525 4506
890 4506
2092 4506
20934 4506
2022 4508
4508 20683
4508 4509
20668 4508
890 4508
2092 4508
20934 4508
20668 549
890 549
20934 549
1813 645
20668 645
890 645
2092 645
2022 1813
20668 1813
890 1813
2092 1813
731 3838
3838 1521
3838 1522
3838 1524
3838 1525
3838 3061
3838 24240
3838 2161
3838 2162
3838 3161
3838 3985
3838 4071
3838 5203
9931 1894
2022 20683
2022 4288
2022 4507
2022 4509
2022 492
2022 5371
2022 5688
2022 5690
20668 2022
890 2022
2092 2022
842 2022
20668 20683
890 20683
20934 20683
20668 4288
890 4288
2092 4288
20934 4288
20575 4507
20668 4507
890 4507
20934 4507
20668 4509
890 4509
2092 4509
20668 492
890 492
925 492
20668 5371
890 5371
2092 5371
20934 5371
20575 5688
20586 5688
20668 5688
890 5688
20934 5688
20668 5690
890 5690
2092 5690
20575 20586
20575 20668
20575 20670
20575 20676
20575 20679
20575 20682
20575 21525
20575 2262
20575 580
20575 890
20586 20668
20586 20670
20586 20676
20586 20679
20586 20682
20586 2262
20668 20670
20668 20676
20668 20679
20668 20682
20668 21525
20668 2262
20668 580
20668 890
20668 2092
20668 20934
20668 4333
20668 5373
20668 731
20668 925
20668 9323
20668 9931
9931 20670
890 20676
890 20682
890 21525
890 2262
890 580
890 2092
890 20934
890 4333
890 5373
890 731
890 925
2092 4333
2092 5373
20934 5373
731 1521
731 1522
731 1524
731 1525
731 3061
731 24240
731 2161
731 2162
731 3161
731 3985
731 4071
731 5203
24240 1521
5203 1521
24240 1522
5203 1522
24240 1524
5203 1524
24240 1525
5203 1525
3029 241
24240 3161
24240 3985
24240 4071
24240 5203
5203 4071
553 500
10:
1070 786
1070 641
1300 1070
1310 1070
508 1070
625 1070
713 1070
188 1070
17293 1070
642 1070
756 1070
2398 1070
1589 1070
807 786
786 1062
786 1336
786 558
786 641
786 1323
1593 786
928 786
1310 786
786 1331
786 1335
1077 786
786 1552
786 508
625 786
713 786
786 825
17293 786
786 714
786 489
786 1329
786 1376
786 498
642 786
786 663
756 786
786 851
515 786
3701 786
786 1375
786 3731
5519 786
786 1540
5414 786
786 889
1539 786
1528 786
2398 786
3395 786
1589 786
786 607
786 927
28948 786
786 28968
842 786
730 641
730 1066
730 1079
1323 730
730 1076
730 1310
730 1548
508 730
625 730
730 713
730 914
188 730
17293 730
730 1325
730 1334
730 448
730 642
730 720
730 733
756 730
730 835
1528 730
2398 730
1589 730
842 730
1079 807
1076 807
807 1300
1310 807
807 857
508 807
625 807
713 807
1492 807
807 720
807 733
756 807
807 835
1589 807
700 807
641 3697
1593 3697
1335 3697
3286 3697
1062 1336
1062 19987
1062 558
1062 641
1331 1062
1335 1062
825 1062
19987 1336
558 1336
641 1336
1323 1336
1593 1336
746 1336
628 1336
1068 1336
1310 1336
1331 1336
1335 1336
1552 1336
508 1336
625 1336
713 1336
4280 1336
7644 1336
825 1336
1329 1336
756 1336
851 1336
4857 1336
5601 1336
2398 1336
1589 1336
28948 1336
3286 1336
19987 558
641 19987
1323 19987
1331 19987
558 641
558 1323
1593 558
558 746
558 919
1310 558
558 1331
558 1335
1548 558
558 1552
508 558
625 558
713 558
558 4280
558 7644
558 825
188 558
17293 558
558 719
558 501
714 558
558 1329
756 558
558 802
558 851
558 854
558 515
558 592
3701 558
558 6017
1375 558
558 3932
558 5414
558 889
1528 558
2398 558
3395 558
1589 558
558 1549
558 1550
558 607
558 927
558 28237
28948 558
28968 558
842 558
641 1063
641 1066
641 1323
641 1593
641 519
641 746
641 919
928 641
641 1067
641 628
1068 641
1300 641
1310 641
641 1331
641 1335
641 1077
641 1548
641 1552
641 508
625 641
713 641
641 4280
641 7644
641 825
641 719
641 714
641 5197
641 1315
641 1329
641 1334
641 448
641 509
641 600
641 642
756 641
641 851
641 854
641 864
641 592
641 19986
641 3701
641 4857
641 4961
641 6017
641 1375
641 17265
641 3283
641 3298
641 3307
641 3382
641 3722
641 3731
641 3735
641 3863
641 3932
641 5293
641 5381
641 5519
5601 641
641 6781
641 1364
641 1540
641 889
641 518
641 1539
641 545
2398 641
641 1545
641 3395
1589 641
641 607
641 690
953 641
641 982
641 5191
17263 641
641 3026
641 28237
28948 641
641 28968
34544 641
3286 641
641 5888
1063 1066
1063 1079
1063 1323
1063 1593
1063 519
1063 746
1063 919
1063 928
1335 1063
5197 1063
17263 1063
3286 1063
1079 1066
1593 1066
1066 928
1310 1066
508 1066
625 1066
713 1066
188 1066
1492 1066
733 1066
756 1066
2398 1066
1589 1066
3286 1066
842 1066
1079 1593
1079 519
1079 928
1079 1067
1079 1068
1310 1079
1079 936
1079 1548
1079 1552
1079 508
1079 625
1079 713
1079 914
188 1079
1492 1079
733 1079
756 1079
2398 1079
1589 1079
17263 1079
3286 1079
1593 1323
746 1323
1323 1078
1323 1331
1335 1323
1548 1323
1323 1552
508 1323
625 1323
1323 713
1323 7644
1323 825
188 1323
1323 714
1323 726
1323 1306
1323 1329
1323 1334
1323 448
1323 623
1323 624
1323 735
756 1323
851 1323
1323 854
1323 905
1323 515
1323 592
1323 610
1528 1323
2398 1323
1589 1323
28237 1323
28948 1323
842 1323
1593 519
1593 919
1593 928
1593 1067
1593 1331
1593 1335
1593 713
1593 719
1593 5197
1593 1334
1593 720
1593 854
1593 3701
1593 3863
1593 3932
1593 5293
1593 3395
1593 607
3286 1593
928 519
1310 519
508 519
625 519
713 519
188 519
17293 519
501 519
519 489
491 519
498 519
519 720
733 519
756 519
519 889
1539 519
1528 519
2398 519
1589 519
842 519
746 1331
1335 746
1331 919
1335 919
17263 919
3286 919
1310 928
928 1552
508 928
928 625
713 928
188 928
17293 928
928 489
928 1492
491 928
928 509
928 538
928 600
928 720
928 733
756 928
928 835
928 610
928 1528
2398 928
1589 928
928 562
842 928
1068 1067
1310 1067
508 1067
625 1067
713 1067
663 1067
756 1067
545 1067
2398 1067
1589 1067
17263 1067
3286 1067
628 1331
628 1335
1068 1071
1068 1076
1068 1078
1068 1300
1068 1310
1068 1316
1068 1318
1068 1331
1068 1335
1068 1360
1068 531
1068 708
1068 936
508 1068
625 1068
713 1068
756 1068
2398 1068
1589 1068
1310 1071
508 1071
625 1071
713 1071
501 1071
756 1071
2398 1071
1589 1071
1310 1076
1076 603
1076 817
1076 823
1076 857
508 1076
625 1076
713 1076
501 1076
756 1076
2398 1076
1589 1076
1310 1078
1552 1078
508 1078
625 1078
713 1078
188 1078
1492 1078
733 1078
756 1078
2398 1078
1589 1078
1310 1300
508 1300
625 1300
713 1300
188 1300
501 1300
663 1300
756 1300
2398 1300
1589 1300
1310 1318
1310 1331
1310 1335
1310 1360
1310 531
1310 708
1310 936
1310 603
1310 817
1310 823
1310 857
1310 1077
1310 1548
1310 1552
1310 508
1310 625
1310 713
1310 914
1310 634
188 1310
1310 501
1310 714
1310 616
1310 617
1310 674
1310 722
1310 726
1310 1306
1310 489
1310 1315
1310 1317
1310 1325
1310 1329
1310 1334
1310 1376
1310 1492
1310 1546
1310 448
1310 491
1310 498
1310 509
1310 538
1310 572
1310 598
1310 600
1310 611
1310 623
1310 624
1310 642
1310 663
1310 673
1310 679
1310 686
1310 720
1310 733
1310 735
1310 742
1310 756
1310 762
1310 775
1310 802
1310 835
1310 851
1310 854
1310 856
1310 864
1310 877
1310 905
1310 985
2398 1310
1589 1310
508 1316
625 1316
1316 501
1492 1316
733 1316
756 1316
851 1316
1589 1316
508 1318
625 1318
713 1318
756 1318
2398 1318
1589 1318
1331 1335
508 1331
625 1331
713 1331
1331 4280
1331 7644
1331 825
1331 719
1331 5197
1331 1329
756 1331
851 1331
1331 854
1331 19986
1331 3701
1331 4857
1331 6017
5601 1331
1589 1331
28237 1331
28948 1331
625 1335
713 1335
1335 4280
1335 7644
1335 825
1335 719
1335 5197
1335 1329
1335 742
756 1335
851 1335
1335 854
1335 610
1335 19986
1335 3701
1335 4857
1335 4961
1335 6017
1335 1375
1335 17265
1335 3283
1335 3298
1335 3307
1335 3382
1335 3722
1335 3731
1335 3735
1335 3863
1335 3932
1335 5293
1335 5381
1335 5519
1335 5601
1335 6781
1589 1335
28948 1335
3286 1335
508 1360
625 1360
713 1360
1492 1360
733 1360
756 1360
2398 1360
1589 1360
508 531
625 531
713 531
188 531
510 531
489 531
756 531
2398 531
1589 531
508 708
625 708
713 708
188 708
1492 708
733 708
756 708
2398 708
1589 708
508 936
625 936
713 936
756 936
2398 936
1589 936
508 603
625 603
713 603
501 603
756 603
2398 603
1589 603
508 817
625 817
713 817
188 817
498 817
756 817
2398 817
1589 817
842 817
508 823
625 823
713 823
188 823
501 823
756 823
2398 823
1589 823
713 857
857 1546
733 857
2398 857
1589 857
700 857
188 505
663 505
505 835
2398 505
842 505
508 1077
625 1077
713 1077
714 1077
756 1077
1589 1077
842 1077
508 1548
625 1548
713 1548
1548 825
188 1548
17293 1548
1548 663
756 1548
1528 1548
2398 1548
1589 1548
842 1548
508 1552
625 1552
713 1552
1329 1552
733 1552
1552 610
1589 1552
508 625
508 713
508 914
508 825
508 634
508 501
508 714
508 1547
508 616
508 617
508 674
508 722
508 726
508 1306
508 489
508 1315
508 1317
508 1325
508 1329
508 1334
508 1376
508 1492
508 1546
508 448
508 491
508 498
508 509
508 538
508 572
508 598
508 600
508 611
508 623
508 624
508 642
508 663
508 673
508 679
508 686
508 720
508 733
508 735
508 742
508 756
508 762
508 775
508 802
508 835
508 851
508 854
508 856
508 864
508 877
508 905
508 985
508 610
508 1364
508 1540
508 889
508 789
508 518
508 1539
508 1069
508 1538
508 545
508 1545
508 1589
508 1549
508 1550
508 607
508 690
508 693
508 927
508 982
508 1279
508 517
625 713
625 914
625 825
625 634
625 501
625 714
625 1547
625 616
625 617
625 674
625 722
625 726
625 1306
625 489
625 1315
625 1317
625 1325
625 1329
625 1334
625 1376
625 1492
625 1546
625 448
625 491
625 498
625 509
625 538
625 572
625 598
625 600
625 611
625 623
625 624
625 642
625 663
625 673
625 679
625 686
625 720
625 733
625 735
625 742
625 756
625 762
625 775
625 802
625 835
625 851
625 854
625 856
625 864
625 877
625 905
625 985
625 610
625 1364
625 1540
625 789
625 518
625 1069
625 1538
625 545
2398 625
625 1589
625 1549
625 607
625 690
625 693
625 927
625 953
625 982
625 1279
625 517
713 914
713 825
188 713
17293 713
713 501
713 714
713 616
713 617
713 674
713 726
713 1306
713 489
713 1315
713 1317
713 1325
713 1329
713 1334
713 1376
713 1492
713 1546
713 448
713 491
713 498
713 509
713 538
713 572
713 600
713 611
713 623
713 624
713 642
713 663
713 673
713 679
713 686
713 720
733 713
713 735
713 742
713 756
713 762
713 775
713 802
713 835
713 851
713 854
713 856
713 864
713 877
713 905
713 985
1528 713
713 1069
713 1538
2398 713
713 1589
17263 713
3286 713
700 713
842 713
501 914
1589 914
825 4280
4857 7644
17263 7644
28948 7644
3286 7644
188 825
17293 825
714 825
825 1329
825 498
756 825
825 851
825 610
825 19986
825 1375
825 17265
825 3722
825 5414
1528 825
2398 825
825 1545
1589 825
825 1550
825 982
825 28237
28948 825
842 825
188 634
634 501
634 616
634 674
756 634
2398 634
1589 634
188 510
188 714
188 616
188 674
188 489
188 1315
188 1317
188 1334
188 1546
188 498
188 509
188 538
188 572
188 600
188 611
188 624
188 642
188 663
188 686
188 720
188 762
188 775
188 835
188 854
188 864
188 905
188 592
188 545
188 2398
188 517
188 562
188 566
842 188
510 489
2398 510
17293 501
17293 617
17293 674
17293 489
17293 1329
17293 1334
17293 538
17293 572
17293 600
17293 611
17293 642
17293 663
17293 720
17293 835
501 1547
501 616
501 617
501 674
501 722
501 726
501 489
1492 501
501 572
501 611
501 624
501 642
501 663
733 501
756 501
501 835
1528 501
2398 501
501 1589
607 501
842 501
489 714
714 1315
714 1329
714 498
714 509
714 600
714 686
756 714
714 864
714 1364
714 1540
714 889
1539 714
1528 714
2398 714
1589 714
714 690
714 693
714 517
714 28968
842 714
5519 5197
17263 5197
3286 5197
498 1547
756 1547
1589 1547
498 616
756 616
2398 616
1589 616
842 616
489 617
1492 617
617 663
733 617
756 617
1528 617
1589 617
842 617
489 674
1492 674
663 674
733 674
756 674
1528 674
2398 674
1589 674
842 674
756 722
2398 722
1589 722
1329 726
854 726
1589 726
611 1306
756 1306
851 1306
2398 1306
1589 1306
489 448
489 491
489 498
489 538
489 572
489 600
489 611
489 663
756 489
489 835
489 889
1528 489
489 545
2398 489
1589 489
489 562
489 566
842 489
756 1315
2398 1315
1589 1315
842 1315
498 1317
756 1317
2398 1317
1589 1317
842 1317
756 1325
1589 1325
1329 498
1329 623
1329 742
756 1329
1329 851
1329 854
1329 905
1329 610
1528 1329
1589 1329
28948 1329
842 1329
1492 1334
1334 720
733 1334
756 1334
1528 1334
2398 1334
1589 1334
17263 1334
3286 1334
700 1334
842 1334
1589 1376
1492 1546
1492 624
1492 720
1492 735
1589 1492
733 1546
756 1546
2398 1546
1589 1546
498 448
756 448
1528 448
1589 448
842 448
491 498
611 491
491 877
491 1364
491 518
491 545
1589 491
498 509
538 498
572 498
611 498
498 642
498 663
498 673
756 498
498 802
498 835
498 877
789 498
498 518
498 1539
1528 498
2398 498
1589 498
498 1550
498 1279
498 517
498 566
842 498
756 509
1528 509
2398 509
1589 509
842 509
756 538
1528 538
2398 538
1589 538
842 538
756 572
1528 572
2398 572
1589 572
842 572
1589 598
642 600
756 600
1528 600
2398 600
1589 600
842 600
756 611
611 1364
1528 611
2398 611
1589 611
842 611
1589 623
733 624
756 624
851 624
2398 624
1589 624
842 624
756 642
1528 642
2398 642
1589 642
842 642
756 663
663 762
663 835
663 854
663 905
663 985
1528 663
1538 663
663 545
2398 663
1589 663
842 663
756 673
1589 673
1589 679
756 686
2398 686
1589 686
842 686
733 720
756 720
1528 720
2398 720
1589 720
700 720
842 720
733 735
733 835
733 851
733 905
733 610
1589 733
700 733
756 735
2398 735
1589 735
2398 742
1589 742
756 762
756 775
756 802
756 835
756 854
756 864
756 877
756 985
756 1364
756 1540
756 789
756 518
756 1069
756 545
1589 756
756 1549
756 607
756 690
756 693
756 927
756 982
756 1279
756 517
2398 762
1589 762
842 762
2398 775
1589 775
1589 802
1528 835
2398 835
1589 835
700 835
842 835
851 854
905 851
2398 851
1589 851
2398 854
1589 854
842 854
1589 856
2398 864
1589 864
842 864
1589 877
2398 905
1589 905
1589 985
2398 515
2398 592
592 28237
842 592
1589 610
28948 610
3286 3701
5519 4857
17263 4857
3286 4857
5519 4961
17263 4961
3286 4961
1375 5414
1375 889
17265 3298
17265 3722
17265 5519
17263 17265
34544 17265
3286 17265
5888 17265
5519 3283
3286 3283
3298 3307
3298 3382
3298 3731
3298 3863
5519 3298
3298 6781
3298 5191
17263 3298
3026 3298
3298 34544
3286 3298
5888 3298
5519 3307
3286 3307
5888 3307
17263 3382
3286 3382
3731 3722
5519 3722
3026 3722
34544 3722
5888 3722
3731 5519
3026 3731
3286 3731
5519 3735
17263 3735
3286 3735
3286 3863
28948 3932
3286 5293
5519 5381
17263 5381
3286 5381
5519 6781
17263 5519
5519 3026
34544 5519
3286 5519
5888 5519
5888 6781
1364 1540
2398 1364
1589 1364
789 1540
1589 1540
1589 889
889 1550
889 28968
1589 789
1589 518
1589 1539
1589 1069
2398 1538
1589 1538
2398 545
1589 545
842 545
2398 607
2398 927
2398 982
2398 517
2398 562
2398 566
1589 1545
1589 1549
1589 1550
1589 607
1589 690
1589 693
1589 927
1589 953
1589 982
953 607
17263 5191
3286 5191
17263 3026
3286 17263
3286 3026
842 517
842 562
842 566
11:
144 5290
144 498
144 12515
3029 144
5290 498
5290 12515
3029 5290
498 12515
3029 498
3029 12515
12:
731 4873
4873 24240
4873 24232
4873 3840
4873 3119
731 24240
731 24232
731 3840
731 3119
24240 24232
24240 3840
3840 24232
3119 24232
3840 3119
13:
3471 501
3471 5355
3471 5632
3471 3605
3584 3471
52068 3471
501 5355
501 5632
501 3605
501 3584
501 52068
5632 5355
3605 5355
5632 3605
5632 3584
5632 52068
3584 3605
52068 3605
14:
68245 68307
68245 14634
68245 68228
68245 68262
68245 68354
68245 68384
68245 68687
68245 68693
68245 68694
68245 68741
68245 68746
68245 68753
68245 68756
68245 68922
68245 68927
68245 69112
68245 69351
68245 69355
68245 69380
68245 69383
68245 69395
68245 69398
68245 69407
68245 69410
68245 69418
68245 69895
68245 69906
68245 70027
68245 70189
68245 70216
68245 70247
68245 70289
68245 70290
68245 70291
68245 70292
68245 70293
68245 70295
68245 70296
68245 70297
68245 70298
68245 70299
68245 70300
68245 70303
68245 70304
68245 70307
68245 70310
68245 70343
68245 70396
68245 70397
69139 68245
70452 68245
68307 14634
68307 68262
68307 68384
68307 68687
68693 68307
68307 68694
68307 68741
68307 68746
68307 68753
68307 68756
68307 68927
68307 69112
68307 69351
68307 69380
69895 68307
68307 70189
70216 68307
68307 70289
68307 70292
68307 70293
68307 70297
68307 70298
68307 70300
68307 70307
68307 70310
68307 69139
70452 68307
68262 14634
68693 14634
68753 14634
69895 14634
70216 14634
70292 14634
70310 14634
69139 14634
70452 14634
69895 68228
70216 68228
70292 68228
69139 68228
70452 68228
68693 68262
68753 68262
69895 68262
70216 68262
70292 68262
70310 68262
69139 68262
70452 68262
68753 68354
69895 68354
70216 68354
70292 68354
70310 68354
69139 68354
70452 68354
68693 68384
68753 68384
69895 68384
70216 68384
70292 68384
70310 68384
69139 68384
70452 68384
68693 68687
68753 68687
69895 68687
70216 68687
70292 68687
70310 68687
69139 68687
70452 68687
68693 68694
68693 68746
68693 68753
68693 68922
68693 68927
68693 69112
68693 69355
68693 69380
68693 69398
68693 69418
68693 69895
68693 70189
68693 70247
68693 70289
68693 70291
68693 70292
68693 70293
68693 70295
68693 70297
68693 70298
68693 70300
68693 70307
68693 70310
68693 70343
68753 68694
69895 68694
70216 68694
70292 68694
70310 68694
69139 68694
70452 68694
68753 68741
69895 68741
70216 68741
70292 68741
70310 68741
69139 68741
70452 68741
68753 68746
69895 68746
70292 68746
70310 68746
69139 68746
68753 68756
68753 68922
68753 68927
68753 69112
68753 69351
68753 69355
68753 69380
68753 69383
68753 69395
68753 69398
68753 69407
68753 69410
68753 69418
68753 69895
68753 69906
68753 70027
68753 70189
68753 70216
68753 70247
68753 70289
68753 70290
68753 70291
68753 70292
68753 70293
68753 70295
68753 70296
68753 70298
68753 70299
68753 70300
68753 70303
68753 70304
68753 70307
68753 70310
68753 70343
68753 70396
68753 70397
68753 69139
70452 68753
69895 68756
70216 68756
70292 68756
70310 68756
69139 68756
70452 68756
69895 68922
70216 68922
70292 68922
70310 68922
69139 68922
70452 68922
69895 68927
70216 68927
70292 68927
70310 68927
69139 68927
70452 68927
69895 69112
70216 69112
70292 69112
70310 69112
69139 69112
70452 69112
69895 69351
70216 69351
70292 69351
70310 69351
69139 69351
70452 69351
69895 69355
70216 69355
70292 69355
70310 69355
69139 69355
70452 69355
69895 69380
70216 69380
70292 69380
70310 69380
69139 69380
70452 69380
69895 69383
70216 69383
70292 69383
70310 69383
69139 69383
70452 69383
70216 69395
70292 69395
70310 69395
69139 69395
70452 69395
69895 69398
70216 69398
70292 69398
70310 69398
69139 69398
70452 69398
70216 69407
70292 69407
70310 69407
69139 69407
69895 69410
70216 69410
70292 69410
70310 69410
69139 69410
70452 69410
69895 69418
70216 69418
70292 69418
70310 69418
69139 69418
70452 69418
69895 69906
69895 70027
69895 70189
69895 70216
69895 70247
69895 70289
69895 70290
69895 70291
69895 70292
69895 70293
69895 70295
69895 70296
69895 70297
69895 70298
69895 70299
69895 70300
69895 70303
69895 70304
69895 70307
69895 70310
69895 69139
70452 69895
70216 69906
70292 69906
70310 69906
69139 69906
70452 69906
70216 70027
70292 70027
70310 70027
69139 70027
70452 70027
70216 70189
70292 70189
70310 70189
69139 70189
70452 70189
70216 70247
70216 70289
70216 70290
70216 70291
70216 70292
70216 70293
70216 70295
70216 70296
70216 70297
70216 70298
70216 70299
70216 70300
70216 70303
70216 70304
70216 70307
70216 70310
70216 70343
69139 70216
70452 70216
70292 70247
70310 70247
69139 70247
70452 70247
70292 70289
70310 70289
69139 70289
70452 70289
70292 70290
70310 70290
69139 70290
70452 70290
70292 70291
70310 70291
69139 70291
70452 70291
70292 70293
70292 70295
70292 70296
70292 70297
70292 70298
70292 70299
70292 70300
70292 70303
70292 70304
70292 70307
70292 70310
70292 70343
70292 70396
70292 70397
70292 69139
70452 70292
70310 70293
69139 70293
70452 70293
70310 70295
69139 70295
70452 70295
70310 70296
69139 70296
70452 70296
70310 70297
70452 70297
70310 70298
69139 70298
70452 70298
70310 70299
69139 70299
70452 70299
70310 70300
69139 70300
70452 70300
70310 70303
69139 70303
70452 70303
70310 70304
69139 70304
70452 70304
70310 70307
69139 70307
70452 70307
70310 70343
70310 70396
70310 70397
69139 70310
70452 70310
69139 70343
70452 70343
69139 70396
69139 70397
15:
10260 1230
10260 151
10260 4589
3678 10260
1230 151
4589 1230
3678 1230
4589 151
3678 151
3678 4589
16:
1061 17292
1061 2980
1061 2986
1061 3008
1061 3351
1061 3433
1061 456
1061 5296
1061 5313
1061 5442
1061 938
1593 1061
2100 1061
3351 17292
456 17292
5442 17292
938 17292
2100 17292
3351 2980
456 2980
5442 2980
938 2980
1593 2980
3351 2986
2986 456
2100 2986
3351 3008
456 3008
2100 3008
3351 3433
3351 456
3351 5313
3351 5442
3351 938
2100 3351
456 3433
2100 3433
456 5296
456 5313
456 938
1593 456
456 2100
938 5296
1593 5296
2100 5296
2100 5313
5442 938
1593 938
2100 938
17:
1061 3351
1061 3460
1061 5313
1061 5442
3446 1061
3351 3460
3351 5313
3351 5442
3351 3446
5442 3460
3446 3460
5442 5313
3446 5313
5442 3446
18:
3213 17973
3213 3233
3213 4805
3213 5459
81924 3213
3213 3320
80337 3213
17973 3233
17973 4805
17973 5459
17973 81924
80337 17973
4805 3233
3233 5459
81924 3233
3320 3233
80337 3233
4805 5459
80337 4805
81924 5459
3320 5459
80337 5459
80337 3320
19:
1079 3716
1593 3716
3716 5286
3286 3716
1079 1593
1079 5286
3286 1079
1593 5286
3286 1593
3286 5286
20:
144 11904
144 444
144 5290
144 736
3029 144
11904 444
11904 5290
11904 736
5290 444
736 444
3029 444
5290 736
3029 5290
3029 736
21:
8634 3231
3231 3481
3231 3918
2966 3231
8634 3481
8634 3918
8634 2966
3481 3918
2966 3481
2966 3918
22:
544 8431
544 20740
544 20771
544 20813
544 20743
20740 8431
20771 8431
20813 8431
23056 8431
20740 20771
20740 20813
20743 20740
20857 20740
23056 20740
20813 20771
20771 20743
20857 20771
23056 20771
20743 20813
20857 20813
23056 20813
20857 20743
23:
118 3228
118 188
118 233
174 118
842 118
3228 188
3228 233
2398 3228
174 3228
842 3228
188 233
188 2398
174 188
842 188
2398 233
174 233
842 233
2398 174
24:
3213 17973
3213 3203
3213 3218
80337 3213
17973 3203
17973 3218
80337 17973
3218 3203
80337 3203
80337 3218
25:
425 5290
425 498
425 546
3029 425
5290 498
5290 546
3029 5290
498 546
3029 498
3029 546
26:
151 8594
5290 151
14469 151
3678 151
5290 8594
14469 8594
3678 8594
14469 5290
3678 5290
3678 14469
27:
4585 4564
730 4564
17293 4564
835 4564
730 4585
17293 4585
4585 835
17293 730
730 835
17293 835
28:
1061 148
787 1061
17293 1061
3745 1061
787 148
17293 148
3745 148
17293 787
787 3745
17293 3745
29:
2105 126
916 126
11732 126
383 126
2105 916
2105 11732
2105 383
916 11732
916 383
11732 383
30:
17293 634
634 501
1249 634
634 616
634 674
17293 501
17293 1249
17293 616
17293 674
501 1249
501 616
501 674
1249 616
1249 674
31:
151 2878
5529 2878
3292 2878
8634 2878
151 5529
151 3292
151 8634
3292 5529
8634 5529
8634 3292
32:
151 5287
144 151
11904 151
5290 151
144 5287
11904 5287
5290 5287
144 11904
144 5290
11904 5290
33:
151 10808
151 425
5290 151
3029 151
425 10808
5290 10808
3029 10808
425 5290
3029 425
3029 5290
34:
508 425
508 143
508 489
508 498
425 143
489 425
425 498
489 143
498 143
489 498
