# The directed communities at k=5
# from /Users/bogna/dev/role-mining/datasets/enron/timeslots/10-2000.edges
# at no lower link weight threshold,
# and at no upper link weight threshold.
# Links were treated as directed.
# No time limit was set for the clique search.

0: 11523 3647 871 46618 5631 
1: 103 10808 11678 126 3 133 527 11667 11669 11684 11685 11686 11689 11691 11692 124 127 128 129 130 131 14319 144 146 155 2054 368 382 4217 425 432 445 457 656 6693 11706 11732 11794 11822 11891 11893 11901 11903 11904 11907 1384 14321 14322 14323 14324 14325 14326 14327 14329 14330 14331 14332 14333 14334 244 249 3117 332 383 416 4458 4722 556 787 9322 954 812 
2: 17234 33767 15799 15612 18197 18198 5298 15741 17235 15759 15774 17248 15787 15805 15825 17249 4666 7713 
3: 544 20742 20753 20767 20807 20768 
4: 544 20801 20885 20931 21000 21012 22959 
5: 10226 4 10389 112 118 196 8326 93 10341 179 216 273 3228 9045 10354 2024 277 401 8336 8349 8351 8627 10374 251 10366 178 181 188 189 190 191 231 256 2659 276 306 3447 5033 76 78 8327 8334 11843 293 10382 2398 174 10352 10357 10365 10377 10385 10387 292 307 3085 312 68 8621 272 10360 10361 10363 10364 10378 10381 10383 10459 252 275 288 9823 176 32889 29414 29921 8333 842 
6: 3647 597 871 26325 6703 46658 
7: 34506 67244 67240 67308 67350 67353 67354 
8: 10260 14026 14027 14480 151 17721 4220 4703 5287 8129 8594 5905 8612 3678 4988 
9: 151 118 10351 1061 2137 4314 540 544 1050 125 452 527 532 1399 2050 2842 3204 456 5314 930 1593 10760 1849 1850 419 505 547 5204 11546 1223 1411 1798 550 723 127 129 425 656 11680 11679 15016 281 4250 4503 3117 787 954 188 1959 2106 30 510 5753 604 17293 1185 3695 437 5277 5290 1199 1233 2373 5683 804 1236 143 1246 1493 20677 489 491 498 1414 1415 2049 2960 3006 542 1412 134 439 764 1527 4504 5358 15272 4334 545 2238 2398 1573 4859 15810 874 2939 4213 4278 20746 1494 1523 1526 2027 4212 4282 174 4505 4506 4508 549 645 1813 3838 1894 2022 20683 4288 4507 4509 492 5371 5688 5690 20575 20586 20668 20670 20676 20679 20682 21525 2262 580 890 2092 20934 4333 5373 731 925 9323 9931 2100 1521 1522 1524 1525 3061 241 24240 2161 2162 3161 3985 4071 5203 3678 3029 548 500 553 78254 842 
10: 1070 786 730 807 3697 1062 1336 19987 558 641 1063 1066 1079 1323 1593 519 746 919 928 1067 628 1068 1071 1076 1078 1300 1310 1316 1318 1331 1335 1360 531 708 936 603 817 823 857 505 1077 1548 1552 508 625 713 914 4280 7644 825 634 188 510 17293 719 501 714 5197 1547 616 617 674 722 726 1306 489 1315 1317 1325 1329 1334 1376 1492 1546 448 491 498 509 538 572 598 600 611 623 624 642 663 673 679 686 720 733 735 742 756 762 775 802 835 851 854 856 864 877 905 985 515 592 610 19986 3701 4857 4961 6017 1375 17265 3283 3298 3307 3382 3722 3731 3735 3863 3932 5293 5381 5519 5601 6781 1364 1540 5414 889 789 518 1539 1528 1069 1538 545 2398 1545 3395 1589 1549 1550 607 690 693 927 953 982 5191 17263 3026 1279 517 562 566 28237 28948 28968 34544 3286 5888 700 842 
11: 144 5290 498 12515 3029 
12: 4873 731 24240 24232 3840 3119 
13: 3471 501 5355 5632 3605 3584 52068 
14: 68245 68307 14634 68228 68262 68354 68384 68687 68693 68694 68741 68746 68753 68756 68922 68927 69112 69351 69355 69380 69383 69395 69398 69407 69410 69418 69895 69906 70027 70189 70216 70247 70289 70290 70291 70292 70293 70295 70296 70297 70298 70299 70300 70303 70304 70307 70310 70343 70396 70397 69139 70452 
15: 10260 1230 151 4589 3678 
16: 1061 17292 2980 2986 3008 3351 3433 456 5296 5313 5442 938 1593 2100 
17: 1061 3351 3460 5313 5442 3446 
18: 3213 17973 3233 4805 5459 81924 3320 80337 
19: 3716 1079 1593 5286 3286 
20: 144 11904 444 5290 736 3029 
21: 3231 8634 3481 3918 2966 
22: 544 8431 20740 20771 20813 20743 20857 23056 
23: 118 3228 188 233 2398 174 842 
24: 3213 17973 3203 3218 80337 
25: 425 5290 498 546 3029 
26: 151 8594 5290 14469 3678 
27: 4564 4585 730 17293 835 
28: 1061 148 787 17293 3745 
29: 126 2105 916 11732 383 
30: 634 17293 501 1249 616 674 
31: 2878 151 5529 3292 8634 
32: 151 5287 144 11904 5290 
33: 151 10808 425 5290 3029 
34: 508 425 143 489 498 
