# The contained directed cliques in the directed communities at k=5
# from /Users/bogna/dev/role-mining/datasets/enron/timeslots/10-2000.edges
# at no lower link weight threshold,
# and at no upper link weight threshold.
# Links were treated as directed.
# No time limit was set for the clique search.

0: 966 
1: 970 1398 2047 2338 2341 2573 2838 2841 3025 3030 3033 3037 3187 3194 3195 3196 3202 3284 3299 3300 3306 3513 3521 3601 3679 3702 3703 4100 4111 4115 4125 4394 4409 4481 4482 4483 971 972 973 974 975 976 977 978 979 980 981 982 983 984 985 986 987 988 989 990 991 1401 1402 1717 1720 2049 2339 2340 2342 2343 2574 2575 2840 2842 2843 3026 3031 3034 3038 3188 3197 3198 3203 3285 3301 3303 3304 3307 3514 3522 3602 3680 3704 3705 3784 4098 4101 4109 4112 4116 4392 4395 4410 4415 4479 4526 4528 4568 
2: 1058 1487 1802 2438 2661 2780 2904 3861 1803 2440 1794 2656 
3: 1194 1580 
4: 1198 1199 1903 
5: 1219 1686 3453 3899 4048 1685 4012 4044 4046 4047 1262 1263 1264 1265 1266 1267 1268 1269 1382 1474 1562 1566 1619 1621 1681 2223 2243 2283 2378 3279 3448 3449 3450 3451 3452 3454 3455 3456 3457 3458 3894 3895 3896 3897 3898 4006 4007 4008 4009 4011 4042 4043 4045 2222 2220 2221 3275 3276 2818 3282 2817 2380 2819 2821 4265 2379 1554 1556 1558 1277 1560 1564 1872 2241 2820 1561 1565 1873 2242 4010 4005 1724 2084 2356 3273 4004 1723 2083 2354 3272 3892 3270 3277 1998 2360 2367 2368 2375 2590 2849 3046 3047 3048 3271 3278 2369 3891 2370 3049 3050 1408 1412 1729 2376 2591 1981 2592 3052 1982 3053 3058 3056 3057 3786 4263 4264 4326 4325 3280 
6: 1336 2282 
7: 1354 1355 2151 
8: 1372 1994 2791 2796 2811 2997 3078 3880 3775 1374 3774 1373 
9: 1399 1400 3838 3594 4275 1574 2086 2427 2430 2598 2828 2829 3041 3250 3311 3365 3526 3592 3593 3595 3596 3598 3689 3690 3691 3710 3711 3730 3731 3732 3734 3789 3790 3791 3792 3793 3970 3982 3983 3984 3986 3987 4068 4202 4270 4272 4273 4274 4276 4277 4278 4279 4281 4282 4327 4328 4340 4341 4342 4345 4346 4347 4348 4349 4399 4400 4520 4522 4535 4591 1575 1714 1897 1899 1901 2253 2496 3082 3716 4070 1713 1571 1896 1898 1900 2259 2261 2372 2495 3081 3715 3709 3712 3713 3714 3767 3768 2431 3171 3175 3312 3528 3570 3770 4521 4523 1902 3170 3572 3571 3574 1889 1888 3527 3525 3310 3523 4271 3309 4269 4339 3682 3981 3985 4203 4280 4283 4534 4536 3681 3683 2428 3243 2426 2429 1569 1570 1576 1578 1862 1865 1866 1884 1890 2250 2481 3735 1579 1885 1891 2483 2482 1861 3736 4201 2720 2251 3556 4538 3042 4099 4537 4553 4558 3044 3043 4557 3971 3973 3974 4506 3072 4502 4507 4436 4499 4503 2181 3654 4433 4435 4437 4441 4444 2180 3655 3286 3902 3908 4434 4443 4442 2631 4501 4209 2417 4208 2416 2418 2387 2670 4556 2642 3128 3129 3132 4411 4561 3604 4106 4560 3331 3660 3568 3569 2260 3670 4069 3671 2827 2497 1425 2254 2498 3252 2255 3251 2599 2600 3254 3685 1919 2701 3236 3321 3369 1920 1830 1844 1922 2210 2216 2264 2703 2739 2914 3238 3323 3387 3395 2266 1606 2603 3325 3389 3397 1607 2564 3392 3402 2149 2276 2147 2275 1912 1915 1918 1931 2568 2744 2920 3241 3372 1910 1913 1916 1930 2566 2741 2917 3240 3371 3396 3597 3692 3693 3688 3835 2091 3836 2092 4350 3694 3262 1965 3160 4013 1964 2516 3062 
10: 1429 1430 1741 2103 2104 2106 2107 2329 2336 2337 2402 2404 2434 2560 2606 2831 2833 2898 3017 3019 3088 3089 3090 3092 3096 3099 3100 3184 3207 3212 3219 3222 3223 3224 3294 3296 3297 3337 3343 3350 3356 3470 3471 3473 3474 3480 3482 3483 3486 3493 3495 3532 3538 3629 3630 3631 3637 3639 3645 3738 3739 3740 3744 3746 3747 3750 3756 3807 3813 3818 3825 3826 3829 3831 3832 3840 3843 3844 3850 3856 3916 3917 3933 3934 3938 3939 3946 3947 3951 3952 3953 3954 3962 3964 3965 3966 3997 3999 4001 4002 4074 4075 4082 4084 4086 4133 4134 4149 4150 4159 4165 4167 4168 4183 4184 4186 4187 4189 4190 4196 4217 4218 4219 4227 4231 4232 4233 4238 4239 4240 4248 4249 4250 4251 4252 4254 4255 4266 4268 4285 4290 4291 4292 4306 4307 4314 4315 4352 4353 4360 4361 4369 4370 4378 4379 4380 4403 4404 4405 4406 4407 4416 4417 4418 4419 4423 4424 4449 4452 4453 4456 4457 4463 4464 4465 4466 4486 4498 4546 4555 4564 4571 4572 4585 4586 4601 4605 2677 2885 3868 4166 4170 4253 4257 4402 4485 4487 4547 4587 4588 1496 1819 2128 2129 2174 2646 2649 2678 2683 2866 2867 2886 3009 3013 3652 3809 3820 3871 4019 4062 4181 2726 2484 2727 2728 3646 4488 2729 3647 4493 4495 3648 4496 4497 3340 3346 3353 3498 3535 3642 3649 3760 3859 4141 4154 4173 4386 4426 4473 4490 4492 4576 3339 3021 3214 3227 3338 3344 3345 3351 3352 3477 3478 3484 3497 3534 3540 3633 3640 3641 3748 3752 3757 3758 3759 3833 3852 3858 3957 4049 4078 4088 4089 4137 4153 4161 4171 4172 4194 4198 4222 4235 4242 4295 4317 4355 4372 4383 4455 4459 4469 4491 4494 4575 3018 3020 3022 3751 3851 3857 4151 4152 4241 4371 4381 4382 4458 4467 4468 4573 4574 2330 2403 2561 2832 2834 3213 3225 3226 3295 3472 3475 3476 3481 3487 3494 3496 3533 3539 3632 3638 3745 3749 3808 3814 3819 3830 3940 3941 3955 3956 3967 3998 4000 4003 4076 4077 4083 4087 4135 4136 4160 4169 4188 4197 4220 4221 4228 4234 4267 4293 4294 4316 4354 4450 4454 4606 3208 3918 3919 3920 3921 2435 3220 3221 3827 3935 3948 3963 4085 4185 4256 4286 4484 3828 3949 4090 4191 4287 3950 4092 4192 4288 3107 4079 4091 4094 4096 4193 4420 4421 3106 3104 3105 3159 2034 2557 3007 3023 3406 3407 4180 4182 4401 2033 2327 2409 2558 2617 2869 3118 3179 3926 3579 3180 1756 2126 3119 3181 3424 3578 3581 3607 4408 1757 1444 2118 3362 3550 1445 2686 2910 3363 2407 2622 2872 2881 2911 3609 2406 1746 2621 2870 2880 3608 2871 2873 2879 2877 2876 3546 2748 2875 2878 2747 3260 2119 2412 2411 3580 3583 3589 4225 3584 4229 3585 4230 3590 4451 4448 4226 4313 4584 4318 4319 4320 3753 3853 4236 4296 4373 4460 1553 3754 3755 3761 4243 4590 1552 3854 4374 4461 4589 3855 3860 4375 4462 4582 3846 4157 4389 4476 4489 4549 4579 3847 4550 3743 4179 4246 4390 4548 3741 3742 4158 4244 4245 4387 4388 4477 4580 4155 4474 4577 4156 4475 4578 4177 4425 4422 3763 4162 4223 4356 3541 4022 4199 4021 4020 3821 3810 4297 4298 4289 3841 3842 3812 3805 3815 3811 4300 4301 4299 3606 2121 2165 3867 4258 2122 3869 3872 3126 4063 3668 1433 3113 3114 3115 3116 3117 3012 3014 3011 3185 2684 2609 3650 3507 3503 3508 3504 3509 3505 4308 4362 4303 3148 3150 4384 4385 2648 3651 4018 2893 2894 2895 4064 2896 4065 4066 1475 2447 2446 2449 2681 4175 
11: 1462 
12: 1601 1602 
13: 1652 2288 2471 
14: 1659 1660 1973 2294 2295 2518 2519 2520 2521 2522 2523 2524 2525 2526 2527 2528 2529 2530 2531 2532 2533 2536 2537 2538 2539 2540 2541 2542 2543 2544 2751 2752 2753 2754 2755 2756 2757 2758 2759 2760 2761 2762 2763 2764 2765 2766 2767 2768 2769 2770 2771 2772 2773 2774 2775 2776 2777 2929 2930 2931 2932 2933 2934 2935 2936 2937 2938 2939 2940 2941 2942 2943 2944 2945 2946 2947 2948 2949 2950 2951 2952 2953 2954 2955 2956 2957 2958 2959 2960 2961 2962 2963 2964 3161 3162 3163 1971 2535 1972 2534 
15: 1661 
16: 1694 2014 2017 3002 3459 2015 2318 3466 2319 2321 3464 
17: 2029 2513 
18: 2285 2708 3145 
19: 2331 
20: 2392 2393 
21: 2462 
22: 2499 2500 2501 2502 
23: 2582 2583 2586 
24: 2699 
25: 2710 
26: 2813 
27: 2969 
28: 3248 
29: 3445 
30: 3614 3615 
31: 3779 
32: 3883 
33: 4391 
34: 4559 
