# The contained directed cliques in the directed communities at k=3
# from /Users/bogna/dev/role-mining/datasets/hepth/timeslots/cit-HepTh-1995.edges
# at no lower link weight threshold,
# and at no upper link weight threshold.
# Links were treated as directed.
# No time limit was set for the clique search.

0: 0 203 1151 202 201 1150 
1: 1 477 478 479 474 475 476 
2: 2 3 4 5 213 492 1398 
3: 6 214 850 853 1159 1399 2496 2986 907 1469 2213 906 554 851 854 908 1160 2497 2792 2987 553 905 1466 1468 2212 1397 1482 1909 1329 1467 1068 1069 2215 852 1161 1210 1400 1470 2498 2793 2988 745 2067 33 563 2068 
4: 7 819 
5: 8 9 10 336 497 
6: 11 12 215 217 219 221 498 499 216 218 220 222 500 
7: 13 506 1895 2145 2985 4009 1569 1571 1572 1882 1896 1897 2148 776 1570 1883 441 442 2146 2147 2915 3455 1724 2914 2916 1723 572 3454 3457 2984 3515 
8: 14 748 
9: 15 1419 
10: 16 2736 
11: 17 18 509 110 
12: 19 1359 516 518 517 519 
13: 20 21 240 521 881 882 884 885 1176 1177 1181 1436 1756 2510 2749 2756 3466 232 883 886 1179 1180 1183 1422 1437 1758 2511 2748 2751 2757 2758 3005 3006 3007 3467 3468 3693 4020 4064 1182 636 966 1178 1757 2374 2375 2376 2377 233 2023 2025 2024 181 182 183 432 1086 1956 2026 431 282 1085 281 1504 2738 1502 1503 606 609 1505 1740 1814 2088 2302 2532 2735 2737 3016 3841 3856 6459 607 608 877 1048 1414 1872 2089 2303 2352 2505 2823 3199 3857 5095 5419 6460 6807 2305 3172 4799 4800 4802 4803 5065 5068 5073 5075 5080 5082 5422 6443 6445 6449 6450 6452 6454 6456 2304 2306 2308 1049 1818 1873 2307 2825 3630 3632 3858 3860 5063 5064 5072 5079 5081 5083 5093 5098 5421 5424 5563 5566 5568 5571 6462 6463 6464 6465 6471 6472 6559 6560 6562 6563 6564 6565 6569 6969 1050 1875 2696 3157 3175 3472 3633 3843 3849 3862 5425 6094 6095 6968 3471 6096 6097 6098 1226 2136 2171 2186 2187 2190 2191 2682 2684 2685 3088 3089 3091 3203 3209 3469 3474 3541 3543 3562 3563 3564 3565 3832 3833 3873 4028 4029 4030 4031 4032 4037 4038 4039 4044 4413 4415 4418 4420 4421 4422 4424 4427 4428 4429 4430 4431 4509 4510 4511 4512 4575 4576 4590 4591 4593 4853 4856 4861 4863 4929 4930 4931 4932 4933 4935 5100 5101 5102 5103 5184 5185 5188 5189 5193 5194 5200 5201 5202 5212 5213 5248 5249 5250 5251 5252 5259 5260 5263 5264 5265 5266 5267 5268 5269 5270 5271 5272 5273 5274 5412 5451 5452 5454 5460 5461 5463 5625 5626 5630 5631 5632 5633 5634 5637 5639 5643 5644 5645 5646 5647 5648 5768 5769 5770 5771 5777 5778 5779 5796 5797 5798 5799 5801 5803 5804 5890 5891 5904 5928 5932 5938 5939 5940 5946 5947 5948 5958 5959 5962 5967 5968 5969 5970 5972 5989 5990 5991 5992 5993 5994 6004 6005 6031 6032 6033 6034 6035 6042 6043 6044 6046 6047 6085 6086 6091 6092 6093 6117 6118 6119 6122 6123 6125 6133 6134 6135 6139 6140 6141 6142 6143 6144 6203 6204 6212 6220 6221 6222 6224 6225 6226 6227 6228 6231 6237 6238 6240 6301 6302 6305 6308 6309 6310 6313 6316 6317 6322 6331 6504 6505 6507 6508 6509 6510 6518 6519 6520 6522 6523 6524 6525 6572 6574 6578 6588 6589 6597 6598 6602 6604 6605 6606 6609 6611 6612 6661 6738 6740 6742 6743 6747 6750 6751 6755 6758 6816 6818 6822 6962 6963 6964 6970 6971 6972 6975 6990 6991 6993 6994 6996 6997 6998 7000 7007 7012 7013 7014 7015 7016 7017 7018 7019 7020 7021 7022 7023 7024 7025 7026 7027 7028 7029 7030 7031 7037 7039 7040 7041 7042 7043 7044 7045 7046 7047 7048 7049 7058 7059 7068 7069 7070 7076 7077 7096 7097 7098 7101 7146 7147 7148 7150 7151 7152 7158 7162 7166 7194 7204 7209 7210 7212 7221 7224 7227 7231 7267 7268 7272 7273 7274 7276 7277 7280 7281 7282 7358 7359 7363 7365 7375 7377 7380 1225 1223 1224 564 566 1784 1884 1886 2475 2786 3145 3146 3148 3149 3215 3216 3217 3218 3410 3411 3412 3413 3536 3537 3538 3877 4555 4556 4557 4558 4559 5111 565 1785 2705 2706 3188 4229 1786 2270 2274 2490 2708 3197 4560 557 2268 2269 2272 2273 2482 2489 2491 2493 2734 2745 2747 2899 3196 3198 3629 5335 5614 556 2237 2488 2744 2746 3195 3628 3855 5611 5612 5613 2239 1744 1750 2238 2504 1743 1742 1745 1749 2503 545 1169 1200 1203 1741 1747 2236 2500 2777 544 546 226 245 900 1168 1199 1202 1205 1746 2235 2502 2733 2776 246 30 247 901 1206 248 29 1207 1208 1812 46 47 48 834 2245 362 1041 1813 2103 4615 3226 4608 4614 3223 3224 3225 3231 2802 3222 4603 4604 4606 4612 4616 4617 4619 39 933 934 2294 2539 2540 2798 2799 2800 2801 2803 2806 2807 2808 3238 3239 3483 3490 3640 3643 3644 4599 4600 4601 4607 4610 4611 4613 4618 4620 5453 935 3243 3485 3486 3487 3488 3489 5701 6444 6446 6451 6467 6967 6974 6992 7001 7002 7003 7195 7198 7202 7225 7226 7244 1933 3229 3240 3241 3242 3244 3484 3549 4142 4143 4145 5074 5076 5077 5427 5560 5567 6473 6561 6566 6567 6570 6571 6995 7005 1932 1934 1935 3177 3178 4057 4059 4146 4395 4404 3161 4394 5094 1663 2695 3158 3160 3162 3163 3164 3165 3166 3167 4398 4403 4405 1664 3919 4054 4058 4060 4061 349 971 3018 3631 3634 3635 3920 4063 4135 4136 4138 4140 4148 5066 5086 6474 6625 6748 6753 6806 6827 6965 970 972 2134 2135 5570 6626 6966 6973 7315 1693 4065 4149 5562 5564 5565 5569 5572 5574 6679 7364 1691 1692 1694 1695 3890 4570 5747 5749 5752 6160 4587 5750 5753 2123 2124 3219 3473 3879 4571 4572 4579 4580 4581 4582 4588 5748 5751 5754 2126 2351 5638 5760 5761 5933 2125 2357 2828 2829 3539 3540 3859 5926 5935 1914 2091 2127 2128 2356 2358 2826 2827 2831 2833 3173 3551 3846 4150 4153 4158 4161 4797 4798 4801 4804 4805 4806 4808 4809 6676 837 1817 1915 2830 2832 2907 3011 3015 3736 3738 4123 4124 4127 4152 4154 4155 4157 4159 4160 5088 6457 6671 6672 6673 148 1816 3170 3646 3650 3654 4125 4126 4131 2385 2821 3647 3651 3652 3653 3655 6674 376 740 1876 2386 3649 4807 6447 1878 1879 3236 5087 1880 3230 3237 4133 4134 4144 5067 5069 5070 5085 5428 5714 6448 6453 6455 1881 4602 4605 5557 5559 6805 6808 7004 7006 3105 3106 5640 5641 5642 3095 3096 3097 3099 3100 3101 3103 3104 3107 3108 3109 3110 3112 4401 4566 4567 4568 5558 5623 5627 7008 798 2608 3098 3327 3741 3742 3773 3916 4513 4543 4544 4545 4546 4549 4561 4562 4563 4564 4565 4589 4592 5128 5204 5400 5401 5402 5403 5464 5470 5792 5807 5823 5843 6486 6513 6521 6775 6776 6854 6855 6856 6858 6892 6893 6894 7245 7308 7320 7357 816 2607 2604 2605 2606 4189 4188 2931 3552 3559 3747 3748 3761 3762 3778 3984 3988 3991 3995 3999 4003 4008 4033 4035 4180 4184 4190 4895 4974 5047 5048 5051 5054 5298 5303 5388 5548 5850 6232 6784 6785 7099 7100 2657 2659 2662 2928 2932 3600 5053 5055 5530 5531 5537 5538 5544 5545 5546 5547 5554 5555 1143 2002 2658 2660 2661 2664 2665 2930 2934 3553 3561 3597 3601 3605 3754 3755 3756 3757 3758 3759 3763 3764 3765 3766 3782 3783 4040 4042 4175 4182 4183 4186 4435 4438 4445 4446 4896 4971 4973 4975 4985 5045 5046 5049 5050 5052 5062 5301 5306 5383 5391 5534 5535 5541 5542 5549 5550 5551 5974 5975 5976 6241 6244 6599 6613 6617 6759 6766 6795 6796 7102 7103 7366 196 1141 1999 2000 2001 3566 3567 1142 2432 2435 2431 2434 1228 1653 1654 2433 2559 3686 4084 4085 4086 4087 4088 4090 4285 5139 5140 5142 5143 5145 5146 5147 5150 5354 5355 5356 5357 5358 5359 5360 5361 5620 5694 5734 5737 5739 5864 5865 5866 5867 5873 5874 5877 5878 5879 5880 5881 5882 5883 5884 5885 6362 6363 6364 6365 6366 6367 6368 6369 6370 6496 6497 6861 6862 6863 6864 7129 7131 7132 7133 7184 7259 7260 7284 7285 7291 7341 1227 1229 1483 2558 1484 1544 1545 3470 3685 3687 3688 3689 3690 3691 3692 4089 4091 4092 4093 4094 5149 5151 5617 5692 5696 5698 5700 1485 1650 1652 4462 4463 4484 4496 4501 4994 4995 4996 5013 5014 5023 5032 5035 5036 5136 5340 5341 5342 5370 5371 5616 5618 5693 5695 5697 5699 5732 5733 6252 6253 6271 6272 6392 6397 6398 6407 6413 6414 6415 6416 6494 6498 6500 6687 6688 6695 6696 6713 6714 6715 6716 6857 6860 6869 6870 6871 6877 6901 6916 7296 1543 2712 2714 2718 3803 4107 4108 4109 4110 4352 4353 4354 4355 4368 4369 4370 4371 4382 4383 4595 4596 4780 4781 4786 4787 4792 6249 6254 6255 6260 6261 6664 6667 6690 6691 6693 6697 6698 6711 6718 6719 6720 6721 6729 6730 6733 6734 6859 6865 6866 6867 6868 6872 6873 7128 7130 7177 7180 7182 7256 7257 7261 7262 7286 7287 7316 7317 7318 7321 7322 7323 7324 2546 2711 2716 2717 3302 3306 3610 3611 3614 3798 3799 3802 4380 4381 4384 4385 5003 5005 5027 5039 5040 6178 6179 6180 6181 6182 6183 6250 6251 6256 6257 6258 6259 6262 6263 6264 6265 6281 6282 6290 6480 6482 6488 6490 6492 6655 6658 6810 6811 7079 7080 7083 7085 7087 7089 7113 7114 7119 7120 7123 7126 7186 7187 7188 7189 7258 7319 2547 2549 5597 5600 5718 5720 5964 5965 5983 6650 6657 2790 3789 3793 2917 3788 6648 6652 6653 6654 6660 6663 6665 2466 2918 2919 2920 2921 2922 2923 2924 2925 2926 3529 3531 3683 3739 3740 3743 3744 3745 3752 3776 3779 3780 3937 3953 3955 3956 3957 3958 3959 3960 3961 3962 3970 3973 3975 3976 4098 4099 4106 4111 4112 4113 4118 4263 4264 4266 4271 4272 4273 4275 4278 4279 4281 4282 4283 4286 4288 4291 4308 4309 4314 4315 4316 4326 4329 4337 4347 4408 4409 4410 4411 4412 4414 4416 4417 4419 4433 4434 4482 4486 4487 4489 4493 4498 4499 4502 4505 4507 4514 4519 4523 4525 4527 4531 4535 4540 4542 4547 4594 4779 4782 4783 4784 4785 4788 4789 4790 4793 4850 4851 4852 4864 4887 4893 4982 4997 4998 4999 5001 5002 5004 5006 5007 5008 5009 5010 5011 5012 5018 5019 5020 5021 5127 5163 5165 5166 5167 5169 5170 5171 5173 5175 5180 5181 5182 5183 5186 5187 5192 5199 5203 5209 5220 5224 5230 5232 5233 5236 5238 5243 5245 5246 5343 5344 5345 5346 5347 5348 5349 5350 5351 5352 5353 5362 5363 5366 5367 5382 5405 5408 5469 5481 5483 5484 5485 5486 5487 5488 5489 5490 5494 5496 5497 5498 5499 5500 5501 5503 5506 5509 5510 5511 5512 5513 5514 5515 5516 5517 5518 5524 5528 5529 5595 5596 5662 5663 5664 5667 5668 5670 5671 5672 5673 5674 5688 5689 5717 5813 5815 5816 5817 5858 5868 5869 5870 5871 5872 5886 5887 5889 5892 5893 5894 5897 5898 5899 5900 5901 5902 5903 5905 5906 5907 5908 5909 5910 5911 5912 5913 5914 5915 5916 5917 5918 5919 5920 5921 5922 5923 5957 5960 5961 5963 6006 6007 6008 6009 6010 6011 6012 6013 6014 6015 6016 6017 6018 6019 6022 6025 6027 6028 6029 6030 6037 6106 6112 6162 6163 6164 6165 6166 6167 6168 6169 6170 6171 6172 6173 6174 6175 6184 6185 6186 6187 6190 6191 6192 6193 6196 6197 6198 6199 6202 6205 6206 6207 6208 6209 6210 6211 6213 6214 6215 6216 6217 6218 6219 6248 6277 6278 6279 6280 6337 6338 6339 6340 6343 6344 6345 6346 6347 6348 6349 6352 6356 6357 6371 6372 6375 6376 6380 6381 6388 6389 6390 6402 6403 6404 6405 6424 6425 6426 6427 6428 6429 6432 6433 6437 6438 6439 6485 6547 6553 6603 6649 6651 6656 6659 6662 6666 6668 6669 6681 6682 6683 6684 6689 6692 6694 6700 6701 6702 6703 6704 6705 6706 6707 6708 6712 6717 6723 6724 6725 6726 6731 6732 6771 6772 6794 6812 6813 6814 6815 6817 6819 6821 6823 6825 6837 6841 6843 6845 6846 6848 6849 6850 6874 6875 6876 6878 6879 6880 6881 6882 6883 6884 6885 6886 6887 6888 6889 6890 6891 6906 6907 6911 6912 6913 6914 6915 6919 6920 6925 6926 6929 6930 6931 6932 6933 6934 6935 6937 6939 6940 6941 6942 6943 6944 6945 6946 6947 6948 6951 6952 6953 6954 6955 6956 6957 6960 6961 7032 7033 7034 7036 7038 7064 7071 7073 7074 7075 7081 7082 7084 7086 7091 7092 7104 7105 7108 7109 7110 7111 7112 7115 7116 7117 7118 7127 7137 7139 7140 7141 7169 7170 7172 7178 7179 7206 7207 7208 7228 7240 7241 7243 7288 7292 7293 7294 7297 7298 7299 7300 7301 7305 7306 7345 7347 7349 7355 7371 7372 7373 7374 7381 2465 2469 2470 4080 4081 4280 4483 4485 4490 4491 4494 4497 4500 4503 4866 4894 5000 5022 5137 5138 5144 5374 5433 5683 5888 6379 6387 6406 6421 6436 6777 6782 6801 7168 1651 2467 2468 2471 3028 3029 3030 3492 3493 3494 3523 4010 4082 4287 4289 4290 4488 4492 5015 5017 5033 5034 5141 5148 5157 5619 5675 5679 5736 5738 6384 6385 6399 6401 6495 7171 7295 7304 7312 7313 7314 7331 7338 1987 1988 1989 1991 1994 1997 5016 5024 5037 5038 5372 5373 5676 5677 5678 5735 6273 6274 6320 6386 6393 6400 6408 6409 6411 6417 6418 6419 6420 6489 6499 6501 7307 1990 1992 1993 1995 1996 1998 3303 6410 5364 5365 6359 6373 6374 6908 6909 6950 7088 7090 7185 7254 7255 2713 2715 3615 3807 3882 4100 4101 4103 4104 4105 4114 4115 4116 4117 4120 4323 4348 4356 4360 4364 4372 4376 4387 4389 4597 4598 4891 5026 5041 5042 5043 5044 5119 5120 5121 5122 5123 5124 5125 5210 5368 5369 5375 5376 5377 5378 5379 5380 5381 5604 5605 5606 5665 5666 5669 5681 5684 5685 5687 5690 5691 5726 5727 5728 5875 5924 5925 6114 6176 6177 6188 6189 6194 6195 6200 6201 6275 6283 6291 6377 6378 6382 6383 6422 6423 6430 6431 6434 6435 6440 6441 6477 6479 6481 6685 6686 6699 6709 6710 6722 6727 6728 6735 6736 6778 6797 6895 6923 6924 7093 7094 7095 7121 7122 7124 7125 7145 7220 7250 7251 7252 7253 3304 3481 4102 4119 4349 4350 4351 4357 4358 4359 4362 4366 4374 4378 4776 5025 5028 5030 5680 5723 5724 3305 3307 3308 3309 3311 3312 3313 3314 104 3310 5434 5435 5436 6358 6412 6896 6949 7181 7183 7302 7303 7309 7310 7311 5740 7173 7174 7175 7176 3450 3451 3726 3729 5295 5296 5741 7242 3070 3072 3074 3076 3078 3080 3379 3385 3391 3397 3424 3425 3426 3427 3429 3430 3431 3432 3433 3434 3436 3437 3438 3439 3440 3441 3443 3444 3445 3446 3447 3448 3452 3671 3672 3673 3674 3675 3676 3699 3700 3701 3702 3705 3708 3709 3710 3711 3714 3717 3718 3719 3720 3723 3727 3728 3730 3731 4310 4319 4330 4338 4740 4757 4838 5287 5288 5289 5290 5445 5446 1898 1926 2855 3066 3067 3068 3069 3071 3073 3075 3077 3079 3081 3118 3122 3127 3380 3381 3383 3664 3665 3666 3667 3668 4311 4312 4317 4680 4686 4687 4688 4690 4692 4698 4704 4705 4706 4708 4710 4716 4722 4723 4724 4726 4728 4730 4732 4733 4734 4736 4738 4747 4749 4750 4751 4753 4755 4764 4765 4766 4768 4770 4834 4839 4941 5130 5133 5280 5281 5282 5283 5284 5285 5286 5291 5292 5293 5294 5437 5438 5621 6101 6113 6115 6116 6820 263 1019 1078 2862 2869 3129 3669 3670 3694 3695 4243 4251 4810 4888 4889 4890 5132 5276 958 959 960 2858 3382 3384 1666 1668 1927 1928 1929 2856 2857 2859 2860 2861 2863 2864 2865 2866 2867 2868 2870 2871 2872 2873 2874 2875 2878 3291 3294 3387 3388 3389 3390 3393 3394 3395 3396 3399 3400 3401 3402 3706 3707 3715 3716 3724 3725 4236 4246 4313 4318 4324 4325 4335 4336 4343 4344 4662 4664 4681 4683 4685 4689 4691 4693 4694 4699 4701 4703 4707 4709 4711 4712 4717 4731 4735 4737 4739 4742 4748 4752 4754 4756 4759 4811 4813 4817 4825 4833 4841 4842 4843 4940 4943 4944 4946 4955 5473 5474 5475 5478 6156 6157 6330 6542 1667 1669 1671 4023 4641 4645 4653 4659 4663 4665 774 1670 1672 2966 2967 3374 4012 4824 4826 4844 5336 5337 6109 6148 6149 6550 775 2970 2971 3375 4321 4322 4695 4713 4743 4760 4814 4815 4816 4845 4951 4953 4954 6150 6543 434 1646 2397 2944 2945 2946 2947 2948 2949 2950 2951 2952 2953 2954 2964 2965 2968 2969 2972 2973 2974 2975 2976 2977 2978 2979 2980 2981 3284 3285 3286 3287 3288 3289 3290 3292 3367 3368 3369 3376 3378 3503 3504 3505 3506 3507 3508 3510 3532 3533 3568 3569 3570 3571 3572 3575 3576 3577 3578 3579 3580 3883 3921 3922 3923 3926 3927 3928 3933 3934 4021 4022 4024 4025 4026 4027 4203 4204 4205 4206 4207 4208 4209 4210 4211 4212 4213 4214 4215 4216 4217 4218 4235 4237 4238 4239 4240 4241 4245 4248 4252 4254 4255 4256 4292 4293 4294 4295 4298 4299 4300 4301 4303 4305 4306 4480 4642 4643 4644 4646 4647 4648 4649 4652 4654 4667 4674 4818 4819 4820 4821 4822 4823 4827 4829 4831 4835 4846 4848 4849 4867 4868 4869 4870 4871 4872 4873 4874 4875 4876 4877 4878 4881 4882 4883 4884 4885 4886 4920 4921 4922 4923 4924 4925 4949 4950 4952 4956 4957 4958 4959 4960 4961 4962 4963 4964 4965 4966 4968 4969 4970 5116 5338 5339 5439 5440 5442 5444 5476 5477 5479 5480 5742 5743 6151 6152 6153 6154 6155 6544 6545 6546 6779 435 2395 3293 3363 3370 3371 3372 3581 3582 4302 4668 4675 1983 2394 2396 2398 3513 3514 3574 4296 4297 4304 4307 1979 1980 1981 1982 3929 3930 3931 4660 4661 4666 4669 4670 4671 4672 4926 4927 4928 6487 1125 1127 1128 1648 2330 3925 3932 3936 4220 4249 4250 4481 4554 4651 4657 4880 4938 7351 1126 1647 2328 2329 3924 4655 2323 2327 2331 1939 2322 2324 2325 2326 2876 3087 3377 4677 1938 1940 1942 1941 1944 1943 3516 1945 1946 3365 3886 4676 4679 4832 3364 3366 3373 3511 3512 3573 3935 4219 4553 4650 4673 4678 4879 4967 5441 5443 6483 6484 795 1060 2877 3978 6556 6773 7138 7346 7348 793 796 794 1356 1358 1357 2594 3944 3945 4096 4224 2590 3823 3941 4223 2194 2589 2591 2592 2596 2641 3060 3061 3082 3083 3405 3535 3940 3948 4261 668 2195 669 670 671 3659 974 1269 1799 2335 2336 2337 2338 2339 2340 2341 2342 2343 2344 2345 2536 2750 3022 3026 3278 3283 3403 3407 3491 3620 3656 3657 3658 4993 975 2332 2333 2334 3027 3042 3043 3040 3041 1797 1798 1796 685 1863 1864 1865 1866 3619 4990 4991 4992 3404 3406 3947 4259 4260 5471 2095 2096 2849 2850 2851 3032 3033 3034 3035 3036 3037 3038 3325 3328 3331 3334 3335 3336 3337 3338 3339 3340 3341 3342 3348 3349 3351 3834 3867 3871 3979 4200 4466 4467 4468 4908 4909 4910 4914 5104 5112 5430 5431 5465 5467 5468 5708 5711 6532 6533 6534 6535 6536 6537 6538 6539 6540 6541 6632 288 1343 2097 2098 2099 2100 2101 3326 3329 3330 3332 3333 3872 4915 1342 3361 4916 3350 3353 3359 3360 4052 4460 4911 4912 4913 2151 2852 3416 7343 2149 2150 2152 2153 2156 2160 2154 2159 2155 2157 2158 3355 3356 703 2535 3354 3357 3362 3415 5709 5712 5713 6333 702 701 2533 2534 1815 6332 6334 7335 7340 2295 2571 3835 4049 4053 4459 4464 5105 5191 5705 6038 6039 6040 6041 6087 6341 6342 6610 6627 6628 6629 6630 6631 6898 6902 6904 7192 7232 7233 7236 7237 7264 7270 7271 7275 7278 7279 7332 7333 7334 7336 7337 7368 7376 2562 2567 2568 2569 2570 2572 2560 2561 5809 5811 2563 5806 2564 2565 2566 3818 3822 3824 3825 3939 3942 3943 3946 3951 6635 6637 1684 3819 3829 4934 6645 1685 1686 1688 257 1687 1689 3358 3497 3525 3821 6636 6638 3496 3498 3499 3500 3501 3502 2595 3522 6639 6644 2597 3524 3526 3820 3836 3837 3063 3811 3812 3813 3815 3838 6633 6634 2639 2640 2642 3064 3065 3697 3814 3816 3817 3827 3839 1607 3774 1609 1608 1610 6355 6353 6354 2407 2617 2629 2721 3090 4274 4457 4622 5091 5221 5409 5576 5784 5785 6077 6078 6079 6080 6081 6314 6360 6361 6395 6833 6834 6900 6999 7205 7230 7283 7325 7328 7379 2408 2409 2410 2411 2412 2618 2630 1077 1345 2413 2626 2637 1076 1344 2625 2627 2628 1346 2636 2638 1579 2633 3830 2621 2632 5058 2620 3784 3983 3989 4002 4007 4633 4972 4976 4977 4978 4981 4984 4988 460 1795 2346 2673 2674 2675 2676 2679 2680 3588 3769 3770 3771 3775 3777 3785 3981 3982 3985 3986 3990 3992 3994 3996 3998 4000 4001 4006 4015 4436 4441 4450 4634 4635 4989 5310 5396 6592 6800 461 3767 3768 5385 2347 2348 2349 2350 3589 3760 4019 4046 4181 4636 4637 4638 4639 4898 5386 5399 5536 5854 6070 6071 6072 6073 6246 6295 6297 6298 6299 6573 6575 6576 6577 6579 6582 6583 6586 6760 6762 6763 6585 6799 1675 6235 6584 6587 6786 6787 6788 1673 1674 2893 3169 3737 1581 1676 2890 2894 3732 3734 1088 2889 3171 3174 1087 2895 2896 2891 2892 4167 4168 3206 4164 4165 4166 1163 1954 2363 2369 3202 3204 3205 3207 3208 4169 4170 4171 6124 6130 6294 6304 6983 7066 7234 7235 7329 7370 1164 3316 4583 5532 5539 5826 5830 5837 6120 6121 6126 6127 6128 6129 6137 6147 3317 5533 5540 5543 3320 3323 3212 3318 3319 4626 3210 3211 5745 5746 5755 5756 5757 6741 6744 7149 7154 7155 7165 7265 7266 7269 439 3012 3966 4050 4577 4859 5314 5456 5758 5762 5764 5765 5766 5793 5802 5810 6023 6048 6057 6062 6063 6066 6069 6074 6146 6506 6514 6780 6781 6839 6840 6852 6853 6986 7050 7061 7156 7160 7161 7163 7164 7217 440 3595 3602 3603 6145 6503 6516 6838 6851 6989 1952 3591 3592 3594 3596 3598 3599 3604 4345 5773 5780 5782 5789 5794 5795 5800 5805 1951 1953 1955 2364 2370 3593 5702 5966 6296 6307 7067 7378 1950 4437 4439 5308 5384 5390 5392 5393 5307 5387 5389 4440 5056 5057 5174 5177 5297 5299 5300 5302 5309 5311 5312 5315 5316 5320 5321 5324 5661 5818 5825 5833 5834 5835 6051 6052 6053 6054 6055 6056 6060 6132 6266 6292 6293 6300 6910 7054 7065 7078 2959 3781 4442 4443 4444 4448 4449 4452 4454 4455 5176 5394 5395 6512 6757 7053 7057 7060 768 2955 2956 2960 5164 5168 5172 5178 5179 767 124 769 4423 4425 2312 3964 3965 3968 3969 3971 3974 4426 4528 4536 4794 5222 5223 5227 5228 5229 5231 5240 5241 5519 6026 6350 6351 6608 6903 6905 7072 7159 7214 7248 7350 7369 2313 2314 2316 4262 5195 6045 7055 7056 2362 2726 5110 5154 5155 5952 6082 7213 7229 2359 2360 2361 2365 2366 2367 2368 2371 4504 4506 4857 5107 5207 5244 5472 5929 6083 6315 6469 6675 6835 7035 7289 1001 5449 4854 5450 5457 5458 5459 5819 5821 5840 5941 5971 6131 6138 6607 1071 3554 3963 4121 4495 4533 4855 4858 4860 4862 4865 5237 5239 5247 5526 5658 5660 5703 5704 5706 5808 6021 6024 6229 6593 6824 6897 6921 6958 7052 7063 7211 1072 6104 6105 6108 6826 576 1101 3119 3123 3128 3419 3696 4682 4696 4700 4714 4718 4719 4720 4721 4725 4727 4729 4767 4769 4771 4840 4892 4942 5131 5277 5278 5279 5325 6099 6100 6102 6103 6107 6110 6111 6548 6551 6554 6557 3120 3121 3126 3712 4744 4836 3124 3125 5326 4945 3295 3296 3704 3713 3722 4715 4758 4761 4762 4763 4947 4948 3703 4244 2879 3386 3392 3398 3721 4320 4331 4332 4333 4339 4340 4341 4684 4697 4741 4745 4746 4847 5114 2880 2881 2882 2883 2884 2885 2886 3980 5115 6552 6558 7353 2576 4334 2574 2575 2578 2580 2573 3661 486 1507 2104 2577 2579 2719 2720 2935 2936 2937 5331 485 2228 2229 2230 2231 1905 2451 1906 1907 1908 590 954 591 951 1247 1803 783 1000 1903 1904 782 785 784 961 2108 2452 2453 2106 2105 677 1789 2275 2378 2494 2553 2728 678 3906 1790 2276 2379 2495 2554 2729 2278 2179 2180 2181 2182 2277 2279 2280 2380 2381 2555 2556 2730 2731 3113 3114 1145 1632 1633 1634 2461 1144 1635 2462 1631 292 387 1055 2087 2382 2463 2464 2107 2732 2383 2557 758 296 2168 1791 2166 2167 40 2601 3273 616 3274 3275 617 49 615 3276 4342 6549 6555 3530 4328 5029 5031 7143 4361 4365 4373 4377 4508 5211 5686 7136 1889 1890 1892 1893 3156 3482 4277 4363 4367 4375 4379 4386 4388 4390 4391 4392 4775 4777 4778 4791 5118 5126 5225 5234 5235 5242 5492 5504 5508 5521 5682 5895 5954 6276 6284 6285 6286 6287 6478 6614 6624 7222 1891 5491 5953 7106 180 695 729 1738 2222 4517 4521 4539 4541 4905 5226 5261 5493 5495 5520 5522 5602 5715 5716 5725 5729 5949 5951 6491 1232 1737 5593 1234 2071 3476 2074 5603 5601 7290 5598 3806 3808 5599 5607 5608 5719 5721 5722 5862 5977 5982 2681 3809 3810 6670 398 1095 2999 5610 5652 5655 5656 5657 5860 5979 764 1096 1781 2796 2991 5330 5653 5984 765 2797 2992 3585 3586 5855 2795 122 374 1094 2990 5214 5215 5216 5208 5730 5978 5609 5980 7356 7367 1899 3583 132 1900 1901 1902 133 1573 1589 2267 1576 1365 1379 1574 1575 1593 3584 3587 1361 1362 1363 1364 1117 1583 1590 2264 2284 2643 2644 1116 1118 1119 151 152 153 304 1582 2887 1584 1585 1591 2265 2285 2645 2646 2647 1350 1592 402 1347 1348 1349 1376 3115 1377 1378 3116 170 772 2266 2286 3117 3000 2998 1977 5981 1782 1780 1779 1976 1211 2499 2794 2989 2997 3660 2439 5659 5973 6020 6615 6618 6620 6623 3555 3556 3557 5986 6591 6619 6621 6622 7193 2677 3055 3954 4122 4515 4526 4532 4548 5635 5649 5790 6844 1250 1869 2678 3558 3560 1249 603 964 1248 601 602 44 962 1825 963 45 965 229 1793 1868 1792 1794 266 343 344 5323 4897 4986 4987 5304 5305 5322 5552 6511 6601 6798 7107 7167 4979 4980 4983 6288 6600 6783 6802 6842 6938 3746 5820 5829 6136 6247 6268 6269 6270 6303 6936 3749 3753 5059 5407 5624 5831 5832 5844 6049 6050 6064 6065 6067 6068 6233 6306 6311 6502 6527 1696 2663 3750 3751 4172 4185 5824 6159 6312 6761 6764 6765 6767 4584 5827 5838 6058 6515 6768 6847 6984 6988 7157 3321 4585 4586 5828 5839 5846 6059 6239 7051 7062 3322 3213 4128 4132 6075 4139 5426 5588 5930 6076 6391 7199 730 3845 3850 4137 4141 4147 5084 5420 6468 6976 6978 7247 555 1309 2090 2743 2824 3020 3844 5584 6461 6829 2092 2353 3847 6466 3848 4067 2694 3159 4066 4068 2690 2691 2692 2697 1874 2688 4399 4402 5561 2686 2687 2689 3054 6745 3840 5581 6458 7360 5575 5577 5578 5579 5580 5591 4393 5092 5410 5583 5587 6737 6746 4396 4406 4397 4400 5589 4407 762 7135 763 4176 4177 4178 4179 5582 1885 1971 927 1970 1972 1974 1975 928 6774 6789 2102 6647 6790 6642 6646 3092 5416 6640 6641 6643 6836 4129 5129 5205 5253 5767 5814 5845 6236 6335 6394 6396 6769 6770 6922 7203 7382 7383 3253 2293 3251 3252 3254 3247 3245 3246 3248 3249 3250 5447 5448 2538 5455 6568 5590 5585 5586 4609 6793 3972 4156 5942 6754 6791 6792 6804 7223 3938 3967 4937 5482 2612 3085 2593 3062 3059 3648 3917 4048 4621 5413 5414 6594 6979 6981 7215 7216 7249 3052 3053 3056 3057 3058 212 2722 4623 5650 5707 7009 114 2723 2724 2725 3013 4471 5090 5636 7239 6318 3153 5812 3545 4051 6323 3546 6230 3544 3548 6324 3542 6530 2822 3547 3550 4479 5417 6526 6531 5415 5423 5097 6475 7197 7201 3645 5096 3641 3642 6470 6977 3182 3019 3176 3181 3183 3180 3179 6161 7200 7196 3227 3014 3220 5113 3008 3888 3889 3891 3892 3893 3894 3895 6088 3896 3897 5160 6267 7342 5161 3870 4258 5109 5158 5162 3869 5159 2854 4461 5108 5615 6319 7330 7339 7344 835 2853 6321 4470 7010 7011 3418 4469 3417 2704 3414 2707 3144 5710 3735 4162 3733 3168 4163 5099 5763 3324 5573 3232 5071 5429 7246 2903 5078 2902 2904 2905 4795 4796 5937 5931 5936 5943 846 5628 5996 6002 6003 845 490 4458 6980 7218 6595 6982 4624 5822 5836 6596 6987 4625 4628 4629 4627 4630 6242 6245 5781 6928 4014 4346 5772 5774 5783 5786 5787 5861 5988 6084 6678 6927 6959 7191 2445 3791 4011 4013 4016 4017 4018 5397 5507 5525 5847 5852 5859 5863 5987 5998 6001 6580 6616 2320 2444 2446 2447 2448 3790 3792 2318 2319 2442 2443 741 1336 2317 2449 2836 1335 1337 2837 3154 3155 1968 3475 3478 1490 1966 1967 1969 1488 1489 262 931 5592 6476 5594 2016 2069 2076 2077 3477 3612 3800 5651 345 2017 2075 2080 2216 2220 2224 2226 2709 3606 3609 3794 3797 3881 4478 4899 4904 4906 5622 2078 2217 2221 2225 2227 3607 3613 3795 3801 3884 4900 2081 1032 1715 2079 2174 2176 2200 2842 2843 2844 2845 4903 773 1739 2072 2175 2772 2073 97 2070 2082 2775 3347 800 738 799 1045 1910 1912 1913 2177 2178 2403 2406 2771 2773 2774 4907 728 1042 1046 1047 2402 1043 1044 2404 1194 1195 1911 2201 2405 4902 1888 1887 1714 2477 2485 2671 2701 3186 3193 3616 3804 4901 1716 1717 1718 2476 2484 3192 2478 2479 2480 2486 2487 2667 2668 2702 2703 2898 3187 3194 3617 3805 1260 2789 1259 1261 3190 2481 3189 2740 5334 1506 2355 2739 2741 2742 3228 5217 5219 2354 980 1435 2483 2492 3200 5218 1113 1114 1115 2897 5418 2271 169 813 1083 2602 2603 283 386 622 1626 5332 5333 2219 2669 2670 2672 2218 2710 3608 3796 5944 5945 6493 7134 756 757 755 2202 4551 4516 4518 4520 4522 4524 4529 4530 4534 4537 4538 4550 3987 4578 4936 5190 5196 5254 5404 5406 5788 6036 3993 4004 4034 4036 5505 5849 5896 5999 3997 4447 5851 5853 6000 4451 4453 4043 4640 5842 4041 4045 4047 5262 5848 5997 6243 6590 5257 5258 5523 5985 5255 5256 5775 5776 5502 408 409 5791 2958 5955 5956 361 3315 5759 5198 5318 2373 4269 5197 2188 2372 6223 2189 4268 4265 4267 4270 4276 6289 4284 3918 4083 4456 6899 3435 3428 3442 3449 4095 4097 4222 4226 4202 4225 4196 4197 4198 4199 4201 4221 6327 6329 6917 4465 6090 6918 7327 2927 6061 640 639 1677 5841 3875 3874 5629 2929 3021 4631 2933 4569 4574 4573 3880 5060 5319 6517 6528 6442 5061 5313 5317 4327 1628 3345 5527 7190 821 1627 1629 3344 3346 820 2400 2524 1040 2523 1039 400 637 1112 1838 2399 399 833 3343 3913 76 77 79 350 351 352 353 524 693 699 936 1025 1158 1559 1561 3191 3214 3864 3887 4062 78 88 89 90 91 92 371 372 1196 1319 1320 5135 700 466 1026 1894 465 1027 2416 2957 3865 3866 2414 2415 4432 6325 6326 2162 549 1100 1440 1577 1578 2049 2161 2163 2767 4234 548 1193 1439 2047 2256 525 1098 1097 1099 2769 2768 2770 3863 1275 1276 2048 2257 1131 5654 5856 5206 6336 5398 6581 5556 5553 5995 6158 6234 3826 3828 3831 5876 2223 950 3408 3201 3409 861 862 2015 451 830 863 1233 1334 2522 450 829 1649 571 2137 777 2018 3298 1837 2521 3299 3300 3301 1121 1835 1836 1120 1726 1834 759 860 1725 760 1833 1274 1273 1010 1271 1011 1013 1012 1338 1340 1339 1411 1413 1937 1408 1412 1936 1948 1985 1409 1410 1947 1949 1984 1986 2401 2656 334 503 992 1075 1237 1775 1931 2066 1272 859 2440 2441 2121 67 681 2119 2120 3479 3480 2450 2838 1630 6739 6756 6752 6832 6831 3842 6830 6677 6680 802 801 803 2436 6749 6828 7153 5411 3861 5927 6089 5156 3950 3949 5934 3639 3637 3638 1057 1416 1431 2021 2199 2942 3004 3094 3636 3914 4552 1056 1058 87 227 443 732 1415 1417 1430 2019 2020 2022 3003 3093 3677 3678 733 1149 2941 1418 1432 2939 2940 2943 1448 1450 1769 1810 2036 2139 2299 2514 2900 2938 3045 3622 3623 4070 4075 4076 4077 4193 4473 4477 5744 1002 1446 1447 1449 1770 1851 2515 3047 3049 3051 857 858 1003 1004 1768 1850 1853 2512 2513 2781 2782 2783 2784 4078 4079 24 495 530 2183 2185 4192 4195 496 604 1809 2252 2298 605 1298 1299 1772 2255 2301 3627 3679 3680 3681 2248 2250 2249 3044 3046 3048 3050 2254 3265 3266 3267 3268 1852 3001 3626 3908 3910 3912 1849 1771 2516 3625 3907 3909 3911 766 3269 3270 3271 3272 2184 177 1854 1808 2038 2037 2140 2141 2142 2143 2144 2039 2035 2253 2300 3624 4056 4194 4474 234 239 876 1420 1429 2232 2247 2752 3621 4055 4191 4472 4632 5731 235 146 689 976 978 1720 1721 2129 2130 2233 2753 690 1402 1403 2131 2132 1404 2133 1401 1722 3952 2598 58 953 977 979 1454 2234 2599 2600 952 237 238 269 515 849 294 875 1433 2246 4069 4071 4072 1434 2251 2297 4073 4074 2901 23 1958 136 508 930 1486 1959 56 1487 3915 2727 3010 2315 1580 3234 3233 3235 1916 6803 1917 4130 6985 7219 7263 2906 7238 2804 2805 3520 1973 3517 3518 3519 3521 5466 7354 6529 7352 2619 2631 2624 2622 2623 2635 7362 2634 5327 7361 3876 2785 3787 3878 4230 4917 5328 2787 2529 2530 2531 2587 2588 2788 2813 2814 2815 2908 2910 3131 3133 3134 3135 3136 3137 3138 3139 3140 3141 3142 3255 3260 3458 3459 3786 3851 4227 4231 4918 5329 42 2526 2527 2528 2610 2912 3084 3132 3902 2614 3086 3905 2609 2611 2613 2615 2616 3853 1587 1783 1800 2003 2518 2519 2582 2585 2778 2816 2818 2819 2961 2962 2963 3256 3257 3258 3261 3262 3263 3460 3461 3462 3852 3854 3898 3899 3900 3901 3903 3904 4228 4232 4919 4939 1586 1588 2583 2584 2586 3150 3151 3152 3143 75 2458 3147 2456 2457 2459 2460 2780 2817 2909 2911 878 2779 2820 2913 3259 4233 1170 1201 1204 1748 1751 2240 2506 272 273 410 1801 2520 1198 1231 1104 718 1105 3264 2693 6809 2542 2541 2543 2544 3017 3102 836 438 3590 3111 2170 3682 3684 661 1281 660 1279 1282 1283 1280 5089 5857 5950 4774 7144 4702 4772 4773 4837 4253 4812 3509 4247 4257 4656 4658 6328 4242 4828 4830 5117 7326 7142 1682 1683 444 577 725 3420 445 831 1840 1841 1532 1839 298 1533 1806 299 1558 1557 3698 1804 1805 648 2138 649 93 94 373 736 737 363 2791 5134 5462 2683 5106 3868 241 3009 3534 4005 5275 3527 1070 3031 3279 3495 3528 3280 3281 3282 3023 5152 3024 3025 5153 5432 3352 983 467 2581 3977 2537 1061 3885 1601 1645 1600 1602 3453 4187 1930 1079 1080 3221 2552 327 2550 2551 328 1564 507 1565 3002 447 812 811 4151 1690 1315 2501 59 309 310 311 652 657 3421 3423 3422 1240 567 140 3618 141 1611 2525 1957 453 1374 2666 231 510 1375 1421 
14: 22 
15: 25 26 243 531 532 1175 1391 1396 1703 1705 2204 2206 2207 2210 2699 2700 2809 2810 2811 2812 2983 3185 941 1153 1388 1393 1923 1924 1925 2004 2030 2031 2032 2840 413 1008 1009 1174 1706 2005 654 843 896 2122 2474 2841 2197 2198 2034 2033 1394 1392 1152 1387 1390 1702 1704 2203 2205 2209 2698 2982 3184 3456 
16: 27 244 534 536 538 540 873 897 898 1427 1620 2028 2042 2994 514 625 628 370 369 1811 2027 2029 1424 1423 1425 512 872 1426 513 126 127 535 537 539 541 626 629 874 899 1428 2044 2996 630 128 1621 1603 2043 1604 2995 2759 2429 2430 2762 1637 1642 2421 2424 2425 2426 2427 2428 2649 2760 2763 2765 904 1451 1636 1638 1639 2648 2041 2650 2651 2652 2653 2654 2655 3463 3464 3465 2754 2755 879 1266 1294 1640 1641 2389 2507 2761 3662 3663 4173 4174 880 1295 1643 2766 1827 2423 2455 2764 1267 1566 1596 1826 2454 2839 1567 1568 2422 2509 2508 115 116 117 118 119 357 393 394 395 396 1067 1084 1251 2548 4475 4476 1366 903 1185 1090 1089 1091 1092 810 1597 1625 1918 770 771 1268 1624 1919 1920 1697 1921 1698 1699 1476 1700 1477 142 919 1473 1475 1481 1762 2046 918 341 1761 1867 1760 1478 2045 2281 1480 275 947 949 1479 274 946 948 1474 1922 1154 1265 326 674 1293 2387 2388 2390 2391 2392 
17: 28 870 871 869 1082 1093 1123 271 588 587 1124 1081 
18: 31 550 552 1452 1455 1459 1462 1776 2059 551 1453 1456 1460 1463 1777 1384 1457 1458 1383 1385 1778 825 1461 1464 2060 826 827 61 319 665 1465 612 847 2086 611 613 610 1807 666 848 1031 1030 
19: 32 912 913 915 916 1215 1216 1960 1961 2061 2259 2260 717 910 914 917 1217 1444 1562 2062 2261 1471 1871 252 909 1316 1472 1655 253 911 1317 1318 1563 1656 1445 1212 1213 1214 135 1218 1341 2262 165 781 
20: 34 35 36 37 258 259 1847 68 569 698 1246 1303 1541 1678 1848 568 364 2384 365 1542 2094 697 1302 1304 1244 1245 1540 1846 
21: 38 
22: 41 
23: 43 206 
24: 50 51 
25: 52 449 
26: 53 920 558 921 922 1222 559 1221 614 1262 1296 1300 1297 1263 1264 633 634 
27: 54 55 290 
28: 57 
29: 60 314 991 
30: 62 321 667 997 999 1828 320 998 1129 1130 161 1829 1831 1830 289 
31: 63 324 511 868 902 322 323 582 1239 
32: 64 
33: 65 459 1016 1546 1017 1139 1140 1066 1065 
34: 66 329 482 627 679 680 993 1523 1524 1547 1548 1659 1660 1661 1824 1855 1859 1860 2117 95 726 727 1549 1856 1861 2118 2437 1550 1862 2438 74 635 1014 1305 1510 1525 1713 1857 1015 1526 1662 687 1306 1858 1508 985 1509 986 378 1147 1148 1286 1287 1380 1382 1832 1146 1381 1709 1711 208 483 1710 2211 209 207 480 484 481 1712 1823 2214 
35: 69 261 570 929 1197 1230 1788 
36: 70 337 
37: 71 619 696 618 284 502 967 331 330 
38: 72 
39: 73 1020 1556 1870 131 173 174 175 686 1102 
40: 80 
41: 81 82 83 346 620 1534 347 
42: 84 325 366 1277 1321 1238 419 
43: 85 86 260 308 367 368 
44: 96 
45: 98 291 360 1035 1389 359 844 1033 1766 1034 358 1767 2208 
46: 99 
47: 100 739 955 592 595 598 956 593 594 596 599 156 157 158 597 600 957 1395 
48: 101 102 377 
49: 103 
50: 105 268 437 
51: 106 683 749 2115 2172 682 684 332 1005 1242 333 1006 1243 1551 1007 426 1802 107 2064 2116 2063 255 1407 1327 108 1328 1623 1373 2173 
52: 109 
53: 111 391 1330 2006 1331 464 2007 463 
54: 112 
55: 113 1657 1658 420 1109 1111 1253 1367 1368 421 1255 1254 1252 1108 1110 
56: 120 397 
57: 121 
58: 123 
59: 125 401 
60: 129 
61: 130 176 
62: 134 210 211 488 489 1719 
63: 137 
64: 138 414 
65: 139 277 276 
66: 143 
67: 144 
68: 145 
69: 147 735 1062 734 797 
70: 149 160 
71: 150 249 804 
72: 154 155 
73: 159 
74: 162 163 
75: 164 2164 2165 433 1351 1352 1354 1679 1680 1978 2169 1353 1355 944 
76: 166 
77: 167 424 1622 2296 1241 
78: 168 
79: 171 
80: 172 456 
81: 178 
82: 179 823 824 
83: 184 422 423 585 
84: 185 818 1332 1962 1963 1964 817 
85: 186 
86: 187 223 501 1122 469 
87: 188 542 1326 1325 388 390 528 664 995 1162 1291 1323 1324 389 529 805 996 1292 994 355 662 1290 1136 418 663 1289 1288 1405 1598 1599 493 
88: 189 1137 
89: 190 
90: 191 254 375 573 574 575 1219 1220 
91: 192 193 194 195 584 
92: 197 
93: 198 199 200 1074 1103 3772 
94: 204 
95: 205 838 621 
96: 224 839 1707 1764 1765 840 1708 1763 1370 379 1369 1371 1554 1729 3039 1730 2013 1727 1728 1552 1731 1734 1553 1732 1733 1735 753 1736 752 754 1063 1064 856 1157 
97: 225 
98: 228 864 1184 865 
99: 230 
100: 236 
101: 242 888 1644 1752 1753 1965 2241 2242 889 969 526 527 866 867 887 890 891 892 893 894 895 1171 1172 1173 1186 1187 1188 1441 1442 1754 1755 2243 278 279 1189 1443 2244 
102: 250 251 
103: 256 
104: 264 
105: 265 
106: 267 583 
107: 270 427 586 
108: 280 
109: 285 1511 1517 2093 2289 2309 2311 2417 3277 1512 1513 1514 1518 2290 2310 2419 3130 293 1519 1522 2287 2292 2420 2835 1520 1521 1516 1843 1845 1842 1844 2418 2288 2291 2834 973 2282 3297 2283 300 301 968 984 2545 
110: 286 287 1155 623 436 1156 1135 
111: 295 645 1527 2050 2051 2052 2263 2517 2993 646 691 1537 494 692 1530 1538 2053 2054 2055 1529 981 982 1528 1536 2112 2113 2114 1531 1535 2109 2110 2111 1539 2056 2057 2058 
112: 297 457 
113: 302 303 305 650 1681 651 822 
114: 306 581 1192 2014 2258 580 579 1191 2012 2083 578 1190 1322 1052 1284 1053 1054 
115: 307 653 
116: 312 313 658 335 659 1165 428 
117: 315 316 317 318 
118: 338 676 1256 1308 1257 1258 505 1310 504 
119: 339 340 
120: 342 
121: 348 1313 1314 704 715 1028 1312 705 716 1029 714 707 709 711 713 706 708 710 712 1311 
122: 354 694 1307 2472 
123: 356 719 721 723 720 722 724 
124: 380 381 742 743 744 1560 1701 1606 1605 
125: 382 468 
126: 383 644 746 987 1209 643 1073 1270 
127: 384 520 562 925 1877 2393 560 561 923 2065 924 2473 
128: 385 1133 1134 
129: 392 761 855 1301 1406 
130: 403 404 828 1023 1024 1021 1022 932 1235 1236 814 1278 815 
131: 405 406 
132: 407 
133: 411 1106 
134: 412 
135: 415 
136: 416 417 808 809 
137: 425 
138: 429 
139: 430 
140: 446 
141: 448 832 1018 1665 
142: 452 1555 
143: 454 1285 1132 
144: 455 
145: 458 631 632 
146: 462 522 1386 688 1515 
147: 470 471 472 1051 473 731 
148: 487 641 642 
149: 491 
150: 523 1594 1036 1438 1595 1759 1037 1038 
151: 533 
152: 543 942 943 
153: 547 
154: 589 1501 
155: 624 
156: 638 655 1333 1787 2846 2847 2848 
157: 647 
158: 656 791 841 842 
159: 672 673 1496 1820 1497 1821 1493 1495 1498 1819 1822 939 1491 1492 1494 937 938 940 2192 2193 
160: 675 
161: 747 750 751 
162: 778 779 780 
163: 786 1107 1372 
164: 787 788 789 790 
165: 792 1167 1774 2010 2011 1166 1773 2008 2009 2321 2084 2085 
166: 806 807 1059 945 
167: 926 
168: 988 989 990 
169: 1138 
170: 1360 
171: 1499 1500 
172: 1612 1613 1614 1615 1616 1618 1617 1619 
173: 2040 
174: 2196 2888 
