# The directed communities at k=3
# from /Users/bogna/dev/role-mining/datasets/hepth/timeslots/cit-HepTh-1995.edges
# at no lower link weight threshold,
# and at no upper link weight threshold.
# Links were treated as directed.
# No time limit was set for the clique search.

0: 9501002 9203074 9203078 9203081 9207042 9506146 9507163 
1: 9501003 9212003 9308007 9309002 9501004 9309003 9507023 9509111 
2: 9501037 9206015 9208002 9208045 9306037 9306043 9312145 9408029 9512211 
3: 9212070 9302048 9501038 9208031 9301070 9401030 9403190 9404056 9405004 9405096 9407096 9502029 9201003 9211097 9304121 9312189 9405106 9407018 9407134 9407141 9502058 9211090 9406056 9410157 9503017 9505122 9404011 9505140 9412006 9506007 9506089 9506124 9508026 9511125 
4: 9501043 9211035 9311100 9510141 
5: 9501057 9204044 9207008 9302123 9412092 9504065 9507045 
6: 9501058 9205014 9206088 9208026 9403089 9407014 9407167 9409064 9412227 9506103 9510012 
7: 9205089 9207095 9205069 9206070 9209012 9501071 9207105 9405084 9301119 9502098 9505047 9505136 9401031 9501016 9505139 9506128 9506202 9510109 9510145 9511133 9512187 
8: 9501071 9305040 9407008 9505159 
9: 9501071 9311007 9405007 9509104 
10: 9501071 9305083 9412131 9509149 
11: 9501073 9306046 9309089 9410095 9502018 9506021 
12: 9501092 9304114 9407193 9410016 9507088 9508003 9509002 9509034 
13: 9209076 9501020 9203071 9204030 9205068 9212045 9304102 9307158 9308124 9311185 9402032 9402073 9404092 9405024 9407087 9410212 9411099 9411198 9412209 9501022 9402002 9406128 9408074 9501024 9209049 9306013 9307111 9311015 9401044 9401153 9501030 9205081 9207053 9208055 9209016 9211056 9303057 9305142 9305185 9306052 9311120 9406105 9406198 9407021 9407111 9408040 9408083 9408099 9409021 9410167 9410210 9412184 9302103 9307088 9208031 9305109 9401030 9501039 9201056 9304011 9402156 9409168 9409019 9309050 9405143 9501053 9406132 9210021 9211021 9308112 9309023 9401139 9501065 9303017 9304055 9402007 9412079 9501066 9404191 9407005 9412074 9501068 9304154 9307049 9309145 9405124 9206078 9209023 9310112 9310202 9311010 9311081 9402016 9404063 9404114 9406136 9408048 9302022 9305083 9307168 9308100 9308139 9309075 9311056 9312172 9401070 9403137 9407173 9412138 9501075 9204083 9212126 9301059 9305010 9309140 9310144 9311144 9312104 9402097 9402107 9403195 9407042 9411102 9206084 9204095 9305174 9501090 9210120 9211085 9303048 9303116 9304072 9312194 9401072 9401125 9402004 9402136 9408089 9408098 9409158 9411028 9402120 9406067 9205027 9501096 9306002 9501099 9212090 9212149 9301003 9301068 9305047 9305097 9307085 9309119 9310041 9310134 9310165 9311156 9404004 9404175 9406100 9408115 9411143 9404058 9501111 9301042 9307038 9309097 9309110 9402148 9406090 9207060 9304026 9501127 9305016 9308106 9406002 9407001 9501131 9409096 9410206 9210032 9303038 9411163 9501144 9210010 9310040 9311062 9311093 9312050 9312094 9402031 9403041 9403191 9406076 9407131 9502001 9207016 9502006 9408066 9412027 9302033 9303016 9406216 9410104 9502012 9403054 9502013 9402044 9408013 9408155 9411048 9411057 9411149 9202072 9201003 9211097 9301083 9312189 9410034 9211072 9502038 9210015 9306048 9308042 9309039 9405117 9405118 9411187 9212009 9202014 9401069 9407118 9502057 9411178 9412158 9502065 9210121 9301005 9403155 9406063 9406206 9408060 9409037 9410230 9410237 9411118 9201059 9410103 9502072 9204035 9205051 9206016 9210068 9302109 9408036 9405110 9502074 9303103 9306069 9408039 9502077 9202046 9202059 9203084 9204012 9205009 9307171 9308083 9311014 9402005 9403187 9406055 9303139 9306150 9211040 9208046 9305025 9502099 9212020 9409119 9410046 9502102 9309128 9212085 9403040 9407031 9502107 9409111 9207067 9310170 9312013 9502110 9210107 9502119 9209125 9502122 9301015 9308154 9401006 9409011 9411003 9411242 9502126 9407044 9405002 9502155 9503002 9207017 9303046 9304047 9309028 9309044 9401062 9407194 9503012 9407128 9503014 9202085 9304006 9311092 9402113 9404008 9503016 9401159 9403108 9407064 9503020 9410054 9503021 9201036 9302083 9310197 9405016 9503022 9302038 9503027 9210119 9403186 9403192 9406059 9406069 9406079 9407155 9409060 9409062 9503029 9406009 9412162 9503030 9209032 9310151 9503033 9410203 9503036 9304060 9305095 9404009 9411210 9503045 9503055 9402006 9503057 9305069 9404151 9503063 9503065 9503078 9406175 9502002 9503082 9503084 9503086 9403198 9210050 9503105 9208029 9211121 9305028 9306080 9404115 9411205 9503106 9210011 9309107 9503114 9201007 9212049 9403058 9503115 9407106 9503120 9503121 9503122 9503124 9406012 9503125 9204028 9207011 9212027 9503127 9204060 9205004 9503130 9410215 9503143 9310118 9503149 9503150 9503154 9412072 9410105 9412113 9503157 9401017 9401021 9410091 9411160 9312016 9503163 9204102 9503170 9503172 9204084 9301047 9503179 9503186 9503201 9503205 9206107 9207118 9310159 9405156 9411078 0208020 9503208 9406032 9409110 9409188 9503212 9203033 9503222 9212030 9503226 9503228 9503235 9503237 9504004 9504005 9504006 9207091 9412200 9504010 9504019 9401131 9504022 9408068 9412020 9504026 9307146 9403038 9405176 9504027 9504032 9405188 9409099 9504033 9406210 9504034 9504047 9504049 9411049 9410136 9504064 9504080 9504081 9401025 9504083 9504090 9504091 9309115 9504095 9410073 9402042 9504102 9504104 9504108 9406179 9504113 9308122 9209085 9504120 9203070 9411004 9504129 9412196 9504139 9504142 9504143 9504145 9504147 9301129 9504148 9406150 9504149 9202074 9205007 9208027 9304003 9310200 9403086 9404139 9405069 9407169 9408007 9409089 9410014 9410164 9504150 9504155 9410217 9504161 9505004 9505006 9505012 9312003 9505018 9205094 9505021 9505023 9505025 9310067 9310015 9403067 9505032 9505034 9411190 9505035 9303100 9305079 9505039 9505045 9505046 9203025 9205070 9208024 9505051 9505052 9210031 9305066 9312058 9505053 9505054 9505062 9505067 9505069 9505073 9505074 9311129 9312107 9402125 9505075 9505082 9505088 9505089 9212154 9307078 9401149 9401150 9404112 9408114 9504118 9505091 9210128 9308060 9309033 9309154 9407154 9505097 9505098 9409151 9411022 9505100 9505105 9201072 9505116 9201029 9208078 9404035 9211047 9505121 9505123 9304135 9505125 9505127 9505129 9505135 9505145 9505147 9505150 9307151 9308023 9212072 9505162 9505164 9505170 9505171 9505177 9505183 9505186 9505187 9401133 9505190 9505194 9506001 9506002 9308115 9506006 9505080 9506011 9506024 9506027 9506037 9506045 9506046 9506048 9506052 9506056 9506057 9205091 9506065 9506063 9307040 9205052 9212029 9301035 9506066 9506071 9506075 9506076 9506077 9506081 9506084 9506086 9506091 9412117 9506098 9506101 9506102 9506104 9506106 9506110 9506112 9411234 9506113 9506122 9201064 9204085 9206080 9308062 9506125 9506126 9506137 9506138 9506139 9506140 9506142 9506144 9506147 9311055 9506148 9506150 9407025 9407183 9506156 9209037 9302086 9302110 9506160 9506168 9506171 9205110 9506178 9310008 9506181 9506182 9506192 9506194 9506196 9506197 9506199 9506200 9506205 9406082 9506206 9506207 9410205 9506210 9209011 9305139 9404010 9506213 9507003 9507004 9507005 9507007 9507008 9507009 9507011 9507012 9311042 9507013 9507014 9305055 9507017 9507018 9507020 9507022 9507027 9507032 9507035 9404135 9507036 9507040 9507041 9507043 9507048 9507050 9507051 9507060 9507062 9507063 9507064 9507090 9507094 9507102 9507112 9308018 9310135 9507113 9507114 9507115 9507121 9507127 9507135 9507140 9507141 9209036 9507143 9507144 9507151 9507153 9507157 9507158 9507160 9204031 9507162 9507164 9507167 9507168 9507169 9507170 9507171 9508001 9508002 9508006 9508020 9203044 9303164 9309125 9403183 9508021 9508033 9508042 9508043 9508044 9508045 9508046 9508053 9508056 9508058 9508064 9508068 9508078 9508071 9508072 9508073 9508089 9508091 9508092 9508094 9508095 9508096 9508104 9508117 9305068 9508124 9508125 9508132 9508140 9508143 9508144 9508151 9508154 9508155 9508156 9508159 9508162 9508163 9508173 9508177 9509009 9509013 9509017 9509020 9509025 9509027 9510195 9509036 9509042 9509043 9509049 9509050 9509052 9509066 9509067 9509070 9509074 9509090 9509093 9509095 9509101 9509102 9509104 9509106 9509108 9509115 9509118 9509119 9209034 9311137 9509121 9509123 9509126 9509127 9509130 9509132 9509134 9509136 9509142 9509143 9509145 9509146 9509148 9509149 9509151 9509160 9509161 9509162 9509165 9509170 9402122 9509171 9509175 9509176 9510007 9510009 9510013 9510016 9510017 9510018 9510022 9510023 9510027 9510028 9510029 9510034 9510041 9510045 9510053 9510055 9510064 9510074 9510079 9510080 9510086 9510088 9510092 9510093 9304104 9510094 9510097 9510098 9510100 9510101 9510103 9510104 9510106 9510115 9510117 9510118 9510129 9510134 9510135 9510137 9510138 9510139 9510142 9510143 9510148 9510153 9510154 9510155 9510156 9412161 9510159 9510161 9510164 9510165 9510166 9510169 9510173 9510178 9510180 9510182 9301033 9510183 9510186 9510187 9304029 9312188 9412056 9510190 9510194 9510200 9510204 9510207 9510209 9510218 9510222 9510223 9510224 9510225 9510227 9510228 9510229 9510233 9510234 9510241 9511014 9511016 9511017 9511019 9511021 9511024 9511026 9511030 9511036 9511037 9511038 9511043 9511045 9511048 9511052 9511053 9511056 9511058 9511061 9511064 9511065 9511079 9511080 9511081 9511083 9511086 9511087 9511088 9511093 9511098 9511104 9511108 9511112 9511115 9511116 9511123 9511126 9511127 9511131 9511142 9511152 9511154 9511157 9511159 9511162 9511164 9511171 9511173 9511178 9511180 9511187 9511191 9511193 9511194 9511199 9511203 9511204 9511213 9511214 9511218 9511222 9511227 9511228 9511230 9512004 9512005 9512006 9512009 9512012 9512014 9512016 9512017 9512019 9512024 9512025 9512028 9512031 9512032 9512034 9512039 9512040 9512042 9512043 9512046 9512048 9512053 9512059 9512060 9512061 9512062 9512063 9512077 9512078 9512081 9512082 9512089 9512091 9512105 9512106 9512107 9512116 9512117 9512121 9512123 9512124 9512126 9512127 9512129 9512130 9512135 9512137 9512138 9512139 9512140 9512145 9512148 9512149 9512152 9512184 9512153 9512154 9512155 9512156 9512157 9512161 9512165 9512169 9512170 9512173 9512177 9512178 9512179 9512180 9512181 9512188 9512191 9512192 9512196 9512203 9512206 9512219 9512222 9512226 
14: 9501123 9207028 9508018 
15: 9501005 9204064 9211034 9211102 9301046 9301086 9305114 9312043 9403073 9406020 9407191 9408086 9411009 9412030 9412108 9412154 9408136 9408113 9501088 9303013 9208067 9501134 9301018 9305024 9404116 9412054 9412199 9502118 9410033 9208066 9504052 9304056 9404050 9505083 9507072 9307056 9508050 9508079 9508110 9510168 9512095 9512182 
16: 9307196 9501078 9212086 9305160 9307175 9405034 9411176 9207015 9501098 9202069 9304065 9304141 9306002 9309142 9310188 9404108 9501105 9201067 9206047 9402045 9410042 9411112 9501136 9203076 9208057 9209024 9307035 9310183 9406197 9409035 9502011 9407089 9408004 9211114 9309022 9502053 9409138 9502129 9205039 9209054 9306089 9202011 9503019 9305042 9503079 9405030 9503083 9311027 9503088 9406125 9204102 9503178 9503227 9504018 9207025 9407148 9410026 9504069 9504085 9409130 9204094 9505085 9505086 9401029 9505138 9506031 9506064 9206041 9207073 9306096 9306157 9307040 9403047 9406045 9407009 9408121 9412187 9506067 9506157 9506169 9404065 9408092 9412213 9507001 9507053 9507070 9507118 9401118 9508007 9508080 9508099 9509007 9509056 9509071 9509153 9510008 9510070 9510071 9510084 9510095 9510199 9512011 9512085 9512174 9512183 9512218 
17: 9501077 9412185 9501142 9401048 9502120 9302008 9401099 9505192 9506044 9506115 9507150 9509163 
18: 9202065 9502021 9202072 9206027 9211071 9303030 9308153 9309083 9310181 9405121 9408158 9502050 9309044 9404192 9503028 9405008 9411053 9503043 9503229 9302023 9312001 9406192 9411051 9505011 9206046 9507110 9510211 9512065 9512147 9512150 9512160 
19: 9205088 9210115 9502030 9205018 9209007 9302050 9502031 9211096 9301097 9303136 9309011 9403180 9505009 9301103 9403143 9405112 9505014 9505156 9507026 9210091 9305181 9508034 9508174 9409137 9510201 9511020 9511066 9511081 
20: 9502066 9407182 9502070 9307186 9404024 9404181 9406033 9411016 9411201 9502100 9503002 9403173 9401105 9503194 9407078 9504066 9310043 9504067 9504130 9505040 9505049 9303145 9508075 9509133 9509173 9511212 
21: 9502083 9309150 9511033 
22: 9502110 9407070 9505027 
23: 9501017 9405003 9502134 9512087 
24: 9503040 9410152 9411015 9508135 
25: 9303001 9503060 9312127 9510231 
26: 9502045 9406017 9409041 9409185 9201059 9503034 9211007 9212153 9503087 9503092 9311022 9504031 9406210 9504053 9508024 9510007 9510069 9511071 
27: 9503104 9304083 9409122 9409170 9509004 
28: 9312102 9503137 9505092 
29: 9503207 0208020 9311183 9409165 9506014 9509080 
30: 9310170 9503099 9308129 9407190 9503232 9312150 9406101 9411101 9412179 9412242 9505183 9506036 9508100 9211059 9510005 9512189 
31: 9310138 9311144 9307178 9402057 9402129 9504001 9303080 9312161 9404146 9407033 9509135 9510076 
32: 9504015 9209072 9505174 
33: 9504020 9305007 9409113 9504086 9505113 9308045 9506069 9506085 9511192 9511224 
34: 9501018 9209006 9212070 9305005 9306035 9407038 9407112 9408104 9210010 9410203 9207102 9204019 9206096 9210060 9304125 9312045 9210037 9503211 9503217 9208013 9409016 9504030 9209041 9210029 9301080 9307071 9403019 9403043 9406214 9408049 9504084 9204023 9405095 9406054 9504138 9307106 9505041 9405111 9505093 9307119 9208058 9506096 9506133 9508084 9509096 9510001 9510075 9510185 9511091 9512118 9512119 
35: 9308124 9411163 9502073 9312059 9401091 9404098 9405110 9504070 9212155 9508152 
36: 9304088 9504076 9401129 9505028 
37: 9212050 9410049 9503037 9305145 9311020 9504035 9504119 9407146 9505007 
38: 9411101 9504121 9504122 
39: 9204095 9504082 9504127 9201080 9411004 9502165 9506180 9207032 9407180 9510059 9306137 9306139 9310004 9512175 
40: 9204099 9505037 9510181 
41: 9404108 9211088 9201026 9504131 9505047 9311167 9312040 9412127 9512105 
42: 9303006 9502101 9206098 9405146 9505056 9307015 9310061 9508054 9508060 
43: 9209066 9301102 9505070 9208062 9306065 9404140 9406208 9510014 
44: 9505096 9311008 9509052 
45: 9211034 9412030 9408113 9412229 9206034 9505022 9207040 9411085 9411203 9505102 9303111 9506215 9510047 
46: 9505109 9502162 9506163 
47: 9212145 9503005 9212010 9212019 9212021 9303050 9505111 9301030 9507166 9508040 9212015 9307091 9310056 9512022 
48: 9505117 9309148 9405181 9405193 9511137 
49: 9402096 9505146 9508113 
50: 9502113 9312102 9407007 9505168 9510090 
51: 9208047 9502033 9206106 9302136 9306147 9412228 9305148 9405109 9504036 9310123 9407061 9410162 9504037 9505173 9304057 9306054 9405133 9405194 9409104 9312206 9509035 9301122 9510195 9509047 9510087 9511145 
52: 9506016 9505059 9507029 
53: 9302014 9506022 9203030 9208042 9208053 9506193 9509124 9512052 
54: 9506033 9409107 9506113 
55: 9502015 9503023 9505157 9506042 9504029 9507096 9508082 9506204 9508088 9510020 9511060 
56: 9506108 9204036 9405019 9507118 
57: 9303103 9506121 9510026 
58: 9506130 9505178 9511184 
59: 9506153 9309059 9410180 9508061 9508106 
60: 9506175 9408002 9512050 
61: 9405187 9506176 9510119 9510146 
62: 9501028 9501029 9306044 9310130 9405014 9501059 9507010 9211053 9510171 
63: 9507074 9505175 9510177 
64: 9507076 9303117 9507077 9511207 
65: 9502138 9403088 9410029 9507083 9507085 
66: 9503233 9503077 9507119 
67: 9507133 9504055 9510193 
68: 9507134 9411175 9510085 
69: 9505084 9310031 9407027 9506188 9507155 9507156 9511101 
70: 9212145 9506189 9507165 9508097 
71: 9303093 9312158 9508009 9410015 9511220 
72: 9508036 9202018 9211104 9511047 
73: 9508057 9404123 9510212 
74: 9508112 9312200 9406109 9511167 
75: 9502125 9309055 9411177 9508131 9508136 9408027 9509158 9510021 9205074 9510036 9511158 9512068 9512080 
76: 9504079 9402029 9509010 
77: 9502140 9412228 9509012 9310080 9312206 9401161 9510030 
78: 9312175 9504017 9509055 
79: 9509154 9412052 9512144 
80: 9311097 9510003 9406096 9511156 
81: 9510160 9505169 9511144 
82: 9407087 9209120 9510179 9301098 9512035 
83: 9306161 9508148 9308116 9409152 9510188 9511041 
84: 9306153 9304011 9412203 9203030 9510137 9301038 9510199 9207097 9510208 
85: 9205043 9510221 9511177 
86: 9501061 9306163 9509099 9209120 9510235 9512066 9512194 
87: 9501042 9301114 9310042 9312114 9307174 9411122 9501137 9503225 9402077 9405190 9410141 9412195 9505003 9410138 9506019 9310032 9408132 9507098 9508017 9403171 9406199 9508053 9511046 9403111 9511073 9512086 
88: 9201056 9511077 9206111 9511111 
89: 9411080 9511139 9511176 
90: 9203046 9203047 9303150 9502079 9502080 9306006 9307139 9511195 9210131 9511201 
91: 9402154 9511205 9211008 9308019 9403077 9406027 9512131 
92: 9501031 9303122 9512057 
93: 9211040 9212113 9207032 9512079 9201079 9308037 9311180 9512092 
94: 9401154 9510242 9512147 
95: 9501007 9410202 9411063 9503053 9309030 9504040 9506080 
96: 9201021 9206081 9208015 9303123 9311079 9501015 9404171 9405072 9501049 9302133 9501056 9311181 9501067 9406127 9501121 9504075 9504093 9505104 9505132 9405059 9505193 9509064 9511031 9511117 9511217 
97: 9501069 9406015 9508175 
98: 9211030 9304027 9401070 9501106 9503027 9508151 
99: 9501072 9307145 9503129 
100: 9302075 9502114 9510123 
101: 9203051 9204071 9209115 9304046 9501113 9201004 9201020 9208035 9303156 9307036 9309025 9312168 9405113 9411055 9502141 9410024 9502143 9503069 9510213 9510216 9510220 9512066 9512102 9512103 
102: 9304031 9405140 9503181 9510040 
103: 9502042 9311017 9504009 
104: 9302116 9503032 9507007 
105: 9502105 9404094 9511004 
106: 9502111 9402154 9404064 9504162 
107: 9501052 9501097 9503133 9505160 9509053 
108: 9503009 9412003 9503130 
109: 9210010 9211040 9502108 9207067 9406005 9503042 9207102 9211109 9302006 9303133 9306033 9404037 9410005 9411168 9406203 9503118 9411156 9503158 9304115 9306026 9311084 9503159 9503166 9509072 9510061 9510072 
110: 9501012 9412165 9503058 9411228 9505016 9510067 9411137 9510197 9511221 9512112 
111: 9302133 9310098 9501135 9307045 9312047 9503134 9312158 9312175 9406207 9412120 9412212 9503190 9312118 9504094 9401096 9509087 9510137 9510199 9512147 
112: 9303047 9305090 9509151 9511185 
113: 9211109 9503161 9203077 9410114 9411218 9510158 9512083 
114: 9311181 9212075 9309106 9502094 9312002 9410084 9404180 9503209 9505068 9409043 9506118 9508139 9509021 9509103 9510106 9512023 
115: 9308151 9411188 9505106 9510182 
116: 9203082 9503206 9307182 9411129 9504060 9411061 9509129 9512209 
117: 9503213 9301001 9308094 9401045 9409030 9506184 
118: 9501069 9307013 9410052 9411091 9412032 9504124 9203070 9507121 9508039 9510130 
119: 9504084 9301024 9510033 9510152 
120: 9412072 9504088 9511087 
121: 9504134 9307118 9504157 9404100 9408077 9408146 9408176 9409134 9410174 9504158 9312091 9504159 9505044 9506083 
122: 9310170 9311139 9407052 9504160 9411150 9512201 
123: 9505017 9310122 9402038 9408167 9410140 9506087 9509120 9512030 
124: 9208027 9505134 9210065 9303143 9309015 9409023 9508062 9509097 9511153 9512224 
125: 9309030 9505143 9303172 9512134 
126: 9502024 9503133 9407175 9408164 9503184 9505144 9309045 9403031 9410067 9507036 9510157 
127: 9410142 9502054 9202014 9209070 9210012 9401069 9302109 9208078 9505151 9411076 9505167 9506020 9512207 
128: 9403143 9505174 9310019 9510176 9512139 
129: 9308048 9306154 9404077 9506061 9205043 9304071 9511167 
130: 9502081 9306132 9412136 9502082 9503204 9509028 9504132 9506166 9509159 9510136 9511003 9512110 
131: 9506167 9309137 9408135 9509039 
132: 9306009 9506179 9509058 
133: 9311009 9507038 9411047 9511077 
134: 9404173 9507056 9511210 
135: 9407087 9506034 9507120 
136: 9406020 9404050 9508016 9508145 9512065 
137: 9502144 9405002 9509014 
138: 9506035 9509141 9510173 
139: 9509142 9509147 9509174 9511223 
140: 9510167 9509084 9511068 9511176 
141: 9504097 9208059 9509158 9510198 9511141 9511148 9512123 
142: 9503109 9504105 9511110 9512048 
143: 9503209 9303160 9509166 9510149 9511134 9512210 
144: 9302083 9511143 9511229 
145: 9204099 9210119 9503089 9511188 9511189 
146: 9501100 9402064 9210010 9404037 9204023 9505142 9508005 9512029 9512214 
147: 9306023 9505058 9401056 9511059 9512200 9512202 
148: 9501026 9503132 9406047 9509079 9509075 9510206 
149: 9501033 9403197 9503166 
150: 9501101 9309016 9310073 9311085 9312115 9406029 9505029 9506214 9512074 
151: 9501135 9205059 9512147 
152: 9501143 9210032 9303038 9406196 9502121 9511018 
153: 9310138 9501145 9509022 
154: 9210010 9502160 9307190 9503104 
155: 9404013 9506023 9507087 
156: 9207053 9305185 9304154 9502069 9201059 9302109 9411235 9503182 9506081 9506109 9509052 
157: 9503141 9212060 9510175 
158: 9205034 9403141 9405136 9507109 9506136 9512125 
159: 9502092 9409098 9411021 9411025 9412203 9502117 9503033 9503041 9504013 9510210 9512166 9512225 
160: 9504025 9408019 9510152 
161: 9408164 9309045 9403031 9505188 9511226 
162: 9405096 9404011 9506172 9205110 9507019 
163: 9504105 9507046 9303112 9409139 9511028 9511072 9511166 
164: 9310043 9504151 9409183 9507052 9512110 
165: 9404092 9501055 9308112 9309023 9205046 9502007 9406216 9502065 9502136 9503142 9504057 9507129 
166: 9309055 9411177 9505077 9508031 9509005 
167: 9411112 9502060 9503178 
168: 9401070 9201059 9410103 9503202 9507061 
169: 9204072 9501071 9511147 
170: 9301042 9508107 9509021 
171: 9502144 9410056 9507051 9509017 
172: 9211102 9301046 9406020 9501028 9501029 9504074 9508109 
173: 9501091 9406067 9505033 
174: 9302006 9508020 9511049 9511050 
