# The graph of directed at k=3
# from /Users/bogna/dev/role-mining/datasets/hepth/timeslots/cit-HepTh-1995.edges
# at no lower link weight threshold,
# and at no upper link weight threshold.
# Links were treated as directed.
# No time limit was set for the clique search.

3 13 5
3 34 1
3 162 2
7 8 1
7 9 1
7 10 1
7 41 1
7 169 1
8 9 1
8 10 1
8 169 1
9 10 1
9 13 1
9 169 1
10 13 2
10 169 1
13 16 3
13 18 2
13 19 1
13 20 1
13 22 1
13 26 3
13 29 1
13 30 2
13 31 1
13 34 2
13 35 3
13 39 2
13 41 1
13 44 1
13 51 1
13 54 1
13 57 1
13 82 1
13 84 2
13 87 1
13 88 1
13 93 1
13 98 3
13 104 1
13 108 1
13 109 3
13 111 1
13 112 1
13 114 1
13 115 1
13 118 2
13 120 2
13 122 1
13 124 1
13 126 1
13 127 4
13 128 1
13 135 1
13 137 1
13 138 1
13 139 1
13 141 1
13 142 1
13 144 1
13 145 1
13 146 1
13 152 2
13 154 1
13 156 7
13 159 1
13 162 1
13 165 5
13 168 3
13 170 1
13 171 2
13 173 1
13 174 1
15 45 3
15 136 2
15 172 3
16 41 1
16 56 1
16 84 1
16 111 1
16 167 2
18 94 1
18 111 1
18 136 1
18 151 1
19 128 1
20 164 1
26 156 1
26 168 1
27 154 1
28 50 1
30 38 1
30 122 1
31 153 1
32 128 1
34 109 2
34 119 1
34 146 2
34 154 1
39 93 1
40 145 1
44 156 1
47 70 1
51 77 2
53 84 1
62 172 2
71 111 1
74 129 1
75 141 1
75 166 2
78 111 1
82 86 1
82 135 1
84 111 2
84 159 1
85 129 1
86 101 1
88 133 1
89 140 1
91 106 1
93 109 1
94 111 1
94 151 1
95 125 1
96 111 1
96 114 1
97 118 1
98 168 1
107 126 1
109 113 1
109 146 2
109 149 1
109 154 1
109 174 1
111 151 2
114 143 1
114 170 1
119 160 1
126 161 3
127 156 1
130 164 1
136 172 1
137 171 1
142 163 1
146 154 1
156 168 1
