# The directed communities at k=5
# from /Users/bogna/dev/role-mining/datasets/hepth/timeslots/cit-HepTh-1994.edges
# at no lower link weight threshold,
# and at no upper link weight threshold.
# Links were treated as directed.
# No time limit was set for the clique search.

0: 9208026 9206088 9403089 9407014 9205014 9407167 9409064 9412227 
1: 9403108 9312194 9403137 9404135 9408039 
2: 9401154 9404050 9312043 9406020 9412108 9412199 
3: 9207053 9210119 9406059 9406069 9409177 9410142 9411187 
4: 9402002 9407087 9408099 9411057 9411102 9411178 9412200 
5: 9401025 9210031 9212030 9409021 9411099 9412162 
6: 9212149 9301068 9303046 9309119 9305047 9404004 9404175 9408115 9409098 9411210 
7: 9403198 9402044 9407087 9408013 9408099 9411149 
8: 9403073 9301046 9305114 9408136 9411009 9412030 
9: 9311010 9202092 9302033 9206006 9209023 9211061 9402031 9303016 9310112 9310202 9402120 9311081 9311093 9403041 9312182 9403191 9311012 9404063 9404114 9404132 9406067 9406082 9406136 9407005 9407099 
10: 9401025 9212030 9406009 9406059 9406093 9412162 
11: 9308153 9402001 9404041 9405093 9405121 9406111 9411053 
12: 9401030 9304121 9208031 9312189 9403190 9404056 9405004 9406056 9407141 9410034 9410157 
13: 9402107 9311156 9407176 9409098 9411210 
14: 9210021 9403155 9406082 9406206 9410237 9411195 
15: 9303048 9401072 9401125 9403108 9403137 9407001 
16: 9304154 9402032 9408074 9408083 9410167 9411187 
17: 9302033 9403191 9406082 9406206 9410237 
