# The links inside the directed communities at k=5
# from /Users/bogna/dev/role-mining/datasets/hepth/timeslots/cit-HepTh-1994.edges
# at no lower link weight threshold,
# and at no upper link weight threshold.
# Links were treated as directed.
# No time limit was set for the clique search.

0:
9403089 9208026
9407014 9208026
9407167 9208026
9409064 9208026
9412227 9208026
9407014 9206088
9407167 9206088
9409064 9206088
9412227 9206088
9407167 9403089
9409064 9403089
9412227 9403089
9407014 9205014
9407167 9407014
9409064 9407014
9412227 9407014
9407167 9205014
9409064 9205014
9412227 9205014
9409064 9407167
9412227 9407167
9412227 9409064
1:
9403108 9312194
9403137 9403108
9404135 9403108
9408039 9403108
9403137 9312194
9404135 9312194
9408039 9312194
9404135 9403137
9408039 9403137
9408039 9404135
2:
9404050 9401154
9406020 9401154
9412108 9401154
9412199 9401154
9404050 9312043
9406020 9404050
9412108 9404050
9412199 9404050
9406020 9312043
9412108 9312043
9412199 9312043
9412108 9406020
9412199 9406020
9412199 9412108
3:
9406059 9207053
9406069 9207053
9409177 9207053
9410142 9207053
9411187 9207053
9406059 9210119
9406069 9210119
9410142 9210119
9411187 9210119
9406069 9406059
9409177 9406059
9410142 9406059
9411187 9406059
9409177 9406069
9410142 9406069
9411187 9406069
9410142 9409177
9411187 9410142
4:
9407087 9402002
9408099 9402002
9411178 9402002
9412200 9402002
9408099 9407087
9411057 9407087
9411102 9407087
9411178 9407087
9412200 9407087
9411057 9408099
9411102 9408099
9411178 9408099
9412200 9408099
9411102 9411057
9411178 9411057
9412200 9411057
9412200 9411102
9412200 9411178
5:
9401025 9210031
9401025 9212030
9409021 9401025
9411099 9401025
9412162 9401025
9409021 9210031
9411099 9210031
9412162 9210031
9409021 9212030
9411099 9212030
9412162 9212030
9411099 9409021
9412162 9409021
9412162 9411099
6:
9404004 9212149
9404175 9212149
9408115 9212149
9411210 9212149
9404004 9301068
9404175 9301068
9408115 9301068
9409098 9301068
9411210 9301068
9404004 9303046
9404175 9303046
9408115 9303046
9409098 9303046
9411210 9303046
9404004 9309119
9404175 9309119
9408115 9309119
9411210 9309119
9404004 9305047
9404175 9305047
9408115 9305047
9409098 9305047
9411210 9305047
9404175 9404004
9408115 9404004
9409098 9404004
9411210 9404004
9408115 9404175
9409098 9404175
9411210 9404175
9411210 9408115
9411210 9409098
7:
9403198 9402044
9407087 9403198
9408013 9403198
9408099 9403198
9411149 9403198
9407087 9402044
9408013 9402044
9408099 9402044
9411149 9402044
9408013 9407087
9408099 9407087
9411149 9407087
9411149 9408013
9411149 9408099
8:
9403073 9301046
9403073 9305114
9408136 9403073
9411009 9403073
9412030 9403073
9408136 9301046
9411009 9301046
9412030 9301046
9408136 9305114
9411009 9305114
9412030 9305114
9411009 9408136
9412030 9408136
9412030 9411009
9:
9403191 9311010
9404063 9311010
9404114 9311010
9404132 9311010
9406067 9311010
9406136 9311010
9407005 9311010
9407099 9311010
9402120 9202092
9404063 9202092
9406067 9202092
9407099 9202092
9402031 9302033
9403191 9302033
9404063 9302033
9406082 9302033
9406136 9302033
9407005 9302033
9402031 9206006
9402120 9206006
9404063 9206006
9406067 9206006
9407099 9206006
9402031 9209023
9402120 9209023
9403041 9209023
9404063 9209023
9404114 9209023
9406067 9209023
9406136 9209023
9407099 9209023
9402031 9211061
9403041 9211061
9404063 9211061
9404114 9211061
9406136 9211061
9407099 9211061
9402031 9303016
9402031 9310112
9402031 9310202
9403041 9402031
9403191 9402031
9404063 9402031
9404114 9402031
9406067 9402031
9406082 9402031
9406136 9402031
9407005 9402031
9407099 9402031
9403191 9303016
9404063 9303016
9406067 9303016
9406082 9303016
9406136 9303016
9407005 9303016
9402120 9310112
9403041 9310112
9403191 9310112
9404063 9310112
9404114 9310112
9404132 9310112
9406067 9310112
9406136 9310112
9407005 9310112
9407099 9310112
9403041 9310202
9403191 9310202
9404063 9310202
9404114 9310202
9404132 9310202
9406067 9310202
9406136 9310202
9407099 9310202
9402120 9311081
9404063 9402120
9406067 9402120
9407099 9402120
9403041 9311081
9403191 9311081
9404063 9311081
9404114 9311081
9404132 9311081
9406067 9311081
9406136 9311081
9407005 9311081
9407099 9311081
9403041 9311093
9403191 9311093
9404063 9311093
9404114 9311093
9404132 9311093
9406136 9311093
9407005 9311093
9403041 9312182
9403191 9403041
9404114 9403041
9404132 9403041
9406136 9403041
9407005 9403041
9403191 9312182
9404063 9312182
9404114 9312182
9404132 9312182
9406136 9312182
9407005 9312182
9407099 9312182
9403191 9311012
9404063 9403191
9404114 9403191
9404132 9403191
9406067 9403191
9406082 9403191
9406136 9403191
9407005 9403191
9407099 9403191
9404063 9311012
9404114 9311012
9404132 9311012
9406136 9311012
9407005 9311012
9407099 9311012
9404114 9404063
9406067 9404063
9406136 9404063
9407005 9404063
9407099 9404063
9404132 9404114
9406136 9404114
9407005 9404114
9407005 9404132
9407005 9406067
9407099 9406067
9407005 9406082
9407099 9406136
10:
9401025 9212030
9406009 9401025
9406059 9401025
9406093 9401025
9412162 9401025
9406009 9212030
9406059 9212030
9406093 9212030
9412162 9212030
9406059 9406009
9406093 9406009
9412162 9406009
9406093 9406059
9412162 9406059
11:
9402001 9308153
9404041 9308153
9405093 9308153
9405121 9308153
9406111 9308153
9411053 9308153
9404041 9402001
9405093 9402001
9405121 9402001
9406111 9402001
9411053 9402001
9406111 9404041
9411053 9404041
9406111 9405093
9411053 9405093
9406111 9405121
9411053 9405121
9411053 9406111
12:
9401030 9304121
9403190 9401030
9404056 9401030
9405004 9401030
9406056 9401030
9407141 9401030
9410157 9401030
9403190 9304121
9404056 9304121
9407141 9304121
9403190 9208031
9404056 9208031
9405004 9208031
9406056 9208031
9407141 9208031
9410034 9208031
9410157 9208031
9403190 9312189
9404056 9312189
9405004 9312189
9406056 9312189
9407141 9312189
9410157 9312189
9404056 9403190
9405004 9403190
9406056 9403190
9407141 9403190
9410034 9403190
9410157 9403190
9405004 9404056
9406056 9404056
9407141 9404056
9410034 9404056
9410157 9404056
9406056 9405004
9407141 9405004
9410157 9406056
9410157 9407141
9410157 9410034
13:
9402107 9311156
9407176 9402107
9409098 9402107
9411210 9402107
9407176 9311156
9409098 9311156
9411210 9311156
9409098 9407176
9411210 9407176
9411210 9409098
14:
9403155 9210021
9406082 9210021
9406206 9210021
9410237 9210021
9411195 9210021
9406082 9403155
9406206 9403155
9410237 9403155
9411195 9403155
9406206 9406082
9410237 9406082
9410237 9406206
9411195 9406206
9411195 9410237
15:
9401072 9303048
9401125 9303048
9403108 9303048
9403137 9303048
9407001 9303048
9403108 9401072
9403137 9401072
9407001 9401072
9403108 9401125
9403137 9401125
9407001 9401125
9403137 9403108
9407001 9403108
9407001 9403137
16:
9402032 9304154
9408083 9304154
9410167 9304154
9411187 9304154
9408074 9402032
9408083 9402032
9410167 9402032
9411187 9402032
9408083 9408074
9410167 9408074
9411187 9408074
9410167 9408083
9411187 9408083
9411187 9410167
17:
9403191 9302033
9406082 9302033
9406206 9302033
9410237 9302033
9406082 9403191
9406206 9403191
9410237 9403191
9406206 9406082
9410237 9406082
9410237 9406206
