# The links inside the directed communities at k=3
# from /Users/bogna/dev/role-mining/datasets/enron/timeslots/10-1999.edges
# at no lower link weight threshold,
# and at no upper link weight threshold.
# Links were treated as directed.
# No time limit was set for the clique search.

0:
1062 558
641 1062
558 1336
558 28196
558 825
558 1375
558 28321
558 3425
558 641
558 786
558 1550
558 927
558 15505
558 1552
558 628
558 28236
17317 558
558 2249
558 28199
558 28229
603 558
558 3312
558 5293
558 686
558 1586
558 5467
558 1548
558 854
558 914
558 985
949 558
1066 2100
641 1066
786 1066
1541 1066
519 1066
17265 1066
641 2100
2100 786
2100 1541
3298 2100
10759 11679
10759 11680
10759 20683
10759 425
10759 4250
10759 505
10759 527
10759 565
10759 581
11679 11680
11679 4250
505 11679
11679 527
505 20683
505 425
505 4250
505 527
505 565
505 581
505 498
505 663
498 565
1336 28196
1336 825
641 1336
786 1336
28199 1336
641 825
786 825
489 825
28229 825
1375 28321
1375 3425
641 1375
786 1375
28321 603
142 599
142 641
142 786
1541 142
641 599
786 599
498 599
29338 599
641 786
641 1541
641 519
641 714
641 1550
641 927
641 628
17265 641
641 1070
641 600
641 17317
641 603
641 3191
641 3298
641 663
4623 641
641 617
641 518
641 1586
641 1548
641 854
641 914
641 5197
641 5240
641 572
641 720
641 851
641 864
786 1541
786 1364
786 519
786 714
1545 786
786 1550
786 498
786 889
786 927
786 628
786 17265
786 1070
786 600
786 489
786 603
786 28792
29338 786
3191 786
786 3298
786 663
786 4623
786 531
786 624
786 686
786 713
786 617
786 518
786 616
786 1586
786 1548
786 854
786 985
786 5197
786 5240
786 572
786 720
786 851
786 864
786 1067
786 693
1541 1364
1541 519
1541 714
1545 1541
29338 1541
1545 519
498 519
17265 519
29338 519
663 519
1545 714
498 714
17265 714
693 714
1545 1550
1545 498
1545 889
1545 927
498 1550
498 889
498 663
498 508
498 518
498 616
3191 889
15505 1552
15505 628
1552 28236
2249 628
5293 628
5467 628
17265 1070
17265 600
663 1070
489 603
489 531
489 624
489 686
489 713
693 489
28792 29338
3312 5293
5293 1586
663 686
663 508
854 663
663 985
663 851
663 1067
949 854
1:
527 126
11666 527
527 10808
527 11668
527 11678
11683 527
527 127
527 146
5358 527
11666 126
11683 126
11666 10808
11666 11668
11683 10808
5358 11668
11683 11678
11683 127
11683 146
2:
527 544
527 1411
527 550
527 723
527 804
1223 1189
1223 544
1411 1223
723 1223
21463 1223
723 1189
544 1411
544 1891
21697 544
544 550
544 723
21463 544
544 452
8391 544
8454 544
8526 544
1411 1891
1411 21697
1411 550
1411 723
723 1891
8454 1891
8460 1891
8454 2073
8460 2073
723 550
723 452
723 804
8454 8391
8460 8391
8454 1135
8454 1149
8454 1150
8454 1964
8454 25952
8454 26711
8454 26712
8454 26715
8454 26717
8454 26718
8454 5359
8454 8388
8454 8394
8454 8395
8454 8396
8454 8397
8454 8402
8454 8403
8454 8404
8454 8405
8454 8407
8454 8408
8454 8410
8454 8411
8454 8414
8454 8415
8454 8416
8454 8417
8454 8418
8454 8419
8454 8420
8454 8423
8454 8428
8454 8429
8454 8430
8454 8434
8454 8435
8454 8436
8454 8437
8454 8438
8454 8439
8454 8440
8454 8441
8454 8442
8454 8443
8454 8444
8454 8446
8454 8447
8454 8449
8454 8453
8454 8455
8454 8457
8454 8458
8454 8460
8454 8464
8454 8467
8454 8468
8454 8469
8454 8471
8454 8472
8454 8475
8454 8477
8454 8478
8454 8479
8454 8483
8454 8485
8454 8486
8454 8487
8454 8488
8454 8490
8454 8493
8454 8495
8454 8496
8454 8497
8454 8499
8454 8500
8454 8503
8454 8504
8454 8505
8454 8506
8454 8511
8454 8512
8454 8513
8454 8515
8454 8518
8454 8520
8454 8521
8454 8522
8454 8523
8454 8524
8454 8525
8454 8526
8454 8528
8454 8530
8454 8531
8454 8532
8454 8533
8454 8534
8454 8535
8454 8536
8454 8537
8454 8538
8454 8539
8454 8540
8454 8541
8454 8548
8454 8549
8454 8550
8454 8551
8454 8553
8454 8554
8454 8555
8454 8557
8454 8558
8454 8559
8454 8562
8454 8563
8454 8565
8454 8566
8454 8567
8454 8568
8454 8569
8454 8570
8454 8572
8454 8573
8454 8574
8454 8576
8454 8658
8454 8667
8454 8672
8454 8681
8454 8708
8454 8717
8454 8726
8454 8728
8454 8732
8454 8734
8454 9047
8454 9049
8454 9052
8454 9053
8454 9056
8460 1135
8526 1135
8526 1149
8460 1150
8526 1150
8460 1964
8460 25952
8460 26711
8460 26712
8460 26715
8460 26717
8526 26718
8460 5359
8460 8388
8526 8388
8460 8394
8460 8395
8460 8396
8460 8397
8526 8397
8460 8402
8460 8403
8526 8403
8460 8404
8460 8405
8460 8407
8526 8407
8460 8408
8460 8410
8526 8410
8460 8411
8460 8414
8460 8415
8460 8416
8460 8417
8460 8418
8460 8419
8526 8419
8460 8420
8460 8423
8460 8428
8460 8429
8460 8430
8460 8434
8460 8435
8460 8436
8460 8437
8460 8438
8460 8439
8460 8440
8460 8441
8460 8442
8460 8443
8460 8444
8526 8444
8460 8446
8460 8447
8460 8449
8460 8453
8460 8455
8460 8457
8526 8457
8460 8458
8526 8458
8460 8464
8460 8467
8460 8468
8460 8469
8460 8471
8460 8472
8460 8475
8460 8477
8460 8478
8460 8479
8460 8483
8460 8485
8460 8486
8460 8487
8460 8488
8460 8490
8460 8493
8460 8495
8460 8496
8460 8497
8460 8499
8460 8500
8460 8503
8460 8504
8460 8505
8460 8506
8460 8511
8460 8512
8460 8513
8460 8515
8460 8518
8460 8520
8460 8521
8460 8522
8460 8523
8460 8524
8460 8525
8460 8526
8460 8528
8460 8530
8460 8531
8460 8532
8460 8533
8460 8534
8460 8535
8460 8536
8460 8537
8460 8538
8460 8539
8460 8540
8460 8541
8460 8548
8460 8549
8460 8550
8460 8551
8460 8553
8460 8554
8460 8555
8460 8557
8460 8558
8460 8559
8460 8562
8460 8563
8460 8565
8460 8566
8460 8567
8460 8568
8460 8569
8460 8570
8460 8572
8460 8573
8460 8574
8460 8576
8460 8708
8460 8726
8460 8732
8460 8734
8460 9047
8460 9049
8460 9052
8460 9053
8460 9056
8526 8487
8526 8493
8526 8499
8526 8505
8526 8541
8526 8548
8526 8551
8526 8554
8526 8559
8526 8570
8526 8658
8526 8667
8526 8672
8526 8681
8526 8717
8526 8728
3:
21038 544
21165 544
21038 20742
21038 20767
21038 20778
21038 20822
21038 20828
21038 20848
21038 20851
21038 20901
21038 20946
21038 21039
21038 21040
21038 21041
21038 21042
21038 21043
21038 21044
21038 21046
21038 21047
21038 21048
21038 21049
21038 21050
21038 21051
21038 21052
21038 21053
21038 21054
21038 21055
21038 21056
21038 21057
21038 21058
21038 21059
21038 21060
21038 21061
21038 21062
21038 21063
21038 21065
21038 21066
21038 21067
21038 21068
21038 21069
21038 21070
21038 21071
21038 21072
21038 21073
21038 21074
21038 21075
21038 21076
21038 21077
21038 21078
21038 21079
21038 21080
21038 21081
21038 21082
21038 21083
21038 21084
21038 21085
21038 21086
21038 21087
21038 21088
21038 21089
21038 21090
21038 21091
21038 21092
21038 21093
21038 21094
21038 21095
21038 21096
21038 21097
21038 21098
21038 21099
21038 21100
21038 21101
21038 21102
21038 21103
21038 21104
21038 21105
21038 21106
21038 21107
21038 21108
21038 21109
21038 21110
21038 21111
21038 21112
21038 21113
21038 21114
21038 21115
21038 21116
21038 21117
21038 21118
21038 21119
21038 21120
21038 21121
21038 21122
21038 21123
21038 21124
21038 21125
21038 21126
21038 21127
21038 21128
21038 21129
21038 21130
21038 21131
21038 21132
21038 21133
21038 21134
21038 21135
21038 21136
21038 21137
21038 21138
21038 21139
21038 21140
21038 21141
21038 21165
21165 20742
21165 20767
21165 20778
21165 20822
21165 20828
21165 20848
21165 20851
21165 20901
21165 20946
21165 21039
21165 21040
21165 21041
21165 21042
21165 21043
21165 21044
21165 21046
21165 21047
21165 21048
21165 21049
21165 21050
21165 21051
21165 21052
21165 21053
21165 21054
21165 21055
21165 21056
21165 21057
21165 21058
21165 21059
21165 21060
21165 21061
21165 21062
21165 21063
21165 21065
21165 21066
21165 21067
21165 21068
21165 21069
21165 21070
21165 21071
21165 21072
21165 21073
21165 21074
21165 21075
21165 21076
21165 21077
21165 21078
21165 21079
21165 21080
21165 21081
21165 21082
21165 21083
21165 21084
21165 21085
21165 21086
21165 21087
21165 21088
21165 21089
21165 21090
21165 21091
21165 21092
21165 21093
21165 21094
21165 21095
21165 21096
21165 21097
21165 21098
21165 21099
21165 21100
21165 21101
21165 21102
21165 21103
21165 21104
21165 21105
21165 21106
21165 21107
21165 21108
21165 21109
21165 21110
21165 21111
21165 21112
21165 21113
21165 21114
21165 21115
21165 21116
21165 21117
21165 21118
21165 21119
21165 21120
21165 21121
21165 21122
21165 21123
21165 21124
21165 21125
21165 21126
21165 21127
21165 21128
21165 21129
21165 21130
21165 21131
21165 21132
21165 21133
21165 21134
21165 21135
21165 21136
21165 21137
21165 21138
21165 21139
21165 21140
21165 21141
4:
29337 928
748 928
29337 748
5:
558 4264
558 919
4264 919
6:
5205 10436
79 5205
79 10436
