# The directed communities at k=3
# from /Users/bogna/dev/role-mining/datasets/enron/timeslots/10-1999.edges
# at no lower link weight threshold,
# and at no upper link weight threshold.
# Links were treated as directed.
# No time limit was set for the clique search.

0: 1062 558 1066 2100 10759 11679 11680 20683 425 4250 505 527 565 581 1336 28196 825 1375 28321 3425 142 599 641 786 1541 1364 519 714 1545 1550 498 889 927 15505 1552 628 28236 17265 1070 600 17317 489 2249 28199 28229 603 28792 29338 3191 3298 3312 5293 663 4623 531 624 686 713 617 508 518 616 1586 5467 1548 854 914 985 5197 5240 572 720 851 864 1067 693 949 
1: 527 126 11666 10808 11668 11678 11683 127 146 5358 
2: 527 1223 1189 544 1411 1891 2073 21697 550 723 21463 452 804 8391 8454 1135 1149 1150 1964 25952 26711 26712 26715 26717 26718 5359 8388 8394 8395 8396 8397 8402 8403 8404 8405 8407 8408 8410 8411 8414 8415 8416 8417 8418 8419 8420 8423 8428 8429 8430 8434 8435 8436 8437 8438 8439 8440 8441 8442 8443 8444 8446 8447 8449 8453 8455 8457 8458 8460 8464 8467 8468 8469 8471 8472 8475 8477 8478 8479 8483 8485 8486 8487 8488 8490 8493 8495 8496 8497 8499 8500 8503 8504 8505 8506 8511 8512 8513 8515 8518 8520 8521 8522 8523 8524 8525 8526 8528 8530 8531 8532 8533 8534 8535 8536 8537 8538 8539 8540 8541 8548 8549 8550 8551 8553 8554 8555 8557 8558 8559 8562 8563 8565 8566 8567 8568 8569 8570 8572 8573 8574 8576 8658 8667 8672 8681 8708 8717 8726 8728 8732 8734 9047 9049 9052 9053 9056 
3: 544 21038 20742 20767 20778 20822 20828 20848 20851 20901 20946 21039 21040 21041 21042 21043 21044 21046 21047 21048 21049 21050 21051 21052 21053 21054 21055 21056 21057 21058 21059 21060 21061 21062 21063 21065 21066 21067 21068 21069 21070 21071 21072 21073 21074 21075 21076 21077 21078 21079 21080 21081 21082 21083 21084 21085 21086 21087 21088 21089 21090 21091 21092 21093 21094 21095 21096 21097 21098 21099 21100 21101 21102 21103 21104 21105 21106 21107 21108 21109 21110 21111 21112 21113 21114 21115 21116 21117 21118 21119 21120 21121 21122 21123 21124 21125 21126 21127 21128 21129 21130 21131 21132 21133 21134 21135 21136 21137 21138 21139 21140 21141 21165 
4: 928 29337 748 
5: 558 4264 919 
6: 5205 10436 79 
