# The contained directed cliques in the directed communities at k=3
# from /Users/bogna/dev/role-mining/datasets/enron/timeslots/10-1999.edges
# at no lower link weight threshold,
# and at no upper link weight threshold.
# Links were treated as directed.
# No time limit was set for the clique search.

0: 0 13 136 280 308 320 324 332 337 351 353 355 129 137 138 139 140 141 273 275 277 278 281 283 311 312 316 328 329 340 341 342 343 344 345 346 352 360 279 133 330 333 334 348 361 362 331 125 339 11 347 359 309 349 363 130 131 276 317 338 354 318 142 282 335 132 364 265 264 2 3 4 263 356 1 315 127 314 310 313 350 272 12 9 269 270 262 8 123 124 
1: 5 6 267 268 358 266 305 357 306 
2: 7 323 10 274 307 319 325 135 326 322 327 366 321 144 145 146 147 148 149 151 152 153 154 155 156 157 158 159 160 161 162 163 164 165 166 167 168 169 170 171 172 173 174 175 176 177 178 179 180 181 182 183 184 185 186 187 188 189 190 191 192 193 194 195 196 197 198 199 200 201 202 203 204 205 206 207 208 209 210 211 212 213 214 215 216 217 218 219 220 221 222 223 224 225 226 227 228 229 230 231 232 233 234 235 236 237 238 239 240 241 242 243 244 245 246 251 253 255 256 257 258 259 260 261 271 284 285 286 287 288 289 290 291 292 293 294 295 296 297 298 299 300 301 302 303 304 143 150 247 248 249 250 252 254 
3: 14 15 16 17 18 19 20 21 22 23 24 25 26 27 28 29 30 31 32 33 34 35 36 37 38 39 40 41 42 43 44 45 46 47 48 49 50 51 52 53 54 55 56 57 58 59 60 61 62 63 64 65 66 67 68 69 70 71 72 73 74 75 76 77 78 79 80 81 82 83 84 85 86 87 88 89 90 91 92 93 94 95 96 97 98 99 100 101 102 103 104 105 106 107 108 109 110 111 112 113 114 115 116 117 118 119 120 121 122 336 365 
4: 126 
5: 128 
6: 134 
