# The links inside the directed communities at k=13
# from /Users/bogna/dev/role-mining/datasets/hepth/timeslots/cit-HepTh-2000.edges
# at no lower link weight threshold,
# and at no upper link weight threshold.
# Links were treated as directed.
# No time limit was set for the clique search.

0:
0002117 9902105
0002211 9902105
0002237 9902105
0003031 9902105
0005036 9902105
0006240 9902105
0008053 9902105
0008101 9902105
0008227 9902105
0009105 9902105
0009246 9902105
0011226 9902105
0012251 9902105
0001084 9911116
0002211 9911116
0002237 9911116
0003220 9911116
0004015 9911116
0005036 9911116
0006071 9911116
0006240 9911116
0007153 9911116
0008033 9911116
0008127 9911116
0008252 9911116
0009038 9911116
0009189 9911116
0010240 9911116
0011029 9911116
0012251 9911116
0001084 9912249
0001201 9912249
0002117 9912249
0002211 9912249
0002237 9912249
0003031 9912249
0003101 9912249
0003220 9912249
0005036 9912249
0005085 9912249
0006071 9912249
0006240 9912249
0007153 9912249
0008033 9912249
0008053 9912249
0008101 9912249
0008127 9912249
0008227 9912249
0008252 9912249
0009038 9912249
0009105 9912249
0009189 9912249
0009246 9912249
0010016 9912249
0010240 9912249
0011029 9912249
0011226 9912249
0012251 9912249
0001201 0001084
0002117 0001084
0002211 0001084
0002237 0001084
0003031 0001084
0003101 0001084
0003220 0001084
0004015 0001084
0005036 0001084
0005085 0001084
0006071 0001084
0006240 0001084
0007153 0001084
0008033 0001084
0008053 0001084
0008127 0001084
0008227 0001084
0008252 0001084
0009038 0001084
0009105 0001084
0009189 0001084
0009246 0001084
0010240 0001084
0011029 0001084
0011226 0001084
0012251 0001084
0002117 0001201
0002211 0001201
0002237 0001201
0003031 0001201
0003101 0001201
0003220 0001201
0005036 0001201
0006071 0001201
0006240 0001201
0007153 0001201
0008033 0001201
0008127 0001201
0008227 0001201
0008252 0001201
0009038 0001201
0010016 0001201
0010240 0001201
0011226 0001201
0002211 0002117
0002237 0002117
0003031 0002117
0003101 0002117
0005036 0002117
0005085 0002117
0006240 0002117
0007153 0002117
0008033 0002117
0008053 0002117
0008101 0002117
0008127 0002117
0008227 0002117
0008252 0002117
0009038 0002117
0009105 0002117
0009189 0002117
0009246 0002117
0010016 0002117
0010240 0002117
0011029 0002117
0011226 0002117
0012251 0002117
0002237 0002211
0003031 0002211
0003101 0002211
0003220 0002211
0004015 0002211
0005036 0002211
0005085 0002211
0006071 0002211
0006240 0002211
0007153 0002211
0008033 0002211
0008053 0002211
0008101 0002211
0008127 0002211
0008227 0002211
0008252 0002211
0009038 0002211
0009105 0002211
0009189 0002211
0009246 0002211
0010016 0002211
0010240 0002211
0011029 0002211
0011226 0002211
0012251 0002211
0003031 0002237
0003101 0002237
0003220 0002237
0005036 0002237
0005085 0002237
0006071 0002237
0006240 0002237
0007153 0002237
0008033 0002237
0008053 0002237
0008101 0002237
0008127 0002237
0008227 0002237
0008252 0002237
0009038 0002237
0009105 0002237
0009189 0002237
0009246 0002237
0010016 0002237
0010240 0002237
0011029 0002237
0011226 0002237
0012251 0002237
0003101 0003031
0005036 0003031
0005085 0003031
0006240 0003031
0007153 0003031
0008033 0003031
0008053 0003031
0008101 0003031
0008127 0003031
0008227 0003031
0009038 0003031
0009105 0003031
0009189 0003031
0009246 0003031
0010016 0003031
0010240 0003031
0011029 0003031
0011226 0003031
0012251 0003031
0005036 0003101
0007153 0003101
0008033 0003101
0008127 0003101
0008252 0003101
0009038 0003101
0010240 0003101
0012251 0003101
0004015 0003220
0005036 0003220
0006071 0003220
0006240 0003220
0007153 0003220
0008033 0003220
0008127 0003220
0008227 0003220
0008252 0003220
0009038 0003220
0009189 0003220
0010240 0003220
0011029 0003220
0011226 0003220
0012251 0003220
0005036 0004015
0006240 0004015
0007153 0004015
0008033 0004015
0008127 0004015
0009038 0004015
0009189 0004015
0011029 0004015
0005085 0005036
0006240 0005036
0007153 0005036
0008033 0005036
0008053 0005036
0008101 0005036
0008127 0005036
0008227 0005036
0008252 0005036
0009038 0005036
0009105 0005036
0009189 0005036
0009246 0005036
0010016 0005036
0010240 0005036
0011029 0005036
0011226 0005036
0012251 0005036
0007153 0005085
0008033 0005085
0009038 0005085
0009189 0005085
0011029 0005085
0006240 0006071
0007153 0006071
0008033 0006071
0008252 0006071
0009038 0006071
0009189 0006071
0010240 0006071
0011029 0006071
0012251 0006071
0007153 0006240
0008033 0006240
0008101 0006240
0008127 0006240
0008227 0006240
0008252 0006240
0009038 0006240
0009105 0006240
0009189 0006240
0009246 0006240
0010016 0006240
0010240 0006240
0011029 0006240
0011226 0006240
0012251 0006240
0008033 0007153
0008127 0007153
0008227 0007153
0008252 0007153
0009038 0007153
0009189 0007153
0009246 0007153
0010016 0007153
0010240 0007153
0011029 0007153
0011226 0007153
0012251 0007153
0008127 0008033
0008227 0008033
0008252 0008033
0009038 0008033
0009189 0008033
0010016 0008033
0010240 0008033
0011029 0008033
0011226 0008033
0012251 0008033
0008101 0008053
0008227 0008053
0009105 0008053
0009246 0008053
0011226 0008053
0012251 0008053
0008227 0008101
0009105 0008101
0009246 0008101
0011226 0008101
0012251 0008101
0008227 0008127
0009038 0008127
0009189 0008127
0010016 0008127
0011029 0008127
0011226 0008127
0009105 0008227
0009246 0008227
0010016 0008227
0011226 0008227
0012251 0008227
0009038 0008252
0009189 0008252
0010240 0008252
0011029 0008252
0012251 0008252
0009189 0009038
0010016 0009038
0010240 0009038
0011029 0009038
0012251 0009038
0009246 0009105
0011226 0009105
0012251 0009105
0011029 0009189
0011226 0009246
0012251 0009246
0011029 0010016
0011029 0010240
0012251 0010240
0012251 0011226
