# The contained directed cliques in the directed communities at k=7
# from /Users/bogna/dev/role-mining/datasets/enron/timeslots/1-2001.edges
# at no lower link weight threshold,
# and at no upper link weight threshold.
# Links were treated as directed.
# No time limit was set for the clique search.

0: 1907 1908 3802 2096 2343 2574 2945 2989 3093 3293 3385 3522 3525 3526 3527 3528 3532 3533 3534 3535 3621 3622 3662 3666 3667 3668 3694 3695 3697 3699 3700 3701 3703 3781 3789 3799 3801 3803 3804 3810 3811 3875 2943 2587 2944 3158 3529 3530 3542 3543 3686 3689 3690 3702 3708 3729 3780 3788 3808 3809 3816 3817 2586 3623 2712 2713 3782 3783 3787 3094 2991 2644 2988 2990 2992 3088 2261 2645 2751 2752 2881 2882 2985 2986 3090 2262 3493 3523 3670 3696 3786 3863 3864 3865 3490 3491 3492 3494 3495 2833 2850 3097 3156 3157 3159 3381 3382 3443 3479 3480 3524 3531 3540 3541 3583 3584 3661 3663 3669 3687 3688 3698 3707 3728 3730 3800 3814 3815 3820 3898 2409 2548 3380 3442 3444 3445 3446 3447 3547 3593 3731 3732 3448 3383 3477 3580 3657 3660 3384 3475 3577 3868 3869 3870 3539 3579 3819 3717 3685 3684 3096 3917 3659 3043 3664 3181 3450 3594 3182 3098 3544 3545 3546 3722 3099 3101 3586 3585 3723 3482 3549 3588 3481 3483 3484 3396 3485 3391 3397 3392 3548 3724 3160 3273 2729 3726 2728 3725 2594 2720 2840 3295 2606 3849 2873 2609 2723 3784 
1: 1933 1934 2235 2897 2962 3102 3464 3520 3839 2234 3325 2613 2633 2867 3054 3234 3323 3324 3326 3327 3328 3329 3331 3332 3333 3412 3510 3511 3746 3837 2436 3748 3774 2435 3646 2628 2861 2964 2965 3569 3640 3643 3644 3645 3753 2433 2447 2592 2622 3470 3571 2432 2446 2621 3466 3565 3467 3471 3564 2438 3265 3570 2451 3563 3754 2449 3751 3044 3411 3562 3639 3641 3838 3410 2631 2632 2634 2863 3050 3061 2635 2636 2868 3057 3064 2869 3058 3065 3330 2864 2865 2866 2870 3051 3055 3056 3062 3063 3233 3516 3052 3053 3513 3514 3232 3512 3515 3519 3517 3518 3611 
2: 2528 2529 2531 2532 
3: 2689 3647 2806 3084 3218 3220 3222 3224 3226 3362 3363 3365 3454 3457 3606 3607 3608 3648 3650 2805 2808 3219 3364 3221 3366 3217 3223 3225 3649 3456 
4: 3134 
