# The links inside the directed communities at k=7
# from /Users/bogna/dev/role-mining/datasets/enron/timeslots/1-2001.edges
# at no lower link weight threshold,
# and at no upper link weight threshold.
# Links were treated as directed.
# No time limit was set for the clique search.

0:
143 129
143 419
143 425
527 143
125 143
505 143
547 143
143 457
540 143
2092 143
890 143
1211 143
143 719
143 1010
129 425
527 129
125 129
547 129
2092 129
890 129
129 1211
129 149
129 719
129 971
129 661
731 129
527 419
125 419
547 419
544 419
723 419
419 457
540 419
954 419
890 419
419 804
604 419
545 419
661 419
796 419
731 419
425 498
527 425
125 425
425 532
505 425
547 425
425 457
540 425
2092 425
890 425
425 1211
425 149
425 719
527 498
125 498
547 498
2092 498
890 498
498 489
498 642
498 545
731 498
452 527
125 452
948 452
505 452
547 452
452 544
452 550
452 723
2137 452
11680 452
452 1574
452 540
954 452
11695 452
11702 452
452 30
4250 452
890 452
149 452
118 452
1199 452
452 804
719 452
1208 452
1233 452
452 495
661 452
20682 452
4503 452
5688 452
15291 452
17777 452
2238 452
5033 452
796 452
731 452
9931 452
527 104
527 125
527 532
527 1399
527 2050
948 527
505 527
527 547
527 1414
527 1595
527 1223
527 544
527 550
527 723
527 2137
527 130
527 457
527 1574
527 540
527 954
11695 527
11702 527
2092 527
527 30
527 4250
527 890
527 1211
527 149
527 1178
527 118
1493 527
527 1199
527 804
527 453
527 719
1208 527
527 1010
527 1189
527 1226
1233 527
527 971
527 604
527 1236
527 2051
527 545
527 661
20682 527
527 4503
15291 527
527 1959
17777 527
2238 527
5358 527
527 5033
796 527
731 527
9931 527
104 125
104 532
948 104
15291 104
2238 104
125 532
948 125
125 547
125 1414
125 1595
125 1223
125 544
125 550
125 723
125 130
125 457
125 1574
125 540
2092 125
125 30
890 125
125 1198
125 1209
125 1211
125 149
125 420
125 1178
125 118
125 1199
125 804
125 453
125 719
125 1010
125 1197
125 971
125 489
125 604
125 642
125 1236
125 2051
125 495
125 545
125 661
15291 125
2238 125
731 125
9931 125
948 532
547 532
1574 532
540 532
954 532
2092 532
890 532
118 532
1199 532
15291 532
2238 532
731 532
9931 532
1399 2050
547 1399
544 1399
723 1399
1399 540
890 1399
1399 2049
731 1399
547 2050
540 2050
890 2050
2050 2049
731 2050
948 505
948 547
948 1813
948 1411
948 544
948 550
948 723
948 11680
948 1574
948 281
948 540
948 954
948 11695
948 11702
948 2092
948 30
948 4250
948 890
948 1178
948 1493
948 1199
948 4506
948 4508
948 804
948 604
948 1527
948 1294
948 15016
948 20575
948 20677
948 20682
948 20683
948 20684
948 2262
948 4503
948 4507
948 5688
948 15291
948 1959
948 20668
948 2238
948 5358
948 5033
948 731
948 9931
505 547
505 1813
505 540
954 505
505 30
890 505
505 118
505 1199
505 4506
505 4508
505 604
505 1527
505 5688
505 5358
547 1813
547 1414
547 1595
547 1223
547 544
547 550
547 723
547 130
547 457
547 1574
547 540
954 547
547 2092
547 30
547 4250
890 547
547 1198
547 1209
547 1211
547 149
547 420
547 1178
547 118
547 1199
547 804
547 453
547 719
547 1010
547 1189
547 1197
547 510
547 971
547 489
547 604
547 642
547 1236
547 1527
547 542
547 2051
547 495
547 545
547 661
547 2049
547 554
547 796
731 547
9931 547
540 1813
954 1813
890 1813
544 1414
723 1414
540 1414
890 1414
731 1414
1595 1223
540 1595
890 1595
731 1595
544 1223
723 1223
1223 540
954 1223
890 1223
1226 1223
731 1223
9931 1223
544 1411
954 1411
890 1411
15016 1411
20682 1411
20683 1411
4503 1411
4507 1411
20668 1411
544 550
544 723
544 2137
544 1574
544 540
544 954
544 11695
544 11702
2092 544
544 30
544 4250
544 890
544 1198
544 1209
544 1211
544 149
544 420
544 1178
544 118
544 1493
544 1199
544 804
544 453
544 719
544 1208
544 1010
544 1189
544 1197
544 1226
544 1233
544 510
544 971
544 489
544 604
544 1236
544 1527
544 542
544 545
661 544
544 1294
15016 544
544 20575
20682 544
20683 544
544 4503
544 5688
15291 544
544 1959
17777 544
544 20668
2238 544
544 554
796 544
731 544
9931 544
550 723
550 540
954 550
2092 550
4250 550
890 550
550 1199
804 550
550 453
550 1010
550 1197
550 1226
550 971
604 550
550 542
661 550
15291 550
1959 550
17777 550
2238 550
796 550
731 550
9931 550
723 1574
723 540
954 723
2092 723
723 30
4250 723
723 890
723 1198
723 1209
723 1211
723 149
723 420
723 1178
1493 723
723 1199
723 804
723 453
723 719
723 1208
723 1010
723 1189
723 1197
723 1226
723 1233
723 510
723 971
723 489
723 604
723 642
723 1236
723 1527
723 495
723 545
723 661
15291 723
1959 723
17777 723
2238 723
723 554
731 723
9931 723
2137 540
954 2137
9931 2137
2092 130
890 130
130 719
890 457
11680 1574
11680 281
11680 540
954 11680
4250 11680
890 11680
1574 281
1574 540
954 1574
1574 11702
1574 2092
1574 30
1574 4250
890 1574
604 1574
4503 1574
15291 1574
2238 1574
731 1574
540 281
954 281
4250 281
890 281
604 281
954 540
11695 540
2092 540
540 30
540 4250
540 890
540 1211
540 149
540 1178
118 540
540 1493
540 1199
540 4506
540 4508
540 804
540 453
540 719
1208 540
540 1010
540 1197
540 1226
1233 540
540 510
540 971
540 489
540 604
540 642
540 1236
540 1527
540 542
540 545
540 661
540 1294
540 2049
540 5688
15291 540
17777 540
2238 540
540 5358
540 554
5033 540
540 796
731 540
9931 540
954 11695
954 11702
954 2092
954 30
954 4250
954 890
954 1178
954 1493
954 1199
954 4506
954 4508
954 804
954 453
954 719
954 1189
954 1226
954 971
954 604
954 1236
954 1527
954 1294
954 15016
954 20575
954 20677
954 20682
954 20683
954 20684
954 2262
954 4503
954 4507
954 5688
954 15291
954 1959
954 20668
954 5358
954 5033
954 731
954 9931
11695 11702
11695 2092
11695 30
11695 4250
11695 890
4250 11702
890 11702
890 2092
2092 1198
2092 1209
2092 1211
2092 149
2092 420
2092 1178
2092 118
2092 804
2092 453
2092 719
2092 604
4250 30
890 30
30 1178
604 30
661 30
731 30
9931 30
890 4250
4250 804
4250 604
4250 1527
890 1198
890 1209
890 1211
890 149
890 420
890 1178
890 118
890 1493
890 1199
890 4506
890 4508
890 804
890 453
890 719
890 1010
890 1197
890 510
890 971
890 489
890 604
890 642
890 1236
890 1527
890 2051
890 495
890 545
890 661
890 1294
890 2049
890 15016
890 20575
890 20677
890 20682
890 20683
890 20684
890 2262
890 4503
890 4507
890 5688
890 1959
890 5358
890 554
890 5033
890 796
890 731
453 1211
719 1211
1208 1211
1226 1211
731 1211
719 149
1208 149
1226 149
604 1178
661 1178
1959 1178
731 1178
9931 118
1493 1199
1493 804
1493 1527
661 1493
1493 1294
1199 4506
1199 4508
1199 804
453 1199
1208 1199
1226 1199
661 1199
17777 1199
731 1199
804 2051
661 804
731 804
9931 804
453 719
1208 453
453 1010
453 1189
453 1226
453 510
453 971
642 453
453 542
545 453
661 453
796 453
731 453
1208 719
1226 719
1233 719
719 971
719 661
731 719
1208 1010
1208 1226
1208 1233
1208 510
1208 971
1226 1010
731 1197
1226 510
1226 971
796 1226
1233 971
510 971
510 642
510 542
661 510
731 510
796 971
731 971
604 489
489 642
545 489
661 489
489 554
796 489
731 489
604 1527
604 545
731 604
642 495
545 642
661 642
731 642
545 1236
796 1236
731 1236
661 542
731 2051
545 495
661 495
661 545
796 545
731 545
796 661
731 661
731 2049
15016 20575
15016 20677
15016 20682
15016 20683
15016 20684
15016 2262
15016 4503
15016 4507
15016 5688
20668 15016
20682 20575
20683 20575
4503 20575
20575 20668
20682 20677
20683 20677
4503 20677
20668 20677
20682 20683
20682 20684
20682 2262
20682 4503
20682 4507
20682 5688
20682 20668
20683 2262
20683 4503
20683 4507
20683 5688
20683 20668
4503 20684
20668 20684
4503 2262
2262 4507
20668 2262
4503 4507
4503 5688
4503 20668
20668 4507
20668 5688
15291 1959
2238 15291
2238 1959
9931 1959
9931 2238
731 554
731 796
9931 731
1:
807 641
877 807
851 807
519 807
807 720
835 807
1310 807
1548 807
807 624
674 807
807 733
496 807
786 985
877 985
851 985
1310 985
674 985
733 985
498 489
498 642
498 663
1310 498
501 498
498 508
498 616
733 498
641 1067
641 854
641 786
641 877
1072 641
641 1306
641 1307
641 1323
641 1329
641 1331
641 1335
641 1336
641 558
641 825
641 851
1552 641
641 1593
641 519
641 489
641 642
1310 641
641 1315
641 1548
641 714
733 641
641 1312
641 1279
877 1067
851 1067
1310 1067
1548 1067
733 1067
854 786
877 854
1072 854
1323 854
1329 854
1331 854
1335 854
854 1336
558 854
851 854
1552 854
1593 854
1310 854
854 686
733 854
877 786
1072 786
786 1306
786 1307
786 1323
786 1329
786 1331
786 1335
786 1336
786 558
786 825
786 851
1552 786
1593 786
786 835
786 489
786 642
1310 786
1315 786
786 508
509 786
786 538
786 611
786 673
786 674
786 686
714 786
733 786
786 817
786 1312
786 1279
877 1306
877 1307
877 1323
877 1329
877 1336
877 558
877 825
877 851
877 1552
877 519
877 720
877 835
877 572
877 489
877 642
877 663
877 1310
877 1315
877 1546
877 1548
877 448
877 501
877 508
877 509
877 538
877 603
877 611
877 616
877 624
877 673
877 674
877 686
877 714
877 733
877 762
877 817
877 823
877 864
877 1312
877 1279
877 496
1072 1306
1072 1307
1072 1323
1072 1329
1072 1331
1072 1335
1072 1336
1072 558
1072 825
1072 851
1323 1306
1335 1306
558 1306
851 1306
1552 1306
1310 1306
674 1306
733 1306
1323 1307
1329 1307
1331 1307
1335 1307
558 1307
851 1307
1552 1307
733 1307
1323 1329
1323 1331
1323 1335
1323 1336
1323 558
1323 825
1323 851
1552 1323
1593 1323
733 1323
1323 1279
1329 1331
1329 1335
1329 1336
1329 558
1329 825
1329 851
1329 1552
1310 1329
733 1329
1329 1312
1329 1279
1331 1335
1331 1336
1331 558
1331 825
1552 1331
1331 1593
1310 1331
733 1331
1335 1336
1335 558
1335 825
1335 851
1552 1335
1310 1335
733 1335
1335 1312
1335 1279
558 1336
851 1336
1552 1336
1310 1336
733 1336
558 825
558 851
558 1552
1593 558
1310 558
558 1548
558 733
558 1312
558 1279
1552 825
733 825
851 1552
851 519
851 835
851 572
851 489
851 642
851 663
851 1310
851 1315
851 1546
851 1548
851 448
851 501
508 851
851 509
851 538
851 603
851 611
851 616
851 624
851 673
851 674
851 686
851 714
851 733
851 762
851 817
851 823
851 864
851 1312
851 1279
851 496
1552 642
1310 1552
1552 714
1552 1312
1552 1279
519 720
489 519
1310 519
1548 519
519 501
674 519
733 519
720 835
720 663
1310 720
720 1546
720 1548
720 501
720 603
720 616
720 674
720 733
720 823
720 864
1310 835
501 835
674 835
733 835
496 835
1310 572
501 572
674 572
733 572
489 642
663 489
1310 489
489 448
508 489
489 509
489 538
489 611
616 489
674 489
733 489
642 663
1310 642
1315 642
642 1548
501 642
508 642
509 642
616 642
674 642
733 642
1310 663
663 1548
501 663
508 663
663 538
616 663
674 663
733 663
663 762
1310 1315
1310 1546
1310 1548
1310 448
1310 501
1310 508
1310 509
1310 538
1310 603
1310 611
1310 616
1310 624
1310 673
1310 674
1310 686
1310 714
1310 733
1310 762
1310 817
1310 823
1310 864
733 1315
501 1546
674 1546
733 1546
674 1548
1548 714
733 1548
1548 864
674 448
733 448
501 538
501 603
501 616
501 674
733 501
501 823
508 616
733 509
674 538
733 538
674 603
733 603
674 611
733 611
674 616
733 616
674 624
733 624
674 673
733 673
674 686
733 674
674 762
674 817
674 823
674 864
674 496
733 686
733 714
733 762
733 817
733 823
733 864
733 1312
733 1279
733 496
2:
4858 3147
4858 3659
4858 5208
4858 5212
4858 5218
4334 4858
4858 5221
5890 4858
3147 3659
3147 5208
3147 5212
3147 5218
4334 3147
5221 3147
5890 3147
5208 3659
5212 3659
5218 3659
4334 3659
5221 3659
5890 3659
5208 5212
5208 5218
4334 5208
5221 5208
5890 5208
4334 5212
5221 5212
5890 5212
4334 5218
5221 5218
5890 5218
4334 5221
5890 5221
3:
10354 10388
10354 112
10354 2024
10354 216
10354 277
10354 307
10354 32873
10354 8336
10354 8349
10465 10354
32981 10354
32923 10354
32974 10354
10388 112
10388 2024
10388 216
10388 277
10388 32873
10388 8336
10388 8349
10365 10388
10388 288
10388 8347
10465 10388
32981 10388
29668 10388
32923 10388
32974 10388
9045 10388
216 112
277 112
32873 112
8349 112
10365 112
288 112
8347 112
10465 112
3228 112
32981 112
29668 112
32974 112
9045 112
216 2024
2024 277
32873 2024
8336 2024
8349 2024
10365 2024
276 2024
288 2024
8347 2024
10465 2024
11381 2024
3228 2024
32981 2024
29668 2024
32974 2024
9045 2024
216 277
216 307
32873 216
216 8336
216 8349
216 10365
276 216
288 216
8347 216
10465 216
11381 216
216 3228
32981 216
29668 216
32923 216
32974 216
9045 216
307 277
32873 277
277 8336
277 8349
10365 277
276 277
288 277
8347 277
10465 277
11381 277
3228 277
277 32981
29668 277
32923 277
32974 277
9045 277
307 8336
32981 307
32974 307
32873 8336
32873 8349
29668 32873
32923 32873
32974 32873
8336 8349
10365 8336
276 8336
288 8336
8347 8336
10465 8336
11381 8336
3228 8336
32981 8336
29668 8336
32923 8336
32974 8336
9045 8336
10365 8349
276 8349
288 8349
8347 8349
10465 8349
11381 8349
8349 3228
32981 8349
29668 8349
32923 8349
32974 8349
9045 8349
10365 276
32981 10365
32923 10365
32974 10365
9045 10365
32981 276
32923 276
32974 276
9045 276
10465 288
288 3228
29668 288
32974 288
9045 288
29668 8347
32923 8347
32974 8347
32974 11381
32974 3228
9045 3228
32974 32981
32974 29668
32974 9045
4:
17266 2844
17266 2930
17266 6040
17266 5529
17266 5549
3229 17266
2844 2930
2844 6040
2844 5529
2844 5549
3229 2844
6040 2930
5529 2930
5549 2930
3229 2930
6040 5529
6040 5549
6040 3229
5549 5529
3229 5529
3229 5549
