# The directed communities at k=7
# from /Users/bogna/dev/role-mining/datasets/enron/timeslots/1-2001.edges
# at no lower link weight threshold,
# and at no upper link weight threshold.
# Links were treated as directed.
# No time limit was set for the clique search.

0: 143 129 419 425 498 452 527 104 125 532 1399 2050 948 505 547 1813 1414 1595 1223 1411 544 550 723 2137 130 457 11680 1574 281 540 954 11695 11702 2092 30 4250 890 1198 1209 1211 149 420 1178 118 1493 1199 4506 4508 804 453 719 1208 1010 1189 1197 1226 1233 510 971 489 604 642 1236 1527 542 2051 495 545 661 1294 2049 15016 20575 20677 20682 20683 20684 2262 4503 4507 5688 15291 1959 17777 20668 2238 5358 554 5033 796 731 9931 
1: 807 985 498 641 1067 854 786 877 1072 1306 1307 1323 1329 1331 1335 1336 558 825 851 1552 1593 519 720 835 572 489 642 663 1310 1315 1546 1548 448 501 508 509 538 603 611 616 624 673 674 686 714 733 762 817 823 864 1312 1279 496 
2: 4858 3147 3659 5208 5212 5218 4334 5221 5890 
3: 10354 10388 112 2024 216 277 307 32873 8336 8349 10365 276 288 8347 10465 11381 3228 32981 29668 32923 32974 9045 
4: 17266 2844 2930 6040 5529 5549 3229 
