# The links inside the directed communities at k=3
# from /Users/bogna/dev/role-mining/datasets/enron/timeslots/1-2001.edges
# at no lower link weight threshold,
# and at no upper link weight threshold.
# Links were treated as directed.
# No time limit was set for the clique search.

0:
100 3355
100 7919
7919 3355
1352 3355
1608 3355
748 3355
5479 3355
505 7919
5479 7919
548 547
723 548
489 548
547 636
500 636
1087 961
500 961
660 961
1508 961
512 961
10189 17292
10189 3351
10189 3460
10189 3918
10189 3934
7712 10189
3351 17292
2960 17292
1593 2980
2960 2980
3351 3460
3351 3918
3351 3934
3351 5313
2960 3351
14596 3351
3351 17242
3351 3451
3351 5284
908 3351
3351 17239
3351 17245
3351 17886
3351 3372
3351 3894
3351 3910
3351 7708
3351 2986
3351 3433
3351 3670
3351 47933
2960 3460
14596 3460
151 3918
5905 3918
5611 3918
7712 3918
7712 3934
3077 2844
3077 5529
3077 3585
3077 1849
3077 2935
3077 14479
3077 17349
3077 3228
3077 14478
3077 3848
3077 3860
3077 7714
3077 32377
3077 3948
3077 5366
3229 3077
3077 3925
7091 3077
3077 11517
3077 3024
3077 33765
3077 33820
3077 3987
3077 4033
3077 8368
3077 9879
10204 1004
10204 15747
10204 15760
10204 4214
10204 4564
10204 4577
10204 4585
10204 4615
10204 53918
10204 5445
10204 5491
10204 730
10204 7475
10204 807
15820 10204
45813 10204
53394 10204
45813 1004
45813 15747
3702 15760
29933 15760
45813 15760
700 15760
15754 32291
5549 32291
4214 807
4214 5410
45813 4214
45813 4564
53394 4564
4647 4564
45813 4577
4585 730
4585 807
4585 2846
3286 4585
4585 7644
4585 15820
45813 4585
4585 53394
45813 4615
45813 53918
45813 5445
5491 807
53394 5491
4647 5491
877 730
851 730
1310 730
674 730
733 730
45813 730
730 53394
7475 807
45813 7475
7475 53394
807 641
807 592
877 807
1072 807
851 807
1552 807
1593 807
519 807
807 720
835 807
807 1294
807 1896
490 807
807 1300
1310 807
1548 807
807 624
674 807
708 807
807 713
722 807
807 733
807 857
807 4857
807 1352
496 807
3463 807
807 15914
3702 807
807 5410
807 17910
184 807
807 3604
29144 807
5558 807
807 3605
44136 807
45813 807
807 53394
4647 807
807 53380
53392 807
807 53427
807 747
53432 807
807 53496
53498 807
54279 807
54879 807
4288 2701
5211 2701
4265 2701
3028 2701
4334 2701
5890 2701
786 985
877 985
851 985
919 985
1310 985
674 985
733 985
905 985
3028 985
4334 985
4819 985
2846 10257
17266 2846
2844 2846
1061 2846
2842 2846
3585 2846
2846 456
2846 5316
1062 2846
19992 2846
11522 2846
3755 2846
3756 2846
749 2846
2846 2049
2960 2846
15820 2846
2846 3014
2846 5530
17334 2846
2839 2846
56243 2846
4560 2846
151 10257
151 17266
151 2878
151 2930
151 2966
151 33711
151 5548
151 8634
151 17234
151 5328
151 5329
151 5604
151 10260
10263 151
151 10264
151 143
151 27433
151 4589
151 5553
151 7991
151 8129
151 134
151 146
151 3213
151 4072
151 419
151 425
151 429
151 5287
764 151
151 17262
19428 151
151 5529
17295 151
17296 151
151 786
151 3697
1593 151
4805 151
3745 151
151 1850
151 130
151 128
151 142
151 249
151 2965
787 151
151 9322
151 885
151 2979
151 719
151 971
590 151
151 2100
151 515
151 1375
151 17265
151 3284
151 3731
151 5381
151 6017
151 7644
151 14480
151 3704
151 4703
151 7664
151 7726
151 8594
151 1371
151 14026
151 14474
151 3292
151 3309
151 5580
151 3695
151 5543
151 446
151 4717
14469 151
151 5905
14514 151
151 5291
151 5292
151 5293
151 9905
14640 151
151 3214
151 15461
151 15617
151 15768
151 15813
151 17169
151 17228
151 17242
151 17263
151 17264
151 17788
151 28258
151 2879
151 30508
151 3231
151 3271
151 33678
151 33682
151 33683
151 33684
151 33685
151 33686
151 33713
151 3381
151 3481
151 3850
151 3885
151 4143
151 4163
151 4183
151 4185
151 4220
151 4755
151 5024
151 5191
151 5195
151 5282
151 5380
151 5512
151 5527
151 5547
151 5550
151 5588
151 5611
151 5647
151 6587
151 7698
151 7719
151 8133
151 8177
151 8381
151 8612
151 9313
151 9814
1572 151
17293 151
4715 151
6872 151
267 151
3297 151
3300 151
33751 151
34546 151
4750 151
6595 151
10245 10257
10245 17266
10245 2844
10245 2878
10245 2930
10245 2966
10245 2988
10245 33711
10245 5548
10245 6040
10245 759
10245 8634
17266 10257
5905 10257
17266 2844
17266 2878
17266 2930
17266 2966
17266 33711
17266 5548
17266 6040
17266 759
17266 8634
17266 5529
5905 17266
17266 4163
17266 5512
15754 17266
17266 5549
17266 3709
17172 17266
17266 10410
17266 2944
17266 3058
17266 32286
17266 32377
17266 3948
17266 5366
17266 5492
17266 5530
17266 6094
17266 6315
17266 63686
3229 17266
2844 2878
2844 2930
2844 33711
2844 5548
2844 6040
2844 10264
2844 5529
2844 2842
2844 3585
2844 5502
7644 2844
3945 2844
2844 5549
3228 2844
17172 2844
2844 32377
5366 2844
3229 2844
2844 2850
2844 11516
2844 2990
2844 3883
2844 3925
4063 2844
6040 2878
10250 2878
2878 17234
2878 5315
5529 2878
7644 2878
3309 2878
5905 2878
2878 18197
7719 2878
15754 2878
2878 18198
17172 2878
2878 18199
5366 2878
2876 2878
2878 15817
2992 2878
700 2878
6040 2930
5529 2930
7644 2930
5905 2930
7719 2930
5549 2930
17172 2930
5366 2930
3229 2930
4063 2930
6040 2966
5905 2966
6040 2988
8634 33711
5905 33711
5529 5548
1061 5548
7644 5548
3309 5548
496 5548
5905 5548
7719 5548
17172 5548
5366 5548
19128 5548
6040 759
6040 10250
6040 5529
6040 1593
6040 5601
7644 6040
6040 2934
6040 3309
6040 2978
6040 5291
6040 5549
6040 3057
6040 3592
6040 3709
6040 5327
6040 10410
6040 2944
6040 32377
6040 5492
6040 5530
6040 63686
6040 19128
6040 6610
6040 3229
6040 11516
6040 2876
6040 4625
6040 6039
6040 3108
8634 5905
10250 15612
10250 17234
10250 3468
10250 3716
10250 5315
10250 5326
10250 5329
10250 5604
928 10250
3286 10250
5309 10250
3205 10250
19136 10250
3108 10250
700 10250
15612 17234
3468 15612
15612 5315
5298 15612
15799 15612
17249 15612
17239 15612
7712 15612
700 15612
17234 3468
17234 5315
3286 17234
2960 17234
17234 14474
17234 3309
5905 17234
17234 18197
17234 15813
17234 5611
7719 17234
15754 17234
17234 15759
17234 5295
17234 5298
5310 17234
17234 5311
17234 5531
17234 5599
17234 15787
17234 15799
15825 17234
17234 2952
5301 17234
17234 18199
17234 19188
17234 929
17239 17234
19136 17234
7712 17234
2992 17234
36598 17234
700 17234
3468 928
1593 3468
15810 3468
3468 29163
36598 3468
700 3468
1593 3716
3286 3716
928 5315
1593 5315
3286 5315
2960 5315
15799 5315
3702 5315
2876 5315
2992 5315
700 5315
700 5326
1593 5328
5905 5328
1593 5329
5905 5329
19136 5329
3286 5604
5905 5604
5611 5604
29933 5604
700 5604
10260 10261
10260 10263
10260 10264
10260 1230
10260 143
10260 19169
10260 27433
10260 437
10260 4589
10260 5290
10260 5553
10260 5567
10260 5596
10260 6018
10260 6663
10260 7991
10260 8129
5905 10260
5596 10261
10263 1230
10263 143
10263 19169
10263 437
10263 4589
10263 5290
10263 7991
10263 10808
10263 127
10263 129
10263 134
10263 146
10263 3213
10263 4072
10263 419
10263 425
10263 429
10263 498
10263 4988
10263 5287
10263 764
10263 8619
10264 7991
10264 4072
10264 17262
10264 19428
10264 5529
5905 10264
4589 1230
5553 1230
129 1230
544 1230
723 1230
14325 1230
1208 1230
17661 1230
5290 143
143 7991
143 129
143 134
3213 143
143 419
143 425
143 764
143 5529
527 143
125 143
11732 143
1061 143
143 1399
143 2271
143 2842
143 3019
3204 143
143 3585
143 874
505 143
547 143
1593 143
143 3838
143 457
540 143
2092 143
890 143
11890 143
1204 143
1211 143
143 2919
416 143
787 143
143 439
143 719
143 1010
143 1233
143 123
2129 143
143 215
143 518
143 148
143 20911
143 2898
143 3169
143 3191
143 446
143 546
3214 143
3860 143
3203 143
3233 143
3180 143
270 143
450 143
5905 27433
5290 437
11890 437
144 437
4709 437
14469 437
37321 437
4715 437
6872 437
8129 4589
129 4589
4589 4072
3585 4589
5290 129
5290 134
5290 3213
425 5290
5290 498
5290 5287
5290 764
11732 5290
5290 383
5290 1061
5290 1399
17296 5290
5290 2050
5290 2842
5290 3204
5290 5296
1593 5290
5290 457
5290 2052
5290 11890
5290 124
5290 142
5290 144
416 5290
5290 885
5290 14044
5290 1955
5290 3080
5290 3354
5290 5314
5290 5317
5290 622
5290 765
5290 439
5290 123
5290 30535
5290 12378
12521 5290
5290 15263
5290 15285
5290 4709
714 5290
5290 8594
5290 13988
5290 3695
5290 20911
5290 3191
5290 12517
5290 17661
5290 19450
5290 3082
5290 399
5290 444
5290 7742
14469 5290
5290 15810
5290 15883
3199 5290
5290 3466
5290 15953
3203 5290
5290 690
5290 17973
4715 5290
5290 5459
5290 6830
6872 5290
5290 30496
5290 30526
5290 14873
5290 261
5290 30537
5290 8090
5290 6112
5553 127
5553 129
5553 134
5553 425
5553 130
5553 1829
5905 5553
5553 450
8129 5567
5596 6018
5596 6663
5596 7991
5596 5197
3286 5596
5596 3293
5596 4755
5596 29434
5905 7991
3213 8129
5905 8129
3213 10808
527 10808
1050 10808
11732 10808
10808 383
11669 10808
890 10808
1204 10808
416 10808
6640 10808
12521 10808
5459 10808
527 126
11732 126
11669 126
1574 126
1204 126
416 126
719 126
146 127
425 127
527 127
11732 127
2137 127
11669 127
1204 127
1377 127
416 127
12521 127
4709 127
129 146
3213 129
129 425
129 429
129 4988
129 8619
527 129
125 129
129 14308
11732 129
547 129
2092 129
890 129
129 1204
129 1211
129 14325
129 149
129 368
416 129
129 599
129 6693
129 719
1233 129
129 971
129 661
12521 129
129 215
129 4554
129 4985
129 590
129 667
17661 129
14890 129
15283 129
17973 129
731 129
425 134
787 134
446 134
9814 134
17293 134
29953 134
34546 134
146 527
146 532
11732 146
2137 146
146 131
146 457
416 146
12521 146
17661 146
3199 146
4715 146
6872 146
9931 146
3213 4072
3213 19428
3213 5197
3213 10351
3213 2842
3213 3585
3213 11460
3213 3050
3213 4805
3213 5211
3213 19578
3213 457
3213 2052
11890 3213
3213 142
3354 3213
3213 5314
3213 622
3213 439
3213 12521
3213 13316
3213 19279
3213 4709
3213 80430
3213 4554
3213 590
7664 3213
3213 14309
3213 14313
3213 3099
3213 14640
3213 33713
3213 156
3213 3669
3213 15883
3213 15953
3213 4304
3213 3203
3213 3218
3213 34940
3213 17747
3213 17973
3213 20022
3213 27349
3213 32121
3213 3233
3213 3445
3213 35100
3213 37321
3213 37324
4715 3213
3213 5459
3213 6830
6872 3213
3213 7421
3213 7435
3213 80383
3213 251
3213 2023
3213 28927
3213 30496
3213 10196
3213 14873
3213 32712
3213 3337
3213 33780
3213 3485
3213 4557
3213 4972
3213 80472
3213 80518
32797 3213
38855 3213
4215 3213
4610 3213
3585 4072
34940 4072
17973 4072
527 419
125 419
547 419
4873 419
544 419
723 419
419 457
540 419
954 419
890 419
419 2919
787 419
419 804
604 419
1243 419
545 419
661 419
29953 419
4334 419
796 419
731 419
11732 4217
11669 4217
416 4217
425 498
425 764
527 425
125 425
425 532
11732 425
425 2271
425 3019
425 3204
425 1306
505 425
547 425
425 835
425 382
425 457
540 425
2092 425
890 425
1204 425
425 1211
425 149
416 425
425 787
425 885
425 719
425 123
425 152
425 1412
425 148
425 446
425 444
425 3214
425 2827
425 450
29953 425
425 3412
425 1272
425 14880
425 261
425 30537
425 493
425 913
425 917
8377 425
14026 429
9814 429
527 498
125 498
498 1069
498 786
547 498
498 519
498 835
498 11680
2092 498
890 498
787 498
498 489
498 642
498 663
498 545
1310 498
498 1317
1492 498
1548 498
498 448
491 498
501 498
498 508
498 538
498 616
617 498
498 714
733 498
498 1540
498 518
498 496
498 446
498 920
1550 498
498 811
38855 498
498 39677
498 493
4467 498
498 789
498 1278
498 517
498 607
731 498
841 498
1593 5287
130 5287
144 5287
4717 5287
5905 5287
9814 5287
6595 5287
125 656
11732 656
547 656
11669 656
2092 656
890 656
416 656
1070 764
764 505
540 764
11890 764
787 764
764 23281
5550 764
3233 764
29740 764
3152 764
4334 764
605 764
4750 764
5890 764
3286 17161
5888 17161
5905 17262
3585 5197
641 5197
1331 5197
1593 5197
1375 5197
3286 5197
5197 9847
4334 5197
5888 5197
5197 4099
5529 1849
2919 5529
5905 5529
5529 14479
5529 3214
5529 3381
4143 5529
4163 5529
5529 5611
7719 5529
5549 5529
17172 5529
5529 14478
5529 3848
5529 3860
5529 7714
17293 5529
3229 5529
5529 2850
5529 11516
5529 11517
5529 3024
5529 33765
5529 33820
5529 3987
5529 4033
5529 9879
4063 5529
3279 5529
10351 452
10351 527
3204 10351
17776 10351
2137 10351
540 10351
1959 10351
15953 10351
9931 10351
452 527
125 452
948 452
505 452
547 452
452 544
452 550
452 723
452 11667
2137 452
11680 452
452 1574
452 540
954 452
11695 452
11702 452
452 30
4250 452
890 452
149 452
118 452
1199 452
452 804
719 452
1208 452
1233 452
452 495
661 452
20682 452
4503 452
5688 452
15291 452
17777 452
2160 452
2238 452
5033 452
796 452
731 452
9931 452
527 104
11684 527
527 125
527 133
527 135
14308 527
527 532
11732 527
527 383
527 1061
527 1399
527 1888
527 2050
948 527
505 527
527 547
527 1414
527 1595
527 1223
17776 527
23258 527
527 544
527 550
527 723
527 11667
527 2137
11669 527
527 130
527 432
527 457
527 128
527 1574
527 2052
527 540
527 11681
527 954
11695 527
11702 527
2092 527
527 30
527 4250
527 890
1204 527
527 1211
527 149
527 2054
416 527
4722 527
527 6640
527 6693
527 1178
527 118
1493 527
527 1199
527 804
527 453
527 719
1208 527
527 1010
527 1189
527 1226
1233 527
527 971
527 604
527 1236
527 1798
527 2051
527 545
527 661
12521 527
4709 527
13320 527
14052 527
4717 527
14702 527
14890 527
20682 527
527 4503
15283 527
15291 527
527 11671
527 15264
527 1959
4460 527
4463 527
9323 527
527 15953
527 241
17777 527
1867 527
527 1215
20670 527
21525 527
2160 527
2238 527
527 4286
527 916
5358 527
527 5033
527 50600
527 50601
796 527
731 527
9931 527
10354 10374
10354 10388
10354 10404
10354 112
10354 2024
10354 216
10354 27446
10354 277
10354 293
10354 29794
10354 29796
10354 29805
10354 29810
10354 307
10354 32864
10354 32873
10354 32874
10354 3447
10354 401
10354 43296
10354 7659
10354 8336
10354 8349
10354 8627
10354 9823
10465 10354
32981 10354
32889 10354
32890 10354
32923 10354
32974 10354
32981 10374
32889 10374
32890 10374
32923 10374
32974 10374
9045 10374
10388 10404
10388 112
10388 2024
10388 216
10388 27446
10388 277
10388 29794
10388 29796
10388 29810
10388 32864
10388 32873
10388 32874
10388 401
10388 43296
10388 8336
10388 8349
10388 8627
10365 10388
10388 252
10388 10389
10388 121
10388 164
10388 172
10388 186
10388 197
10388 288
10388 29702
10388 29921
10388 4
10388 8326
10388 8346
10388 8347
10388 8352
10388 8621
10388 91
10465 10388
32981 10388
29668 10388
32890 10388
32923 10388
32974 10388
9045 10388
202 10404
29668 10404
32974 10404
8370 10404
216 112
277 112
32873 112
8349 112
10365 112
288 112
4 112
8347 112
10465 112
118 112
3228 112
32981 112
29668 112
32974 112
8370 112
9045 112
216 2024
2024 277
29805 2024
32873 2024
8336 2024
8349 2024
10365 2024
276 2024
288 2024
4 2024
8347 2024
10459 2024
10465 2024
11381 2024
3293 2024
202 2024
3228 2024
2024 191
2090 2024
32981 2024
3879 2024
29668 2024
9969 2024
32974 2024
8370 2024
9045 2024
216 277
216 307
32873 216
216 3447
216 8336
216 8349
216 10365
216 273
276 216
288 216
8347 216
8621 216
10465 216
11381 216
216 544
118 216
216 3228
216 291
216 315
216 33037
216 76
32981 216
3879 216
29668 216
32907 216
32923 216
32974 216
9045 216
32873 27446
29668 27446
32907 27446
32923 27446
32974 27446
307 277
32873 277
277 401
277 8336
277 8349
10365 277
252 277
276 277
288 277
8347 277
277 10459
10465 277
11381 277
32902 277
277 43031
8599 277
29 277
277 3293
3228 277
2090 277
277 32981
277 3879
277 8319
29668 277
32907 277
32923 277
7813 277
9969 277
32974 277
58395 277
9045 277
32981 293
32889 293
32890 293
32923 293
32974 293
9045 293
32873 29794
29668 29794
32907 29794
32923 29794
32974 29794
32873 29796
29668 29796
32923 29796
32974 29796
29805 186
32907 29805
32974 29805
32873 29810
29668 29810
32907 29810
32923 29810
32974 29810
307 8336
32981 307
32889 307
32890 307
32923 307
32974 307
9045 307
32873 32864
29668 32864
32907 32864
32923 32864
32974 32864
32873 32874
32873 43296
32873 8336
32873 8349
32873 8627
32873 172
32873 8346
29668 32873
32907 32873
32923 32873
32974 32873
29668 32874
32923 32874
32974 32874
10365 3447
32981 3447
32889 3447
32890 3447
32923 3447
32974 3447
9045 3447
10365 401
276 401
288 401
8347 401
10465 401
32981 401
29668 401
32923 401
32974 401
9045 401
29668 43296
32907 43296
32923 43296
32974 43296
32923 7659
32974 7659
8336 8349
10365 8336
276 8336
288 8336
8347 8336
10465 8336
11381 8336
32902 8336
8608 8336
29 8336
3228 8336
32981 8336
3879 8336
29668 8336
32907 8336
32923 8336
32974 8336
8370 8336
9045 8336
10365 8349
276 8349
288 8349
8349 4
8347 8349
10465 8349
11381 8349
8349 3228
32981 8349
3879 8349
29668 8349
32923 8349
32974 8349
8349 181
8349 306
9045 8349
29668 8627
32907 8627
32974 8627
32981 9823
32889 9823
32890 9823
32923 9823
32974 9823
9045 9823
10365 10360
10365 10361
10365 10364
10365 10378
10365 10381
10365 10382
10365 10383
10365 252
10365 273
10365 275
10365 276
10365 312
10365 9820
202 10365
32981 10365
32889 10365
32890 10365
32907 10365
32923 10365
32974 10365
9045 10365
32981 10360
32889 10360
32890 10360
32974 10360
9045 10360
32981 10361
32889 10361
32890 10361
32923 10361
32974 10361
9045 10361
32981 10364
32889 10364
32890 10364
32923 10364
32974 10364
9045 10364
251 10378
32981 10378
32889 10378
32890 10378
32923 10378
32974 10378
9045 10378
32981 10381
32889 10381
32890 10381
32923 10381
32974 10381
9045 10381
32981 10382
32889 10382
32890 10382
32923 10382
32974 10382
9045 10382
32981 10383
32889 10383
32890 10383
32923 10383
32974 10383
9045 10383
252 32902
252 74727
32981 252
8319 252
29668 252
32889 252
32890 252
32923 252
32974 252
9045 252
8632 252
202 273
32981 273
32890 273
32974 273
9045 273
32981 275
32923 275
32974 275
202 276
276 251
276 274
276 10369
276 32675
276 32754
32981 276
32889 276
32890 276
32923 276
32974 276
9045 276
32981 312
32889 312
32890 312
32923 312
32974 312
9045 312
32981 9820
32889 9820
32890 9820
32923 9820
32974 9820
9045 9820
4 10389
29668 10389
32890 10389
32974 10389
9045 10389
202 121
29668 121
32923 121
32974 121
9045 121
29668 164
4 172
202 172
29668 172
32923 172
32974 172
9045 172
4 186
29668 186
32974 186
9045 186
202 197
29668 197
32923 197
32974 197
9045 197
10465 288
288 3228
29668 288
32974 288
9045 288
29668 29702
32974 29702
29668 29921
32974 29921
4 8326
4 2
4 118
4 196
4 3228
4 41457
29668 4
4 93
4 171
32974 4
4 178
4 181
4 201
4 231
4 256
4 301
4 8370
4 9
9045 4
44136 4
8326 3228
29668 8326
32974 8326
9045 8326
29668 8346
32907 8346
32923 8346
32974 8346
29668 8347
32923 8347
32974 8347
29668 8352
32974 8352
9045 8352
29668 8621
32974 8621
202 91
29668 91
32889 91
32890 91
32974 91
9045 91
3197 1399
3198 3197
3197 10042
3197 2960
3229 3197
104 11684
104 125
104 133
104 135
104 14308
104 532
948 104
4722 104
15291 104
2238 104
11732 11684
125 133
125 532
948 125
125 547
125 1414
125 1595
125 1223
125 544
125 550
125 723
125 130
125 131
125 432
125 457
125 1574
125 2052
125 540
2092 125
125 30
890 125
125 1198
125 1209
125 1211
125 149
125 158
125 2054
125 420
125 1178
125 118
125 1199
125 804
125 453
125 719
125 1010
125 1197
125 971
125 489
125 604
125 642
125 1236
125 136
125 196
125 2051
125 2129
125 495
125 545
125 661
15291 125
2238 125
731 125
9931 125
11732 133
547 133
2092 133
890 133
416 133
4709 133
416 135
14890 135
11732 14308
130 14308
423 14308
14313 14308
14890 14308
11732 445
416 445
423 445
948 532
1306 532
547 532
1574 532
540 532
954 532
2092 532
890 532
416 532
118 532
1199 532
12521 532
454 532
15283 532
15291 532
2160 532
2238 532
731 532
9931 532
5204 4873
11533 5204
11541 5204
3161 5204
4845 5204
5204 4859
5204 5645
11543 5204
5204 3160
4334 5204
32890 10459
32974 10459
9045 10459
32889 10384
32890 10384
32974 10384
9045 10384
32981 32891
32974 32891
32890 32892
9045 32892
1050 11732
1050 383
948 1050
15291 1050
2238 1050
11732 383
11732 11667
11732 11669
11732 11692
11732 130
11732 131
11732 382
11732 432
11732 457
11732 128
11732 138
11732 954
11732 11890
11732 11904
11732 1198
11732 1204
11732 1209
11732 1211
11732 124
11732 1377
11732 140
11732 142
11732 14325
11732 144
11732 149
11732 158
11732 2054
11732 249
11732 262
11732 2919
11732 2965
11732 368
11732 416
11732 420
11732 423
11732 4722
11732 556
11732 599
11732 6640
11732 6693
11732 787
5459 11732
383 368
383 6640
1061 1399
1061 1888
1061 2050
1061 2271
1061 2842
1061 300
1061 3008
1061 3019
1061 3204
1061 3585
1061 456
1061 5296
1061 5313
1061 5316
1061 5319
1061 874
1061 930
749 1061
787 1061
2960 1061
496 1061
15810 1061
17293 1061
3203 1061
1399 2050
3585 1399
547 1399
1593 1399
544 1399
723 1399
1399 540
890 1399
11890 1399
787 1399
1399 2979
1399 1233
1399 2129
2934 1399
1399 10042
1399 2049
1399 2960
1399 581
15810 1399
3230 1399
3203 1399
3229 1399
4750 1399
6112 1399
731 1399
17295 124
17295 12521
17295 3214
17296 457
17296 128
17296 1377
17296 142
17296 152
17296 2100
17296 3006
17296 3191
544 1888
723 1888
787 1888
1798 1888
3840 1888
547 2050
1593 2050
540 2050
890 2050
11890 2050
2050 2979
2050 3198
2050 2934
2050 2049
2050 2960
2050 3214
2050 3231
2050 3230
2050 3228
2050 6094
3203 2050
2050 3923
2050 2827
2050 2905
2050 3229
731 2050
29953 2271
2842 5316
641 2842
1593 2842
2842 457
11890 2842
2842 2054
2842 3117
787 2842
2842 3080
2842 3354
12521 2842
2842 17909
4709 2842
2842 2103
2842 3006
2842 2960
3191 2842
15810 2842
2842 2967
2842 3081
3203 2842
2842 2839
2842 25376
2842 2850
2842 56243
2960 300
1593 3008
2960 3008
3203 3008
1593 3019
4857 3019
2960 3019
14596 3019
15810 3019
3019 15941
3019 3276
5304 3019
3203 3019
2992 3019
29933 3019
3019 11520
450 3019
700 3019
3204 5319
1593 3204
130 3204
540 3204
11890 3204
787 3204
2960 3204
3204 3695
4717 3204
15810 3204
3204 2978
3204 3479
3204 3075
3205 3204
3204 3014
3203 3204
3204 3412
4750 3204
6595 3204
1062 3585
3585 1233
15810 3585
3585 17349
3585 3059
3585 3215
3585 32121
1593 456
3286 456
15810 456
1593 5296
2960 5296
15810 5296
5296 3455
1593 5313
2960 5313
496 5313
1593 5316
2960 5316
1593 5319
3286 5319
2960 5319
3229 5319
1593 874
15810 874
17293 874
1593 930
787 930
2960 930
15810 930
3203 930
29933 930
450 930
4750 930
700 930
948 10760
948 505
948 547
948 1813
948 4288
948 1411
948 544
948 550
948 580
948 723
948 11680
948 11679
948 1574
948 281
948 540
948 549
948 954
948 11695
948 11702
948 2092
948 30
948 4250
948 890
948 901
948 124
948 1178
948 1493
948 1199
948 4506
948 4508
948 5372
948 804
948 604
948 1527
12521 948
948 15263
948 1294
948 625
948 5277
948 546
948 920
948 1048
948 15281
948 19609
948 14890
948 14315
948 203
948 1895
948 15016
948 20575
948 20676
948 20677
948 20682
948 20683
948 20684
948 2262
948 4503
948 4507
948 5688
948 15283
948 15291
948 10794
948 11448
948 11671
948 14557
948 15259
948 15260
948 15262
948 15264
948 15266
948 15267
948 15268
948 15270
948 15271
948 15272
948 15274
948 15275
948 15277
948 15280
948 1883
948 1894
948 1959
948 19626
948 208
948 21659
948 2288
948 4460
948 4463
948 4675
948 4698
948 5999
948 6058
948 6692
948 8366
948 9323
948 925
948 1867
948 19637
948 20668
948 21525
948 2238
948 5371
948 4333
948 5358
948 5214
948 4504
948 492
948 5033
948 21521
948 4314
948 4505
948 4509
948 5178
948 5373
948 5640
948 9012
948 23458
948 7682
948 7462
948 731
948 10759
948 11701
948 14902
948 15482
948 17755
948 1881
948 19417
948 19653
948 2022
948 20916
948 21491
948 21507
948 21510
948 21511
948 21512
948 21513
948 21517
948 21518
948 21520
948 21643
948 22217
948 23310
948 23743
948 23744
948 23745
948 23746
948 23747
948 23748
948 23749
948 414
948 5037
948 5179
948 5683
948 5690
948 645
948 20934
948 21498
948 22034
948 24013
948 9931
1062 641
786 1062
1331 1062
558 1062
1593 1062
5888 1062
641 1063
641 592
641 1067
641 854
641 786
641 1070
641 877
1072 641
641 1306
641 1307
641 1323
641 1329
641 1331
641 1335
641 1336
641 558
641 825
641 851
641 3697
1552 641
641 1593
641 19992
641 3701
641 4989
641 519
641 5601
641 919
641 600
641 142
641 719
641 746
641 489
641 642
641 12512
641 889
641 17909
641 2100
641 2103
641 3006
1310 641
641 1315
641 1548
641 714
733 641
641 1312
641 1313
641 1279
641 11369
641 1375
641 17175
641 17193
641 17265
641 19985
641 19986
641 19987
641 28458
641 3281
641 3283
641 3284
641 3286
641 3293
641 3298
641 3303
641 3307
641 3382
641 3727
641 3728
641 3731
641 3735
641 3863
641 3927
641 3932
641 4280
641 4623
641 4857
641 4961
641 4978
641 5381
641 5502
641 6017
641 6781
641 7644
641 774
641 7826
641 1364
641 1540
641 518
641 3191
641 3026
641 4163
641 5191
641 3395
641 3722
641 4278
641 628
641 2397
641 2117
641 4086
641 2176
641 2850
641 3600
641 4979
641 5519
641 5541
641 5888
641 3941
641 2645
641 4429
641 4467
641 4976
641 607
641 7437
641 1549
641 813
641 982
1063 592
1063 928
786 1063
558 1063
1079 1063
1593 1063
3286 1063
4334 1063
558 592
519 592
489 592
928 1066
877 928
851 928
928 1079
1552 928
1593 928
928 19992
928 3701
928 3730
928 3888
928 4989
5601 928
720 928
928 1185
928 3061
928 3198
490 928
1310 928
1548 928
928 733
928 4857
5309 928
928 2827
928 43942
877 1066
851 1066
1593 1066
1310 1066
733 1066
3286 1066
877 1067
851 1067
1593 1067
919 1067
746 1067
1310 1067
1548 1067
733 1067
3286 1067
4334 1067
4819 1067
1068 854
877 1068
851 1068
1552 1068
1310 1068
1548 1068
733 1068
854 786
877 854
1072 854
1323 854
1329 854
1331 854
1335 854
854 1336
558 854
851 854
1552 854
1593 854
854 11680
1310 854
854 508
854 686
726 854
733 854
1540 854
1069 786
877 1069
733 1069
1070 786
877 786
1072 786
786 1306
786 1307
786 1323
786 1329
786 1331
786 1335
786 1336
786 558
786 802
786 825
786 851
1077 786
1552 786
1593 786
786 835
4252 786
786 11680
549 786
786 142
786 489
786 642
12512 786
889 786
152 786
786 2100
786 3006
786 454
1310 786
1315 786
786 1317
786 1334
786 508
509 786
786 538
786 610
786 611
786 673
786 674
786 679
786 686
786 713
714 786
786 726
733 786
786 817
856 786
786 1312
786 1313
786 1279
515 786
786 5277
4280 786
1347 786
1540 786
3191 786
17264 786
1539 786
1550 786
3199 786
786 628
786 2397
4086 786
786 5983
267 786
5888 786
38855 786
3941 786
39677 786
40294 786
40731 786
786 2645
786 4467
786 607
813 786
786 982
1070 877
851 1070
919 1070
1310 1070
4334 1070
4819 1070
877 1306
877 1307
877 1323
877 1329
877 1336
877 558
877 802
877 825
877 851
877 1077
877 1079
877 1321
877 1360
877 1552
877 519
877 634
877 720
877 835
549 877
877 572
877 600
877 489
877 642
877 663
877 545
877 889
877 1300
877 1310
877 1071
877 1076
877 1078
877 1315
877 1317
877 1318
877 1325
877 1334
877 1376
877 1492
877 1546
877 1548
877 448
877 491
877 501
877 508
877 509
877 531
877 538
877 598
877 603
877 610
877 611
877 616
877 617
877 624
877 673
877 674
877 679
877 686
877 708
877 713
877 714
877 722
877 726
877 733
877 735
877 762
877 775
877 817
877 823
877 856
877 864
877 905
877 914
877 936
877 1312
877 1313
877 1316
877 1279
877 1364
877 1540
877 518
877 496
877 3191
877 1539
877 1547
877 1550
877 1065
877 4086
877 811
877 789
877 1278
877 517
877 607
877 1538
877 1549
877 813
877 982
877 1064
877 1309
877 1326
877 1554
877 808
877 1308
1072 1306
1072 1307
1072 1323
1072 1329
1072 1331
1072 1335
1072 1336
1072 558
1072 802
1072 825
1072 851
1323 1306
1335 1306
558 1306
851 1306
1552 1306
1306 152
1306 2100
1306 2103
1306 3006
1306 454
1310 1306
674 1306
733 1306
1323 1307
1329 1307
1331 1307
1335 1307
558 1307
851 1307
1552 1307
674 1307
733 1307
1323 1329
1323 1331
1323 1335
1323 1336
1323 558
1323 802
1323 825
1323 851
1552 1323
1593 1323
1323 5601
1323 719
1323 17909
1548 1323
674 1323
733 1323
1323 1279
1323 515
1329 1331
1329 1335
1329 1336
1329 558
1329 825
1329 851
1329 1552
1329 11680
1310 1329
733 1329
1329 905
1329 1312
1329 1313
1329 1279
1329 5277
1331 1335
1331 1336
1331 558
1331 825
1331 3697
1552 1331
1331 1593
1331 3701
1331 5601
1331 919
1331 719
746 1331
1310 1331
733 1331
1331 11369
1331 1375
1331 17175
1331 17193
1331 17265
1331 19985
1331 19986
1331 19987
1331 19988
1331 2482
1331 28329
1331 28458
1331 28469
1331 3281
1331 3283
1331 3284
1331 3286
1331 3293
1331 3298
1331 3303
1331 3307
1331 3382
1331 3727
1331 3728
1331 3731
1331 3735
1331 3863
1331 3927
1331 3932
1331 4280
1331 4623
1331 4857
1331 4961
1331 4978
1331 5381
1331 5502
1331 6017
1331 6781
1331 7644
1331 774
1331 7826
4976 1331
1335 1336
1335 558
1335 802
1335 825
1335 851
1552 1335
746 1335
1310 1335
1335 610
733 1335
1335 1312
1335 1279
2482 1335
3286 1335
4976 1335
558 1336
851 1336
1552 1336
746 1336
1310 1336
733 1336
2482 1336
4976 1336
558 802
558 825
558 851
558 1077
558 1552
1593 558
558 5601
558 720
558 919
558 1185
558 746
558 17909
1310 558
558 1548
558 733
558 1312
558 1279
558 28329
558 28469
558 3932
558 4280
558 6017
558 1540
558 496
14596 558
558 3480
558 5191
558 3706
558 4429
558 7437
1552 802
1310 802
674 802
733 802
1552 825
733 825
851 1079
851 1321
851 1360
851 1552
851 519
851 835
851 572
851 600
851 489
851 642
851 663
851 1300
851 1310
851 1071
851 1076
851 1078
851 1315
851 1318
851 1334
851 1376
851 1492
851 1546
851 1548
851 448
851 491
851 501
508 851
851 509
851 531
851 538
851 603
851 610
851 611
851 616
851 617
851 624
851 673
851 674
851 679
851 686
851 708
851 713
851 714
851 726
851 733
851 735
851 762
851 775
851 817
851 823
851 856
851 857
851 864
851 905
851 914
851 936
851 1312
851 1313
851 1279
851 496
851 1065
851 517
851 1538
851 1589
851 1064
851 1309
851 1326
851 1553
851 1554
851 968
851 808
851 1308
10760 1849
10760 3697
10760 4820
10760 505
10760 547
954 10760
4820 1849
547 1849
919 1849
4873 1849
5203 1849
11541 1849
3158 1849
3838 1849
4334 1849
4819 1849
547 3697
1593 3697
3286 3697
5580 3697
5905 3697
5611 3697
3279 3697
4334 3697
4820 547
4820 4873
4820 36378
11541 4820
4820 1521
4820 1522
4820 1523
4820 1524
4820 1525
4820 1850
24246 4820
4820 24247
3838 4820
4820 3968
4820 5201
4820 7763
4820 4213
4820 1236
4820 5195
4334 4820
4820 4015
505 547
505 519
505 835
505 1813
505 2353
505 3648
505 4252
505 4288
505 5162
505 766
505 1573
505 540
505 549
954 505
505 30
890 505
505 118
505 765
505 1199
505 4506
505 4508
505 5372
1233 505
505 604
505 1527
505 501
505 603
505 616
505 674
505 823
505 581
505 148
505 4507
505 5688
505 1547
505 3583
505 4278
505 748
505 1612
505 5371
4334 505
505 605
505 3605
505 917
505 5633
505 6849
505 4333
505 5358
505 3559
505 3672
505 5214
505 4504
5890 505
505 492
505 1538
505 17905
505 5411
505 21521
505 4314
505 4505
505 4509
505 4663
505 5178
505 5373
505 5461
505 5479
505 5630
505 5640
505 9012
547 919
547 500
547 10973
547 1415
547 1813
547 1414
547 1523
547 1595
547 2027
547 2161
547 3838
547 1223
547 544
547 550
547 723
547 130
547 131
547 432
547 457
547 1574
547 2052
547 540
954 547
547 2092
547 30
547 4250
890 547
547 1198
547 1209
547 1211
547 149
547 158
547 2054
547 420
547 1178
547 1185
547 118
547 1199
547 804
547 453
547 719
547 1010
547 1189
547 1197
547 510
547 971
547 489
547 604
547 642
547 1236
1243 547
547 1527
547 2165
547 542
547 136
547 196
547 2051
547 2129
547 495
547 545
547 661
547 1548
547 2049
547 546
547 2048
770 547
4334 547
547 1814
547 512
547 554
547 2046
547 2053
547 796
547 591
731 547
9931 547
663 1077
1310 1077
674 1077
733 1077
1079 1321
1079 1360
1079 1552
1079 1593
1079 19992
1079 3701
1079 3713
1079 3730
1079 3734
1079 3888
1079 4989
1079 519
1079 5286
1079 5332
1079 5340
1079 5601
1079 634
1079 720
1079 835
1079 919
1310 1079
733 1079
3286 1079
4857 1079
733 1321
1593 1360
1310 1360
733 1360
3286 1360
1552 720
1552 642
1310 1552
1552 714
1552 864
1552 1312
1552 1279
1593 3701
1593 3713
1593 4989
1593 5286
1593 5332
1593 5340
1593 5601
1593 720
1593 835
1593 919
1593 5312
1593 1185
1593 3723
1593 4213
1593 5331
1593 3354
1593 5314
1593 5317
1593 719
1593 663
1593 1236
1593 545
1593 2886
1593 490
1593 1334
1593 538
1593 624
1593 708
1593 713
1593 735
1593 857
3286 1593
1593 3932
1593 4857
1593 3704
1593 2049
1593 2960
1593 3695
1593 148
1593 2978
1593 3480
1593 5291
1593 5292
1593 5293
1593 5324
1593 4755
1593 5191
1593 5195
1593 5282
1593 3707
1593 5295
1593 5298
1593 5309
1593 5310
1593 5311
1593 3071
1593 3395
1593 3463
1593 5301
1593 3057
1593 3067
1593 3069
1593 3070
1593 3075
1593 3127
1593 3199
1593 3205
1593 3230
1593 3425
1593 3451
1593 3455
1593 3466
1593 3592
1593 3702
1593 3703
1593 3706
1593 3709
1593 3714
1593 3722
1593 3924
1593 4088
1593 4278
1593 5284
1593 5289
1593 5294
1593 5300
1593 5304
1593 5307
1593 5327
1593 5335
1593 5336
1593 5337
1593 5338
1593 5339
1593 5343
1593 938
1593 939
19992 5601
749 19992
19992 3061
19992 3198
19992 6094
3286 3701
17172 3701
3286 3734
3286 3888
519 720
540 519
489 519
1310 519
1548 519
519 501
508 519
674 519
733 519
4334 519
38855 519
982 519
3286 5286
2960 5286
749 5601
719 5601
1375 5601
3727 5601
9847 5601
2960 5601
4976 5601
489 634
1310 634
501 634
720 835
720 33137
720 663
720 1294
490 720
1310 720
720 1334
720 1546
720 1548
720 448
720 501
720 603
720 616
720 674
720 713
720 733
720 735
720 823
720 864
720 1352
720 1612
720 3605
720 652
720 747
1310 835
501 835
508 835
674 835
733 835
496 835
835 3702
29933 835
45813 835
4647 835
919 1415
919 4873
919 5203
919 1525
919 1850
919 3061
919 719
919 489
919 663
919 545
919 1548
919 762
919 775
3286 919
919 4961
919 5381
919 3191
919 5191
919 5380
919 3071
919 3395
919 3069
919 3070
919 3199
919 3425
919 3592
919 3714
919 3924
919 4088
919 5335
919 5336
919 5337
919 5338
919 5339
919 3119
919 4334
919 5416
919 3880
919 1234
1087 1019
1087 1034
1087 1088
1087 1089
1087 1090
1087 1092
1087 1093
1087 1094
1087 1095
1087 1097
1087 1098
1087 1099
1087 1100
1087 1101
1087 1102
1087 1104
1087 1106
1087 1107
1087 1108
1087 1110
1087 1111
1087 1112
1087 1113
1087 1116
1087 1117
1087 1119
1087 1120
1087 1121
1087 1123
1087 1124
1087 1125
1087 1126
1087 1127
1087 1128
1087 1129
1087 1130
1087 1131
1087 1134
1087 1135
1087 1137
1087 1138
1087 1139
1087 1143
1087 1144
1087 1145
1087 1146
1087 1148
1087 1149
1087 1150
1087 1151
1087 1152
1087 1153
1087 1154
1087 1156
1087 1157
1087 1158
1087 1160
1087 1164
1087 1165
1087 1167
1087 1169
1087 1170
1087 1171
1087 1172
1087 1173
1087 1174
1087 1176
1087 1177
1087 1507
1087 1510
1087 1511
1087 1512
1087 1513
1087 2007
1087 2008
1087 2009
1087 2010
1087 2011
1087 2012
1087 2013
1087 2014
1087 2015
1087 485
1087 500
1087 513
1087 543
1087 659
1087 660
1087 729
1087 879
1508 1087
500 1019
1508 1019
500 1034
1508 1034
500 1088
1508 1088
500 1089
1508 1089
500 1090
1508 1090
500 1092
500 1093
500 1094
1508 1094
500 1095
1508 1095
500 1097
500 1098
500 1099
1508 1099
500 1100
1508 1100
500 1101
1508 1101
500 1102
1508 1102
500 1104
1508 1104
500 1106
500 1107
1508 1107
500 1108
1508 1108
500 1110
1508 1110
500 1111
1508 1111
500 1112
1508 1112
500 1113
1508 1113
500 1116
1508 1116
500 1117
500 1119
1508 1119
500 1120
1508 1120
500 1121
1508 1121
500 1123
1508 1123
500 1124
1508 1124
500 1125
1508 1125
500 1126
1508 1126
500 1127
1508 1127
500 1128
1508 1128
500 1129
1508 1129
500 1130
500 1131
1508 1131
500 1134
1508 1134
500 1135
1508 1135
8713 1135
8496 1135
500 1137
1508 1137
500 1138
1508 1138
500 1139
1508 1139
500 1143
500 1144
1508 1144
500 1145
1508 1145
500 1146
1508 1146
500 1148
1508 1148
500 1149
1508 1149
500 1150
8713 1150
8496 1150
500 1151
1508 1151
500 1152
1508 1152
500 1153
1508 1153
500 1154
500 1156
1508 1156
500 1157
1508 1157
500 1158
1508 1158
500 1160
1508 1160
500 1164
1508 1164
500 1165
1508 1165
500 1167
500 1169
1508 1169
500 1170
500 1171
1508 1171
500 1172
1508 1172
500 1173
1508 1173
500 1174
1508 1174
500 1176
500 1177
1508 1177
500 1507
1508 1507
500 1510
1508 1510
500 1511
1508 1511
500 1512
1508 1512
500 1513
1508 1513
500 2007
1508 2007
500 2008
1508 2008
500 2009
1508 2009
500 2010
1508 2010
500 2011
1508 2011
500 2012
1508 2012
500 2013
1508 2013
500 2014
500 2015
500 485
512 485
500 513
500 543
500 659
500 660
500 729
500 879
723 500
510 500
489 500
604 500
1508 500
500 512
500 486
660 513
489 513
1508 513
512 513
550 543
1243 543
1508 543
512 543
1508 659
512 659
512 660
1508 729
10973 1415
10973 1815
10973 24237
10973 3841
10973 4212
10973 4873
10973 5203
3840 10973
4873 1415
11541 1415
1178 1415
1236 1415
3286 1415
4334 1415
4819 1415
4873 1815
1815 36378
11541 1815
1178 1815
1236 1815
3286 1815
3840 24237
4873 3841
3840 3841
11541 4034
3838 4034
4212 4873
4334 4212
4873 5203
4873 36378
4873 11541
4873 1414
4873 1521
4873 1522
4873 1523
4873 1524
4873 1525
4873 1526
4873 1850
4873 24252
4873 2907
4873 3838
4873 3968
4873 4071
4873 5201
4873 5645
4873 6768
4873 1185
4873 545
3286 4873
4873 3932
7644 4873
4873 5191
3119 4873
4873 3840
4873 4334
4873 1814
4873 5416
4873 8196
4873 3880
4873 3928
4873 3935
4873 4047
4873 4225
4819 4873
4873 5196
4873 1234
4873 4841
4873 4015
4873 62970
5203 36378
11541 5203
5203 1850
5203 3968
5203 5201
1178 5203
1236 5203
3286 5203
3119 5203
4334 5203
5203 3880
4047 5203
4819 5203
11381 32902
11381 43031
11381 8599
11381 8608
32907 11381
32923 11381
32974 11381
32902 43031
32902 8319
32907 32902
32974 32902
32907 43031
32923 43031
32974 43031
8599 3228
32907 8608
32923 8608
32974 8608
114 253
114 29082
114 36566
114 5205
8632 114
42213 114
74722 114
74724 114
253 5205
253 10436
42213 253
5205 29082
74724 36566
4858 5205
3147 5205
5205 10436
5205 2518
5208 5205
4334 5205
5205 231
35975 5205
5205 5221
42213 5205
5205 3666
5890 5205
74722 5205
74724 5205
11460 3050
11460 37322
11460 4805
11460 5211
11460 766
17298 11460
17973 11460
17776 1813
540 1813
954 1813
890 1813
1813 1959
2353 501
2353 581
2353 37331
5633 2353
17973 3050
4215 3050
4265 3606
4334 3606
4858 3634
3602 3634
4334 3634
5221 3634
5890 3634
4334 3648
5890 3648
4805 37322
17973 37322
4252 501
4252 616
674 4252
4252 1316
581 4252
4252 563
4252 5633
4252 6849
52010 4252
4288 4265
954 4288
890 4288
4288 5371
4805 33182
4805 3221
4805 3669
3203 4805
4805 34940
17973 4805
4805 15940
4805 27349
4805 32114
4805 32121
4805 34109
4805 35100
4805 37321
4805 4794
4805 6747
4805 6830
4972 4805
32797 4805
38855 4805
4334 5162
5890 5162
5211 766
4334 5211
5890 5211
4265 766
4334 766
5890 766
11515 5312
15799 11515
700 11515
3286 5312
700 5312
11522 1517
11522 3745
11522 37488
11522 3750
11522 3754
11522 3755
11522 3756
11522 5663
11522 749
3755 1517
3755 3745
17293 3745
3755 37488
3755 3750
3756 3750
3755 3754
3755 3756
3755 5663
3755 749
3755 5482
3756 5482
4560 749
11541 11533
1525 36378
24246 36378
3158 36378
3161 36378
4848 36378
4859 36378
5645 36378
1178 36378
1236 36378
3160 36378
3978 36378
11541 1414
11541 1521
11541 1522
11541 1523
11541 1524
11541 1525
11541 1526
11541 1850
11541 2027
11541 2161
11541 24231
11541 24243
11541 24246
11541 24247
11541 24252
11541 2907
11541 3158
11541 3161
11541 3838
11541 3968
11541 4071
11541 4845
11541 4848
11541 4859
11541 5201
11541 5644
11541 5645
11541 6768
11541 7763
544 1414
723 1414
540 1414
890 1414
4334 1414
731 1414
4334 1522
4334 1523
4819 1525
4334 1526
4334 1573
1595 1223
540 1595
890 1595
731 1595
3158 1850
3838 1850
3286 1850
5905 1850
7719 1850
3119 1850
4334 1850
4047 1850
4819 1850
3838 2027
3838 2161
3838 24231
731 24231
3838 24243
3158 24246
3158 3968
5645 3158
3158 38281
5645 3161
11543 3161
4334 3161
3838 4071
3838 1185
3838 804
3838 545
3838 2234
3838 3135
3838 1814
731 3838
4334 3968
3286 4071
3717 4071
4071 2234
3135 4071
4334 4071
4265 5195
4265 4858
4334 4265
4265 2516
4265 3563
5645 4845
4334 4845
5645 4848
5645 4859
4859 3160
4334 4859
4334 5201
5645 5644
11543 5645
1178 5645
1236 5645
5645 38281
5645 3160
5645 3978
3286 6768
11545 11546
11545 1223
11545 1240
11545 1411
11545 17140
11545 17776
11545 2060
11545 20788
11545 2138
11545 22999
11545 2332
11545 2333
11545 4287
11545 544
11545 5497
11545 550
11545 5632
11545 580
11545 6648
11545 7114
11545 723
3840 11545
3840 11546
544 1223
723 1223
1223 540
954 1223
890 1223
1208 1223
1226 1223
731 1223
9931 1223
17776 1240
544 1411
954 1411
890 1411
15016 1411
20682 1411
20683 1411
4503 1411
4507 1411
20668 1411
731 1411
9931 1411
3840 17140
17776 544
17776 550
17776 723
17776 1245
17776 540
17776 1178
17776 489
17776 1798
17776 542
14596 17776
17776 1959
17776 770
3203 19578
17973 19578
35100 19578
3840 2060
3840 20788
3840 2138
3840 22999
23258 1211
23258 149
23258 1199
23258 1225
23258 510
23258 1894
3840 2332
3840 2333
3840 4287
544 5497
544 550
544 580
544 723
544 2137
544 1574
544 540
544 954
544 11695
544 11702
2092 544
544 30
544 4250
544 890
544 1180
544 1183
544 1198
544 1204
544 1209
544 1211
544 1227
544 149
544 420
544 1178
544 1185
544 118
544 1493
544 1194
544 1199
544 804
544 453
544 719
544 1208
544 1010
544 1189
544 1191
544 1192
544 1196
544 1197
544 1200
544 1202
544 1205
544 1206
544 1212
544 1217
544 1218
544 1221
544 1225
544 1226
544 1232
544 1233
1247 544
544 417
544 510
544 746
544 971
544 2028
544 489
544 604
544 1236
544 1243
544 1181
544 1188
544 1190
544 1244
544 1527
544 1798
544 542
544 1248
544 545
661 544
544 1294
544 2106
1352 544
544 1412
544 963
544 1210
544 14597
544 1608
15016 544
544 20575
20682 544
20683 544
544 4503
544 5688
15291 544
544 1959
2288 544
544 1213
544 2048
544 3228
17683 544
770 544
17777 544
544 2073
544 1182
544 1215
544 20668
20586 544
22806 544
20963 544
544 20879
8394 544
20964 544
22174 544
2238 544
22907 544
544 916
4333 544
544 1234
544 492
544 554
544 4314
544 1216
7682 544
796 544
544 1179
544 1184
544 1186
544 1187
544 1193
544 1195
544 1201
544 1203
544 1207
544 1214
544 1219
544 1220
544 1222
544 1224
544 1228
544 1229
544 1231
544 1235
544 1237
544 1238
544 1892
544 20819
544 211
544 591
544 8441
544 8713
544 9024
731 544
9931 544
3840 5497
550 723
550 540
954 550
2092 550
4250 550
890 550
550 1199
804 550
550 453
550 1010
550 1197
550 1226
550 971
604 550
550 1243
550 542
661 550
15291 550
1959 550
17777 550
550 2073
2238 550
7682 550
796 550
731 550
9931 550
3840 5632
954 580
890 580
731 580
9931 580
3840 6648
3840 7114
723 1574
723 540
954 723
2092 723
723 30
4250 723
723 890
723 1180
723 1183
723 1198
723 1204
723 1209
723 1211
723 1227
723 149
723 420
723 1178
723 1185
1493 723
723 1194
723 1199
723 804
723 453
723 719
723 1208
723 1010
723 1189
723 1191
723 1192
723 1196
723 1197
723 1200
723 1202
723 1205
723 1206
723 1212
723 1217
723 1218
723 1221
723 1225
723 1226
723 1232
723 1233
723 417
723 510
723 746
723 971
723 2028
723 489
723 604
723 642
723 1236
723 1181
723 1188
723 1190
723 1527
1248 723
723 495
723 545
723 661
723 1412
723 963
723 1210
15291 723
1959 723
723 1213
17777 723
723 1182
723 1215
2238 723
723 916
723 1234
492 723
723 554
723 1216
723 1179
723 1184
723 1186
723 1187
723 1193
723 1195
723 1201
723 1203
723 1207
723 1214
723 1219
723 1220
723 1222
723 1224
723 1228
723 1229
723 1231
723 1235
723 1237
723 1238
723 1892
723 211
723 591
731 723
9931 723
11667 2137
2137 11679
2137 281
2137 540
954 2137
4722 2137
2137 599
2137 2106
14890 2137
2137 157
1959 2137
2137 19495
9931 2137
11669 11692
11669 130
11669 131
11669 382
11669 432
11669 457
416 11692
130 138
2092 130
890 130
130 158
130 368
416 130
130 719
130 3011
130 15943
130 1829
130 245
130 2886
130 815
14474 130
4717 130
14640 130
15283 130
6595 130
2092 131
890 131
416 131
556 131
489 131
508 131
144 382
416 382
2092 432
890 432
416 432
12521 432
890 457
1204 457
1377 457
416 457
457 2100
714 457
17661 457
3199 457
457 3233
4715 457
6872 457
8377 457
11680 11679
11680 1245
11680 1574
11680 2052
11680 20671
11680 281
11680 540
11680 549
954 11680
4250 11680
890 11680
5277 11680
954 11679
4250 11679
890 11679
1574 1245
540 1245
15016 1245
20682 1245
4503 1245
15291 1245
1959 1245
20668 1245
2238 1245
9931 1245
416 128
14474 128
14474 138
1574 281
1574 540
954 1574
1574 11702
1574 2092
1574 30
1574 4250
890 1574
604 1574
4503 1574
15291 1574
2238 1574
731 1574
890 2052
19637 2052
2052 1215
731 2052
540 20671
15016 20671
20682 20671
4503 20671
15291 20671
20668 20671
2238 20671
9931 20671
540 281
954 281
4250 281
890 281
604 281
747 33137
540 549
954 540
11695 540
2092 540
540 30
540 4250
540 890
540 901
540 1211
540 149
540 1178
540 1185
118 540
540 1493
540 1199
540 4506
540 4508
540 804
540 453
540 719
1208 540
540 1010
540 1197
540 1226
1233 540
540 510
540 971
540 489
540 604
540 642
540 663
540 1236
540 1527
540 542
540 136
540 2129
540 545
540 661
540 3011
540 1294
540 2106
540 1412
540 2049
540 148
540 546
14596 540
540 5493
540 5688
15291 540
540 4463
17683 540
17777 540
2160 540
2238 540
540 5371
540 3412
540 916
540 5358
4504 540
4750 540
540 554
5033 540
540 4314
540 9012
540 2046
540 2053
540 7462
540 796
731 540
9931 540
954 549
890 549
4333 549
1310 572
501 572
674 572
726 572
733 572
1310 600
733 600
17973 8135
4715 8135
6872 8135
11681 954
954 11695
954 11702
954 2092
954 30
954 4250
954 890
954 901
954 124
6640 954
954 1178
954 1493
954 1199
954 4506
954 4508
954 5372
954 804
954 453
954 719
954 1189
954 1226
954 971
954 604
954 1236
954 1527
954 1294
954 625
954 5277
954 2106
954 13320
954 19609
14702 954
954 1895
954 15016
954 20575
954 20676
954 20677
954 20682
954 20683
954 20684
954 2262
954 4503
954 4507
954 5688
954 15291
954 1959
954 6692
954 925
954 1867
954 19637
954 20668
954 21525
2160 954
954 5371
954 4333
954 5358
954 5214
954 4504
954 492
954 5033
954 21521
954 4314
954 4505
954 4509
954 5178
954 5373
954 5640
954 9012
954 23458
954 7682
954 7462
954 731
954 10759
954 11701
954 14902
954 15482
954 17755
954 1881
954 19417
954 19653
954 2022
954 20916
954 21491
954 21507
954 21510
954 21511
954 21512
954 21513
954 21517
954 21518
954 21520
954 21643
954 22217
954 23310
954 23743
954 23744
954 23745
954 23746
954 23747
954 23748
954 23749
954 414
954 5037
954 5179
954 5683
954 5690
954 645
954 20934
954 21498
954 22034
954 24013
954 9931
11695 11702
11695 2092
11695 30
11695 4250
11695 890
11695 901
14596 11695
4250 11702
890 11702
890 2092
2092 1198
2092 1209
2092 1211
2092 149
2092 158
2092 2054
2092 420
2092 1178
2092 118
2092 804
2092 453
2092 719
2092 604
2092 136
2092 196
4250 30
890 30
30 1178
1233 30
604 30
1243 30
661 30
731 30
9931 30
890 4250
4250 804
4250 604
663 4250
4250 1527
4250 15016
890 901
890 1198
890 1209
890 1211
890 149
890 158
890 2054
890 420
890 1178
890 118
890 1493
890 1199
890 4506
890 4508
890 5372
890 804
890 453
890 719
890 1010
890 1197
890 510
890 971
890 489
890 604
890 642
890 1236
890 1527
890 136
890 196
890 2051
890 2129
890 495
890 545
890 661
890 1294
890 1548
890 625
890 5277
890 2049
890 19609
890 1895
890 15016
890 20575
890 20676
890 20677
890 20682
890 20683
890 20684
890 2262
890 4503
890 4507
890 5688
890 1959
890 6692
890 2048
890 925
890 1867
890 19637
890 21525
890 5371
890 4333
890 5358
890 5214
890 4504
890 492
890 554
890 5033
890 21521
890 4314
890 4505
890 4509
890 5178
890 5373
890 5640
890 9012
890 23458
890 7682
890 2046
890 2053
890 796
890 734
890 731
890 10759
890 11701
890 14902
890 15482
890 17755
890 1881
890 19417
890 19653
890 2022
890 20916
890 21491
890 21507
890 21510
890 21511
890 21512
890 21513
890 21517
890 21518
890 21520
890 21643
890 22217
890 23310
890 23743
890 23744
890 23745
890 23746
890 23747
890 23748
890 23749
890 414
890 5037
890 5179
890 5683
890 5690
890 645
731 901
117 29865
202 117
202 29865
32974 29865
1243 1180
1243 1183
11890 14044
11890 1955
11890 3080
11890 3354
11890 5314
11890 5317
11890 622
11890 765
144 11904
416 1198
1208 1198
1226 1198
1204 1211
1204 149
1204 453
1204 719
787 1209
1208 1209
144 1211
416 1211
787 1211
453 1211
719 1211
1208 1211
1226 1211
731 1211
12521 124
14052 124
15283 124
144 1377
416 1377
416 140
142 249
142 2965
416 142
142 3011
12521 142
142 152
142 3006
142 5562
142 3695
142 5509
142 5543
142 744
3199 142
36150 142
14325 719
14325 4554
14325 4985
14325 667
144 2054
416 144
144 6693
11784 144
144 885
144 14044
144 3080
144 3354
144 622
12378 144
144 12521
714 144
144 13988
144 12517
144 14504
144 17661
144 17781
144 19450
144 3082
144 399
144 444
144 4574
144 4717
144 5305
144 7742
14469 144
30526 144
416 149
787 149
719 149
1208 149
1226 149
4750 149
731 158
32974 2
9045 2
416 2054
12521 2054
416 262
32974 29
2919 439
2919 20911
2919 2898
270 2919
29953 2919
15810 3117
416 368
416 420
15291 416
2238 416
416 4286
416 916
1208 420
4722 423
14313 423
17661 599
9931 599
4709 6640
4709 6693
787 123
787 23281
787 1412
787 148
787 446
787 3214
787 2827
787 450
787 3412
787 1272
787 14880
787 913
787 917
6595 9322
1178 1185
604 1178
661 1178
1959 1178
731 1178
1185 3061
1185 3198
1185 5331
1236 1185
17777 1185
4334 1185
1236 3723
1236 4213
4334 4213
11784 885
118 1493
14890 118
32974 118
9045 118
9931 118
1493 1199
1493 804
1493 1527
1493 542
661 1493
1493 1294
1493 1608
1493 1895
5905 2979
5611 2979
17239 2979
7712 2979
3229 2979
4857 3061
6094 3061
2827 3061
3119 3061
3217 3061
4334 3061
43942 3061
3198 2934
2960 3198
3198 5534
3198 3923
3229 3198
12521 1955
14469 1955
4715 1955
6872 1955
4709 3354
2960 3354
3354 7742
15810 3354
3354 3203
4715 3354
6872 3354
12521 5314
5314 3176
5314 3147
5314 2517
5314 3017
5314 3612
5314 3031
5314 3666
5314 5890
5314 7437
4709 622
17661 622
17973 622
3485 622
4334 765
5890 765
1208 1194
1226 1194
510 1194
1199 4506
1199 4508
1199 5372
1199 804
453 1199
1208 1199
1226 1199
2028 1199
1243 1199
661 1199
14597 1199
17777 1199
4333 1199
731 1199
5372 7682
804 1243
804 552
804 2051
661 804
731 804
9931 804
453 719
1208 453
453 1010
453 1189
453 1206
453 1226
453 510
453 971
642 453
663 453
453 542
545 453
661 453
14890 453
453 2073
796 453
731 453
1208 719
1226 719
1233 719
719 971
719 663
719 661
1572 719
4972 719
4334 719
5888 719
4819 719
731 719
1208 1010
1208 1189
1208 1191
1208 1192
1208 1196
1208 1197
1208 1200
1208 1202
1208 1205
1208 1206
1208 1212
1208 1217
1208 1218
1208 1221
1208 1225
1208 1226
1208 1232
1208 1233
1208 1247
1208 23259
1208 417
1208 510
1208 746
1208 971
1226 1010
1243 1010
1243 1189
17777 1189
1226 1192
510 1192
1226 1197
2028 1197
731 1197
1226 1205
642 1206
1226 1225
510 1225
1226 1232
1226 23259
1226 510
1226 971
1226 2028
796 1226
1233 971
1233 489
1233 604
1233 642
1233 663
510 971
510 642
663 510
510 542
661 510
510 1894
731 510
746 1548
14596 746
746 4334
663 971
9814 971
796 971
731 971
2028 2073
123 30535
4709 123
29953 123
604 489
489 642
663 489
545 489
661 489
1310 489
489 448
489 491
508 489
489 509
489 531
489 538
489 611
616 489
617 489
674 489
733 489
489 936
489 518
489 496
489 546
489 920
1959 489
489 563
489 811
489 492
489 512
489 554
489 573
489 783
796 489
731 489
841 489
604 1527
604 1798
604 545
604 1412
604 1216
731 604
642 663
642 495
545 642
661 642
1310 642
1315 642
642 1548
501 642
508 642
509 642
616 642
674 642
733 642
4467 642
731 642
663 495
545 663
661 663
1310 663
663 1548
501 663
508 663
663 538
616 663
674 663
733 663
663 762
663 905
14596 663
4334 663
4819 663
663 554
607 663
663 796
545 1236
4750 1236
796 1236
731 1236
1243 1181
1243 1188
1243 1190
1243 1244
1243 1527
1243 1798
1243 2021
1243 2165
1243 542
1243 552
1243 8431
8394 1243
8531 1243
4709 1798
1798 1959
20963 1798
20964 1798
3840 1798
20963 2021
8394 2021
20964 2021
22174 2021
22907 2021
661 542
1959 542
8713 542
9024 542
8496 542
8394 552
8531 552
20963 8431
8394 8431
20964 8431
22174 8431
8713 8431
8496 8431
32974 196
14890 2051
731 2051
545 495
661 495
495 501
661 545
4334 545
4819 545
796 545
731 545
661 1412
4972 661
796 661
661 734
731 661
15943 3011
3191 3011
3199 3011
3011 2117
36150 3011
4750 3011
12512 889
508 889
12521 10203
12521 13316
12521 15263
12521 15285
12521 17909
12521 19279
12521 4709
12521 80430
12521 80714
14640 12521
80342 12521
4709 10203
15291 15263
2238 15263
14640 15285
4709 17909
17973 19279
3233 19279
80472 19279
4709 3006
4709 444
4709 156
4709 241
4709 35100
4709 37321
4709 6830
4709 25376
4709 30496
4709 10196
4709 4557
4709 17845
4709 5576
4709 8090
80430 80714
80430 80342
152 2103
152 3006
454 152
36150 152
4750 15943
747 1896
9814 245
15283 245
2960 2886
4717 2886
6595 2886
530 360
811 360
841 360
490 1334
490 1546
490 624
490 857
3702 490
29933 490
54279 490
700 490
4717 815
6595 815
1310 1300
501 1300
733 1300
2100 3006
3199 2100
454 2103
36150 2103
454 3006
1315 3006
4163 3006
3199 3006
5576 3006
36150 5562
1310 1071
1310 1076
1310 1078
1310 1315
1310 1317
1310 1318
1310 1325
1310 1334
1310 1376
1310 1492
1310 1546
1310 1548
1310 448
1310 491
1310 501
1310 508
1310 509
1310 531
1310 538
1310 598
1310 603
1310 610
1310 611
1310 616
1310 617
1310 624
1310 673
1310 674
1310 679
1310 686
1310 708
1310 713
1310 714
1310 722
1310 726
1310 733
1310 735
1310 762
1310 775
1310 817
1310 823
1310 856
1310 857
1310 864
1310 905
1310 914
1310 936
8377 1310
733 1071
8377 1071
733 1076
8377 1076
733 1078
733 1315
4467 1315
508 1317
674 1317
733 1317
733 1318
733 1325
733 1334
3286 1334
508 1376
508 1492
501 1546
674 1546
733 1546
674 1548
1548 714
733 1548
1548 864
4334 1548
4819 1548
731 1548
508 448
674 448
733 448
38855 448
8377 448
508 491
501 538
501 603
501 616
501 674
713 501
501 722
501 726
733 501
501 823
501 856
501 914
501 1316
501 52013
501 1279
501 1330
501 581
501 1547
501 1612
2369 501
501 29039
501 605
501 3605
5633 501
501 6849
501 1538
501 1589
501 17905
501 52010
501 52033
501 52034
501 52047
501 52066
501 52159
501 5411
501 5441
501 5483
501 652
501 6982
52008 501
52052 501
52418 501
508 616
508 714
508 726
508 856
508 905
508 518
508 1550
508 811
508 789
508 1278
733 509
4467 509
733 531
674 538
733 538
674 603
733 603
748 603
674 611
733 611
38855 611
674 616
726 616
733 616
1547 616
2369 616
38855 616
52010 616
52033 616
52066 616
52418 616
733 617
674 624
733 624
674 673
733 673
674 686
733 674
674 762
674 775
674 817
674 823
674 864
674 1316
674 581
674 496
674 563
674 5410
674 1065
674 1612
674 605
674 3605
674 5633
674 5411
674 5630
733 686
733 708
3286 708
15791 708
733 713
3286 713
733 714
38855 714
517 714
841 714
726 936
726 1316
52033 726
726 52047
52066 726
733 735
733 762
733 775
733 817
733 823
733 857
733 864
733 936
733 1312
733 1316
733 1279
733 496
733 17910
733 1065
733 573
733 517
733 1064
733 1309
733 1326
733 1553
733 1554
733 968
4334 762
4819 762
4334 775
4819 775
857 3702
5558 857
857 15557
53380 857
53432 857
1316 52013
52008 1316
9931 2106
52033 1330
52047 1330
52066 1330
6982 1330
3286 1375
1375 9847
5905 1375
3286 17175
3286 17193
3286 17265
5905 17265
5888 17265
3286 19985
3286 19988
3286 2482
4334 2482
3286 3283
3286 3284
5905 3284
3286 3293
3286 3298
3286 3303
3286 3307
3286 3382
3286 3731
3286 3735
3286 3863
3286 4623
3286 4857
3286 4961
3286 5381
3286 6017
3286 7644
3286 14474
3286 2935
3286 2978
3286 3026
3286 3945
3286 5292
3286 5293
3286 5324
3286 15813
3286 3885
3286 4143
3286 4163
3286 4755
3286 5191
3286 5380
3286 15759
3286 15805
3286 15820
3286 3707
3286 5295
3286 5298
3286 5309
3286 5310
3286 5311
3286 5603
3286 15791
3286 3075
3286 3205
3286 3703
3286 3714
3286 4278
3286 5289
3286 17172
3286 17164
3286 17206
3286 3845
3286 929
3286 3882
3286 3923
3286 2990
3286 3883
3286 5193
3286 15742
3286 15766
3286 29434
3286 35598
3286 35599
3286 3600
3286 4146
3286 4334
3286 4861
3286 4979
3286 5163
3286 5519
3286 5526
3286 5541
3286 5558
3286 5888
4334 3298
5888 3298
5526 3303
5888 3307
5905 3731
4334 3731
5888 3731
4334 3932
4819 3932
5888 4280
4857 3067
4857 2827
4334 4857
5888 4857
5888 4961
5905 5381
5888 5381
5502 2990
5905 6017
5888 6781
5905 7644
14890 13320
14469 14480
5905 14480
14469 3704
5905 3704
5905 4703
5905 7664
5905 7726
14469 8594
5905 8594
7719 8594
1347 1540
5880 1347
20678 1347
1540 5880
518 1539
518 2176
3180 518
518 607
518 1538
1352 1412
1608 1352
748 1352
5479 1352
29953 1412
15810 2934
2934 3463
2934 6048
2934 3592
2934 3228
2934 6094
2934 6095
2934 5534
2934 2905
3229 2934
2934 2876
2934 3465
2934 4625
2934 6039
2934 2962
1572 1371
9847 4099
2960 2049
15810 2049
3229 2049
731 2049
2960 18197
2960 2967
2960 2978
2960 3479
2960 5295
2960 18198
2960 3081
2960 3463
2960 5301
2960 3127
2960 3205
2960 3230
2960 3425
2960 3451
2960 3466
2960 5284
2960 5294
2960 5300
2960 5307
2960 938
2960 939
2960 18199
2960 929
2960 3014
2960 17334
2960 2827
2960 2905
2960 3229
2960 2839
2960 2850
2960 2876
2960 15817
2960 2962
2960 2986
2960 3433
2960 3670
29039 581
581 5633
52010 581
52033 581
52066 581
5441 581
5479 581
52052 581
6112 581
14026 14474
14026 3292
14026 3309
14026 5580
14474 5905
7719 14474
4717 3292
5905 3292
5905 3309
3309 15768
3309 6587
3309 5298
3309 5603
3309 6054
3309 3592
3309 3055
3309 2876
3309 4625
3309 6039
3309 3300
5580 5543
5905 5580
3850 5580
5580 5611
3297 5580
15283 14052
36150 3695
4647 496
36150 5509
36150 744
2935 3026
2935 4163
2935 3127
2935 3228
2935 5366
2935 6315
3229 2935
2935 2990
3925 2935
2935 7091
2176 3169
3180 3169
5890 3176
3199 3191
4819 3191
3850 446
2176 446
3180 446
29953 446
15291 546
2238 546
14313 14309
5459 14313
17973 33182
14469 14504
17661 399
3203 17661
17661 690
4715 17661
6872 17661
4717 17781
15810 3082
3203 3082
17973 399
14469 444
14469 4574
4717 4185
4717 6587
14469 5305
6872 736
32797 736
14469 7742
15291 920
2238 920
783 920
5905 5291
5905 5292
5905 5293
5905 9905
5905 15461
5905 15617
5905 15768
5905 15813
5905 17169
5905 17228
5905 17242
5905 17263
5905 17264
5905 28258
5905 2879
5905 30508
5905 3231
5905 3271
5905 33678
5905 33682
5905 33683
5905 33684
5905 33685
5905 33686
5905 3381
5905 3481
5905 3850
5905 3885
5905 4143
5905 4163
5905 4183
5905 4220
5905 4755
5905 5191
5905 5195
5905 5282
5905 5380
5905 5512
5905 5527
5905 5547
5905 5550
5905 5588
5905 5611
5905 5647
5905 7698
5905 7719
5905 8133
5905 8177
5905 8381
5905 8612
5905 9313
5905 7714
6595 5905
9814 14514
14596 15810
14596 3480
14596 5493
15291 1048
2238 1048
15291 15281
2238 15281
15810 15941
15810 17349
15810 3059
15810 3081
15810 3215
15810 3276
15810 3463
15810 6048
700 15810
5298 18197
7712 18197
3229 18197
2992 18197
700 18197
202 251
202 10758
202 32962
202 411
202 412
32974 202
3203 2978
5888 3026
3203 3099
17973 3099
17239 3403
7712 3403
3945 3885
3945 4143
3945 5549
3945 3883
5611 5291
17239 5291
7712 5291
15754 5292
5295 5292
700 5292
17239 5578
7712 5578
32974 9046
9045 9046
14890 14315
14890 157
14890 203
15291 14890
2238 14890
15291 14315
2238 14315
20963 2096
8394 2096
20964 2096
22174 2096
3203 3214
4750 3214
15016 20575
15016 20676
15016 20677
15016 20682
15016 20683
15016 20684
15016 20685
15016 2262
15016 4503
15016 4507
15016 5688
15016 6709
20668 15016
20682 20575
20683 20575
4503 20575
20575 20668
20682 20676
20668 20676
20586 20676
22806 20676
20682 20677
20683 20677
4503 20677
20668 20677
20586 20677
22806 20677
20682 20683
20682 20684
20682 2262
20682 4503
20682 4507
20682 5688
20682 5880
20682 5378
20682 20668
20682 20586
20682 17784
20682 20460
20682 20670
20682 20678
20682 20705
20682 20706
20682 20707
20682 20708
20682 2378
20682 347
20682 5753
20682 596
20682 20693
20682 22806
20683 2262
20683 4503
20683 4507
20683 5688
20683 20668
4503 20684
20668 20684
20668 20685
4503 2262
2262 4507
20668 2262
4503 4507
4503 5688
4503 20668
4503 20586
4503 17784
4503 20708
22806 4503
748 4507
20668 4507
20668 5688
20668 6709
5611 15768
5611 15813
5298 15813
15799 15813
17249 15813
7712 15813
29933 15813
17239 17242
7712 17242
17264 628
1572 17788
34546 17788
5611 3231
3229 3231
33683 33678
4063 3381
3481 5611
17293 3481
17172 3885
5549 4143
17172 4143
5549 4163
1572 4183
7719 4220
17293 4220
7719 5024
4334 5191
4047 5191
4819 5191
62970 5191
4334 5195
5611 5547
7719 5550
29740 5550
4334 5550
5611 18146
29933 5611
5611 450
3279 5611
33751 5611
7719 14478
7719 3860
7719 7714
4715 7719
6872 7719
7719 4033
15283 9814
4750 9814
15291 15283
2238 15283
15291 10794
15291 11448
15291 11671
15291 14557
15291 15259
15291 15260
15291 15262
15291 15264
15291 15266
15291 15267
15291 15268
15291 15270
15291 15271
15291 15272
15291 15274
15291 15275
15291 15276
15291 15277
15291 15279
15291 15280
15291 1883
15291 1894
15291 1959
15291 19626
15291 208
15291 21495
15291 21659
15291 2288
15291 22922
15291 2556
15291 4460
15291 4463
15291 4675
15291 4698
15291 4751
15291 5999
15291 6058
15291 6692
15291 8366
15291 9323
2238 15291
2238 10794
2238 11448
2238 11671
2238 14557
2238 15259
9931 15259
2238 15260
2238 15262
9323 15264
2238 15264
2238 15266
2238 15267
2238 15268
2238 15270
2238 15271
2238 15272
9931 15272
2238 15274
2238 15275
2238 15276
2238 15277
2238 15279
2238 15280
2238 1883
2238 1894
9931 1894
1959 770
2238 1959
9931 1959
2238 19626
2238 208
2238 21495
9931 21495
2238 21659
2238 2288
2238 22922
2238 2556
2238 4460
2238 4463
2238 4675
2238 4698
2238 4751
2238 5999
2238 6058
2238 6692
2238 8366
2238 9323
20586 5880
5880 20678
22806 5880
52010 1547
52418 1547
20963 1557
20964 1557
15754 15741
15754 15759
15754 15774
15754 15805
15754 34506
15754 5295
15754 5298
15754 5310
15754 5311
15754 5531
15754 5549
15754 5603
15754 6054
5298 15741
15799 15741
17249 15741
7712 15741
700 15741
5298 15759
15759 5599
15787 15759
15799 15759
17249 15759
7712 15759
5298 15774
15799 15774
15825 15774
700 15774
5298 15805
15799 15805
17249 15805
17239 15805
7712 15805
700 15805
15825 29163
700 29163
5298 34506
700 34506
5298 5295
15825 5295
2992 5295
700 5295
5298 5311
5298 5603
5298 15787
5298 15799
5298 15825
5298 17248
5298 17249
5298 2952
5298 5301
5298 19188
7712 5298
700 5298
19136 5309
700 5309
5310 5603
5310 6054
700 5310
15799 5311
700 5311
19136 5531
700 5531
5549 3058
5549 32286
5549 5366
3229 5549
5603 2876
2992 5603
700 5603
2876 6054
2992 6054
700 6054
15799 5599
17156 5599
15787 15799
17249 15787
7712 15787
15799 15825
15799 17156
15799 17248
15799 17249
15799 2952
7712 15799
700 15799
3229 18198
2992 18198
700 18198
17249 15825
15825 5301
7712 15825
700 15825
700 17156
17249 17248
7712 17248
700 17248
17249 2952
7712 17249
3203 3081
3203 3221
17973 3221
29933 3276
3229 3463
3463 29144
17973 3669
3669 5459
5301 15817
2992 5301
700 5301
44136 15914
731 2048
3229 3057
3203 3075
3229 3127
3199 5336
3199 2117
3199 4086
4819 3199
3203 3205
3205 3923
3230 2827
3230 3229
3583 4858
3583 3147
3583 3602
3583 3612
5890 3583
2876 3592
3702 5343
29933 3702
3702 15557
700 3702
4334 3717
5888 3722
4334 4278
5890 4278
3229 5294
2992 5304
700 5304
19128 5327
4819 5336
29933 5343
700 5343
4334 748
5890 748
748 4505
748 5461
15953 241
3203 15953
17973 15953
6112 15953
908 2986
3229 3228
3925 3228
32923 3228
32974 3228
9045 3228
44136 3228
8713 3228
17172 14478
17172 17164
17172 17206
17172 3845
17172 3848
17172 3860
17172 7714
4063 7714
2992 18199
700 18199
700 19188
3229 929
2992 929
700 929
17239 17150
17239 17245
17239 17886
17239 3372
17239 3404
17239 3753
17239 3894
17239 3910
17239 5565
17239 7703
17239 7705
17239 7708
7712 17239
7712 17150
7712 17245
7712 3372
7712 3404
7712 3753
7712 3894
7712 3910
7712 5565
7712 7703
7712 7705
7712 7708
3229 10410
3229 2944
3948 3058
19128 3058
3229 3058
19128 3948
3229 3948
4304 17973
80518 4304
19128 5366
3229 5366
19128 5530
3229 6094
3229 6315
4858 3147
3656 4858
4858 3149
4858 3150
4858 3530
4858 3602
4858 3609
4858 3659
4858 4511
4858 465
4858 5193
4858 5208
4858 5210
4858 5212
4858 5215
4858 5216
4858 5218
4858 5220
4858 5222
4334 4858
4858 3140
4858 4865
4858 5221
38855 4858
4858 3559
5890 4858
17298 3203
17298 3218
17298 3224
17973 17298
3096 17298
3203 3218
3203 3224
3203 34940
17973 3203
3203 3096
3203 3098
3203 3233
3203 3424
3203 3445
3203 5459
3203 2023
3203 2839
38855 3203
17973 3218
17973 34940
3233 34940
4063 34940
32797 34940
38855 34940
17747 17973
17973 15940
17973 20022
17973 27349
17973 3096
17973 3098
17973 32114
17973 32121
17973 3233
17973 3320
17973 34109
17973 3424
17973 3445
17973 35100
17973 37321
17973 37324
17973 4715
17973 4794
17973 5459
17973 6747
17973 6830
17973 6872
17973 7421
17973 7435
17973 80383
32712 17973
20586 5378
22806 5378
3337 20022
3233 3320
3233 5459
3233 4063
32797 3233
5459 3320
38855 3320
33780 35100
35100 17845
4610 35100
37321 5459
4610 37321
37324 251
28927 5459
3337 5459
32797 5459
38855 5459
4215 5459
2876 6095
32797 6872
6872 34625
32797 7421
4215 7421
184 3604
44136 3604
53392 3604
53498 3604
54279 3604
530 811
19128 6610
2876 3055
2992 3055
32907 207
32923 207
19783 251
32974 19783
274 251
32981 251
32889 251
32890 251
32923 251
32974 251
9045 251
3656 3147
3147 2517
3147 2518
3147 2519
3147 3017
3147 3149
3147 3150
3147 3530
3147 3602
3147 3609
3147 3659
3147 4511
3147 465
3147 5193
3147 5208
3147 5210
3147 5212
3147 5215
3147 5216
3147 5218
3147 5220
3147 5222
4334 3147
5221 3147
38855 3147
5890 3147
32974 10758
32974 32962
32974 411
32974 412
32889 191
32890 191
32974 191
9045 191
8713 2073
8496 2073
3656 3602
3656 4511
5888 3882
29953 2827
3217 2827
3229 2905
3229 2850
3229 2990
3229 2876
3229 3527
3229 2962
20586 17784
20586 20460
20586 20670
20586 20678
20586 20680
20586 20705
20586 20706
20586 20707
20586 20708
20586 2378
20586 2397
20586 347
20586 5753
20586 596
22806 20586
22806 17784
22806 20460
22806 20670
9931 20670
22806 20678
22806 20680
22806 20705
22806 20706
22806 20707
22806 20708
22806 2378
22806 2397
2397 5983
22806 347
22806 5753
22806 596
22806 20693
20963 20727
20963 20757
20963 20792
20963 20879
20963 20891
20963 20906
20963 21681
20963 21683
20963 21684
20963 21746
20963 21758
20963 21762
20963 22248
20963 22367
20963 22372
20963 22428
20963 22448
20963 22450
20963 22579
20963 22591
20963 22703
20963 22704
20963 22706
20963 22707
20963 22709
20963 22710
20963 22711
20963 22712
20963 22713
20963 22714
20963 22716
20963 22717
20963 22718
20963 22719
20963 22720
20963 22721
20963 22722
20963 22723
20963 22724
20963 22726
20963 22728
20963 22729
20963 22730
20963 22731
20963 22732
20963 22733
20963 22734
20963 22735
20963 22737
20963 22738
20963 22739
20963 22740
20963 22741
20963 22752
20963 22961
20963 22963
20963 22964
20963 22966
20963 22967
20963 22969
20963 22974
20963 22980
20963 22984
20963 22987
20963 22988
20963 22990
20963 22991
20963 22992
20963 22993
20963 22994
20963 22995
20963 22996
20963 22997
20963 23006
20963 23010
20963 23011
20963 23012
20963 23013
20963 23014
20963 23015
20963 23016
20963 23017
20963 23018
20963 23019
20963 23020
20963 23021
20963 23022
20963 23023
20963 23024
20963 23025
20963 23026
20963 23087
20963 23411
20963 23412
20963 23413
20963 23414
20963 23415
20963 23416
20963 23417
20963 24150
20963 2446
20963 8394
20963 8407
20963 8482
20963 8531
20963 8652
20963 8704
20963 8772
20963 8881
20963 8897
20963 8937
20963 9082
20963 9084
20964 20963
22907 20963
8394 20727
8531 20727
22174 20727
8394 20757
22174 20757
8394 20792
8531 20792
22174 20792
8394 20879
8531 20879
22174 20879
22907 20879
8394 20891
8531 20891
22174 20891
8394 20906
8531 20906
22174 20906
8394 21681
20964 21681
22174 21681
22907 21681
8394 21683
20964 21683
22174 21683
22907 21683
8394 21684
20964 21684
8394 21746
20964 21746
22174 21746
8394 21758
20964 21758
22174 21758
22907 21758
8394 21762
8531 21762
22174 21762
20964 22248
8394 22367
20964 22367
22174 22367
8394 22372
20964 22372
22174 22372
8394 22428
20964 22428
22174 22428
22907 22428
8394 22448
8531 22448
20964 22448
22174 22448
22907 22448
8394 22450
20964 22450
22174 22450
22907 22450
8394 22579
20964 22579
22174 22579
20964 22591
8394 22703
22174 22703
8394 22704
20964 22704
22174 22704
22907 22704
8394 22706
20964 22706
22174 22706
8394 22707
20964 22707
22174 22707
22907 22707
8394 22709
22174 22709
8394 22710
8531 22710
22174 22710
8394 22711
22174 22711
8394 22712
22174 22712
22907 22712
8394 22713
20964 22713
22174 22713
22907 22713
8394 22714
8531 22714
22174 22714
20964 22716
22907 22716
8394 22717
20964 22717
22174 22717
22907 22717
20964 22718
22907 22718
8394 22719
20964 22719
22174 22719
8394 22720
20964 22720
22174 22720
8394 22721
20964 22721
22174 22721
22907 22721
8394 22722
20964 22722
22174 22722
22907 22722
8394 22723
20964 22723
8394 22724
20964 22724
20964 22726
8394 22728
20964 22728
22907 22728
20964 22729
8394 22730
20964 22730
20964 22731
8394 22732
20964 22732
22174 22732
22907 22732
8394 22733
20964 22733
22907 22733
8394 22734
20964 22734
22174 22734
22907 22734
8394 22735
20964 22735
22174 22735
22907 22735
8394 22737
20964 22737
22174 22737
22907 22737
8394 22738
20964 22738
22174 22738
8394 22739
20964 22739
22174 22739
8394 22740
20964 22740
22174 22740
22907 22740
8394 22741
20964 22741
22174 22741
22907 22741
8394 22752
22174 22752
8394 22961
20964 22961
22174 22961
8394 22963
20964 22963
22174 22963
20964 22964
22907 22964
8394 22966
20964 22966
8394 22967
20964 22967
22174 22967
8394 22969
20964 22969
22174 22969
20964 22974
8394 22980
20964 22980
22174 22980
22907 22980
20964 22984
8394 22987
20964 22987
20964 22988
8394 22990
22907 22990
20964 22991
8394 22992
20964 22992
22174 22992
20964 22993
20964 22994
20964 22995
20964 22996
20964 22997
8394 23006
20964 23010
20964 23011
20964 23012
20964 23013
20964 23014
8394 23015
20964 23015
22174 23015
8394 23016
20964 23016
8394 23017
20964 23017
8394 23018
20964 23018
22174 23018
8394 23019
20964 23019
20964 23020
20964 23021
20964 23022
20964 23023
20964 23024
20964 23025
20964 23026
8394 23087
20964 23087
22174 23087
20964 23411
20964 23412
20964 23413
20964 23414
20964 23415
20964 23416
20964 23417
20964 24150
8394 2446
20964 2446
22174 2446
22907 2446
8394 8407
8394 8482
8394 8531
8394 8704
8394 8772
8394 8897
8394 8937
22174 8394
8394 22898
8394 20819
8713 8394
8394 20733
8394 21018
8394 22903
8394 22908
8394 22909
8394 22911
8394 22912
8394 23137
8394 23390
8394 24110
8394 24111
8394 24112
8394 24330
8496 8394
20964 8407
22174 8407
22907 8407
8713 8407
8496 8407
20964 8482
22174 8482
22907 8482
22174 8531
8531 22898
8531 20819
8713 8531
8531 20733
8531 21018
8531 22903
8531 22908
8531 22909
8531 22911
8531 22912
8531 23137
8531 23390
8531 24110
8531 24111
8531 24112
8531 24330
8496 8531
20964 8652
8713 8652
8496 8652
20964 8704
22174 8704
22907 8704
8713 8704
8496 8704
20964 8772
22174 8772
22907 8772
20964 8881
20964 8897
22174 8897
8713 8897
8496 8897
20964 8937
22174 8937
22907 8937
8713 8937
20964 9082
20964 9084
2117 4086
9931 19495
32889 291
32890 291
32974 291
9045 291
32907 315
32974 315
9045 315
32974 33037
8370 33037
32974 76
9045 76
8713 8403
8496 8403
9931 2160
2176 3180
22174 22898
22174 22956
22174 8735
8735 22956
8442 22956
8713 8423
8496 8423
8713 8651
8496 8651
8735 8713
8442 8735
8735 20947
8496 8735
9931 2238
36306 37331
5633 37331
52033 2369
52066 2369
29933 18146
32974 41457
4467 811
841 811
74727 8319
74727 8632
74727 108
74727 19849
42213 10436
32974 274
32889 10369
32890 10369
32974 10369
9045 10369
32974 32675
32974 32754
32974 32981
32974 8319
58395 8319
2876 3465
2876 3527
2876 4625
2876 6039
2992 2876
2992 15817
700 15817
7091 8368
3433 47933
32974 29668
29933 11520
29933 450
450 11520
700 11520
4750 450
4334 3028
5890 3028
3119 24232
3119 3840
3840 24232
3840 5416
3840 8196
4334 2517
5890 2517
5208 2518
4334 2518
35975 2518
5890 2518
4334 2519
5890 2519
4334 3017
5890 3017
3602 3149
4334 3149
35975 3149
5221 3149
5890 3149
5208 3150
4334 3150
5221 3150
5890 3150
5208 3530
4334 3530
5221 3530
5890 3530
3602 3609
3602 465
3602 5193
3602 5216
3602 5220
3602 5222
4334 3602
3602 4865
3602 5221
38855 3602
5890 3602
5208 3609
4334 3609
5221 3609
5890 3609
5208 3659
5212 3659
5218 3659
3155 3659
4334 3659
35975 3659
5221 3659
5890 3659
5208 4511
4334 4511
35975 4511
5221 4511
38855 4511
5890 4511
4334 465
35975 465
5221 465
5890 465
4334 5193
5221 5193
5890 5193
5208 5212
5208 5218
5208 5220
4334 5208
35975 5208
5208 3140
5221 5208
5208 4225
5890 5208
4334 5210
35975 5210
5221 5210
5890 5210
4334 5212
35975 5212
5221 5212
5890 5212
4334 5215
35975 5215
5221 5215
5890 5215
4334 5216
35975 5216
5221 5216
5890 5216
4334 5218
35975 5218
5221 5218
5890 5218
4334 5220
35975 5220
5221 5220
5890 5220
4334 5222
35975 5222
5221 5222
5890 5222
4334 3152
5890 3152
4334 3155
35975 3155
5890 3155
4334 3157
5221 3157
5890 3157
4334 3160
32889 10366
32890 10366
32974 10366
9045 10366
32889 3084
32890 3084
32974 3084
9045 3084
32889 3085
32890 3085
32974 3085
9045 3085
4334 3647
5221 3647
8713 8746
8496 8746
32797 34625
5526 15742
700 15742
5526 15766
700 15766
5888 35598
5888 35599
5888 4146
4334 4861
4334 5163
4334 4865
4334 5221
4334 3880
4334 3935
4334 2516
4334 4225
4334 3563
4334 3559
4334 3666
4334 3672
4334 4819
4334 5196
4334 5214
5888 5519
5526 5558
5526 15804
5526 5464
700 5526
5888 5541
700 5558
32889 10353
32889 10355
32889 10357
32889 10358
32889 10359
32889 10362
32889 10368
32889 10370
32889 10371
32889 10373
32889 10376
32889 10377
32889 10379
32889 10380
32889 10385
32889 10387
32889 179
32889 189
32889 292
32889 29704
32889 68
32889 93
32890 32889
32974 32889
9045 32889
32890 10353
32974 10353
9045 10353
32890 10355
32974 10355
9045 10355
32890 10357
32974 10357
9045 10357
32890 10358
32974 10358
9045 10358
32890 10359
32974 10359
9045 10359
32890 10362
32974 10362
9045 10362
32890 10368
32974 10368
9045 10368
32890 10370
32974 10370
9045 10370
32890 10371
9045 10371
32890 10373
32974 10373
9045 10373
32890 10376
9045 10376
32890 10377
32974 10377
9045 10377
32890 10379
32974 10379
9045 10379
32890 10380
9045 10380
32890 10385
32974 10385
9045 10385
32890 10387
32974 10387
32890 179
32974 179
9045 179
32890 189
32974 189
32890 292
32974 292
9045 292
32890 29704
32974 29704
9045 29704
32890 68
32974 68
9045 68
32890 93
32974 93
9045 93
32890 10343
32890 10345
32890 171
32890 176
32890 272
32890 33021
32890 381
32890 8333
32890 8595
32974 32890
9045 32890
32974 10343
9045 10343
32974 10345
32974 171
32974 176
9045 176
32974 272
9045 272
32974 33021
32974 381
32974 8333
32907 8595
32923 8595
32974 8595
32907 2924
32907 29841
32907 33026
32907 5566
32907 78
32923 32907
32974 32907
32923 2924
32974 2924
32923 29841
32974 29841
32974 33026
32974 5566
32974 78
9045 78
32923 7813
32923 9969
32974 7813
32974 9969
32974 101
32974 10350
32974 10390
32974 10391
32974 13649
32974 178
32974 181
32974 190
32974 201
32974 22953
32974 231
32974 256
32974 2659
32974 301
32974 306
32974 32881
32974 32882
32974 32883
32974 32884
32974 32887
32974 32895
32974 3743
32974 37911
32974 41407
32974 58395
32974 6635
32974 6644
32974 71
32974 72
32974 8327
32974 8334
32974 8369
32974 8370
32974 85
32974 9
32974 9045
9045 101
9045 10350
9045 10390
9045 10391
9045 13649
9045 178
9045 181
9045 190
9045 201
9045 22953
42213 231
74724 231
9045 256
9045 2659
9045 306
9045 32881
9045 32882
9045 32883
9045 32884
9045 32887
9045 32895
9045 3743
9045 37911
9045 41407
8370 6635
9045 6644
8370 71
9045 72
9045 8327
9045 8334
9045 8369
9045 85
42213 8632
8632 108
8632 19849
5890 3612
35975 3140
35975 4865
35975 5221
35975 605
5890 3140
5221 4865
5890 4865
5221 605
5890 5221
5890 605
747 3605
5633 36306
700 15557
4819 3880
4819 3928
4819 3935
4467 40294
40731 2645
42213 108
4819 4225
4333 5358
5890 3031
5890 3559
5890 3666
5890 3672
4819 5196
4819 1234
4819 4841
5890 5214
4467 789
4647 45813
5890 7437
512 486
731 554
841 517
52033 52034
52033 52066
52033 5441
52033 52104
52066 52034
52047 52159
52047 5441
52047 5483
52047 6982
52066 5441
52066 52104
6982 5441
5479 4663
9931 50600
9931 50601
700 15804
53496 53380
53427 53977
53427 747
747 53977
54879 747
731 2046
731 2053
731 796
8713 8441
8496 8441
8713 8645
8713 8442
8713 8541
8713 8496
8713 1964
8713 5928
8713 8376
8713 8380
8713 8388
8713 8393
8713 8397
8713 8404
8713 8405
8713 8408
8713 8410
8713 8411
8713 8414
8713 8417
8713 8419
8713 8427
8713 8428
8713 8429
8713 8430
8713 8434
8713 8435
8713 8437
8713 8440
8713 8444
8713 8446
8713 8447
8713 8448
8713 8449
8713 8452
8713 8453
8713 8455
8713 8463
8713 8464
8713 8468
8713 8469
8713 8470
8713 8471
8713 8475
8713 8476
8713 8477
8713 8479
8713 8481
8713 8483
8713 8485
8713 8486
8713 8488
8713 8490
8713 8493
8713 8494
8713 8495
8713 8503
8713 8504
8713 8505
8713 8506
8713 8511
8713 8512
8713 8513
8713 8515
8713 8518
8713 8520
8713 8522
8713 8525
8713 8526
8713 8527
8713 8528
8713 8530
8713 8532
8713 8534
8713 8535
8713 8536
8713 8537
8713 8539
8713 8546
8713 8548
8713 8549
8713 8550
8713 8551
8713 8553
8713 8555
8713 8557
8713 8563
8713 8564
8713 8566
8713 8568
8713 8570
8713 8573
8713 8576
8713 8646
8713 8650
8713 8654
8713 8655
8713 8656
8713 8658
8713 8659
8713 8662
8713 8665
8713 8666
8713 8667
8713 8668
8713 8669
8713 8671
8713 8672
8713 8673
8713 8676
8713 8677
8713 8680
8713 8681
8713 8682
8713 8685
8713 8687
8713 8699
8713 8700
8713 8701
8713 8702
8713 8703
8713 8705
8713 8706
8713 8708
8713 8709
8713 8710
8713 8714
8713 8715
8713 8716
8713 8717
8713 8718
8713 8719
8713 8720
8713 8721
8713 8722
8713 8723
8713 8724
8713 8725
8713 8727
8713 8728
8713 8729
8713 8731
8713 8736
8713 8737
8713 8738
8713 8739
8713 8740
8713 8741
8713 8742
8713 8743
8713 8744
8713 8745
8713 8747
8713 8748
8713 8749
8713 8751
8713 8752
8713 8753
8713 8754
8713 8756
8713 8757
8713 8759
8713 8760
8713 8761
8713 8762
8713 8768
8713 8769
8713 8770
8713 8890
8713 8903
8713 8918
8713 8936
8713 8940
8713 8944
8713 8946
8713 8948
8713 8951
8713 8952
8713 8953
700 5464
8496 8645
9931 731
8442 20947
8442 8541
8496 8442
8496 8541
8496 1964
8496 5928
8496 8376
8496 8380
8496 8388
8496 8393
8496 8397
8496 8404
8496 8405
8496 8408
8496 8410
8496 8411
8496 8414
8496 8417
8496 8419
8496 8427
8496 8428
8496 8429
8496 8430
8496 8434
8496 8435
8496 8437
8496 8440
8496 8444
8496 8446
8496 8447
8496 8448
8496 8449
8496 8452
8496 8453
8496 8455
8496 8463
8496 8464
8496 8468
8496 8469
8496 8470
8496 8471
8496 8475
8496 8476
8496 8477
8496 8479
8496 8481
8496 8483
8496 8485
8496 8486
8496 8488
8496 8490
8496 8493
8496 8494
8496 8495
8496 8503
8496 8504
8496 8505
8496 8506
8496 8511
8496 8512
8496 8513
8496 8515
8496 8518
8496 8520
8496 8522
8496 8525
8496 8526
8496 8527
8496 8528
8496 8530
8496 8532
8496 8534
8496 8535
8496 8536
8496 8537
8496 8539
8496 8546
8496 8548
8496 8549
8496 8550
8496 8551
8496 8553
8496 8555
8496 8557
8496 8563
8496 8564
8496 8566
8496 8568
8496 8570
8496 8573
8496 8576
8496 8646
8496 8650
8496 8654
8496 8655
8496 8656
8496 8658
8496 8659
8496 8662
8496 8665
8496 8666
8496 8667
8496 8668
8496 8669
8496 8671
8496 8672
8496 8673
8496 8676
8496 8677
8496 8680
8496 8681
8496 8682
8496 8685
8496 8687
8496 8699
8496 8700
8496 8701
8496 8702
8496 8703
8496 8705
8496 8706
8496 8708
8496 8709
8496 8710
8496 8714
8496 8715
8496 8716
8496 8717
8496 8718
8496 8719
8496 8720
8496 8721
8496 8722
8496 8723
8496 8724
8496 8725
8496 8727
8496 8728
8496 8729
8496 8731
8496 8736
8496 8737
8496 8738
8496 8739
8496 8740
8496 8741
8496 8742
8496 8743
8496 8744
8496 8745
8496 8747
8496 8748
8496 8749
8496 8751
8496 8752
8496 8753
8496 8754
8496 8756
8496 8757
8496 8759
8496 8760
8496 8761
8496 8762
8496 8768
8496 8769
8496 8770
8496 8890
8496 8903
8496 8918
8496 8936
8496 8940
8496 8944
8496 8946
8496 8948
8496 8951
8496 8952
8496 8953
9931 15482
1:
4709 12818
4709 4598
12818 4598
2:
1380 1302
1380 14472
1380 17644
1380 3015
1380 3903
1380 42762
1380 7727
3015 1302
3015 14472
17644 3015
3015 3903
3015 42762
3015 7727
3:
4709 17298
4709 19631
4709 6654
4709 7427
17298 19631
17298 6654
17298 7427
4:
17298 37276
17298 37277
17298 37288
37276 37288
37277 37288
5:
1900 961
586 961
1900 586
6:
19279 56240
19279 80341
19279 80418
19279 80419
19279 80422
19279 82596
19279 82597
19279 82598
19279 82599
82694 19279
82694 56240
82694 80341
82694 80418
82694 80419
82694 80422
82694 82596
82694 82597
82694 82598
82694 82599
7:
19792 19407
19792 19785
19792 19790
19792 19794
19792 19796
19792 19797
19792 19798
19800 19792
19800 19407
19800 19785
19800 19790
19800 19794
19800 19796
19800 19797
19800 19798
8:
544 20740
544 20764
544 20813
544 20827
544 20743
20740 8431
20764 8431
20827 8431
20740 20764
20740 20771
20740 20813
20740 20827
20740 22949
20764 20771
20764 20813
20764 20827
20764 20743
20827 20771
20827 20813
20827 22949
9:
544 20742
544 20768
544 20761
544 20811
544 20840
20742 8431
20761 8431
20742 20767
20742 20768
20742 20848
20742 21149
20742 21253
20761 20742
20767 20848
20767 21149
20767 21253
20761 20767
20761 20768
20761 20848
20761 21149
20761 21253
20811 21253
20761 20748
20761 20811
20811 20748
20811 20840
10:
20802 8431
23075 8431
20802 23075
11:
544 20837
544 20878
544 20815
20878 8431
20920 8431
20878 20837
20920 20837
20878 12045
20878 20815
20878 20913
20878 20987
20878 20989
20878 20990
20878 20991
20878 20992
20878 20994
20878 20995
20878 20996
20878 20997
20878 20998
20878 20999
20878 21000
20878 21001
20878 21002
20878 21003
20878 21005
20878 21006
20878 21008
20920 20878
23279 20878
20920 12045
20920 20815
20920 20913
20920 20987
20920 20989
20920 20990
20920 20991
20920 20992
20920 20994
20920 20995
20996 20999
20920 20996
20920 20997
20920 20998
20920 20999
20920 21000
20920 21001
20920 21002
20920 21003
20920 21005
20920 21006
20920 21008
20920 23279
12:
786 28435
40368 786
40368 28435
13:
32032 2846
61839 2846
32032 61839
14:
3213 46566
3213 80315
3213 80340
3213 80423
80315 78909
80340 78909
80365 78909
46566 80295
80340 80295
34891 80295
80340 46566
80315 80340
80423 80315
80315 80365
80340 34891
15:
35763 3147
35940 3147
35942 3147
35943 3147
35763 35940
35763 35942
35763 35943
16:
37971 5204
37972 5204
37972 37971
17:
37981 5204
38050 5204
38050 37981
18:
52013 52118
52384 52013
52384 52118
19:
3131 31768
3131 3858
3131 61651
3131 61652
3131 61653
55796 3131
61651 31768
55796 31768
61651 3858
55796 3858
61651 61652
61651 61653
55796 61651
61651 31749
55796 61652
55796 61653
55796 31749
20:
56859 56863
56859 56905
56859 56952
56859 56953
56859 56954
56859 85577
56859 85582
85577 56863
85582 56863
56955 56863
85574 56863
85582 56905
85582 56952
85582 56953
85582 56954
85577 56955
85574 56955
21:
4580 2846
61822 2846
61822 4580
22:
67240 34506
67354 34506
67240 18198
67354 18198
67240 67308
67244 67308
67354 67308
67240 67244
67240 67274
67240 67350
67240 67351
67240 67353
67240 67354
67240 67355
67354 67244
67354 67274
67354 67350
67354 67351
67354 67353
67354 67355
23:
3585 3083
6878 3585
6878 3083
24:
527 78141
527 78163
78163 963
78356 963
78163 78141
78356 78141
78163 78355
78163 78356
78356 78355
25:
12818 3011
3011 12520
35292 3011
12818 12520
35292 12520
26:
1529 131
8377 131
8377 1529
27:
4709 1572
4709 1603
1572 1603
28:
3351 47929
3351 7707
7707 47929
29:
144 736
3449 144
3449 736
30:
42891 3460
42932 3460
42930 3460
42891 42932
42930 42932
31:
501 5177
501 52145
52145 5177
32:
10189 2980
4717 10189
4717 2980
33:
2392 5459
2392 811
811 5459
34:
3286 17124
3286 17267
17124 17267
35:
20944 21149
24292 21149
20944 21253
24292 21253
20944 21045
24292 21045
24292 20944
36:
57016 56863
85555 56863
84045 56863
85552 56863
85578 56863
57016 10600
57016 57007
57016 5944
57016 5955
57016 85553
57016 85554
57016 85555
57016 85556
57016 85557
57016 85558
57016 85559
57016 85560
57016 85562
57016 85563
57016 85564
57016 85565
57016 85566
57016 85567
57016 85568
57016 85569
57016 85570
57016 85571
57016 85572
84045 57016
85552 57016
85578 57016
85555 10600
84045 10600
85552 10600
85578 10600
85555 57007
84045 57007
85552 57007
85578 57007
85555 5944
84045 5944
85552 5944
85578 5944
85555 5955
84045 5955
85552 5955
85578 5955
85555 85553
84045 85553
85552 85553
85578 85553
85555 85554
84045 85554
85552 85554
85578 85554
85555 85556
85555 85557
85555 85558
85555 85559
85555 85560
85555 85562
85555 85563
85555 85564
85555 85565
85555 85566
85555 85567
85555 85568
85555 85569
85555 85570
85555 85571
85555 85572
84045 85555
85555 33268
85555 33413
85555 85265
85555 85552
85555 85561
85578 85555
84045 85556
85552 85556
85578 85556
84045 85557
85552 85557
85578 85557
84045 85558
85552 85558
85578 85558
84045 85559
85552 85559
85578 85559
84045 85560
85552 85560
85578 85560
84045 85562
85552 85562
85578 85562
84045 85563
85552 85563
85578 85563
84045 85564
85552 85564
85578 85564
84045 85565
85552 85565
85578 85565
84045 85566
85552 85566
85578 85566
84045 85567
85552 85567
85578 85567
84045 85568
85552 85568
85578 85568
84045 85569
85552 85569
85578 85569
84045 85570
85552 85570
85578 85570
85552 85571
85578 85571
84045 85572
85552 85572
85578 85572
84045 33268
84045 33413
84045 85265
84045 85552
84045 85561
85552 33268
85578 33268
85552 33413
85578 33413
85552 85265
85578 85265
85552 85561
85578 85561
37:
17932 1866
17932 1867
1866 1867
38:
3203 1352
3217 1352
3203 3217
39:
558 20430
558 3923
20430 3923
