# The links inside the directed communities at k=14
# from /Users/bogna/dev/role-mining/datasets/hepth/timeslots/cit-HepTh-2000.edges
# at no lower link weight threshold,
# and at no upper link weight threshold.
# Links were treated as directed.
# No time limit was set for the clique search.

0:
0001084 9912249
0001201 9912249
0002117 9912249
0002211 9912249
0002237 9912249
0003031 9912249
0005036 9912249
0006240 9912249
0007153 9912249
0008033 9912249
0008127 9912249
0008227 9912249
0011226 9912249
0001201 0001084
0002117 0001084
0002211 0001084
0002237 0001084
0003031 0001084
0005036 0001084
0006240 0001084
0007153 0001084
0008033 0001084
0008127 0001084
0008227 0001084
0011226 0001084
0002117 0001201
0002211 0001201
0002237 0001201
0003031 0001201
0005036 0001201
0006240 0001201
0007153 0001201
0008033 0001201
0008127 0001201
0008227 0001201
0011226 0001201
0002211 0002117
0002237 0002117
0003031 0002117
0005036 0002117
0006240 0002117
0007153 0002117
0008033 0002117
0008127 0002117
0008227 0002117
0011226 0002117
0002237 0002211
0003031 0002211
0005036 0002211
0006240 0002211
0007153 0002211
0008033 0002211
0008127 0002211
0008227 0002211
0011226 0002211
0003031 0002237
0005036 0002237
0006240 0002237
0007153 0002237
0008033 0002237
0008127 0002237
0008227 0002237
0011226 0002237
0005036 0003031
0006240 0003031
0007153 0003031
0008033 0003031
0008127 0003031
0008227 0003031
0011226 0003031
0006240 0005036
0007153 0005036
0008033 0005036
0008127 0005036
0008227 0005036
0011226 0005036
0007153 0006240
0008033 0006240
0008127 0006240
0008227 0006240
0011226 0006240
0008033 0007153
0008127 0007153
0008227 0007153
0011226 0007153
0008127 0008033
0008227 0008033
0011226 0008033
0008227 0008127
0011226 0008127
0011226 0008227
1:
0001084 9912249
0002117 9912249
0002211 9912249
0002237 9912249
0003031 9912249
0005036 9912249
0006240 9912249
0007153 9912249
0008033 9912249
0008127 9912249
0009038 9912249
0009189 9912249
0011029 9912249
0002117 0001084
0002211 0001084
0002237 0001084
0003031 0001084
0005036 0001084
0006240 0001084
0007153 0001084
0008033 0001084
0008127 0001084
0009038 0001084
0009189 0001084
0011029 0001084
0002211 0002117
0002237 0002117
0003031 0002117
0005036 0002117
0006240 0002117
0007153 0002117
0008033 0002117
0008127 0002117
0009038 0002117
0009189 0002117
0011029 0002117
0002237 0002211
0003031 0002211
0005036 0002211
0006240 0002211
0007153 0002211
0008033 0002211
0008127 0002211
0009038 0002211
0009189 0002211
0011029 0002211
0003031 0002237
0005036 0002237
0006240 0002237
0007153 0002237
0008033 0002237
0008127 0002237
0009038 0002237
0009189 0002237
0011029 0002237
0005036 0003031
0006240 0003031
0007153 0003031
0008033 0003031
0008127 0003031
0009038 0003031
0009189 0003031
0011029 0003031
0006240 0005036
0007153 0005036
0008033 0005036
0008127 0005036
0009038 0005036
0009189 0005036
0011029 0005036
0007153 0006240
0008033 0006240
0008127 0006240
0009038 0006240
0009189 0006240
0011029 0006240
0008033 0007153
0008127 0007153
0009038 0007153
0009189 0007153
0011029 0007153
0008127 0008033
0009038 0008033
0009189 0008033
0011029 0008033
0009038 0008127
0009189 0008127
0011029 0008127
0009189 0009038
0011029 0009038
0011029 0009189
