# The contained directed cliques in the directed communities at k=9
# from /Users/bogna/dev/role-mining/datasets/enron/timeslots/8-2001.edges
# at no lower link weight threshold,
# and at no upper link weight threshold.
# Links were treated as directed.
# No time limit was set for the clique search.

0: 3010 
1: 3517 3518 5158 4263 4264 4265 4987 4992 5157 5349 5350 4262 5351 4829 5142 4649 4650 4652 4830 4831 4834 4836 5143 4644 4653 4659 4645 4654 4655 4661 4995 5152 5281 5459 5283 5292 4832 4828 4663 4892 4893 4664 4898 4900 4901 4902 5153 4996 4998 4999 4985 4318 4986 4989 4990 4997 5138 5147 5148 4317 4319 4322 4327 4991 5139 5279 5149 3743 5140 5154 3741 3745 3744 5144 4891 4993 5282 4994 5146 5145 5155 5151 5150 4321 4323 4988 5280 4324 4677 4679 5403 5278 5404 5522 5277 5285 5507 5415 4899 4838 
2: 3891 3892 3893 3894 3971 3983 3984 3985 3986 4158 4159 4160 4161 4270 4271 4272 4273 4395 4396 4397 4398 4565 4566 4567 4568 3972 
