# The links inside the directed communities at k=10
# from /Users/bogna/dev/role-mining/datasets/hepth/timeslots/cit-HepTh-1995.edges
# at no lower link weight threshold,
# and at no upper link weight threshold.
# Links were treated as directed.
# No time limit was set for the clique search.

0:
9503086 9407087
9503121 9407087
9503179 9407087
9504113 9407087
9505004 9407087
9505006 9407087
9505051 9407087
9505067 9407087
9505088 9407087
9506077 9407087
9506148 9407087
9507018 9407087
9509066 9407087
9510148 9407087
9510228 9407087
9503086 9408099
9503121 9408099
9503179 9408099
9504113 9408099
9505004 9408099
9505006 9408099
9505051 9408099
9505067 9408099
9505088 9408099
9506077 9408099
9506148 9408099
9507018 9408099
9509066 9408099
9510148 9408099
9510228 9408099
9503086 9411149
9503121 9411149
9503179 9411149
9504113 9411149
9505004 9411149
9505006 9411149
9505051 9411149
9505067 9411149
9505088 9411149
9506077 9411149
9506148 9411149
9506196 9411149
9507018 9411149
9509066 9411149
9510148 9411149
9510228 9411149
9503179 9503086
9504113 9503086
9505004 9503086
9505067 9503086
9505088 9503086
9506077 9503086
9506148 9503086
9506196 9503086
9507018 9503086
9509066 9503086
9510148 9503086
9510228 9503086
9503179 9503121
9504113 9503121
9505051 9503121
9505088 9503121
9506077 9503121
9506148 9503121
9509066 9503121
9510228 9503121
9504113 9503179
9505004 9503179
9505051 9503179
9505067 9503179
9505088 9503179
9506077 9503179
9506148 9503179
9506196 9503179
9507018 9503179
9509066 9503179
9510148 9503179
9510228 9503179
9505051 9504113
9505088 9504113
9506077 9504113
9506148 9504113
9506196 9504113
9507018 9504113
9509066 9504113
9510148 9504113
9510228 9504113
9505051 9505004
9505067 9505004
9505088 9505004
9506077 9505004
9506148 9505004
9506196 9505004
9507018 9505004
9509066 9505004
9510148 9505004
9510228 9505004
9505051 9505006
9505088 9505006
9506077 9505006
9506148 9505006
9507018 9505006
9509066 9505006
9510148 9505006
9510228 9505006
9505088 9505051
9506077 9505051
9506148 9505051
9506196 9505051
9507018 9505051
9509066 9505051
9510148 9505051
9510228 9505051
9506077 9505067
9507018 9505067
9509066 9505067
9510148 9505067
9510228 9505067
9506077 9505088
9506148 9505088
9506196 9505088
9507018 9505088
9509066 9505088
9510148 9505088
9510228 9505088
9506148 9506077
9506196 9506077
9507018 9506077
9509066 9506077
9510148 9506077
9510228 9506077
9506196 9506148
9507018 9506148
9509066 9506148
9510148 9506148
9510228 9506148
9507018 9506196
9509066 9506196
9509066 9507018
9510148 9507018
9510228 9507018
9510148 9509066
9510228 9509066
9510228 9510148
1:
9505105 9407087
9505162 9407087
9506112 9407087
9507050 9407087
9508155 9407087
9510093 9407087
9510142 9407087
9511171 9407087
9512060 9407087
9505105 9410167
9505162 9410167
9507050 9410167
9508155 9410167
9510093 9410167
9510142 9410167
9510234 9410167
9511171 9410167
9512060 9410167
9505162 9505105
9506112 9505105
9507050 9505105
9508155 9505105
9510093 9505105
9510142 9505105
9510234 9505105
9511171 9505105
9512060 9505105
9506112 9505162
9507050 9505162
9508155 9505162
9510093 9505162
9510142 9505162
9510234 9505162
9511171 9505162
9512060 9505162
9507050 9506112
9508155 9506112
9510093 9506112
9510142 9506112
9510234 9506112
9511171 9506112
9512060 9506112
9508155 9507050
9510093 9507050
9510142 9507050
9510234 9507050
9511171 9507050
9512060 9507050
9510093 9508155
9510142 9508155
9510234 9508155
9511171 9508155
9512060 9508155
9510142 9510093
9510234 9510093
9511171 9510093
9512060 9510093
9510234 9510142
9511171 9510142
9512060 9510142
9511171 9510234
9512060 9510234
9512060 9511171
2:
9505105 9504145
9505162 9504145
9507050 9504145
9508155 9504145
9510093 9504145
9510142 9504145
9510234 9504145
9511058 9504145
9511228 9504145
9505162 9505105
9506110 9505105
9506112 9505105
9507050 9505105
9508155 9505105
9510093 9505105
9510142 9505105
9510234 9505105
9511058 9505105
9511228 9505105
9512138 9505105
9506110 9505162
9506112 9505162
9507050 9505162
9508155 9505162
9510093 9505162
9510142 9505162
9510234 9505162
9511058 9505162
9511228 9505162
9512138 9505162
9507050 9506110
9508155 9506110
9510093 9506110
9510142 9506110
9510234 9506110
9511058 9506110
9511228 9506110
9512138 9506110
9507050 9506112
9508155 9506112
9510093 9506112
9510142 9506112
9510234 9506112
9511058 9506112
9511228 9506112
9512138 9506112
9508155 9507050
9510093 9507050
9510142 9507050
9510234 9507050
9511058 9507050
9511228 9507050
9512138 9507050
9510093 9508155
9510142 9508155
9510234 9508155
9511058 9508155
9511228 9508155
9512138 9508155
9510142 9510093
9510234 9510093
9511058 9510093
9511228 9510093
9512138 9510093
9510234 9510142
9511058 9510142
9511228 9510142
9511058 9510234
9511228 9510234
9512138 9510234
9511228 9511058
9512138 9511058
9512138 9511228
3:
9502072 9411048
9504006 9411048
9505105 9411048
9505162 9411048
9506075 9411048
9506112 9411048
9507113 9411048
9508155 9411048
9509160 9411048
9510079 9411048
9504006 9502072
9505162 9502072
9506075 9502072
9506112 9502072
9507113 9502072
9508155 9502072
9509160 9502072
9510079 9502072
9505105 9504006
9505162 9504006
9506075 9504006
9506112 9504006
9507113 9504006
9508155 9504006
9509160 9504006
9510079 9504006
9505162 9505105
9506075 9505105
9506112 9505105
9507113 9505105
9508155 9505105
9509160 9505105
9510079 9505105
9506075 9505162
9506112 9505162
9507113 9505162
9508155 9505162
9509160 9505162
9510079 9505162
9506112 9506075
9507113 9506075
9508155 9506075
9509160 9506075
9510079 9506075
9507113 9506112
9508155 9506112
9509160 9506112
9510079 9506112
9508155 9507113
9509160 9507113
9510079 9507113
9509160 9508155
9510079 9508155
9510079 9509160
4:
9502072 9407087
9504006 9407087
9504090 9407087
9505105 9407087
9505162 9407087
9506110 9407087
9506112 9407087
9507113 9407087
9508155 9407087
9509009 9407087
9509160 9407087
9512129 9407087
9504006 9502072
9505162 9502072
9506110 9502072
9506112 9502072
9507113 9502072
9508155 9502072
9509009 9502072
9509160 9502072
9512129 9502072
9505105 9504006
9505162 9504006
9506110 9504006
9506112 9504006
9507113 9504006
9508155 9504006
9509009 9504006
9509160 9504006
9512129 9504006
9505105 9504090
9505162 9504090
9506112 9504090
9507113 9504090
9508155 9504090
9509009 9504090
9509160 9504090
9512129 9504090
9505162 9505105
9506110 9505105
9506112 9505105
9507113 9505105
9508155 9505105
9509009 9505105
9509160 9505105
9512129 9505105
9506110 9505162
9506112 9505162
9507113 9505162
9508155 9505162
9509009 9505162
9509160 9505162
9512129 9505162
9507113 9506110
9508155 9506110
9509009 9506110
9509160 9506110
9512129 9506110
9507113 9506112
9508155 9506112
9509009 9506112
9509160 9506112
9512129 9506112
9508155 9507113
9509009 9507113
9509160 9507113
9512129 9507113
9509009 9508155
9509160 9508155
9512129 9508155
9509160 9509009
9512129 9509009
9512129 9509160
5:
9504090 9407087
9505105 9407087
9505162 9407087
9506075 9407087
9506112 9407087
9507050 9407087
9507113 9407087
9508155 9407087
9509009 9407087
9510142 9407087
9511228 9407087
9505105 9504090
9505162 9504090
9506075 9504090
9506112 9504090
9507050 9504090
9507113 9504090
9508155 9504090
9509009 9504090
9510142 9504090
9511228 9504090
9505162 9505105
9506075 9505105
9506112 9505105
9507050 9505105
9507113 9505105
9508155 9505105
9509009 9505105
9510142 9505105
9511228 9505105
9506075 9505162
9506112 9505162
9507050 9505162
9507113 9505162
9508155 9505162
9509009 9505162
9510142 9505162
9511228 9505162
9506112 9506075
9507113 9506075
9508155 9506075
9510142 9506075
9511228 9506075
9507050 9506112
9507113 9506112
9508155 9506112
9509009 9506112
9510142 9506112
9511228 9506112
9507113 9507050
9508155 9507050
9510142 9507050
9511228 9507050
9508155 9507113
9509009 9507113
9510142 9507113
9511228 9507113
9509009 9508155
9510142 9508155
9511228 9508155
9510142 9509009
9511228 9509009
9511228 9510142
