# The links inside the directed communities at k=11
# from /Users/bogna/dev/role-mining/datasets/hepth/timeslots/cit-HepTh-1996.edges
# at no lower link weight threshold,
# and at no upper link weight threshold.
# Links were treated as directed.
# No time limit was set for the clique search.

0:
9602043 9601029
9602051 9601029
9602065 9601029
9603061 9601029
9603078 9601029
9603126 9601029
9603147 9601029
9603195 9601029
9605051 9601029
9606033 9601029
9606185 9601029
9602051 9602043
9602065 9602043
9603061 9602043
9603078 9602043
9603126 9602043
9603147 9602043
9603195 9602043
9605051 9602043
9606033 9602043
9606185 9602043
9602065 9602051
9603061 9602051
9603078 9602051
9603126 9602051
9603147 9602051
9603195 9602051
9605051 9602051
9606033 9602051
9606185 9602051
9603061 9602065
9603078 9602065
9603126 9602065
9603147 9602065
9603195 9602065
9605051 9602065
9606033 9602065
9606185 9602065
9603126 9603061
9603147 9603061
9603195 9603061
9605051 9603061
9606033 9603061
9606185 9603061
9603126 9603078
9603147 9603078
9603195 9603078
9605051 9603078
9606033 9603078
9606185 9603078
9603147 9603126
9603195 9603126
9605051 9603126
9606033 9603126
9606185 9603126
9603195 9603147
9605051 9603147
9606033 9603147
9606185 9603147
9605051 9603195
9606033 9603195
9606185 9603195
9606033 9605051
9606185 9605051
9606185 9606033
1:
9601029 9511064
9602043 9601029
9602051 9601029
9603061 9601029
9603126 9601029
9604134 9601029
9604189 9601029
9605051 9601029
9606033 9601029
9606185 9601029
9602043 9511064
9602051 9511064
9603061 9511064
9603126 9511064
9604134 9511064
9604189 9511064
9605051 9511064
9606033 9511064
9606185 9511064
9602051 9602043
9603061 9602043
9603126 9602043
9604134 9602043
9604189 9602043
9605051 9602043
9606033 9602043
9606185 9602043
9603061 9602051
9603126 9602051
9604134 9602051
9604189 9602051
9605051 9602051
9606033 9602051
9606185 9602051
9603126 9603061
9604134 9603061
9604189 9603061
9605051 9603061
9606033 9603061
9606185 9603061
9604134 9603126
9604189 9603126
9605051 9603126
9606033 9603126
9606185 9603126
9604189 9604134
9605051 9604134
9606033 9604134
9606185 9604134
9605051 9604189
9606033 9604189
9606185 9604189
9606033 9605051
9606185 9605051
9606185 9606033
