# The contained directed cliques in the directed communities at k=10
# from /Users/bogna/dev/role-mining/datasets/hepth/timeslots/cit-HepTh-1998.edges
# at no lower link weight threshold,
# and at no upper link weight threshold.
# Links were treated as directed.
# No time limit was set for the clique search.

0: 7300 7301 11102 7304 11103 11099 11669 
1: 7358 7359 10353 10363 
2: 8179 8180 
3: 8630 8631 8632 8639 8640 9861 8633 8642 8643 9868 8652 8653 9888 8649 9886 8650 9879 8648 9880 8638 8651 9877 8641 9857 9865 9855 9860 9866 9867 9885 9887 13204 13304 13307 13308 14123 9850 9856 9875 9849 9852 9870 13302 9851 9869 14294 9871 14295 9872 14300 9876 13311 13202 13203 13303 13310 9859 9881 11738 13195 13196 13197 13199 13201 13205 13207 13208 13213 13305 13306 13603 13604 11739 11753 11735 11754 13200 13217 11734 11745 11744 14110 14114 14116 13212 13214 13215 13602 13605 13606 13607 13608 14109 14111 14112 14113 14115 14117 14118 14119 14120 14121 14122 14124 14151 14152 13198 13206 13216 13209 13211 14159 14167 14145 14160 14165 14146 14147 14148 14149 13610 14150 13611 13612 14163 14168 14161 14164 14162 14166 13210 13609 13613 13614 11731 12203 12202 9883 14299 
4: 9030 9031 11332 11336 
5: 9700 9702 9708 9714 12513 9710 9716 12514 9730 12518 9728 12534 12533 12488 12490 12498 12499 12517 12523 12524 12525 12526 12527 12531 12547 12551 12552 12553 12554 12561 12562 12563 17886 17893 17896 17900 17909 18151 18255 12480 12484 12485 12486 12489 12491 12500 12501 12548 17964 18188 18209 18210 18212 20241 20627 12478 12481 12482 12543 12479 12541 12483 12542 12546 12540 12544 12545 12564 12536 12538 12539 12535 12537 12487 12492 12496 12503 12549 17956 18187 18190 18199 18202 18228 20234 20619 12493 12495 12516 12550 12556 18204 12494 12497 12502 12528 12555 12558 18249 12504 12505 12529 12557 12559 18241 18238 18242 18460 18483 18536 18542 17906 17962 18198 18201 18203 18220 18221 18222 18227 18239 18240 18244 18245 18247 18248 18254 18257 18258 18262 18263 18424 18440 18456 18458 19540 20039 20080 20245 20246 20249 20250 20251 20252 20253 20254 20261 20262 20272 20635 20636 20984 21223 21224 21227 21905 21985 22386 22875 22998 23087 23095 23096 23097 23276 23351 23353 23620 23633 23634 23635 23637 23654 23655 23657 23706 23711 23939 23963 23965 12515 17892 17894 17907 17908 18156 18160 18164 12519 12520 12521 17938 17941 17946 12522 12530 17895 12532 12560 17967 17959 17961 17966 17933 17936 17950 17953 17954 17957 17970 20047 20054 20238 22321 22836 22935 23068 23070 23071 23106 23267 23703 23710 23716 23957 17934 17951 18155 18183 18217 20151 17939 17965 18152 17955 17963 17971 18211 18267 20331 20532 20628 20653 18271 18230 18269 18270 20649 20659 18189 18229 18251 18266 20296 20497 20590 20620 20631 20632 20633 20644 20652 20655 20656 20657 23347 23349 20233 20316 20515 20585 20617 20618 20626 20651 20654 21917 22005 23804 23806 18268 19259 19539 19541 19542 19545 19547 19548 19998 20037 20038 20041 20043 20045 20046 20048 20049 20050 20051 20052 20053 20055 20056 20057 20059 20060 20061 20062 20063 20064 20065 20075 20076 20077 20078 20081 20085 20086 20087 20092 20093 20094 20099 20106 20113 20119 20122 20123 20154 20159 20166 20167 20168 20169 20172 20198 20235 20236 20237 20239 20240 20242 20243 20244 20247 20248 20255 20256 20257 20258 20259 20260 20265 20266 20269 20270 20271 20275 20276 20277 20278 20295 20314 20315 20317 20318 20319 20320 20321 20323 20324 20325 20330 20334 20335 20336 20357 20358 20359 20363 20368 20375 20408 20513 20514 20516 20521 20527 20556 20621 20622 20623 20625 20630 20638 20641 20646 20658 20660 20918 20919 20927 20936 20948 20974 21195 21197 21198 21199 21202 21207 21210 21212 21214 21217 21220 21232 21239 21244 21280 21388 21916 21970 22125 22319 22922 22923 22924 22933 22944 22958 22987 23064 23069 23077 23091 23104 23325 23455 23461 23462 23480 23509 23521 23529 23632 23702 23704 23705 23924 23925 23926 23928 23931 23934 23937 23944 23949 23955 23956 23958 23959 23960 23961 23967 23969 23978 24056 24067 15614 19142 19189 19191 19192 19200 19224 19252 19253 19254 19255 19256 19257 19258 19260 19261 19262 19269 19270 19271 19272 19273 19275 19276 19277 19278 19279 19282 19287 19288 19359 20170 20173 20174 20199 20200 20202 20203 20204 20205 20206 20207 20208 20209 20210 20220 20221 20222 20517 20518 20586 20589 21104 21105 23175 23176 23177 23266 23268 15606 15610 15613 15615 15590 15607 15608 15609 15611 15612 15616 15617 15618 15619 15620 15621 15622 15623 15624 15625 15627 15633 15662 18437 20058 20066 20067 20069 20071 20073 20082 20083 20088 20089 20095 20096 20100 20101 20102 20103 20107 20108 20109 20110 20116 20124 20125 20155 20156 20157 20160 20161 20162 20163 20180 20188 20194 20311 20312 20326 20327 20337 20338 20360 20365 20371 20378 20385 20392 20411 20447 20453 20524 20531 22322 22925 22936 22947 22960 23072 23078 23107 15591 15592 15600 15601 15602 15628 15629 15636 15728 15729 20917 20920 20926 20928 20929 20935 20937 20938 20942 20945 20949 20950 20976 20988 21001 21013 21023 21037 21049 21074 21089 21097 21391 21399 21407 21418 22926 22937 22948 22961 15593 15596 15599 15634 15637 15638 15656 15730 15731 15732 15733 15734 15735 15736 15738 18387 20954 20957 20958 20959 20960 20961 20962 20963 20973 20975 20980 20985 20987 20994 20998 21000 21006 21010 21012 21018 21022 21028 21032 21034 21036 21042 21046 21048 21054 21057 21062 21117 21135 21150 21439 21440 21441 21474 21485 21497 21509 21523 21537 21549 22970 22971 22972 22990 23003 23018 23032 23046 23082 23083 23108 15578 15581 15594 15597 15603 15626 15630 15704 15724 15742 15743 15744 19184 20904 20907 20908 20909 20910 20969 20986 21035 21063 21292 22911 15580 15584 15587 15639 15749 15771 15773 15775 19852 19853 19858 19859 19880 22912 15583 15586 15772 19856 19857 15589 15774 19863 19864 15644 15778 19901 19902 15641 15642 15643 15646 15663 15667 15682 15683 15766 15781 15782 19899 19900 19903 22347 15674 15676 15679 15780 19886 19887 15632 15654 15672 15673 15677 15716 22092 22097 22166 22168 22173 22175 22194 15631 15635 15705 15706 15707 20343 21429 22039 22040 22041 22042 22043 22047 22048 22053 22054 22056 22058 22069 22070 22071 22073 22077 22079 22080 22081 22082 22084 22085 22086 22089 22176 22178 22179 22184 22185 22186 22188 22216 22228 22241 22254 22269 22470 22473 22475 22499 22503 22504 22740 22966 15598 21299 21300 21303 21304 21306 21308 22045 22046 22049 22050 22051 22055 22057 22059 22060 22061 22062 22063 22064 22065 22067 22068 22128 22137 22146 22157 22480 22481 22485 22486 22488 22489 22493 22663 22664 22667 22668 22669 22670 23145 23146 23147 23326 23328 23332 15604 21290 21291 21297 21298 21301 21302 21305 21307 21309 21310 21311 21317 21318 21322 21324 21329 21331 21338 21340 21342 21351 21352 21599 21600 19221 19223 19225 19226 19227 19163 19187 19220 19230 19232 19238 19243 21603 21616 21713 15568 19156 19157 19158 19160 19161 19162 19165 19166 19167 19168 19169 19171 19172 19173 19174 20793 20797 20798 20800 20813 20824 23395 15540 15555 15570 15573 15684 15700 19159 19216 19217 19218 19234 19236 19242 20777 20778 20779 20780 20803 20822 21699 23385 15699 22658 23383 23384 23391 23401 23407 15708 15720 15722 15723 15751 19492 19589 19590 19591 19593 19594 19595 19597 19601 19606 19610 19697 19698 19700 22104 15715 15753 19623 15652 15713 15765 15779 15787 21363 22095 22099 22195 15650 15657 15658 15659 15665 21356 21358 21361 21362 21449 21293 21294 21334 21344 21345 18425 21295 21323 21327 21350 21357 21367 21453 21604 21605 21700 22289 18389 18396 18397 18403 18417 18421 18422 18426 18427 18428 18429 18430 18431 18432 18434 18435 18436 18442 18443 18445 18452 18453 18454 18457 18461 18462 18463 18464 18465 18466 18467 18468 18469 18470 18472 18476 18479 18485 18487 18516 18528 18529 18530 18531 18533 18534 18537 18538 18544 18545 18549 18550 18554 18570 18575 18595 20298 20299 20809 20990 21320 21325 21328 21332 21336 21348 21364 21368 21466 21468 21471 21481 21482 21483 21484 21486 21487 21488 21489 21495 21498 21507 21510 21535 21538 21569 21612 21613 21614 21723 21726 21984 22072 22078 22083 22103 22225 22226 22231 22375 22387 22388 22501 22681 18386 18388 18390 18392 18393 18394 18395 18398 18399 18438 18455 18508 18509 18574 18576 18577 18578 18579 19891 19904 20361 20364 20366 20367 20372 20386 20972 20983 20989 20997 21009 21033 21127 21386 21387 21395 21396 21403 21404 21424 21438 21451 21457 21469 21470 21472 21475 21479 21490 21491 21493 21494 21496 21499 21503 21505 21506 21508 21511 21515 21518 21530 21531 21533 21534 21536 21539 21543 21545 21546 21568 21573 21640 21665 21666 21672 21684 21829 22124 22134 22143 22183 22202 22211 22212 22217 22224 22227 22229 22230 22235 22237 22238 22242 22250 22251 22255 22316 22318 22327 22359 22365 22379 22380 22385 22392 22393 22394 22399 22405 22406 22412 22421 22425 22426 22431 22549 22629 22986 22997 23013 23027 23090 23094 23103 23115 23125 18384 18385 18420 20872 18405 23848 18413 18474 23616 18410 18412 18477 23623 18408 18409 18447 20003 18439 19134 19143 18423 18441 18446 18572 19265 19268 20040 20084 18571 19201 19313 19322 15726 19182 19183 19311 19312 19314 19317 19320 19321 19323 19324 19328 19333 19334 19335 19341 19349 19350 19351 19360 20906 20991 20992 20993 21166 21167 21746 22913 23061 15727 15745 19352 19355 19358 19366 15725 19353 15701 19315 15605 19336 19247 19178 19194 21789 20839 20805 20840 23764 20802 20806 20807 21724 23403 19164 20784 20791 20801 20827 21321 21721 23400 19170 19175 19233 19145 19204 19219 19239 19240 19244 20783 20818 20819 20820 20826 20886 20887 21990 19132 19135 19137 19140 19146 19147 19148 19149 19150 19978 19979 20007 20008 20009 20017 20018 20019 20376 20377 20379 19133 19144 19974 19975 19976 19977 19997 19999 20496 20000 20149 20584 19982 19988 20001 20002 20004 20005 20006 20010 20201 20558 20587 20591 20871 19980 19981 20346 20542 19136 19995 20539 23624 15556 19141 19263 15557 15558 19991 20013 19138 19986 19987 19989 19990 19992 19993 20011 20012 20016 20179 20186 20187 20189 20192 20383 20462 20470 20471 20472 20473 20476 20562 20863 23622 23853 23864 19139 19264 19984 19985 20183 20184 20467 20468 19266 19197 19267 19274 19356 20175 20176 20178 20181 20191 20193 20195 20196 20197 20217 20218 20219 20475 20477 20478 20479 19195 19196 19203 19208 19318 21148 21149 19185 19186 19193 19198 19209 19229 19231 19316 19330 19354 21058 21084 21085 21112 21113 21114 21115 21116 21119 21120 21128 21129 21609 21610 21650 23185 23186 19205 19325 20911 20912 21021 21296 21702 21703 22914 19202 19206 19207 19210 19213 19235 19326 19329 19344 19364 21158 21159 21176 21177 21178 21179 21183 21184 21187 21188 19212 19214 19215 19237 19342 19361 20999 21108 21109 21164 21165 21168 21169 21170 21171 21172 21173 23249 23250 23251 23297 23298 23299 19248 19280 21284 19249 19250 19251 22037 19283 19343 21288 23719 19080 19284 19285 20283 20284 20285 20286 23713 23995 19078 19079 19081 19073 19082 19074 20281 20282 23714 24052 20279 20287 20289 20678 20679 23235 23712 23808 24051 20280 20677 23695 19281 20214 21285 20014 20104 20105 20117 20211 20212 20215 20216 20263 20382 20384 20389 20390 20561 21185 23124 23126 23127 23243 23295 23304 23307 23308 23309 20015 20896 20391 20565 20897 17555 17588 17638 17691 17729 18444 19544 19561 19562 19563 19564 19661 20090 20097 20111 20112 20145 20267 20268 20292 20294 20297 20300 20301 20302 20328 20345 20352 20353 20354 20355 20356 20369 20370 20373 20374 20380 20381 20387 20388 20393 20394 20395 20396 20397 20398 20399 20400 20401 20402 20403 20404 20405 20430 20432 20434 20436 20440 20450 20452 20457 20458 20461 20464 20480 20499 20501 20523 20551 20554 20567 20568 20639 21047 21521 21547 21548 21550 21552 21553 22252 22395 22397 22398 22408 22417 22423 22427 22430 22432 22433 22434 22435 22436 22468 22476 22477 23030 23131 23364 14075 15664 15668 17549 17552 17554 17556 17557 17558 17562 17569 17570 17571 17576 17577 17578 17587 17589 17592 17607 17632 17634 17637 17639 17641 17642 17652 17665 17673 17690 17692 17695 17728 17730 19752 20074 20291 20293 20303 20304 20306 20340 20341 20349 20351 20495 20545 20546 22367 14076 15666 15680 15746 15767 20309 20342 20348 20350 20550 15655 15678 15681 20307 20308 20310 22304 22308 15762 15763 21375 21376 21379 15714 15764 21436 21454 21460 21519 21423 21421 21432 21450 22169 21422 21426 21431 22167 21443 21458 21461 22172 20347 21525 21551 22187 20068 20070 20079 20091 20098 20322 20329 20339 20344 20362 20413 20466 20474 20481 20544 22358 22360 22401 20042 20044 20072 20115 20118 20540 20955 22967 23079 19550 19558 20114 20121 20126 20142 20150 20153 20177 20182 20185 20264 20274 20313 20333 20407 20460 20492 20498 20500 20502 20503 20533 20553 20571 20575 20645 20905 20947 20967 21024 21025 21059 21246 21267 21370 21524 21562 21748 22100 22105 22265 22300 22696 22908 22909 22915 22916 22957 22979 23040 23042 23043 23047 23060 23062 23109 23119 23135 23460 15721 19543 19546 19549 19551 19552 19553 19556 19557 19559 19565 19578 19580 19582 19646 19649 19659 19685 19686 19688 19692 23474 15717 15718 15750 19647 19650 15719 18520 19648 19651 19654 19657 19660 19667 18505 19575 19581 19666 19668 19669 19676 22999 23001 23002 23006 23008 23010 18504 18506 18507 18515 18547 19440 19447 19448 19449 18459 18513 18517 18535 18582 19441 19444 19445 19446 19868 23938 18449 18481 18488 18569 19869 21226 22982 23000 23016 23055 23348 23350 23352 23355 23358 23373 23456 23525 23707 23708 23709 23935 23940 23942 23945 23950 23953 14062 18401 18448 18450 18451 20563 20634 20637 20640 20643 23717 14060 14063 14056 14061 14064 14067 14057 14058 14059 14065 14072 14080 14079 14071 20441 19690 20152 20332 20442 20443 20444 20445 20446 20448 20449 20451 20454 20459 20463 20465 20482 20510 20511 20529 20530 20552 20588 21596 21597 21623 21627 22496 22497 22510 22514 22515 22598 22623 23152 19568 19569 19663 19687 19704 19554 19566 19570 19605 22622 19555 19587 23279 19655 19653 19665 19658 19664 18521 19473 19656 19678 19680 22409 22410 18514 18522 19560 22376 15739 20971 21433 21464 21467 21540 21541 21571 21677 21820 22181 22206 22209 22210 22232 22233 22284 22295 22297 22311 22349 22351 22361 22373 22374 22377 22381 22389 22390 22391 22402 22411 22428 22429 22440 22446 22450 22451 22561 22630 22633 22634 22635 22636 22770 22868 22869 22877 22981 22984 23005 23080 23086 23088 23098 23099 23137 23280 15737 15777 21528 21542 21555 21570 21681 22222 22234 22248 22261 22278 22283 22363 22382 22384 22403 22404 22414 22418 22419 22445 22463 22565 22627 22632 22637 22638 22646 23093 23100 23101 23113 23118 23121 23128 23133 23136 23284 22189 22191 22220 22247 22260 22270 22272 22276 22281 22546 22556 22559 22562 22564 22579 22995 23024 23038 23053 23058 23219 21445 21446 22192 22263 22751 22968 22974 22975 23084 20956 21430 21447 21477 21502 21514 21517 21527 21554 21678 21803 20968 21793 22965 19319 20913 20966 20978 21004 21016 21026 21027 21040 21052 21060 21061 21066 21121 21247 21269 21371 21465 21526 21565 21816 22978 22980 23049 23050 19357 19363 19368 19365 19367 23120 23134 23305 23487 19327 23306 19345 21182 19241 19346 19347 21876 23317 18656 21366 21617 21697 21698 21711 21727 21728 21729 21744 21877 21878 21879 21881 21887 21903 21983 22656 22657 23148 23314 23315 18654 18655 18652 18653 18673 18657 18672 18658 18674 18676 18678 18687 18689 18684 23405 19706 20828 20868 23149 23150 23151 23238 23239 23324 23346 23387 23396 23406 23410 23411 23413 23414 23415 23418 23696 23718 23803 18525 19525 19574 19609 19611 19612 19613 19616 19691 19701 19707 19708 21971 21982 22011 22102 23359 23370 23807 23811 23815 23816 23936 18486 18524 18404 18433 18471 18480 18482 18489 18564 21988 23334 23357 18418 20814 20799 21908 20795 21618 23397 20786 20790 20794 20804 20861 20862 21131 23392 23393 23402 23408 23618 20785 20857 21998 23388 23389 23417 20858 20859 20865 21652 23449 20866 21653 23451 20864 20884 20898 21686 23865 20860 20881 20895 21146 21683 23846 23854 20891 21126 23845 20888 20894 23860 20867 21031 23859 20870 20877 21821 23847 23855 20869 20876 20880 21823 23866 20875 20879 20883 21822 21930 24004 20873 20893 21831 21938 24006 20878 20882 20892 24005 24007 24011 23868 24008 24009 22240 22792 23015 23849 23867 23869 23870 19677 21005 21389 21397 21398 21406 21473 21501 21522 21840 22123 22126 22127 22129 22133 22135 22136 22138 22140 22142 22144 22145 22147 22150 22155 22182 22213 22214 22215 22218 22219 22221 22239 22243 22244 22245 22246 22253 22257 22259 22266 22267 22268 22317 22320 22323 22396 22535 22554 22570 22716 22773 22783 22790 22791 22793 22798 22801 22883 22931 22934 22945 22985 22988 22989 22993 23012 23014 23017 23020 23021 23022 23026 23028 23029 23031 23036 23044 23102 23105 23112 19469 19675 19468 19470 19472 19471 19457 19474 19450 19458 19459 19460 23089 19451 19452 19453 23512 19585 23513 23964 19576 19577 19598 19671 21235 23111 23530 23542 23947 23966 19579 23526 23537 23946 23952 19584 19614 21271 21274 23059 23473 23528 23539 23954 23975 19583 19592 19493 19596 19599 19699 19494 19495 19496 19500 19515 19516 19519 19527 19528 22044 22075 22076 22090 22091 17600 19499 19511 19520 19526 22066 22088 23372 17510 17573 17591 17601 17602 17603 17604 17606 17616 17653 17745 19497 19506 17503 17511 17512 18977 18978 17504 17505 18961 17506 17574 18962 17507 17513 17529 17575 18964 18965 18968 18983 18984 17514 17527 18969 17515 17538 17584 18986 18987 17516 17541 17619 18988 17542 17621 18989 17539 17766 19048 17528 17540 17733 19043 19044 17694 19016 17687 17696 17709 17724 17734 21463 22122 22205 22208 17688 17708 21385 17712 17726 17713 17714 17760 17761 22207 17612 17735 17736 17747 17752 17753 17754 17756 17757 17758 17762 19825 21566 22107 22273 22274 22277 22447 17585 17593 17611 17613 17615 17617 17643 17659 17660 17661 17664 22201 17635 17725 17731 21382 21452 21561 17663 22366 21455 22369 19767 21520 21558 21644 22290 22368 15784 19505 19631 19757 19763 19778 19784 15755 15756 15783 15748 15752 15757 19483 19629 19487 19489 19475 19461 19476 19454 19462 19455 23516 23971 23517 23973 21238 21250 21252 21258 21259 21261 23123 23129 23130 23508 23511 23514 23515 23545 23968 23970 21196 21201 21205 21206 21208 21215 21216 21218 21222 21225 21230 21231 21233 21237 21240 21241 21243 23505 23506 23507 23527 23948 20916 21200 21203 21211 21276 22921 23065 23503 23504 23510 20921 20922 20925 20931 20934 20940 20951 20977 20979 21045 21067 21068 21073 21093 21390 21393 21416 21572 21760 21762 21766 21771 22315 22326 22707 22832 22920 22928 22932 22942 22943 22959 23066 23067 23075 23076 23114 23122 23138 20914 20924 20930 20939 20941 20946 21002 21014 21071 21204 21209 21213 21219 21392 21400 21408 21414 21764 22130 22927 22938 22949 23073 20915 20970 21086 21759 22917 22918 21100 21708 22919 22951 23063 21087 21095 21101 21601 23171 23264 21088 21096 21133 21415 21625 21626 21633 21778 22512 23155 23156 23164 23188 21090 21122 21134 21628 21634 21779 22513 23157 23158 23165 23189 20158 21099 21118 21629 23159 20164 20165 20190 20456 20534 20455 20525 21098 23169 20469 21636 22525 20555 21130 21651 21668 22282 22500 22533 22551 22607 23204 20494 20512 20564 20569 21818 22768 19923 20493 20549 21740 22689 22817 19892 19905 19921 19924 17631 19879 19893 22098 17672 17675 19890 22203 17670 17671 17674 17620 17622 17765 17623 17767 17768 22200 22087 20141 20420 20426 21319 21326 21337 21339 21349 22106 22264 22275 22279 22469 22472 22474 22484 22487 22498 22502 22507 22659 22660 22963 22994 23045 23052 23369 20127 20131 20133 20135 20137 20139 20143 20147 20227 20433 21029 21030 20128 20129 20416 20418 20923 22929 22940 22953 20130 20132 20136 20417 22930 20140 20419 20944 22954 20138 20146 20431 21020 23039 18567 20144 20429 20996 23011 18568 18594 20428 23009 20995 20981 21007 21019 21043 20982 21008 21480 22996 20933 21003 21504 23025 20932 21402 22941 20943 21394 21401 21411 22141 21420 22132 19047 20421 20953 21419 21529 22160 19042 19060 19015 19041 19046 19051 19017 19019 19020 19021 19022 19025 19053 19057 19055 19056 19061 19054 19050 19052 19033 19063 19037 19062 18981 19064 18982 22093 22094 22096 22120 22292 22113 22118 22121 22309 20305 21381 22109 22112 22114 22115 22116 22153 20506 22306 22310 20504 20507 20508 20519 20505 20509 20520 20547 20548 20538 20559 20574 20536 20537 20543 20535 20541 20557 20566 20572 20580 22749 22857 22885 20522 20528 20573 20577 21800 22747 22856 22859 20526 20570 21768 21772 21773 21848 22709 22720 22721 22722 22723 22833 22834 22835 22837 22840 22842 22890 22893 20560 20624 21775 22725 22839 20583 21825 22776 22870 22887 20582 20576 20579 20650 20023 20409 20410 20578 20581 20592 20647 20648 21866 22903 20020 20021 20024 19151 20022 20593 20680 20901 19152 20681 23320 20290 19286 19245 21733 21880 22483 22906 22907 23316 23378 23380 19176 19246 19348 21732 19177 20829 20830 20831 21353 22003 19604 20406 21069 21070 21072 21077 21278 21354 21355 21413 21574 21575 21576 21577 21578 21579 21581 21583 21584 21585 21586 21980 22001 22004 22458 22482 23381 19567 19603 19620 19703 19662 19689 19693 19652 20412 20120 21589 22158 22455 22456 22457 22461 23139 23144 20273 21076 21277 22956 23041 23140 23141 23547 21254 21265 21270 21273 23056 23458 23472 23541 23544 23546 21229 21245 21248 21251 21253 21255 21256 21257 21260 21264 21992 18581 18583 21065 21221 21228 21236 21242 21268 22013 23535 23536 23538 23540 23543 18548 19875 18540 18546 18551 18552 18559 19860 22878 23092 23117 23281 18532 18539 18541 18561 21834 22786 22822 22879 18556 21940 21941 21942 23656 18555 18557 18562 18563 21953 18560 21854 18558 22808 22684 22693 22744 22779 22787 22894 23660 18473 21715 21725 22074 22505 22666 22671 22672 22676 22678 22679 22680 22682 22683 22741 22774 22781 22891 23331 18475 22775 22780 22784 22785 22802 22711 22717 22730 22771 22772 22778 22810 22812 23236 22673 22674 22708 22710 22713 22726 22728 23323 21704 21710 21718 21719 21900 22154 22661 22662 22665 22675 22677 22727 22729 22731 22809 22955 23327 23329 23337 23338 23339 23340 23367 23368 23463 19222 21705 21706 21707 21709 21712 21714 21720 21722 19188 19228 21981 21266 21417 21893 21901 21912 21927 21975 21999 22002 22008 22029 22030 23382 23457 23469 21272 21279 21282 21911 21957 21991 22000 23360 23459 23471 23479 21038 21064 21234 21262 23057 21039 21044 21050 21051 22983 21015 21041 21136 23004 21011 21017 21152 21409 21850 22950 22991 23033 23034 23110 21053 21110 21153 21162 21174 21263 21405 21476 21512 21513 21685 21839 21847 21852 21949 21987 22800 22946 22992 23007 23035 23116 23223 23255 21055 21079 21142 21154 21155 21189 21190 21692 21853 23051 23085 23132 23231 23288 23974 21056 21343 21556 20437 21516 21544 20435 21333 21492 22262 20815 21330 21341 21365 21444 21500 21615 21619 22258 20808 20810 20812 20825 23416 20821 20823 20796 23394 23398 23409 23412 20811 21894 21902 21904 21906 21907 21972 21986 23354 21767 21892 21895 21896 21897 21913 21920 21921 21923 21944 21946 21973 21974 23330 23356 24070 21761 21763 21769 21844 22715 22882 21780 21824 21826 21858 21882 21926 21563 21859 21860 21864 21868 21958 22156 22811 23465 20899 21372 21442 21478 21564 21567 21588 21654 21662 21884 22009 22031 22301 22383 22448 22536 23470 23454 23450 23452 23453 23466 23386 23464 23399 20642 21960 22814 23468 23481 23482 23483 23805 24014 24076 24079 24082 24085 21931 21961 22901 23484 23486 23813 21828 21929 21934 21935 21936 21964 22012 23812 21160 21743 21750 21805 21827 21836 21837 21845 21862 21863 21875 21885 21886 21888 22777 22816 22821 22871 22872 22873 23240 23290 19340 21161 21163 21175 21193 23241 23242 23247 23253 23259 23291 23292 23300 23302 21186 21194 23237 23248 23254 23260 23296 23301 23303 21137 21143 23310 21123 21138 21139 21140 21141 21657 21667 21675 21676 23193 23203 23212 23213 23269 23278 21655 21661 21663 21693 23191 23196 23198 23233 23272 23273 23289 21635 21656 21669 21671 21687 22516 22532 22537 22538 22572 21094 21631 21632 21637 21638 22520 22522 22523 22524 22595 23168 21147 23162 23163 23222 23262 23263 23286 22568 22640 23201 23221 23227 23275 23285 22519 22548 22567 22571 22574 22639 22521 22526 22594 22490 22528 22534 22553 22569 22577 23166 21602 22491 22495 22527 22596 21594 21315 21592 21593 21608 21313 21314 21347 21312 21346 21377 21591 21607 21435 21434 21437 22354 21557 22353 21559 21642 22439 21646 22441 21645 21647 22613 22612 22608 22611 22438 22609 22413 22415 22605 22631 22585 22606 22614 22628 21620 21641 22610 21643 22420 22874 23200 23274 22371 23081 22111 22171 22197 22372 22117 15675 22199 22198 22271 22131 22159 22539 22813 22962 19885 22139 22148 22149 22325 22939 19855 19884 19898 19854 19862 19867 19861 19866 19865 19871 19897 19873 19874 19937 23962 19949 19943 19950 24060 18400 19920 19944 24078 18391 21937 21943 21948 21838 21919 24061 24081 21798 21832 21842 21846 22714 22799 22881 22745 22969 22973 21830 21833 21835 22782 22789 22876 22880 20874 21132 21776 21799 22552 23205 23206 23208 23209 23210 23215 23277 22550 22555 22557 23615 22540 22560 23202 21658 21659 22541 22542 22543 22544 22545 22621 23048 23194 21660 21674 21679 21690 21691 22624 23270 21670 21680 22563 22625 22626 22643 23195 23271 23207 23214 23216 23217 23224 23225 23230 23282 24002 22558 22101 22575 22582 22695 22769 19881 21360 21532 22010 22296 22692 22697 22796 22805 22820 22910 23941 23951 24013 19724 19894 19908 19442 19722 19725 19443 19723 19925 19907 21745 22691 22694 21742 21841 21849 21939 21737 21932 21359 21736 22686 21738 21739 22685 21741 22687 21735 21808 22690 21734 22818 19922 21806 21819 22756 21807 22754 22755 22688 22699 22733 22108 22702 21373 22110 22196 21374 21380 22303 22314 22313 22336 22339 22342 22378 22052 22302 22337 22449 22602 23721 19503 22293 22422 22453 22471 19502 19509 18979 19501 19621 18980 22291 22370 22307 19622 19510 19530 19531 19537 23725 23899 19536 19602 19617 19618 21993 23362 23365 23375 19600 19615 23361 23371 22020 23363 23377 23379 21933 22014 22015 22021 22022 22033 21843 21851 21947 21951 21952 21966 24015 24017 24019 24021 22797 22888 22788 22806 22807 22889 22892 24016 24018 24020 24023 24022 23972 24024 24062 22884 24012 24063 22886 22400 22794 22838 22256 22324 23019 22573 22803 21688 23228 21151 21689 21673 23187 23229 22511 23154 23192 21624 22517 23153 22152 23190 23211 23167 23197 23226 23170 23172 23173 23183 22952 23265 21410 22329 22328 22330 22312 22407 22841 22831 22830 22843 22850 23638 23636 23639 23640 18484 23641 23661 18250 18478 23663 18565 22016 23662 23817 23476 23485 23819 23475 23818 22035 22459 23977 21281 22034 22036 21080 21283 21078 21587 23143 21873 22460 23142 21871 21874 21968 21872 21582 21890 21967 22462 22364 22905 23311 22860 22753 22851 22743 22748 22752 21792 22767 21790 21817 21801 22867 22826 22866 21749 22698 22825 22899 22900 22815 22904 22766 21804 22858 23814 21969 24025 21891 23312 21889 21191 21192 19369 23313 19331 19370 19332 19211 21914 21867 21865 22902 21963 22032 22641 22651 21696 22584 21695 22597 20225 23160 23232 20223 20231 20484 20229 20490 20488 23218 20486 23037 22976 23023 23256 23180 23182 23184 23244 23245 23257 23715 23179 23181 23178 21111 23522 23523 23524 23927 23929 23930 23932 23933 23943 24072 21249 24075 24189 21275 23976 23518 24059 24066 24084 24054 24064 21915 24055 24058 21922 24069 24190 23994 21286 24073 24074 21924 22724 24068 24071 24086 21774 21918 21950 21928 20629 21781 21959 23467 21782 21765 21861 22732 21770 22719 22718 22795 22712 22804 21945 24083 24077 24080 24057 20288 23720 24053 21289 23074 22578 22644 23283 23287 18224 18185 18216 18225 18218 18184 18219 23318 23319 19619 23341 23342 23343 23344 23374 22492 22494 22506 22508 22600 19608 22509 22576 22645 19607 19705 22287 22642 22164 22280 22285 22161 22162 22341 22338 22452 22599 22648 23724 23726 23897 19533 22294 22424 22437 22352 22345 22350 22344 22170 18967 22180 19339 19337 19338 23261 23293 23294 23252 23246 23258 24003 24010 19586 22746 23850 23858 23856 23857 23861 19872 22151 22964 23054 22356 22357 19362 22038 23697 21883 21106 19190 23333 21335 21611 21598 22236 22223 22249 20427 19670 19679 21180 21994 21989 21995 21909 21730 19709 21815 22765 22706 23404 23617 19870 19696 19573 19695 19572 19702 21580 21075 22305 21383 22119 19045 20952 17764 20424 20438 22204 17676 19936 19930 22862 22848 21786 21809 22017 23520 15754 15645 19504 19498 19630 19624 17563 19625 19628 19751 19756 19783 19773 19774 19777 19815 19817 19633 19818 19824 17744 19627 19715 17700 17746 17702 19711 19823 19816 19826 19761 17732 17590 17718 17580 17640 17581 17627 17628 17719 17720 17548 17710 22177 19889 19888 19153 20889 23619 19996 19994 18523 14068 20171 20213 21083 19895 19199 18419 15709 15669 15562 15776 15559 15560 17887 17889 17891 17825 17899 17826 17829 17830 16740 17832 16741 17831 17905 
6: 10016 10017 10021 10623 10638 10639 10664 10665 10695 10696 11272 11273 11930 12903 12904 14989 10018 10624 10645 10671 10702 11279 11931 12911 14990 10025 10640 10666 10697 11274 12905 10026 10649 10675 10706 11283 12915 10024 10027 10028 10650 10676 10707 11284 12916 10648 10674 10705 11282 12914 14987 10651 10656 10677 10708 11285 12917 14994 10032 10657 10682 10713 11290 12922 10033 10683 10714 11291 12923 10652 10678 10709 11286 12918 10630 11938 14992 
7: 10907 
8: 11579 11580 11593 11599 11598 12437 11592 12436 12443 12629 12441 12618 12615 12621 12625 12627 12616 12617 12628 
9: 14042 
10: 15927 15928 
11: 17810 
