# The links inside the directed communities at k=10
# from /Users/bogna/dev/role-mining/datasets/hepth/timeslots/cit-HepTh-1998.edges
# at no lower link weight threshold,
# and at no upper link weight threshold.
# Links were treated as directed.
# No time limit was set for the clique search.

0:
9805028 9711200
9805217 9711200
9806095 9711200
9809213 9711200
9808020 9711200
9808038 9711200
9808088 9711200
9809045 9711200
9810024 9711200
9810136 9711200
9812062 9711200
9805217 9805028
9806095 9805028
9809213 9805028
9807206 9805028
9808020 9805028
9808038 9805028
9808088 9805028
9808146 9805028
9809045 9805028
9809076 9805028
9809145 9805028
9810024 9805028
9810136 9805028
9812062 9805028
9806095 9805217
9809213 9805217
9807206 9805217
9808020 9805217
9808038 9805217
9808088 9805217
9808146 9805217
9809045 9805217
9809076 9805217
9809145 9805217
9810024 9805217
9810136 9805217
9812062 9805217
9809213 9806095
9808038 9806095
9808088 9806095
9809045 9806095
9810024 9806095
9810136 9806095
9809213 9807206
9809213 9808020
9809213 9808038
9809213 9808088
9809213 9808146
9809213 9809045
9809213 9809076
9809213 9809145
9810024 9809213
9810136 9809213
9812062 9809213
9808020 9807206
9808038 9807206
9808088 9807206
9808146 9807206
9809045 9807206
9809145 9807206
9810024 9807206
9812062 9807206
9808038 9808020
9808088 9808020
9808146 9808020
9809045 9808020
9809076 9808020
9809145 9808020
9810024 9808020
9810136 9808020
9812062 9808020
9808088 9808038
9808146 9808038
9809045 9808038
9809076 9808038
9809145 9808038
9810024 9808038
9810136 9808038
9812062 9808038
9808146 9808088
9809045 9808088
9809076 9808088
9809145 9808088
9810024 9808088
9810136 9808088
9812062 9808088
9809076 9808146
9809145 9808146
9810024 9808146
9812062 9808146
9810024 9809045
9810136 9809045
9812062 9809045
9810024 9809076
9810136 9809076
9812062 9809076
9812062 9809145
9810136 9810024
9812062 9810024
9812062 9810136
1:
9802109 9711200
9803131 9711200
9805129 9711200
9806021 9711200
9806125 9711200
9809106 9711200
9810186 9711200
9811035 9711200
9811156 9711200
9811208 9711200
9802150 9802109
9803131 9802109
9805129 9802109
9806021 9802109
9806125 9802109
9809106 9802109
9810186 9802109
9811035 9802109
9811156 9802109
9811208 9802109
9803131 9802150
9805129 9802150
9806021 9802150
9806125 9802150
9809106 9802150
9810186 9802150
9811035 9802150
9811156 9802150
9811208 9802150
9805129 9803131
9806021 9803131
9806125 9803131
9809106 9803131
9810186 9803131
9811035 9803131
9811156 9803131
9811208 9803131
9806021 9805129
9806125 9805129
9809106 9805129
9810186 9805129
9811035 9805129
9811156 9805129
9811208 9805129
9806125 9806021
9809106 9806021
9810186 9806021
9811035 9806021
9811156 9806021
9811208 9806021
9810186 9806125
9811035 9806125
9811156 9806125
9811208 9806125
9810186 9809106
9811035 9809106
9811156 9809106
9811208 9809106
9811035 9810186
9811156 9810186
9811208 9810186
9811156 9811035
9811208 9811035
9811208 9811156
2:
9802109 9711200
9804058 9711200
9806074 9711200
9807097 9711200
9808006 9711200
9809179 9711200
9811152 9711200
9811257 9711200
9812194 9711200
9802150 9802109
9804058 9802109
9806074 9802109
9807097 9802109
9808006 9802109
9809179 9802109
9811152 9802109
9811257 9802109
9812194 9802109
9804058 9802150
9806074 9802150
9807097 9802150
9808006 9802150
9809179 9802150
9811152 9802150
9811257 9802150
9812194 9802150
9806074 9804058
9807097 9804058
9808006 9804058
9809179 9804058
9811152 9804058
9811257 9804058
9812194 9804058
9807097 9806074
9808006 9806074
9809179 9806074
9811152 9806074
9811257 9806074
9812194 9806074
9808006 9807097
9809179 9807097
9811152 9807097
9811257 9807097
9812194 9807097
9809179 9808006
9811152 9808006
9811257 9808006
9812194 9808006
9811152 9809179
9811257 9809179
9812194 9809179
9811257 9811152
9812194 9811152
9812194 9811257
3:
9802109 9711200
9803028 9711200
9803251 9711200
9804035 9711200
9804058 9711200
9804083 9711200
9804170 9711200
9804182 9711200
9805105 9711200
9805145 9711200
9805162 9711200
9806074 9711200
9806216 9711200
9807046 9711200
9807097 9711200
9807098 9711200
9808006 9711200
9808037 9711200
9809009 9711200
9809193 9711200
9810151 9711200
9811057 9711200
9811060 9711200
9811106 9711200
9811152 9711200
9812194 9711200
9812238 9711200
9802150 9802109
9803028 9802109
9803251 9802109
9804035 9802109
9804058 9802109
9804083 9802109
9804170 9802109
9804182 9802109
9805105 9802109
9805145 9802109
9805162 9802109
9806074 9802109
9806216 9802109
9807046 9802109
9807097 9802109
9807098 9802109
9808006 9802109
9808037 9802109
9808184 9802109
9809009 9802109
9809132 9802109
9809193 9802109
9810151 9802109
9811057 9802109
9811060 9802109
9811097 9802109
9811106 9802109
9811152 9802109
9812194 9802109
9812238 9802109
9803028 9802150
9803251 9802150
9804035 9802150
9804058 9802150
9804083 9802150
9804170 9802150
9804182 9802150
9805105 9802150
9805145 9802150
9805162 9802150
9806074 9802150
9806216 9802150
9807046 9802150
9807097 9802150
9807098 9802150
9808006 9802150
9808037 9802150
9808184 9802150
9809009 9802150
9809132 9802150
9809193 9802150
9810151 9802150
9811057 9802150
9811060 9802150
9811097 9802150
9811106 9802150
9811152 9802150
9812194 9802150
9812238 9802150
9803251 9803028
9804035 9803028
9804058 9803028
9804083 9803028
9804182 9803028
9805105 9803028
9806216 9803028
9807097 9803028
9809009 9803028
9811106 9803028
9812238 9803028
9804035 9803251
9804058 9803251
9804083 9803251
9804182 9803251
9805145 9803251
9805162 9803251
9806074 9803251
9806216 9803251
9807046 9803251
9807097 9803251
9807098 9803251
9808006 9803251
9808037 9803251
9808184 9803251
9809009 9803251
9809132 9803251
9809193 9803251
9810151 9803251
9811057 9803251
9811060 9803251
9811097 9803251
9811106 9803251
9811152 9803251
9812194 9803251
9812238 9803251
9804083 9804035
9804182 9804035
9805105 9804035
9805162 9804035
9806074 9804035
9806216 9804035
9807046 9804035
9807097 9804035
9807098 9804035
9808006 9804035
9808037 9804035
9808184 9804035
9809009 9804035
9809193 9804035
9811057 9804035
9811106 9804035
9811152 9804035
9812194 9804035
9812238 9804035
9804083 9804058
9804170 9804058
9804182 9804058
9805105 9804058
9805145 9804058
9805162 9804058
9806074 9804058
9806216 9804058
9807046 9804058
9807097 9804058
9807098 9804058
9808006 9804058
9808037 9804058
9808184 9804058
9809009 9804058
9809193 9804058
9810151 9804058
9811057 9804058
9811060 9804058
9811106 9804058
9811152 9804058
9812194 9804058
9812238 9804058
9804182 9804083
9805105 9804083
9805145 9804083
9805162 9804083
9806074 9804083
9806216 9804083
9807046 9804083
9807097 9804083
9807098 9804083
9808006 9804083
9808037 9804083
9808184 9804083
9809009 9804083
9809193 9804083
9810151 9804083
9811057 9804083
9811106 9804083
9811152 9804083
9812194 9804083
9812238 9804083
9805145 9804170
9805162 9804170
9806074 9804170
9807098 9804170
9808006 9804170
9808037 9804170
9809193 9804170
9811057 9804170
9806216 9804182
9807097 9804182
9809009 9804182
9812238 9804182
9805145 9805105
9805162 9805105
9806074 9805105
9806216 9805105
9807046 9805105
9807098 9805105
9808006 9805105
9808037 9805105
9808184 9805105
9809009 9805105
9809193 9805105
9810151 9805105
9811057 9805105
9811060 9805105
9811106 9805105
9811152 9805105
9812194 9805105
9812238 9805105
9806074 9805145
9806216 9805145
9807046 9805145
9807097 9805145
9807098 9805145
9808037 9805145
9808184 9805145
9809009 9805145
9809132 9805145
9809193 9805145
9811057 9805145
9811097 9805145
9811106 9805145
9811152 9805145
9812194 9805145
9812238 9805145
9806074 9805162
9806216 9805162
9807046 9805162
9807097 9805162
9807098 9805162
9808006 9805162
9808037 9805162
9808184 9805162
9809009 9805162
9809193 9805162
9811057 9805162
9811060 9805162
9811106 9805162
9811152 9805162
9812194 9805162
9812238 9805162
9806216 9806074
9807046 9806074
9807097 9806074
9807098 9806074
9808006 9806074
9808037 9806074
9808184 9806074
9809009 9806074
9809193 9806074
9810151 9806074
9811057 9806074
9811060 9806074
9811106 9806074
9811152 9806074
9812194 9806074
9812238 9806074
9807097 9806216
9807098 9806216
9808006 9806216
9808037 9806216
9808184 9806216
9809009 9806216
9809132 9806216
9809193 9806216
9810151 9806216
9811057 9806216
9811097 9806216
9811106 9806216
9812238 9806216
9810151 9807046
9811106 9807046
9812238 9807046
9808006 9807097
9808037 9807097
9808184 9807097
9809009 9807097
9809132 9807097
9809193 9807097
9810151 9807097
9811057 9807097
9811097 9807097
9811106 9807097
9811152 9807097
9812194 9807097
9808006 9807098
9808037 9807098
9808184 9807098
9809193 9807098
9810151 9807098
9811057 9807098
9808037 9808006
9808184 9808006
9809009 9808006
9809132 9808006
9809193 9808006
9810151 9808006
9811057 9808006
9811060 9808006
9811097 9808006
9811106 9808006
9811152 9808006
9812194 9808006
9809193 9808037
9811057 9808037
9809009 9808184
9809132 9808184
9809193 9808184
9810151 9808184
9811057 9808184
9811097 9808184
9811106 9808184
9812194 9808184
9812238 9808184
9809193 9809009
9811057 9809009
9811106 9809009
9812194 9809009
9812238 9809009
9811097 9809132
9811106 9809132
9812238 9809132
9811057 9809193
9811097 9810151
9811106 9810151
9812238 9810151
9811152 9811060
9812194 9811060
9811106 9811097
9812238 9811097
9812238 9811106
9812194 9811152
4:
9801147 9711162
9801170 9711162
9807198 9711162
9810099 9711162
9803031 9711162
9803044 9711162
9806099 9711162
9805034 9711162
9810219 9711162
9811213 9711162
9801147 9712201
9801170 9801147
9807198 9801147
9810099 9801147
9803031 9801147
9803044 9801147
9806099 9801147
9805034 9801147
9810219 9801147
9811213 9801147
9801170 9712201
9807198 9712201
9810099 9712201
9803031 9712201
9803044 9712201
9806099 9712201
9805034 9712201
9810219 9712201
9811213 9712201
9807198 9801170
9810099 9801170
9803031 9801170
9803044 9801170
9806099 9801170
9805034 9801170
9810219 9801170
9811213 9801170
9810099 9807198
9807198 9803031
9807198 9803044
9807198 9806099
9807198 9805034
9810219 9807198
9811213 9807198
9810099 9803031
9810099 9803044
9810099 9806099
9810099 9805034
9810219 9810099
9811213 9810099
9803044 9803031
9806099 9803031
9805034 9803031
9810219 9803031
9811213 9803031
9806099 9803044
9805034 9803044
9810219 9803044
9811213 9803044
9806099 9805034
9811213 9806099
9810219 9805034
9811213 9805034
9811213 9810219
5:
9801076 9711138
9801206 9711138
9802109 9711138
9802126 9711138
9802150 9711138
9802183 9711138
9802195 9711138
9802198 9711138
9802203 9711138
9803131 9711138
9803263 9711138
9803013 9711138
9803028 9711138
9803051 9711138
9803060 9711138
9803061 9711138
9803077 9711138
9803082 9711138
9803090 9711138
9803109 9711138
9803119 9711138
9803137 9711138
9803167 9711138
9803171 9711138
9803174 9711138
9803193 9711138
9803214 9711138
9803220 9711138
9803231 9711138
9803251 9711138
9804006 9711138
9804031 9711138
9804058 9711138
9804060 9711138
9804141 9711138
9804182 9711138
9801076 9711200
9801206 9711200
9802042 9711200
9802047 9711200
9802109 9711200
9802126 9711200
9802183 9711200
9802195 9711200
9802198 9711200
9803001 9711200
9803131 9711200
9803135 9711200
9803002 9711200
9803013 9711200
9803023 9711200
9803028 9711200
9803039 9711200
9803051 9711200
9803061 9711200
9803068 9711200
9803076 9711200
9803077 9711200
9803082 9711200
9803085 9711200
9803090 9711200
9803109 9711200
9803111 9711200
9803119 9711200
9803138 9711200
9803167 9711200
9803171 9711200
9803174 9711200
9803193 9711200
9803214 9711200
9803220 9711200
9803231 9711200
9803251 9711200
9804006 9711200
9804031 9711200
9804058 9711200
9804060 9711200
9804093 9711200
9804182 9711200
9804184 9711200
9805096 9711200
9805112 9711200
9805131 9711200
9806041 9711200
9806159 9711200
9807164 9711200
9807200 9711200
9811010 9711200
9808075 9711200
9808143 9711200
9808182 9711200
9810244 9711200
9802109 9602135
9802116 9602135
9802150 9602135
9803131 9602135
9803023 9602135
9803028 9602135
9803051 9602135
9803076 9602135
9803082 9602135
9803119 9602135
9803167 9602135
9803174 9602135
9803193 9602135
9803214 9602135
9804058 9602135
9801076 9711161
9801206 9711161
9802047 9711161
9802126 9711161
9802150 9711161
9802183 9711161
9802195 9711161
9802203 9711161
9803131 9711161
9803263 9711161
9803013 9711161
9803039 9711161
9803060 9711161
9803090 9711161
9803109 9711161
9803119 9711161
9803137 9711161
9803171 9711161
9803231 9711161
9804006 9711161
9804058 9711161
9804060 9711161
9801076 9712073
9801206 9712073
9802047 9712073
9802150 9712073
9802183 9712073
9802195 9712073
9802203 9712073
9803131 9712073
9803263 9712073
9803039 9712073
9803060 9712073
9803061 9712073
9803077 9712073
9803082 9712073
9803085 9712073
9803090 9712073
9803109 9712073
9803119 9712073
9803137 9712073
9803138 9712073
9803171 9712073
9803174 9712073
9803193 9712073
9803220 9712073
9803231 9712073
9804006 9712073
9804031 9712073
9804058 9712073
9804060 9712073
9801076 9712239
9801206 9712239
9802047 9712239
9802126 9712239
9802150 9712239
9803131 9712239
9803135 9712239
9803263 9712239
9803013 9712239
9803028 9712239
9803051 9712239
9803061 9712239
9803068 9712239
9803076 9712239
9803077 9712239
9803082 9712239
9803085 9712239
9803090 9712239
9803111 9712239
9803119 9712239
9803137 9712239
9803138 9712239
9803167 9712239
9803171 9712239
9803174 9712239
9803193 9712239
9803214 9712239
9803220 9712239
9803231 9712239
9803251 9712239
9804006 9712239
9804058 9712239
9804060 9712239
9801206 9801076
9802047 9801076
9802183 9801076
9802195 9801076
9803060 9801076
9803061 9801076
9803090 9801076
9803109 9801076
9803119 9801076
9803138 9801076
9803174 9801076
9803220 9801076
9803231 9801076
9804006 9801076
9804058 9801076
9804060 9801076
9804182 9801076
9802047 9801206
9802126 9801206
9802150 9801206
9802183 9801206
9802203 9801206
9803131 9801206
9803135 9801206
9803263 9801206
9803013 9801206
9803028 9801206
9803039 9801206
9803060 9801206
9803061 9801206
9803077 9801206
9803082 9801206
9803085 9801206
9803090 9801206
9803109 9801206
9803111 9801206
9803137 9801206
9803138 9801206
9803171 9801206
9803174 9801206
9803193 9801206
9803220 9801206
9803231 9801206
9803251 9801206
9804006 9801206
9804031 9801206
9804058 9801206
9804060 9801206
9802042 9711002
9802126 9802042
9802150 9802042
9802195 9802042
9802203 9802042
9803131 9802042
9803135 9802042
9803263 9802042
9803002 9802042
9803028 9802042
9803039 9802042
9803051 9802042
9803060 9802042
9803061 9802042
9803068 9802042
9803076 9802042
9803077 9802042
9803082 9802042
9803085 9802042
9803090 9802042
9803109 9802042
9803111 9802042
9803119 9802042
9803137 9802042
9803138 9802042
9803167 9802042
9803174 9802042
9803193 9802042
9803214 9802042
9803220 9802042
9803231 9802042
9804031 9802042
9804058 9802042
9804060 9802042
9804182 9802042
9806041 9802042
9811010 9802042
9808182 9802042
9802109 9711002
9802150 9711002
9803002 9711002
9803023 9711002
9803051 9711002
9803076 9711002
9803077 9711002
9803082 9711002
9803111 9711002
9803167 9711002
9803193 9711002
9803214 9711002
9802150 9802047
9802195 9802047
9802203 9802047
9803131 9802047
9803263 9802047
9803028 9802047
9803051 9802047
9803060 9802047
9803061 9802047
9803068 9802047
9803077 9802047
9803082 9802047
9803090 9802047
9803109 9802047
9803119 9802047
9803137 9802047
9803167 9802047
9803174 9802047
9803193 9802047
9803214 9802047
9803220 9802047
9803231 9802047
9803251 9802047
9804006 9802047
9804031 9802047
9804058 9802047
9804060 9802047
9804182 9802047
9802109 9702076
9802109 9703040
9802109 9708005
9802150 9802109
9802183 9802109
9802198 9802109
9802203 9802109
9803001 9802109
9803131 9802109
9803135 9802109
9803263 9802109
9803002 9802109
9803023 9802109
9803028 9802109
9803051 9802109
9803053 9802109
9803060 9802109
9803061 9802109
9803068 9802109
9803076 9802109
9803077 9802109
9803082 9802109
9803085 9802109
9803109 9802109
9803111 9802109
9803119 9802109
9803137 9802109
9803138 9802109
9803167 9802109
9803171 9802109
9803174 9802109
9803193 9802109
9803214 9802109
9803220 9802109
9803231 9802109
9803251 9802109
9804006 9802109
9804031 9802109
9804058 9802109
9804060 9802109
9804093 9802109
9804141 9802109
9804182 9802109
9804184 9802109
9805096 9802109
9805112 9802109
9805131 9802109
9806041 9802109
9806159 9802109
9807164 9802109
9807200 9802109
9811010 9802109
9808075 9802109
9808143 9802109
9808182 9802109
9810201 9802109
9810244 9802109
9802150 9702076
9803131 9702076
9803023 9702076
9803028 9702076
9803051 9702076
9803076 9702076
9803077 9702076
9803082 9702076
9803167 9702076
9803174 9702076
9803193 9702076
9803214 9702076
9804058 9702076
9802150 9703040
9803131 9703040
9803135 9703040
9803002 9703040
9803023 9703040
9803028 9703040
9803051 9703040
9803076 9703040
9803077 9703040
9803082 9703040
9803167 9703040
9803174 9703040
9803193 9703040
9803214 9703040
9804058 9703040
9802150 9708005
9802183 9708005
9803131 9708005
9803135 9708005
9803002 9708005
9803015 9708005
9803023 9708005
9803051 9708005
9803076 9708005
9803077 9708005
9803082 9708005
9803119 9708005
9803167 9708005
9803193 9708005
9803214 9708005
9804058 9708005
9802126 9802116
9802150 9802116
9802183 9802116
9802195 9802116
9802198 9802116
9802203 9802116
9803131 9802116
9803135 9802116
9803263 9802116
9803002 9802116
9803023 9802116
9803028 9802116
9803051 9802116
9803060 9802116
9803061 9802116
9803076 9802116
9803077 9802116
9803082 9802116
9803085 9802116
9803090 9802116
9803109 9802116
9803111 9802116
9803137 9802116
9803138 9802116
9803167 9802116
9803174 9802116
9803193 9802116
9803214 9802116
9803220 9802116
9803231 9802116
9804006 9802116
9804060 9802116
9804141 9802116
9804182 9802116
9805131 9802116
9806041 9802116
9802150 9802126
9802203 9802126
9803131 9802126
9803135 9802126
9803263 9802126
9803013 9802126
9803039 9802126
9803060 9802126
9803068 9802126
9803085 9802126
9803090 9802126
9803109 9802126
9803111 9802126
9803119 9802126
9803137 9802126
9803138 9802126
9803171 9802126
9803174 9802126
9803220 9802126
9803231 9802126
9803251 9802126
9804006 9802126
9804060 9802126
9804182 9802126
9805131 9802126
9802183 9802150
9802195 9802150
9802198 9802150
9802203 9802150
9803001 9802150
9803131 9802150
9803135 9802150
9803263 9802150
9803002 9802150
9803013 9802150
9803023 9802150
9803028 9802150
9803039 9802150
9803051 9802150
9803053 9802150
9803060 9802150
9803061 9802150
9803068 9802150
9803076 9802150
9803077 9802150
9803082 9802150
9803085 9802150
9803090 9802150
9803109 9802150
9803111 9802150
9803119 9802150
9803137 9802150
9803138 9802150
9803167 9802150
9803171 9802150
9803174 9802150
9803193 9802150
9803214 9802150
9803220 9802150
9803231 9802150
9803251 9802150
9804006 9802150
9804031 9802150
9804058 9802150
9804060 9802150
9804093 9802150
9804141 9802150
9804182 9802150
9804184 9802150
9805096 9802150
9805112 9802150
9805131 9802150
9806041 9802150
9806159 9802150
9807164 9802150
9807200 9802150
9811010 9802150
9808075 9802150
9808143 9802150
9810244 9802150
9802195 9802183
9803131 9802183
9803135 9802183
9803263 9802183
9803015 9802183
9803023 9802183
9803028 9802183
9803039 9802183
9803051 9802183
9803060 9802183
9803061 9802183
9803076 9802183
9803077 9802183
9803082 9802183
9803085 9802183
9803090 9802183
9803109 9802183
9803111 9802183
9803119 9802183
9803137 9802183
9803138 9802183
9803167 9802183
9803174 9802183
9803193 9802183
9803214 9802183
9803220 9802183
9803231 9802183
9803251 9802183
9804006 9802183
9804058 9802183
9804060 9802183
9804093 9802183
9804141 9802183
9804182 9802183
9804184 9802183
9805096 9802183
9805112 9802183
9805131 9802183
9806041 9802183
9806159 9802183
9807164 9802183
9807200 9802183
9811010 9802183
9808075 9802183
9808143 9802183
9808182 9802183
9810201 9802183
9810244 9802183
9803131 9802195
9803263 9802195
9803039 9802195
9803051 9802195
9803060 9802195
9803061 9802195
9803076 9802195
9803077 9802195
9803082 9802195
9803085 9802195
9803109 9802195
9803111 9802195
9803119 9802195
9803137 9802195
9803138 9802195
9803167 9802195
9803174 9802195
9803193 9802195
9803214 9802195
9803220 9802195
9803231 9802195
9803251 9802195
9804006 9802195
9804058 9802195
9804060 9802195
9804093 9802195
9804182 9802195
9805131 9802195
9806041 9802195
9807200 9802195
9811010 9802195
9808143 9802195
9808182 9802195
9810201 9802195
9810244 9802195
9803131 9802198
9803263 9802198
9803028 9802198
9803051 9802198
9803061 9802198
9803076 9802198
9803077 9802198
9803082 9802198
9803119 9802198
9803137 9802198
9803167 9802198
9803174 9802198
9803193 9802198
9803214 9802198
9803220 9802198
9804060 9802198
9804141 9802198
9804182 9802198
9803131 9802203
9803135 9802203
9803263 9802203
9803013 9802203
9803023 9802203
9803028 9802203
9803039 9802203
9803051 9802203
9803053 9802203
9803060 9802203
9803061 9802203
9803068 9802203
9803076 9802203
9803077 9802203
9803082 9802203
9803085 9802203
9803109 9802203
9803111 9802203
9803137 9802203
9803138 9802203
9803167 9802203
9803171 9802203
9803174 9802203
9803193 9802203
9803214 9802203
9803220 9802203
9803231 9802203
9803251 9802203
9804006 9802203
9804058 9802203
9804060 9802203
9804093 9802203
9804141 9802203
9804182 9802203
9805131 9802203
9806041 9802203
9803001 9803131
9803001 9803135
9803001 9803263
9803023 9803001
9803028 9803001
9803051 9803001
9803060 9803001
9803061 9803001
9803076 9803001
9803077 9803001
9803082 9803001
9803085 9803001
9803090 9803001
9803109 9803001
9803111 9803001
9803137 9803001
9803138 9803001
9803167 9803001
9803174 9803001
9803214 9803001
9803220 9803001
9803231 9803001
9803251 9803001
9804006 9803001
9804058 9803001
9804060 9803001
9804141 9803001
9804182 9803001
9805131 9803001
9806041 9803001
9811010 9803001
9808182 9803001
9803135 9803131
9803263 9803131
9803131 9803002
9803131 9803013
9803131 9803015
9803131 9803023
9803131 9803028
9803131 9803039
9803131 9803051
9803131 9803053
9803131 9803061
9803131 9803068
9803131 9803076
9803131 9803077
9803131 9803082
9803131 9803085
9803131 9803109
9803131 9803111
9803131 9803119
9803167 9803131
9803171 9803131
9803174 9803131
9803193 9803131
9803214 9803131
9803220 9803131
9803231 9803131
9803251 9803131
9804006 9803131
9804031 9803131
9804058 9803131
9804060 9803131
9804141 9803131
9804182 9803131
9805131 9803131
9806041 9803131
9808182 9803131
9803263 9803135
9803135 9803002
9803135 9803015
9803135 9803053
9803135 9803060
9803135 9803076
9803135 9803085
9803135 9803111
9803167 9803135
9803171 9803135
9803174 9803135
9803214 9803135
9803220 9803135
9803231 9803135
9803251 9803135
9804006 9803135
9804058 9803135
9804060 9803135
9805131 9803135
9803263 9803002
9803263 9803013
9803263 9803015
9803263 9803023
9803263 9803028
9803263 9803039
9803263 9803051
9803263 9803053
9803263 9803068
9803263 9803076
9803263 9803082
9803263 9803109
9803263 9803111
9803263 9803119
9803263 9803138
9803263 9803167
9803263 9803171
9803263 9803174
9803263 9803193
9804058 9803263
9804060 9803263
9804182 9803263
9803023 9803002
9803028 9803002
9803051 9803002
9803060 9803002
9803061 9803002
9803076 9803002
9803077 9803002
9803082 9803002
9803085 9803002
9803090 9803002
9803109 9803002
9803111 9803002
9803137 9803002
9803138 9803002
9803167 9803002
9803174 9803002
9803193 9803002
9803214 9803002
9803220 9803002
9803231 9803002
9803251 9803002
9804006 9803002
9804058 9803002
9804060 9803002
9804141 9803002
9804182 9803002
9805131 9803002
9806041 9803002
9811010 9803002
9808182 9803002
9803028 9803013
9803051 9803013
9803060 9803013
9803077 9803013
9803082 9803013
9803085 9803013
9803111 9803013
9803137 9803013
9803167 9803013
9803171 9803013
9803174 9803013
9803193 9803013
9803214 9803013
9803220 9803013
9803231 9803013
9804006 9803013
9804058 9803013
9804060 9803013
9804141 9803013
9804182 9803013
9803023 9803015
9803028 9803015
9803039 9803015
9803051 9803015
9803060 9803015
9803061 9803015
9803076 9803015
9803077 9803015
9803082 9803015
9803085 9803015
9803109 9803015
9803111 9803015
9803119 9803015
9803137 9803015
9803138 9803015
9803167 9803015
9803174 9803015
9803193 9803015
9803214 9803015
9803220 9803015
9803231 9803015
9803251 9803015
9804006 9803015
9804060 9803015
9804093 9803015
9804182 9803015
9805131 9803015
9806041 9803015
9811010 9803015
9808143 9803015
9808182 9803015
9810201 9803015
9810244 9803015
9803028 9803023
9803051 9803023
9803076 9803023
9803077 9803023
9803082 9803023
9803085 9803023
9803119 9803023
9803137 9803023
9803167 9803023
9803174 9803023
9803193 9803023
9803214 9803023
9803220 9803023
9804058 9803023
9804060 9803023
9804141 9803023
9804182 9803023
9803051 9803028
9803060 9803028
9803077 9803028
9803082 9803028
9803090 9803028
9803109 9803028
9803119 9803028
9803137 9803028
9803138 9803028
9803167 9803028
9803174 9803028
9803220 9803028
9803231 9803028
9803251 9803028
9804006 9803028
9804058 9803028
9804141 9803028
9804182 9803028
9805131 9803028
9803051 9803039
9803060 9803039
9803061 9803039
9803077 9803039
9803082 9803039
9803085 9803039
9803090 9803039
9803109 9803039
9803119 9803039
9803137 9803039
9803167 9803039
9803174 9803039
9803193 9803039
9803214 9803039
9803220 9803039
9803231 9803039
9804006 9803039
9804031 9803039
9804058 9803039
9804060 9803039
9804182 9803039
9805131 9803039
9810201 9803039
9803060 9803051
9803068 9803051
9803076 9803051
9803077 9803051
9803082 9803051
9803085 9803051
9803090 9803051
9803109 9803051
9803111 9803051
9803119 9803051
9803137 9803051
9803138 9803051
9803167 9803051
9803174 9803051
9803193 9803051
9803214 9803051
9803220 9803051
9803231 9803051
9803251 9803051
9804006 9803051
9804031 9803051
9804058 9803051
9804060 9803051
9804093 9803051
9804141 9803051
9804182 9803051
9805112 9803051
9805131 9803051
9806041 9803051
9807200 9803051
9811010 9803051
9808143 9803051
9808182 9803051
9810201 9803051
9810244 9803051
9803060 9803053
9803068 9803053
9803077 9803053
9803082 9803053
9803085 9803053
9803109 9803053
9803111 9803053
9803119 9803053
9803137 9803053
9803138 9803053
9803167 9803053
9803174 9803053
9803193 9803053
9803214 9803053
9803220 9803053
9803231 9803053
9803251 9803053
9804006 9803053
9804031 9803053
9804058 9803053
9804060 9803053
9804093 9803053
9804182 9803053
9805131 9803053
9806041 9803053
9811010 9803053
9808143 9803053
9808182 9803053
9810244 9803053
9803090 9803060
9803109 9803060
9803111 9803060
9803119 9803060
9803167 9803060
9803171 9803060
9803193 9803060
9803214 9803060
9803231 9803060
9804006 9803060
9804058 9803060
9804060 9803060
9804182 9803060
9805131 9803060
9810201 9803060
9803090 9803061
9803109 9803061
9803111 9803061
9803138 9803061
9803167 9803061
9803171 9803061
9803174 9803061
9803193 9803061
9803214 9803061
9803220 9803061
9803231 9803061
9803251 9803061
9804006 9803061
9804058 9803061
9804060 9803061
9805131 9803061
9803090 9803068
9803109 9803068
9803111 9803068
9803119 9803068
9803137 9803068
9803167 9803068
9803174 9803068
9803214 9803068
9803220 9803068
9803231 9803068
9803251 9803068
9804006 9803068
9804058 9803068
9804060 9803068
9804093 9803068
9804182 9803068
9805131 9803068
9806041 9803068
9811010 9803068
9808143 9803068
9808182 9803068
9810244 9803068
9803090 9803076
9803109 9803076
9803111 9803076
9803119 9803076
9803137 9803076
9803167 9803076
9803174 9803076
9803193 9803076
9803214 9803076
9803220 9803076
9803231 9803076
9803251 9803076
9804006 9803076
9804058 9803076
9804060 9803076
9805131 9803076
9806041 9803076
9803090 9803077
9803109 9803077
9803111 9803077
9803119 9803077
9803138 9803077
9803167 9803077
9803193 9803077
9803214 9803077
9803220 9803077
9803231 9803077
9803251 9803077
9804006 9803077
9804031 9803077
9804058 9803077
9804060 9803077
9804093 9803077
9804182 9803077
9805131 9803077
9806041 9803077
9807200 9803077
9811010 9803077
9808143 9803077
9808182 9803077
9810244 9803077
9803137 9803082
9803167 9803082
9803174 9803082
9803193 9803082
9803214 9803082
9803220 9803082
9804060 9803082
9804141 9803082
9804182 9803082
9803111 9803085
9803137 9803085
9803167 9803085
9803174 9803085
9803193 9803085
9803214 9803085
9803220 9803085
9803231 9803085
9804006 9803085
9804058 9803085
9804060 9803085
9805131 9803085
9803109 9803090
9803220 9803090
9803231 9803090
9804006 9803090
9804058 9803090
9804060 9803090
9804182 9803090
9805131 9803090
9803137 9803109
9803167 9803109
9803174 9803109
9803193 9803109
9803214 9803109
9803220 9803109
9803231 9803109
9803251 9803109
9804006 9803109
9804031 9803109
9804058 9803109
9804060 9803109
9804093 9803109
9804141 9803109
9804182 9803109
9805131 9803109
9806041 9803109
9807200 9803109
9811010 9803109
9808143 9803109
9808182 9803109
9810201 9803109
9810244 9803109
9803137 9803111
9803167 9803111
9803174 9803111
9803193 9803111
9803214 9803111
9803220 9803111
9803231 9803111
9803251 9803111
9804006 9803111
9804058 9803111
9804060 9803111
9803137 9803119
9803167 9803119
9803174 9803119
9803193 9803119
9803220 9803119
9803231 9803119
9803251 9803119
9804006 9803119
9804031 9803119
9804058 9803119
9804060 9803119
9804093 9803119
9804141 9803119
9804182 9803119
9805131 9803119
9806041 9803119
9807200 9803119
9811010 9803119
9808143 9803119
9808182 9803119
9810201 9803119
9810244 9803119
9803167 9803137
9803171 9803137
9803174 9803137
9803214 9803137
9803220 9803137
9803231 9803137
9803251 9803137
9804006 9803137
9804058 9803137
9804060 9803137
9805131 9803137
9803167 9803138
9803174 9803138
9803193 9803138
9803214 9803138
9803220 9803138
9803231 9803138
9804006 9803138
9804058 9803138
9804182 9803138
9803171 9803167
9803174 9803167
9803193 9803167
9803214 9803167
9803220 9803167
9803231 9803167
9803251 9803167
9804006 9803167
9804058 9803167
9804060 9803167
9804093 9803167
9804182 9803167
9805096 9803167
9805131 9803167
9806041 9803167
9811010 9803167
9808143 9803167
9808182 9803167
9810201 9803167
9810244 9803167
9803214 9803171
9803220 9803171
9803231 9803171
9803251 9803171
9804006 9803171
9804058 9803171
9804060 9803171
9805131 9803171
9803214 9803174
9803220 9803174
9803231 9803174
9803251 9803174
9804006 9803174
9804182 9803174
9805131 9803174
9803214 9803193
9803220 9803193
9803231 9803193
9803251 9803193
9804006 9803193
9804031 9803193
9804060 9803193
9805131 9803193
9810201 9803193
9803220 9803214
9804006 9803214
9804058 9803214
9804060 9803214
9804184 9803214
9805096 9803214
9805112 9803214
9805131 9803214
9806041 9803214
9811010 9803214
9808075 9803214
9808143 9803214
9808182 9803214
9803231 9803220
9803251 9803220
9804006 9803220
9804058 9803220
9804060 9803220
9804182 9803220
9804006 9803231
9804058 9803231
9804060 9803231
9804182 9803231
9804058 9803251
9804060 9803251
9804182 9803251
9805131 9803251
9804058 9804006
9804060 9804006
9804182 9804006
9805131 9804006
9804060 9804031
9805131 9804031
9804182 9804058
9805131 9804058
9804093 9804060
9805131 9804060
9806041 9804060
9807200 9804060
9811010 9804060
9808143 9804060
9808182 9804060
9810244 9804060
9805131 9804093
9806041 9804093
9807200 9804093
9811010 9804093
9808143 9804093
9808182 9804093
9810201 9804093
9810244 9804093
9804182 9804141
9805131 9804182
9805096 9804184
9805112 9804184
9806041 9804184
9806159 9804184
9807164 9804184
9811010 9804184
9808075 9804184
9808143 9804184
9805112 9805096
9806041 9805096
9806159 9805096
9807164 9805096
9811010 9805096
9808075 9805096
9808143 9805096
9808182 9805096
9806041 9805112
9806159 9805112
9807164 9805112
9811010 9805112
9808075 9805112
9808143 9805112
9808182 9805112
9806041 9805131
9810201 9805131
9810244 9805131
9811010 9806041
9808143 9806041
9808182 9806041
9810201 9806041
9810244 9806041
9807164 9806159
9811010 9806159
9808075 9806159
9808143 9806159
9808182 9806159
9808075 9807164
9808143 9807164
9807200 9811010
9811010 9808075
9811010 9808143
9811010 9808182
9808143 9808075
9808182 9808075
9808182 9808143
9810201 9808143
9810244 9808143
9810201 9808182
9810244 9810201
6:
9804026 9510017
9804092 9510017
9804110 9510017
9805157 9510017
9806008 9510017
9806044 9510017
9806143 9510017
9807240 9510017
9809147 9510017
9811193 9510017
9812163 9510017
9803141 9601038
9803214 9601038
9804026 9601038
9804092 9601038
9804110 9601038
9804184 9601038
9806008 9601038
9806044 9601038
9806091 9601038
9806143 9601038
9808048 9601038
9803141 9604129
9803214 9604129
9804026 9604129
9804092 9604129
9804110 9604129
9804184 9604129
9806008 9604129
9806044 9604129
9806091 9604129
9806143 9604129
9808048 9604129
9803141 9604178
9803214 9604178
9804026 9604178
9804092 9604178
9804110 9604178
9804184 9604178
9806008 9604178
9806044 9604178
9806091 9604178
9806143 9604178
9808048 9604178
9803141 9605049
9803214 9605049
9804026 9605049
9804092 9605049
9804110 9605049
9804184 9605049
9805157 9605049
9806008 9605049
9806044 9605049
9806091 9605049
9806131 9605049
9806143 9605049
9807240 9605049
9808019 9605049
9808048 9605049
9808139 9605049
9809147 9605049
9811193 9605049
9812163 9605049
9803141 9606169
9803214 9606169
9804026 9606169
9804092 9606169
9804110 9606169
9804184 9606169
9805157 9606169
9806008 9606169
9806044 9606169
9806091 9606169
9806131 9606169
9806143 9606169
9807240 9606169
9808019 9606169
9808048 9606169
9808139 9606169
9809147 9606169
9811193 9606169
9812163 9606169
9803141 9705163
9803214 9705163
9804026 9705163
9804092 9705163
9804110 9705163
9804184 9705163
9805157 9705163
9806008 9705163
9806044 9705163
9806091 9705163
9806131 9705163
9806143 9705163
9807240 9705163
9808019 9705163
9808048 9705163
9808139 9705163
9809147 9705163
9811193 9705163
9812163 9705163
9803141 9706051
9803214 9706051
9804026 9706051
9804092 9706051
9804110 9706051
9804184 9706051
9805157 9706051
9806008 9706051
9806044 9706051
9806091 9706051
9806131 9706051
9806143 9706051
9807240 9706051
9808019 9706051
9808048 9706051
9808139 9706051
9809147 9706051
9811193 9706051
9812163 9706051
9803141 9708040
9803214 9708040
9804026 9708040
9804092 9708040
9804110 9708040
9804184 9708040
9805157 9708040
9806008 9708040
9806044 9708040
9806091 9708040
9806131 9708040
9806143 9708040
9807240 9708040
9808019 9708040
9808048 9708040
9808139 9708040
9809147 9708040
9811193 9708040
9812163 9708040
9803141 9704059
9803214 9704059
9804026 9704059
9804092 9704059
9804110 9704059
9804184 9704059
9805157 9704059
9806008 9704059
9806044 9704059
9806091 9704059
9806131 9704059
9806143 9704059
9807240 9704059
9808019 9704059
9808048 9704059
9808139 9704059
9809147 9704059
9811193 9704059
9812163 9704059
9803214 9803141
9804092 9803141
9804110 9803141
9804184 9803141
9805157 9803141
9806008 9803141
9806044 9803141
9806091 9803141
9806143 9803141
9808019 9803141
9808048 9803141
9804092 9803214
9804184 9803214
9806008 9803214
9806044 9803214
9806091 9803214
9806143 9803214
9808019 9803214
9808048 9803214
9804092 9804026
9804110 9804026
9804184 9804026
9805157 9804026
9806008 9804026
9806044 9804026
9806091 9804026
9806131 9804026
9806143 9804026
9807240 9804026
9808019 9804026
9808048 9804026
9808139 9804026
9809147 9804026
9811193 9804026
9812163 9804026
9804110 9804092
9804184 9804092
9805157 9804092
9806008 9804092
9806044 9804092
9806091 9804092
9806131 9804092
9806143 9804092
9807240 9804092
9808019 9804092
9808048 9804092
9808139 9804092
9809147 9804092
9811193 9804092
9812163 9804092
9804184 9804110
9805157 9804110
9806008 9804110
9806044 9804110
9806091 9804110
9806131 9804110
9806143 9804110
9807240 9804110
9808019 9804110
9808048 9804110
9808139 9804110
9809147 9804110
9811193 9804110
9812163 9804110
9806008 9804184
9806044 9804184
9806091 9804184
9806143 9804184
9808019 9804184
9808048 9804184
9806008 9805157
9806044 9805157
9806143 9805157
9807240 9805157
9808019 9805157
9808048 9805157
9809147 9805157
9811193 9805157
9812163 9805157
9806044 9806008
9806091 9806008
9806131 9806008
9806143 9806008
9807240 9806008
9808019 9806008
9808048 9806008
9809147 9806008
9811193 9806008
9812163 9806008
9806091 9806044
9806131 9806044
9806143 9806044
9807240 9806044
9808019 9806044
9808048 9806044
9808139 9806044
9809147 9806044
9811193 9806044
9812163 9806044
9806143 9806091
9808019 9806091
9808048 9806091
9809147 9806091
9808139 9806131
9809147 9806131
9811193 9806131
9812163 9806131
9807240 9806143
9808019 9806143
9808048 9806143
9809147 9806143
9811193 9806143
9812163 9806143
9809147 9807240
9808048 9808019
9809147 9808048
9809147 9808139
9811193 9808139
9812163 9808139
9811193 9809147
9812163 9809147
9812163 9811193
7:
9802109 9711200
9802183 9711200
9803051 9711200
9803167 9711200
9806159 9711200
9806180 9711200
9811010 9711200
9808143 9711200
9808182 9711200
9802183 9802109
9803051 9802109
9803167 9802109
9806159 9802109
9806180 9802109
9811010 9802109
9808143 9802109
9808182 9802109
9803051 9802183
9803167 9802183
9806159 9802183
9806180 9802183
9811010 9802183
9808143 9802183
9808182 9802183
9803167 9803051
9806159 9803051
9806180 9803051
9811010 9803051
9808143 9803051
9808182 9803051
9806159 9803167
9806180 9803167
9811010 9803167
9808143 9803167
9808182 9803167
9806180 9806159
9811010 9806159
9808143 9806159
9808182 9806159
9811010 9806180
9808143 9806180
9808182 9806180
9811010 9808143
9811010 9808182
9808182 9808143
8:
9802042 9711200
9802109 9711200
9803001 9711200
9803131 9711200
9803135 9711200
9805129 9711200
9803002 9711200
9803111 9711200
9803252 9711200
9804175 9711200
9806021 9711200
9806125 9711200
9806158 9711200
9806235 9711200
9807196 9711200
9811042 9711200
9802150 9802042
9803131 9802042
9803135 9802042
9803263 9802042
9805129 9802042
9803002 9802042
9803111 9802042
9803252 9802042
9804175 9802042
9806158 9802042
9811042 9802042
9802150 9802109
9803001 9802109
9803131 9802109
9803135 9802109
9803263 9802109
9805129 9802109
9803002 9802109
9803111 9802109
9804175 9802109
9806021 9802109
9806125 9802109
9806158 9802109
9811042 9802109
9803001 9802150
9803131 9802150
9803135 9802150
9803263 9802150
9805129 9802150
9803002 9802150
9803111 9802150
9803252 9802150
9804175 9802150
9806021 9802150
9806125 9802150
9806158 9802150
9806235 9802150
9807196 9802150
9811042 9802150
9803001 9803131
9803001 9803135
9803001 9803263
9803001 9805129
9803111 9803001
9804175 9803001
9806158 9803001
9811042 9803001
9803135 9803131
9803263 9803131
9805129 9803131
9803131 9803002
9803131 9803111
9803252 9803131
9804175 9803131
9806021 9803131
9806125 9803131
9806158 9803131
9806235 9803131
9807196 9803131
9811042 9803131
9803263 9803135
9805129 9803135
9803135 9803002
9803135 9803111
9803252 9803135
9804175 9803135
9806021 9803135
9806125 9803135
9806158 9803135
9806235 9803135
9807196 9803135
9811042 9803135
9805129 9803263
9803263 9803002
9803263 9803111
9804175 9803263
9806158 9803263
9811042 9803263
9805129 9803002
9805129 9803111
9805129 9803252
9805129 9804175
9806021 9805129
9806125 9805129
9806158 9805129
9806235 9805129
9807196 9805129
9811042 9805129
9803111 9803002
9803252 9803002
9804175 9803002
9806125 9803002
9806158 9803002
9806235 9803002
9807196 9803002
9811042 9803002
9803252 9803111
9804175 9803111
9806125 9803111
9806158 9803111
9811042 9803111
9804175 9803252
9806021 9803252
9806125 9803252
9806235 9803252
9807196 9803252
9811042 9803252
9806021 9804175
9806125 9804175
9806158 9804175
9806235 9804175
9807196 9804175
9811042 9804175
9806125 9806021
9806158 9806021
9806235 9806021
9811042 9806021
9806158 9806125
9806235 9806125
9811042 9806125
9811042 9806158
9807196 9806235
9811042 9806235
9811042 9807196
9:
9803015 9802183
9803076 9802183
9803214 9802183
9803249 9802183
9804184 9802183
9805096 9802183
9806008 9802183
9806091 9802183
9808019 9802183
9808048 9802183
9803076 9803015
9803214 9803015
9803249 9803015
9804184 9803015
9805096 9803015
9806008 9803015
9806091 9803015
9808019 9803015
9808048 9803015
9803214 9803076
9803249 9803076
9804184 9803076
9805096 9803076
9806008 9803076
9806091 9803076
9808019 9803076
9808048 9803076
9803249 9803214
9804184 9803214
9805096 9803214
9806008 9803214
9806091 9803214
9808019 9803214
9808048 9803214
9804184 9803249
9805096 9803249
9806008 9803249
9806091 9803249
9808019 9803249
9808048 9803249
9805096 9804184
9806008 9804184
9806091 9804184
9808019 9804184
9808048 9804184
9806008 9805096
9806091 9805096
9808019 9805096
9808048 9805096
9806091 9806008
9808019 9806008
9808048 9806008
9808019 9806091
9808048 9806091
9808048 9808019
10:
9802109 9711200
9802183 9711200
9803076 9711200
9803214 9711200
9804184 9711200
9805096 9711200
9806091 9711200
9808019 9711200
9808048 9711200
9802150 9802109
9802183 9802109
9803076 9802109
9803214 9802109
9804184 9802109
9805096 9802109
9806091 9802109
9808019 9802109
9808048 9802109
9802183 9802150
9803076 9802150
9803214 9802150
9804184 9802150
9805096 9802150
9806091 9802150
9808019 9802150
9808048 9802150
9803076 9802183
9803214 9802183
9804184 9802183
9805096 9802183
9806091 9802183
9808019 9802183
9808048 9802183
9803214 9803076
9804184 9803076
9805096 9803076
9806091 9803076
9808019 9803076
9808048 9803076
9804184 9803214
9805096 9803214
9806091 9803214
9808019 9803214
9808048 9803214
9805096 9804184
9806091 9804184
9808019 9804184
9808048 9804184
9806091 9805096
9808019 9805096
9808048 9805096
9808019 9806091
9808048 9806091
9808048 9808019
11:
9802109 9708005
9802150 9802109
9802183 9802109
9803131 9802109
9803076 9802109
9803214 9802109
9804184 9802109
9806091 9802109
9808048 9802109
9802150 9708005
9802183 9708005
9803131 9708005
9803076 9708005
9803214 9708005
9804184 9708005
9806091 9708005
9808048 9708005
9802183 9802150
9803131 9802150
9803076 9802150
9803214 9802150
9804184 9802150
9806091 9802150
9808048 9802150
9803131 9802183
9803076 9802183
9803214 9802183
9804184 9802183
9806091 9802183
9808048 9802183
9803131 9803076
9803214 9803131
9804184 9803131
9806091 9803131
9808048 9803131
9803214 9803076
9804184 9803076
9806091 9803076
9808048 9803076
9804184 9803214
9806091 9803214
9808048 9803214
9806091 9804184
9808048 9804184
9808048 9806091
