# The links inside the directed communities at k=11
# from /Users/bogna/dev/role-mining/datasets/enron/timeslots/1-2002.edges
# at no lower link weight threshold,
# and at no upper link weight threshold.
# Links were treated as directed.
# No time limit was set for the clique search.

0:
10354 172
10354 29768
10354 29785
10354 29786
10354 29790
10354 29791
10354 29793
10354 29802
10354 29806
10354 29813
10354 29943
10354 32873
10354 32874
10354 32927
10354 7674
10354 8346
10354 8608
10354 8627
29786 172
29791 172
29806 172
172 32873
172 32874
32927 172
7674 172
172 8346
8608 172
172 8627
29785 29768
29786 29768
29790 29768
29791 29768
29806 29768
32874 29768
32927 29768
7674 29768
8346 29768
8608 29768
29785 29786
29785 29790
29785 29791
29785 29793
29785 29802
29785 29806
29785 29813
29785 29943
29785 32873
32874 29785
29785 32927
29785 7674
29785 8346
8608 29785
29785 8627
29786 29790
29786 29791
29786 29793
29786 29802
29786 29806
29786 29813
29786 29943
29786 32873
32874 29786
32927 29786
29786 7674
29786 8346
8608 29786
29786 8627
29790 29791
29790 29793
29790 29802
29790 29806
29790 29813
32874 29790
29790 32927
29790 7674
8346 29790
29791 29793
29791 29802
29791 29806
29791 29813
29791 29943
29791 32873
32874 29791
29791 32927
29791 7674
29791 8346
8608 29791
29791 8627
29806 29793
32874 29793
32927 29793
7674 29793
8346 29793
8608 29793
29806 29802
32874 29802
32927 29802
7674 29802
8346 29802
8608 29802
29806 29813
29806 29943
29806 32873
32874 29806
32927 29806
29806 7674
29806 8346
8608 29806
29806 8627
32874 29813
32927 29813
7674 29813
8346 29813
8608 29813
32874 29943
32927 29943
7674 29943
8346 29943
8608 29943
32874 32873
32927 32873
7674 32873
32873 8346
32873 8608
32873 8627
32874 32927
32874 7674
32874 8346
8608 32874
32874 8627
32927 7674
32927 8346
8608 32927
32927 8627
7674 8346
8608 7674
7674 8627
8608 8346
8346 8627
8608 8627
1:
10354 172
10354 29821
10354 32864
10354 32873
10354 32874
10354 7659
10354 8346
10354 8361
10354 8608
10354 8627
10354 9947
172 29821
172 32864
172 32873
172 32874
172 7659
172 8346
8361 172
8608 172
172 8627
172 9947
29821 32873
32874 29821
7659 29821
29821 8346
8361 29821
8608 29821
29821 8627
29821 9947
32864 32873
32864 32874
32864 7659
32864 8346
8361 32864
8608 32864
32864 8627
32864 9947
32874 32873
7659 32873
32873 8346
8361 32873
32873 8608
32873 8627
32873 9947
32874 7659
32874 8346
32874 8361
8608 32874
32874 8627
32874 9947
7659 8346
7659 8361
8608 7659
7659 8627
7659 9947
8361 8346
8608 8346
8346 8627
8346 9947
8361 8608
8361 8627
8361 9947
8608 8627
8608 9947
8627 9947
2:
251 10388
251 17781
251 277
251 322
251 8336
251 8349
10354 251
312 251
7659 251
251 8361
8608 251
10388 17781
10388 277
10388 322
10388 8336
10388 8349
10354 10388
312 10388
10388 7659
8361 10388
17781 277
17781 322
17781 8336
17781 8349
10354 17781
312 17781
7659 17781
8361 17781
17781 8608
277 322
277 8336
277 8349
10354 277
312 277
277 7659
277 8361
277 8608
8336 322
322 8349
10354 322
312 322
7659 322
8361 322
8608 322
8336 8349
10354 8336
312 8336
7659 8336
8361 8336
8336 8608
10354 8349
312 8349
8349 7659
8361 8349
8608 8349
10354 312
10354 7659
10354 8361
10354 8608
312 7659
312 8361
312 8608
7659 8361
8608 7659
8361 8608
3:
2965 2913
2913 2844
2913 2930
2913 2936
2913 2956
2913 2966
2913 2988
2913 2998
123 2913
2957 2913
3385 2913
3387 2913
2965 2844
2965 2930
2965 2936
2965 2956
2965 2966
2965 2988
2965 2998
2965 123
2965 2944
2965 2957
2965 3385
2965 3387
2844 2930
2844 2936
2844 2956
2844 2998
123 2844
2844 2944
2957 2844
3385 2844
3387 2844
2930 2936
2930 2956
2930 2966
2930 2988
2930 2998
123 2930
2930 2944
2930 2957
3385 2930
2930 3387
2936 2956
2936 2966
2936 2988
2936 2998
123 2936
2936 2944
2936 2957
3385 2936
3387 2936
2956 2966
2956 2988
2956 2998
123 2956
2956 2944
2957 2956
3385 2956
3387 2956
2966 2998
123 2966
2957 2966
3385 2966
3387 2966
2988 2998
123 2988
2988 2957
3385 2988
3387 2988
123 2998
2998 2944
2957 2998
3385 2998
3387 2998
123 2944
123 2957
123 3385
123 3387
2957 2944
3385 2944
3387 2944
2957 3385
3387 2957
3385 3387
4:
3121 3848
3121 3860
3121 4036
3121 3585
3121 3905
5560 3121
3735 3121
19115 3121
19136 3121
4046 3121
3848 3860
4036 3848
3585 3848
3905 3848
5560 3848
3735 3848
19115 3848
19136 3848
4046 3848
4036 3860
3585 3860
3905 3860
5560 3860
3735 3860
19115 3860
19136 3860
4046 3860
4036 3585
4036 3905
5560 4036
3735 4036
19115 4036
4036 19136
4046 4036
3585 3905
5560 3585
3735 3585
19115 3585
3585 19136
4046 3585
3905 5560
3905 3735
3905 19115
3905 19136
3905 4046
5560 3735
5560 19115
5560 19136
5560 4046
3735 19115
3735 19136
3735 4046
19115 19136
19115 4046
19136 4046
5:
142 2965
1811 142
142 969
142 419
142 422
142 457
142 123
142 143
142 2606
2896 142
2919 142
2965 1811
2965 969
2965 419
2965 422
2965 457
2965 123
2965 143
2965 2606
2965 2896
2965 2919
1811 969
1811 419
1811 422
1811 457
123 1811
1811 143
1811 2606
2896 1811
2919 1811
969 419
969 422
969 457
123 969
969 143
969 2606
2896 969
2919 969
419 422
419 457
419 123
419 143
419 2606
2896 419
2919 419
422 457
422 123
422 143
422 2606
2896 422
2919 422
123 457
143 457
2606 457
2896 457
123 143
123 2606
123 2896
123 2919
143 2606
2896 143
2919 143
2896 2606
2606 2919
2896 2919
