# The contained directed cliques in the directed communities at k=8
# from /Users/bogna/dev/role-mining/datasets/enron/timeslots/8-2001.edges
# at no lower link weight threshold,
# and at no upper link weight threshold.
# Links were treated as directed.
# No time limit was set for the clique search.

0: 2752 
1: 2997 3010 3392 3395 3400 3744 4891 4892 4993 4994 5282 5459 3521 4898 4900 3397 3741 3743 3745 4317 4318 4327 4661 4663 4893 4899 4901 4902 4985 4989 4990 4997 4998 4999 5139 5140 5144 5146 5147 5148 5149 5151 5152 5153 5154 5155 3398 3008 3396 3007 3004 3231 3401 4894 3005 3233 4654 4644 4652 4653 4655 4656 4664 4992 4995 5281 5350 4264 4645 4649 4650 4659 4829 4831 4838 5138 5142 5143 5279 5283 5285 5292 5349 5351 5507 3518 4262 4263 4265 4834 4986 4987 4991 5157 5158 5404 5522 3515 3517 3969 3516 5415 4322 4679 5277 5403 3742 4319 4323 4324 5278 4321 4677 4988 5280 4681 5150 5159 5160 5161 5162 4840 4836 4837 4660 4830 4835 4839 4651 4657 4662 4647 4646 4648 4828 4658 5141 4622 4620 4621 4616 4617 4614 5385 5384 4619 4832 4665 5287 4903 4904 4896 4895 4897 5293 5284 5286 4996 5024 5145 5156 3968 3394 
2: 3891 3892 3893 3894 3971 3972 3983 3984 3985 3986 4150 4158 4159 4160 4161 4270 4271 4272 4273 4395 4396 4397 4398 4565 4566 4567 4568 4165 4274 4400 4569 
3: 3900 4925 4943 4922 4940 
4: 4337 4338 4339 4341 4342 4344 4343 
5: 4643 
6: 5462 
