# The directed communities at k=8
# from /Users/bogna/dev/role-mining/datasets/enron/timeslots/8-2001.edges
# at no lower link weight threshold,
# and at no upper link weight threshold.
# Links were treated as directed.
# No time limit was set for the clique search.

0: 452 4508 969 1246 1959 5372 890 21464 
1: 1415 2161 2828 137 452 1178 132 1574 419 4506 4508 7413 80 804 969 125 544 2720 1812 723 4501 1794 1813 2824 414 549 604 2826 1199 661 1246 1493 9931 1244 1527 1811 1881 1895 19609 2022 2607 281 4314 4502 4504 4505 4509 5046 5178 5640 890 998 21464 
2: 628 994 1311 1336 1340 508 610 141 2375 877 1279 1307 1313 1323 1327 1331 1335 2385 558 641 825 974 
3: 2 2024 251 401 277 8336 8349 181 9 8327 9045 
4: 318 126 142 143 457 132 969 10808 133 11667 11712 11901 
5: 3135 419 1522 1524 3158 3985 1525 11543 
6: 318 126 142 143 457 132 441 11656 
