# The directed communities at k=7
# from /Users/bogna/dev/role-mining/datasets/hepth/timeslots/cit-HepTh-2000.edges
# at no lower link weight threshold,
# and at no upper link weight threshold.
# Links were treated as directed.
# No time limit was set for the clique search.

0: 9909120 0008154 0008170 0008184 0008191 0010023 0011192 
1: 9603167 9903031 0001055 9409188 9909107 0001200 0002103 0005087 0006168 0008091 0008173 0008230 0009209 0010023 0011192 0012050 
2: 9810188 9711162 9903205 9908142 9909176 9811237 9802068 9912072 9808141 9812135 9901159 9902105 9904207 9911116 9912249 9805019 9812031 9805170 9909062 9909202 0001084 9503099 9912120 9912121 9711165 0001143 0001201 9605088 9705038 0002117 9402113 9404008 9406125 0002211 0002223 0002237 0003031 0003101 0003110 0003122 0003124 0003160 0003220 0003221 0003278 0004015 0004106 0004112 0005006 0005031 0005036 0005085 0005114 0005153 0005204 0009148 0006052 0006071 9208027 0006219 0006240 0007043 0007078 0007107 0007140 0007153 0007158 0007175 0007204 0007217 0007226 0007235 0007247 0007255 0008013 0008023 0008033 0008053 0008064 0008075 0008092 0010017 0008101 0008108 0008127 0008204 0008214 0008227 0008231 0008242 0008252 0009002 0009030 0009038 0009061 0009090 0009101 0009103 9210065 9303143 9311177 0009105 0009142 9303067 0009189 0009191 0009213 0009224 0009233 0009246 0009252 0010016 0010021 0010028 0010034 0010045 0010058 0010060 0010090 0010101 0010108 0010181 0010190 0010218 0010221 0010240 0010247 0010251 0010256 0011002 0011009 0011029 0011033 0011057 0012054 0011090 0011094 0011095 0011099 0011108 0011117 0011170 0011205 0011223 0011226 0011238 0011244 0011283 0012080 0012081 0012093 0012179 0012198 0012210 0012217 0012222 0012251 0012266 0101002 
3: 9906064 9911055 9510017 9612128 9510209 9603142 9910093 9912160 9809147 9602070 9603133 9805157 9905137 9611213 9803076 9803214 9804110 9806008 9806044 9806091 9811193 9812163 0002091 0002072 0002132 0002161 0002190 0003020 0003045 0003054 0003074 0003076 0004028 0005016 0008151 0006044 0007177 0009199 0010093 0003162 0003269 0004057 0004114 0005066 0005167 0005206 0005217 0006030 0006059 0006191 0006215 0007002 0007053 0008041 0008054 0008128 0009022 0010071 0011111 0011138 0011141 0011152 0011156 0011245 0012049 
4: 9909030 9909163 9812193 0001199 0003037 9609112 0003057 0003187 0004141 0005052 0005148 0005244 0006117 0006145 0007096 0007100 0007171 0008038 0010170 0012164 0012234 
5: 9906064 9909134 9912018 9912156 0001197 0001206 0002040 0002121 0002147 0002160 0002164 0002174 0003067 0004125 0006139 0009127 0009199 0004124 0004133 0004165 0004206 0005001 0005217 0005230 0006226 0007233 0007029 0009176 0010121 0011006 0011118 0011269 0012029 0012143 0012165 0012265 
6: 0001053 9712256 9806194 9812046 9903219 9903224 9907087 9909149 0001063 0005065 0005152 0005183 0009242 0012117 
7: 9711162 9903205 9908142 0001027 9903077 9903107 9903187 9908141 9910004 9911041 9911098 9912072 9912075 9912094 9912167 9711165 9803031 9908056 9812219 9906192 0001167 0001182 9810072 9912140 0001215 9912153 0002067 9804001 9812180 0002075 0002084 0002119 0002143 0002171 0002158 0002186 0002210 0003007 0003113 9909214 0003137 0003145 0003160 0004147 0003176 0003180 0003215 0003216 0003227 0004013 0004038 0004071 0004080 0004085 0004115 0004183 0004187 0005007 0005015 0005129 0005040 0005048 0005208 0005272 0006014 0006062 0006112 0006091 0006114 0006119 0006160 0006236 0006209 0006210 0007050 0007131 0007156 0008002 0008042 0008057 0008075 0008090 0008132 0008205 0009037 0009196 0009233 0010003 0010027 0010175 0010204 0010244 0010275 0011003 0011019 0011088 0011119 0011125 0011131 0011140 0011147 0011233 0011241 0012009 0012024 0012175 0012218 
8: 9905012 9910174 9903225 0001183 9908047 0004155 0009175 0010014 0011024 0011290 
9: 9711162 0002236 0003007 0004024 0005059 0008118 0008120 0010113 
10: 9910053 9804085 0003075 0008015 0008016 0008088 0008186 0008203 0009019 0010122 0010191 0010237 0012025 0012137 
11: 9711162 9711200 9908142 9705221 9711165 9907166 9908134 9909215 9711112 0005015 0005129 0005040 0005046 0005048 0005073 0006013 0006023 0006062 0006112 0006225 0006085 0006193 0006236 0006202 0006209 0006235 0009158 0007052 0007089 0007106 0007147 0007168 0007215 0008030 0008073 0008119 0008172 0008213 0009017 0009095 0009140 0009141 0009181 0009182 0010072 0010143 0011054 0011282 0011283 0012093 0012142 0012183 0012239 
12: 9902059 9907145 9910053 9804085 0003075 0004072 0006239 0007067 0008088 0008186 0008203 0009019 0010165 
13: 9902210 0007018 0006060 0009047 0011190 0012195 0011288 0012194 
14: 9906064 0001107 0003162 0005206 0007197 0009117 0010208 
15: 0001003 9912242 0001107 0003020 0003076 0003162 0004114 0005206 
16: 9906064 9907209 9909001 9909134 9909130 0001033 0001071 9909070 9911083 9911104 9912060 0002076 0002040 0002091 0002130 0003020 0003076 
17: 0001053 9712256 0005152 0006070 0005183 0009096 0009107 
18: 9905210 9906064 9909053 9711200 9909205 9911055 9911043 9912001 0002076 0002091 0002130 0003052 0003076 0008151 0007064 0007177 0008102 0004022 0004056 
19: 9905012 9905210 9906064 9909053 9910149 9910219 0005032 0005239 0006069 0007177 0007239 0009010 0009056 0009160 0010063 0004067 0004160 0004166 0005025 0006007 0006146 0010232 0010133 0012044 0010215 0011254 0012073 0012102 0012116 
20: 9711200 9910053 0003136 0004142 0005163 0004151 0006102 0007082 0007250 0008141 0010122 0011146 0012137 
21: 9711162 9908142 9909202 9910135 9910196 9711165 0001135 0002020 0002090 0003231 0005101 0005204 0006056 0007204 0010026 0010221 
22: 9906064 0001033 9909199 9910132 0008190 9911015 0003300 0004014 0005162 0005167 0006093 0006203 0006251 0008012 0008055 0008134 
23: 0001002 9803235 9906064 9909058 0001071 0001159 0002054 0003117 0003197 0007044 0007120 0009167 0009184 0003236 0004093 0004111 0007209 0008050 0008112 0011167 0012105 0012110 0012249 
24: 9704089 9705221 0005021 0005047 0006023 0007147 0009140 0010169 0012142 
25: 9906194 9909041 9711200 9802109 9802150 9810126 9905104 9909047 9810206 9903026 9906201 9911161 0002160 0002172 0003136 0004063 0004148 0006048 0006066 0008081 0009156 0010048 0011041 0011166 0012097 
26: 0001103 9408074 9510101 9906011 0003136 0006008 0007067 0007125 0008141 
27: 9812135 9905157 0003122 0003221 0004106 0009025 0009101 0009189 0101001 
28: 9711200 9802109 9802150 9808075 0002159 9911096 0007191 0008001 0009211 0010010 0010088 0011041 0012011 0012034 
29: 9908142 9912072 0002075 0002186 0003007 0005059 0008118 0010113 
30: 0005026 0005123 0006062 0006112 0007052 0009147 0011282 0011283 
31: 9905210 9906064 9909053 9912118 9711200 9903225 0001192 0003052 0003086 0003148 0004097 0005139 0006232 0007064 0007239 0008102 0009059 0009087 0009160 0005127 0006115 0007205 0008130 0010232 0010004 0010141 0010205 0011115 0101003 
32: 0002159 0007191 0009211 0010010 0010282 0011114 0012011 
33: 9301042 9606112 9712186 9906200 9910170 0001037 9808080 9907131 9910172 9912147 9912188 9906242 0001132 9704151 0002037 0002222 0003242 0003263 0003298 0005049 0005247 0006047 0006100 0006189 0006224 0006247 0007075 0007145 0007243 0008194 0009072 0009112 0010196 0010217 0010223 0011017 0011091 0011101 0011107 0012079 0012179 
34: 9712186 0001037 0006100 0006247 0007069 0010002 0011148 
35: 9908142 9910004 9911041 9907166 9908134 0002158 0004147 0007089 0008042 0008075 0008144 0010256 0011125 0011131 0012065 0012170 0012218 
36: 0001002 9906064 0001033 0001071 0001159 0002054 0002174 0004125 0007120 0003236 0004103 0007209 0012165 0012221 
37: 9909047 9510101 0002160 0003136 0004148 0006066 0007082 0007250 
38: 9711200 9909047 0002159 9911096 0003136 0007191 0009211 0010088 0011077 0012035 0011193 0012193 
39: 9908142 0005129 0005040 0006209 0007131 0009233 0010244 
40: 0001025 9906200 0002004 0003263 0007243 0009072 0012179 
