# The graph of directed at k=7
# from /Users/bogna/dev/role-mining/datasets/hepth/timeslots/cit-HepTh-2000.edges
# at no lower link weight threshold,
# and at no upper link weight threshold.
# Links were treated as directed.
# No time limit was set for the clique search.

0 1 2
2 7 8
2 9 1
2 11 5
2 21 7
2 27 6
2 29 2
2 30 1
2 33 1
2 35 3
2 39 2
2 40 1
3 5 3
3 14 3
3 15 5
3 16 4
3 18 6
3 19 2
3 22 2
3 23 1
3 31 1
3 36 1
5 14 1
5 16 3
5 18 1
5 19 1
5 22 1
5 23 1
5 25 1
5 31 1
5 36 4
5 37 1
6 17 4
7 9 2
7 11 11
7 21 3
7 29 5
7 30 2
7 35 10
7 39 7
8 19 1
8 31 1
9 11 1
9 21 1
9 29 4
10 12 7
10 20 3
11 18 1
11 20 1
11 21 3
11 24 5
11 25 1
11 28 1
11 29 1
11 30 5
11 31 1
11 35 4
11 38 1
11 39 4
12 20 1
12 26 1
14 15 3
14 16 1
14 18 1
14 19 1
14 22 1
14 23 1
14 31 1
14 36 1
15 16 2
15 18 1
16 18 5
16 19 1
16 22 2
16 23 2
16 31 1
16 36 3
18 19 4
18 20 1
18 22 1
18 23 1
18 25 1
18 28 1
18 31 7
18 36 1
18 38 1
19 22 1
19 23 1
19 31 6
19 36 1
20 25 2
20 26 2
20 28 1
20 31 1
20 37 3
20 38 2
21 29 1
21 35 1
21 39 1
22 23 1
22 31 1
22 36 2
23 31 1
23 36 8
25 26 1
25 28 4
25 31 1
25 37 5
25 38 3
26 37 2
26 38 1
28 31 1
28 32 5
28 38 6
29 35 1
29 39 1
31 36 1
31 38 1
32 38 3
33 34 4
33 40 5
35 39 1
37 38 2
