# The graph of directed at k=4
# from /Users/bogna/dev/role-mining/datasets/hepth/timeslots/cit-HepTh-2001.edges
# at no lower link weight threshold,
# and at no upper link weight threshold.
# Links were treated as directed.
# No time limit was set for the clique search.

0 3 1
0 4 32
0 6 3
0 17 25
0 24 2
0 26 2
0 30 3
0 46 1
0 50 1
0 51 2
0 52 1
0 53 4
0 58 8
0 64 1
0 69 1
0 70 1
0 74 5
0 77 1
0 79 1
0 88 1
0 91 2
0 92 1
0 96 1
0 97 2
0 98 2
0 100 1
0 101 1
0 102 1
0 104 2
0 109 3
0 111 3
0 115 5
0 117 3
0 118 1
0 121 3
0 123 1
0 135 2
0 136 9
0 137 8
0 139 2
0 140 4
0 145 4
0 147 2
0 148 8
0 149 2
0 152 2
0 153 1
0 154 4
0 155 3
0 158 2
0 160 4
0 162 5
0 163 2
0 164 6
0 165 3
0 168 6
0 169 2
1 107 2
4 5 4
4 6 1
4 8 1
4 10 2
4 13 1
4 14 8
4 17 12
4 19 5
4 22 4
4 24 6
4 26 3
4 30 3
4 31 8
4 33 18
4 37 1
4 39 1
4 46 1
4 48 3
4 50 4
4 51 3
4 53 4
4 56 1
4 59 9
4 64 1
4 65 6
4 69 1
4 73 1
4 74 2
4 76 3
4 77 1
4 80 8
4 82 4
4 86 2
4 87 3
4 88 3
4 90 3
4 91 2
4 93 11
4 97 1
4 99 1
4 100 2
4 102 2
4 103 1
4 104 3
4 105 2
4 114 2
4 120 3
4 124 2
4 126 1
4 127 2
4 128 1
4 129 3
4 132 10
4 134 7
4 141 4
4 142 2
4 144 5
4 146 11
4 147 1
4 148 1
4 149 2
4 150 5
4 151 4
4 153 5
4 154 1
4 156 3
4 157 6
4 158 2
4 159 3
4 161 10
4 162 2
4 163 1
4 164 2
4 165 1
4 166 5
4 167 3
4 168 1
4 169 2
5 17 3
5 19 3
5 22 1
5 31 3
5 33 3
5 50 3
5 51 1
5 76 3
5 88 1
5 141 3
5 153 3
5 158 2
6 17 1
6 21 2
6 30 2
6 46 2
6 147 2
6 160 1
7 141 3
8 14 1
8 24 1
8 59 1
8 80 1
8 82 1
8 90 1
8 93 1
8 126 1
8 127 1
8 129 1
8 134 1
8 142 1
8 146 1
8 150 1
8 156 1
8 161 1
8 166 1
10 22 3
11 131 2
14 48 1
14 59 1
14 80 1
14 82 1
14 90 2
14 93 3
14 120 1
14 126 2
14 127 2
14 129 1
14 131 1
14 134 1
14 142 1
14 146 1
14 150 1
14 156 1
14 161 1
14 166 2
16 49 1
17 19 1
17 22 1
17 26 3
17 30 1
17 31 1
17 33 2
17 46 1
17 50 1
17 51 3
17 58 1
17 64 2
17 74 3
17 76 1
17 88 2
17 97 2
17 99 2
17 100 1
17 109 1
17 111 1
17 115 1
17 121 2
17 136 1
17 137 1
17 140 1
17 141 1
17 147 3
17 153 2
17 154 2
17 158 1
17 165 1
19 22 3
19 30 1
19 31 3
19 33 3
19 50 3
19 51 2
19 76 3
19 88 1
19 141 4
19 153 4
19 158 1
19 169 1
22 30 1
22 31 1
22 33 1
22 50 1
22 51 3
22 58 1
22 76 3
22 88 1
22 141 2
22 153 2
22 158 1
22 169 1
24 69 1
24 99 2
24 104 1
26 121 1
27 52 1
27 66 1
27 133 1
29 61 2
29 71 2
29 122 3
30 46 1
30 51 1
30 98 1
30 103 1
30 115 1
30 141 1
30 147 1
30 153 1
30 158 1
30 160 1
30 169 1
31 33 5
31 50 3
31 51 1
31 76 3
31 87 1
31 88 1
31 141 3
31 153 3
33 50 3
33 51 1
33 76 3
33 88 1
33 93 1
33 141 3
33 153 4
34 79 2
35 63 3
37 99 2
37 105 1
37 108 2
46 147 1
48 86 1
48 90 4
49 143 2
50 51 1
50 76 3
50 77 1
50 88 1
50 141 3
50 153 3
51 58 1
51 74 1
51 76 1
51 88 2
51 97 2
51 100 1
51 118 2
51 141 2
51 153 2
51 154 1
51 158 1
51 165 1
51 169 1
52 133 1
52 155 1
53 148 1
53 151 2
53 162 5
53 164 3
55 86 3
58 74 3
58 109 1
58 111 1
58 115 2
58 136 3
58 137 2
58 140 2
59 80 1
59 82 1
59 90 1
59 93 1
59 126 1
59 127 1
59 129 1
59 134 2
59 142 1
59 144 1
59 146 1
59 150 1
59 156 1
59 161 3
59 166 1
65 112 1
65 113 2
65 114 2
65 128 3
65 129 1
65 157 1
69 104 1
70 155 2
71 91 2
71 122 1
74 88 1
74 91 2
74 97 1
74 100 1
74 109 1
74 111 1
74 115 2
74 136 2
74 137 1
74 140 1
74 154 2
74 165 1
75 81 3
76 88 1
76 141 3
76 153 3
80 82 1
80 90 1
80 93 1
80 126 1
80 127 1
80 129 1
80 134 1
80 142 1
80 146 3
80 150 1
80 156 1
80 161 1
80 166 1
82 90 1
82 93 1
82 126 1
82 127 1
82 129 1
82 134 1
82 142 1
82 146 1
82 150 1
82 156 1
82 157 1
82 161 1
82 166 1
83 84 2
85 143 1
88 97 1
88 100 5
88 141 1
88 153 1
88 154 1
88 165 1
89 91 1
90 93 1
90 126 1
90 127 1
90 129 1
90 134 1
90 142 1
90 146 1
90 150 1
90 156 1
90 161 1
90 166 1
91 118 4
91 122 1
91 132 1
91 149 1
92 152 1
93 120 2
93 126 1
93 127 1
93 129 1
93 134 1
93 142 1
93 146 1
93 150 1
93 156 3
93 161 1
93 166 2
96 116 1
96 130 2
97 100 1
97 118 1
97 154 1
97 165 1
99 108 2
100 154 1
100 165 1
105 108 2
109 111 1
109 115 1
109 136 1
109 137 1
109 140 1
111 115 1
111 136 1
111 137 1
111 140 1
112 113 3
112 128 1
113 128 1
115 136 2
115 137 1
115 140 1
120 166 2
123 139 2
125 142 3
126 127 2
126 129 1
126 134 1
126 142 1
126 146 1
126 150 1
126 156 1
126 161 1
126 166 1
127 129 1
127 134 1
127 142 1
127 146 1
127 150 1
127 156 1
127 161 1
127 166 1
129 134 1
129 142 1
129 146 1
129 150 1
129 156 1
129 157 1
129 161 1
129 166 1
134 142 1
134 144 2
134 146 1
134 150 2
134 156 1
134 161 3
134 166 1
136 137 1
136 140 2
136 145 3
137 140 1
141 153 4
141 158 2
141 169 1
142 146 1
142 150 1
142 156 1
142 161 1
142 166 1
144 146 1
144 157 1
146 150 1
146 156 1
146 157 2
146 161 1
146 166 1
148 162 1
148 164 1
150 156 1
150 161 2
150 166 2
152 162 2
153 158 1
153 169 1
154 165 1
156 161 1
156 166 1
158 169 1
159 161 1
161 166 1
162 164 4
163 169 2
164 168 1
