# The contained directed cliques in the directed communities at k=6
# from /Users/bogna/dev/role-mining/datasets/hepth/timeslots/cit-HepTh-1997.edges
# at no lower link weight threshold,
# and at no upper link weight threshold.
# Links were treated as directed.
# No time limit was set for the clique search.

0: 1128 1878 1602 
1: 1361 2046 2853 2858 12171 12172 
2: 1505 2922 3316 3318 4427 4429 5827 7389 7392 9247 9248 9249 10964 10965 10966 2921 2925 3315 4426 7388 9244 9245 9246 9552 9553 10960 10963 3317 5828 5829 7391 9243 10958 10959 12359 3314 5825 7387 9242 5834 7397 10957 7398 10961 10962 12350 12351 12352 
3: 1694 1695 1998 1949 1951 
4: 1701 4879 7910 9078 9594 9595 9596 9597 9598 4880 4883 7911 9079 9599 9600 9601 9602 4882 4884 7914 9082 9611 9612 9613 9614 7913 9081 9607 9608 9609 9610 7915 9083 9616 9617 9618 9619 13846 13558 13847 14092 13560 
5: 1868 2673 3099 
6: 1967 1968 2375 2737 2738 3228 3229 2376 
7: 2047 2856 2855 
8: 2128 2131 2543 5477 5478 5479 
9: 2234 4146 4922 5041 12338 3669 4490 4920 7428 11064 12339 3668 4921 7426 7813 9541 4923 7292 7293 7294 7298 7299 7304 5690 7295 5601 5602 5603 5691 5693 5694 7766 7767 5604 5605 7296 7770 9540 11058 11057 5688 7771 7769 7772 7300 7768 7301 5695 3852 5692 7808 7811 7297 7291 11066 
10: 2268 3890 3891 2668 4706 2762 4707 2763 2761 4701 4704 4705 4702 
11: 2341 
12: 2342 
13: 2420 7131 3966 3967 3969 6836 6837 6838 6840 7119 7120 7121 7122 7123 7124 7125 7126 7127 7128 7129 7130 10318 10692 3102 3673 3809 3808 10694 6841 7132 7133 
14: 2422 2423 3237 
15: 2453 2454 2751 3199 
16: 2491 2494 5795 8510 8511 8513 5088 5089 5090 5091 5092 5093 5094 5786 8512 5096 5095 5097 5098 8989 
17: 2765 2766 2768 2773 19915 19916 19917 19918 19951 2770 2774 19925 19926 19958 4294 4299 4293 5252 8771 17111 19611 20278 20279 4297 5251 5535 19610 20270 20271 20272 15007 15021 15022 16825 16826 16827 16848 16850 16855 17439 17440 17441 17524 17526 17530 18294 19490 19720 19724 19736 19752 20207 20214 20221 20375 7141 9809 9833 9864 10567 10568 10582 11806 11807 11808 11809 11811 11813 11816 11818 12088 12101 14002 14019 14020 14021 14022 14024 14027 14033 14034 14036 14044 14045 14046 14047 14049 14058 14614 14654 15002 15003 15004 15005 15006 15008 15009 15010 15013 15017 15023 15024 15027 15028 15029 15031 15719 15720 15721 15730 15736 16787 16829 16831 16851 16853 17399 17401 17409 17411 17412 17413 17419 17422 17424 17442 17443 17444 17447 17450 17451 17452 17455 17458 17525 17529 17555 17559 18270 18296 18575 18576 18633 18634 18636 19117 19566 19567 19568 19574 19575 19576 19577 19579 19581 19583 19588 19589 19590 19591 19595 19716 19721 19725 19836 19838 20178 20179 20295 20393 20394 20396 20447 20461 2847 6626 7142 7144 7146 7149 7157 7158 7159 7160 7605 9843 9868 10599 13464 14415 14629 14657 16775 16793 16950 16965 17129 18635 18643 18645 19726 19727 19728 19732 19737 19740 19762 19764 20218 20449 2848 19116 17553 19093 19114 19115 19121 6630 9812 9813 10583 16843 17527 17540 17554 17556 17557 17558 17563 17574 17578 17592 17594 17596 18245 18246 18276 18277 18287 18297 18298 18299 18305 19498 19741 20481 3232 6631 5255 6628 9847 9848 10680 15737 5254 9844 10673 16794 16795 8784 9810 10676 10677 11742 11760 11766 12381 15018 16799 16801 16810 16832 18238 18283 19485 19486 8781 8782 8785 8786 8787 8795 8798 9834 16964 8778 8783 11741 18577 8779 8780 18571 18573 18572 18574 16120 16652 16653 16656 20031 20063 16118 16139 16132 16689 16131 16134 16655 16683 16692 16138 16682 16116 16685 16691 16679 16688 20032 9349 16654 16657 16676 16678 18770 9347 9348 9354 9356 16687 18452 9350 18451 9351 18763 20048 9352 9355 15075 15077 9362 15076 9360 15079 15083 15088 15089 15090 15101 16509 16884 16886 15060 15078 15082 15087 15100 15105 16887 16888 16889 16890 16891 12501 15033 15034 15036 15039 15044 15046 15049 15053 15057 15062 15063 15065 15066 15071 15107 15128 15278 15280 15774 15775 12503 12505 18014 15067 15069 15601 15603 15604 15620 12885 15037 15038 15040 15041 15042 15047 15050 15051 15054 15068 15072 15073 15093 15097 15120 15127 15134 15169 15173 15182 15188 15309 15602 15605 15608 15614 15790 15791 15798 6786 12878 12879 12882 12883 12886 12887 12889 12895 12896 12905 12906 15598 19130 6770 6779 6783 6788 6761 6763 6766 6767 6768 6771 6782 6789 11529 11530 11539 11540 11547 11548 11550 11552 11553 19160 6722 6762 6772 6773 6775 6781 11468 11469 11470 11473 11512 11513 11515 11522 11534 11535 15271 15275 15276 6723 6724 6720 6721 6725 6764 11471 11523 5737 6719 6728 8923 8930 8933 8940 8941 5738 5739 5740 5743 7818 7819 8922 8924 8934 8935 9022 9023 11472 11474 11475 11476 11477 11478 11479 11487 11488 11490 11491 12864 12865 12874 12935 5744 7821 7824 7825 7831 9019 9033 11483 11484 11489 11528 11544 12877 12932 12933 12934 16177 16179 7820 7827 7832 6769 7822 7823 7826 7830 11526 11542 11543 11545 11551 11555 11556 6765 6784 6774 6776 6778 7829 9018 11527 7828 11516 15288 8995 11480 11481 11509 11510 11514 11520 11525 11531 11532 11533 11536 11537 11538 15272 15277 15343 16175 16176 16178 8610 8613 8617 8997 8998 9006 9008 16173 8612 8618 4865 8611 9002 9007 16405 4862 4863 4867 4870 8614 8625 9003 16413 16419 9032 15761 17833 9017 9020 9024 9027 9029 9030 9031 16174 17548 17836 18463 6269 9028 11169 11524 11546 16180 11541 11963 16181 4864 8662 9001 11957 11959 11960 11964 4868 11958 4872 8615 8616 9000 16414 12103 12102 12110 12128 12146 3926 10574 10578 10579 12085 12086 12087 12091 12094 12098 12108 12109 12118 12119 12120 12123 12126 12127 12132 12133 12145 14003 14004 14005 14006 14007 14035 17421 17623 3927 14032 14043 17625 10575 12053 12056 10564 10576 10581 12054 12057 12058 4314 10560 10561 10563 10565 10566 14008 14009 14054 14061 17404 4310 14012 14013 14018 14029 14040 14067 14070 15864 17402 17406 17407 17628 19407 19551 14042 14066 14069 19553 19555 9520 9524 9525 9526 9532 11212 13424 14025 14028 14030 14031 14041 14056 14064 15735 15783 15784 15854 15856 15857 15872 15873 17550 17616 17620 17626 17629 18122 18124 18131 18132 18912 18915 18926 18938 18939 18940 19066 19414 19552 19554 19556 19557 19558 19584 19587 19608 19647 19648 19651 19652 9517 9518 9519 9522 13430 9521 9523 9527 9529 16780 16781 16845 16846 17408 17410 17446 17531 17536 17538 18921 18924 18925 18929 18930 9528 12095 17400 17414 17475 17537 17539 17549 17551 17621 18922 8629 8641 9531 11214 17552 11213 11211 11220 18908 11218 11219 14052 18910 18928 18932 11221 17634 17636 19422 19569 19578 17571 17637 12124 12430 14057 17405 17533 17534 17542 17560 17562 17564 17566 17567 17568 17570 17572 17573 17576 17581 17588 17590 17598 17631 17635 17641 17646 18923 19261 19580 19582 19585 12125 12138 12144 19851 12055 12099 12116 12122 12131 12142 17398 17403 17415 17416 17417 17418 17423 17633 17639 20544 12063 12064 12065 12093 12096 17617 17622 19412 12097 12100 12107 12111 16183 17605 12090 12092 12115 15420 19840 12089 12104 19839 12084 12105 18954 19921 20215 12117 12139 14023 14026 15722 15726 17445 17453 17456 19677 19681 19919 14048 14051 15738 15742 11815 14050 14619 14658 15723 15724 15739 15740 15746 17454 19266 19678 19682 19683 19684 19688 19927 20181 20290 20397 20398 20401 20403 20459 11810 11812 11817 11819 11820 11821 11822 15741 15744 16725 16783 16784 17457 17490 17632 18950 19685 19959 20331 20337 16756 16835 16837 16847 16852 17483 17642 18949 19262 19679 16719 16721 16722 16723 16724 16726 16728 16745 16746 16752 16753 16755 16759 16764 16776 16785 16828 16830 16849 16856 16862 17473 17488 17535 17565 17591 17647 17649 17650 18248 18264 18948 19243 19244 19594 19686 19920 19932 19936 20325 20340 20462 12439 14930 15389 15725 15927 16718 16720 16732 16766 16767 16768 16769 16770 16771 16772 16774 16777 16778 16796 16798 16800 16803 17497 18262 19621 19625 19627 19701 19708 20172 20329 20330 20378 12276 12420 12440 12277 12278 12286 12419 15922 16749 15923 16762 15920 15938 15919 15935 16859 16864 16866 14928 15921 15925 15926 15934 15937 15941 16824 16838 16840 16842 14902 14927 14931 14937 14903 14904 14909 14905 14912 14914 7968 14906 14907 14911 14913 14920 14923 14924 14925 14943 14944 14945 15914 15949 15951 15952 16738 16739 16740 16743 16750 16760 16763 16765 16815 16817 16819 16821 16860 7962 7957 7958 7977 7978 18211 7980 18217 14935 15933 18215 18216 7238 14916 14917 14934 14941 15905 15931 15947 16325 16326 18212 18348 18349 7216 7218 7223 7225 7226 7227 7229 7231 7233 7234 7235 7236 7237 7239 7240 7241 10687 14780 14915 14918 14919 14921 14938 15904 15906 15909 16324 16327 16328 16337 7209 7210 7211 7213 7217 7219 7212 7224 7249 7228 15943 10691 14785 14936 14939 15910 15913 15936 15939 15940 15942 15944 15945 15946 15948 15954 16808 16811 16814 18351 18714 18717 18718 18719 18720 18721 19489 20101 10674 10675 10685 10688 10690 3936 8586 11770 12378 12379 12382 14772 14773 14777 14910 16403 16404 16841 18210 18326 3935 3938 3934 3937 18350 12597 12585 12593 12598 12599 6854 12574 12586 12587 6856 12575 12576 12570 12611 12569 12610 20171 20170 11769 15731 16225 16779 16786 17528 17541 17597 18239 18259 18273 18280 18284 19242 19597 19842 19843 19952 19954 19955 19965 19967 20175 20180 20182 20184 20186 20188 20213 20377 20379 11762 11765 11768 11788 10600 11761 19835 20210 10606 10605 11774 11775 10592 13467 14631 19733 19763 19765 10591 12383 12380 12391 16797 16809 19744 19719 19747 19749 19751 9877 11726 12701 14414 14419 14424 14625 14663 14664 16813 16836 17152 17470 17481 17484 18249 19120 19680 19698 19717 19718 19722 19723 19731 19735 19739 19743 19745 19746 19750 19931 19933 19934 19937 20029 20185 20404 20457 20458 20460 20463 20504 9818 9840 9857 9874 9876 9816 9817 9815 9838 9811 9814 9837 9873 9835 9866 9836 9839 9841 14616 20448 9870 9849 14600 17131 9845 9853 9856 19699 19703 12665 16789 17472 17474 17496 19609 19687 19704 19705 19709 19777 20219 12697 12709 12696 12699 12708 12712 12715 14598 14656 16790 16820 16861 16865 17471 17482 17485 17486 17494 19249 19265 19689 19690 14604 14630 19250 19267 19268 14624 14633 17151 14617 14622 20289 20450 20453 14609 14612 14655 19094 20291 20399 20455 14605 14607 14611 20028 18783 18775 18780 14651 19834 20205 5231 14410 19107 19108 19837 19844 19846 19848 19849 19956 20073 20202 20203 20482 11724 14406 11723 11728 11767 14416 7145 7150 7147 10681 11778 12384 15030 18253 19491 19492 19493 10689 19748 20573 18256 19626 20572 20575 17489 17595 18237 18255 20108 20409 17479 17491 17492 17493 17589 18244 19964 20503 11783 19935 11763 11776 11784 11786 11764 20376 15387 16833 18715 19614 19695 19696 19697 19706 19922 20216 20222 20383 15385 15396 15391 11771 16792 16802 16807 18713 18722 11756 12372 16731 16791 16804 16839 18236 18333 18716 12369 12370 14767 14768 18325 14778 14786 14940 18323 18334 15953 18209 18213 18322 18347 19487 15912 15928 15930 15950 16747 19488 20324 15911 15915 16347 14922 14926 14942 15907 16329 16330 16351 18735 18737 16344 16342 16340 16341 16339 16812 16343 16349 16348 20100 16736 18261 8892 16735 16737 16744 16748 16730 16741 19794 16742 16818 16823 16822 17487 16816 19790 12534 19781 12530 19496 19707 18265 19494 19497 18267 18263 18266 18252 20332 14632 19702 16757 16751 16754 16854 12285 16844 17580 12282 16806 16805 17543 17600 17544 4222 12871 17545 4224 4225 12880 17546 16858 18258 20326 16863 16834 18218 16333 18221 18224 20442 16331 15908 16332 18225 15020 18242 18214 15932 9854 19738 20288 19742 15417 18955 19906 19924 19953 20212 15412 15416 15419 15411 15425 19912 15424 15423 15427 15848 20198 15426 15433 15847 20076 12129 12154 12159 14807 15435 15436 15439 17820 19098 19110 12130 12137 12147 19099 12155 12160 12114 12157 12161 15438 12158 18655 17808 14795 15437 17802 17806 17807 17805 19069 19070 15867 17619 17627 18911 19064 19068 19073 19078 19089 19376 19378 20194 20196 15846 15868 15869 15870 15871 18111 18128 18129 19659 20075 20195 20199 20402 15849 18118 15863 19910 19914 19923 15855 15862 15865 19928 15858 18123 19957 19963 19417 19411 19415 19418 19416 18109 18130 18108 18112 15749 17618 18105 18110 18113 15748 15751 15753 14063 15750 14065 14038 14068 14037 15733 17449 15732 17448 15734 15715 15727 15728 15729 15716 17425 17427 17426 17428 17430 17429 17432 17431 18919 9530 18913 18914 18916 19605 13421 8433 13404 13406 13408 13409 13410 13422 13423 5562 5563 8434 9332 9334 13414 13416 13417 13415 19637 13407 13411 13405 13418 13419 19560 19643 19559 19601 19561 19598 19642 19063 19607 19071 19639 19074 19077 19075 19380 19658 19660 14808 19101 19109 19858 17821 19092 19105 19847 17819 19831 19641 19832 19640 19650 19649 19657 11904 18937 19599 19600 19602 19646 19656 20217 11900 11907 11901 11908 13429 18941 18942 18944 14053 14055 18935 19570 19586 14059 15745 18959 18960 15747 19624 19628 19753 19623 19596 19620 11785 19245 19966 20454 17615 17645 12140 12141 17586 17640 18931 18934 19253 16233 19863 16196 16223 16234 16187 16198 16189 16188 16211 16192 16195 16197 16204 16210 16205 16214 16207 16208 18644 16788 18646 20293 20294 20395 16782 19730 19862 16773 15032 17148 19729 19755 19756 19759 20183 20292 19758 19960 19096 19097 19710 19757 19760 19784 19786 19845 19850 19852 19853 19854 19961 20177 19095 19103 8799 8796 20400 19254 20078 20174 20176 18909 19251 19252 19257 18905 18907 18927 17512 18906 17498 17515 17516 18933 17513 17518 17514 20392 17433 17519 17599 14014 17437 17436 14017 17517 17593 19864 20472 19841 17461 19861 15758 17462 18479 19942 20582 15757 16222 20547 15760 18461 15756 15759 15755 8659 15754 15769 18453 8661 8664 8669 18454 8670 15286 18456 18464 8665 15284 16113 8652 15768 8927 6727 8928 8929 6726 15270 15310 15320 15763 15766 15767 15779 15799 15808 16117 16125 16155 15266 15268 15269 15307 15317 15319 15336 15606 15267 15273 15279 15292 15293 15305 15306 15315 15316 15328 15329 15334 15762 15764 15788 15796 18760 18769 15109 15111 15113 15115 15274 15281 15308 15318 15335 15110 15116 15146 15045 15048 15091 15108 15112 15114 15117 15118 15143 15145 15298 15300 12923 15035 15052 15055 15056 15059 15061 15064 15070 15074 15080 15177 15285 15314 15324 15339 20062 12922 15283 15290 12930 15291 15313 15323 15312 16684 15322 12657 12671 15043 15130 15778 15781 8541 12652 12654 12658 12659 12663 15780 19196 8540 8523 8525 8545 8549 8553 9405 12875 16133 16156 17854 20277 8519 8524 12931 20060 20273 20501 8521 20056 8527 20057 19676 12897 15099 18169 18457 19165 19310 12894 12898 12899 12901 12907 15123 15802 16135 18160 18161 18465 19672 12873 12884 12893 12904 19195 19197 19199 12872 19194 19198 12866 12903 19184 19186 19188 12867 12881 12891 19224 19226 12892 20058 15797 19668 15789 15806 19225 19144 19147 15133 19145 19153 15131 15132 15136 15139 15181 15179 15174 15187 15193 15175 19218 15129 15176 15178 15184 15190 15194 15137 15140 15141 15138 19187 15135 15142 15191 15185 19156 15183 15186 19157 15189 18019 15192 16158 15615 17873 18018 15599 15609 15612 15613 19189 15170 15597 15600 15617 15619 15800 19133 19185 15158 15163 15164 15171 15172 15122 15149 15155 15156 15159 15160 15161 15119 15124 15125 19132 19127 18158 19128 15337 16202 18159 15338 15340 15342 15152 15289 15311 15321 15341 15144 15147 15151 15153 15148 15150 15157 11549 15121 15154 15162 11554 12888 18163 19131 16150 12900 15327 16148 12876 12902 15287 11482 15299 11519 11507 11517 11518 15295 11508 11511 11521 12862 15301 15303 12890 12910 12908 12909 16182 15325 15326 15095 15126 15094 15104 15098 18031 15195 15777 20465 15792 15805 15793 19152 15801 15807 19155 18153 18151 18154 18152 19154 20470 20534 20473 20533 15786 15785 15607 15610 15622 15081 20061 15102 15103 19885 20055 19884 19886 19887 19888 19883 18767 18771 18772 18774 18776 18777 18778 15092 15085 15096 20053 18016 16511 18015 16510 19227 19219 19143 19220 17871 19161 12681 15810 18455 12927 12928 12929 16119 20059 20064 20066 20069 16658 20065 20068 16659 16690 15084 15086 16212 20274 16213 19307 19309 12685 12686 12690 12718 12687 8449 13853 12936 13852 13855 12655 12672 15058 15297 15296 6777 15282 6780 9358 18759 16675 18762 18765 18766 20049 18764 20054 16221 8626 16185 16224 17464 18491 18467 20208 20224 7759 19390 7763 7752 7754 20581 18626 16949 19711 19693 19712 19691 19692 19694 19734 19771 19768 19772 19773 19256 19769 19770 19783 19263 19572 19785 19593 19787 19573 19592 19571 19603 20077 19104 20342 19260 18275 17575 17579 17577 17602 20192 17601 18260 17583 16729 16727 16758 15390 17478 15392 12152 12153 19754 17147 20187 14420 20451 14408 14421 14417 14422 14425 20105 20452 20456 9842 19938 17643 17638 17644 17648 20408 15743 18946 18943 18947 18958 17120 8774 5525 5524 18945 20211 18951 18956 18957 17630 17611 17610 20197 19638 18936 19377 20206 19382 19909 20204 20365 19856 20072 12113 19379 15752 15850 19913 19112 19911 19903 19947 19871 19905 19867 18119 19644 19387 17624 17651 19082 17606 19065 19072 19083 17584 17511 17585 12397 19386 15418 11779 11787 20574 19700 14409 19123 20483 6627 14634 11752 13474 13475 18593 12594 12595 12596 10046 8591 8589 18730 12300 12301 12387 12388 14774 14784 11743 11746 15924 7230 7214 7250 14084 7251 14087 14088 8584 14086 8567 8582 8583 8560 8566 8581 8578 8579 14085 7220 7222 14075 18219 18220 12421 12422 12429 15397 15398 17477 17569 5647 12066 12134 12149 17582 14060 19421 10580 19413 20543 17547 19562 11222 11223 10747 5741 7266 8936 17832 5742 5745 8925 5746 11485 5136 4231 5135 4230 9359 16871 16885 14641 16868 16869 16872 16873 16874 16875 14642 14643 16526 18450 16527 16520 9357 16660 16667 16669 16638 16661 16662 16663 16665 16668 16670 16671 16693 16694 16696 16701 16703 9377 16639 16641 16642 16643 16645 16646 16647 16648 16649 16650 17062 9379 16417 16644 16651 16697 16702 16704 18570 18580 16418 16421 8624 8620 8622 16700 16666 16699 16706 16672 16695 16705 11745 16953 16961 18581 16969 18585 18583 17064 17065 7742 15825 18579 18578 10684 20103 11454 2776 2775 
18: 2797 2798 
19: 2839 2840 2841 2842 
20: 2857 4337 10403 10404 10405 10406 
21: 2894 2895 8265 11242 8266 11243 8270 8271 8272 8274 11247 12029 12030 12031 5959 8268 8269 8273 8275 8276 8277 8380 8383 8384 8388 8389 8390 8394 8422 11246 5960 5961 5962 5963 5966 5972 5979 5964 5967 5973 5980 7191 8393 11245 5969 5974 5982 7196 11252 11253 5965 5971 7326 10928 5970 5975 5976 7318 7322 9936 9937 9938 10927 7319 10931 5291 7037 7320 7321 7323 7327 10932 5292 5296 5297 5302 5303 5298 5304 9106 9110 3993 5299 5300 9100 9104 3994 5301 5305 6110 6114 6122 6111 6116 6124 6115 11623 6113 6123 6121 10934 11619 12445 10930 10933 10929 11622 11618 11620 11249 11624 12920 8267 8278 8381 9935 11244 11251 11256 15836 15997 15998 8264 15834 17935 18092 19549 11241 12515 15832 16529 16530 16531 12516 15833 15995 15996 16532 16273 7317 9939 15835 15837 9940 9941 9945 18093 9944 9946 12032 5367 6312 9950 9952 11248 11254 5368 6314 8279 9949 9951 5977 5978 5985 5983 5986 9047 5984 5981 7790 6313 6320 12444 12915 12916 12913 12912 11255 12034 12035 8399 15999 8396 8398 8400 8412 7198 8386 8395 8397 18096 7192 7193 7194 7197 7199 7200 7206 7195 8385 8387 17936 17938 15838 16000 17937 15839 13713 8408 13709 13712 13715 13717 8407 8416 8423 8411 8415 13714 13708 13716 13710 13711 17059 19550 18095 9452 9453 12033 8379 7330 7038 7042 7043 7328 7329 10938 10945 10937 10944 7203 
22: 3019 3021 9662 9710 11342 11675 13913 13914 13916 13917 13918 13919 3020 9664 9714 11345 11679 13906 13907 13909 13910 13911 13912 9663 9713 11349 11686 13875 13878 13881 13884 13887 13888 9665 11355 13876 13879 13882 13885 13889 13890 11354 11348 13859 13862 13865 13868 13872 13873 11344 11363 11685 13858 13861 13864 13867 13870 13871 11346 11360 11678 13892 13894 13897 13900 13903 11343 11347 11352 13115 16897 16902 16914 16918 16923 4992 6926 9185 9683 11378 13111 13112 13126 13190 13258 17014 17299 17300 17301 17302 17303 17309 17310 17311 17312 17313 17314 17315 17316 17318 17319 4991 4994 4993 6925 9184 9682 13189 4996 4998 4999 6930 9186 9196 9197 9202 9208 9685 13113 13123 13124 13125 13128 13164 13174 13191 13200 13201 13204 13232 13241 13254 15464 15466 15467 15469 15471 15472 15474 15527 15529 15531 15533 15535 15536 15537 15538 15539 15540 15541 15542 15551 15553 15555 15557 17294 17295 17296 17297 17298 18682 4995 4997 5002 9190 9199 9200 10461 10465 10476 10483 10484 11682 13116 13127 13149 13166 13194 13203 13222 13234 13281 15505 15506 15507 15508 15509 15510 15511 15512 15513 15514 15515 15516 15518 15521 16102 16105 16106 9189 9201 10431 10434 10436 10437 10451 10463 10467 10469 10473 10478 10480 10487 10489 10493 10497 10514 10520 10527 10539 10540 9191 9192 9193 9215 9219 10443 10445 10447 10448 10502 10517 10523 10530 10535 10544 10549 10553 10557 9187 9203 9218 9229 10441 10444 10446 10449 10450 13118 13196 15560 15562 15564 9209 9212 9214 13114 13177 13192 13244 13260 15492 15494 15496 15559 15561 15563 6937 9207 9224 9230 9231 9691 11380 11696 13173 13175 13183 13185 13240 13242 13249 13253 13255 13273 13280 15446 15447 15452 15455 15483 15484 15485 15486 15487 15488 15489 15490 15491 16545 16546 16550 17269 17270 17271 17273 17274 6931 6933 6935 6928 9686 17015 6924 9684 13202 9681 13188 13193 13209 13256 13915 13197 13212 13895 13898 13901 13904 14667 13121 14668 14669 14672 14674 16035 16050 16904 13119 13120 13161 10542 11350 13117 13122 13130 13131 13137 13140 13143 13144 13151 13159 13160 13162 13178 13181 13199 16016 16019 16021 16024 16032 16033 16036 16037 16040 16041 16042 16043 16044 16045 16046 16047 16052 16053 16055 16057 16060 16067 16069 16072 16087 16898 16909 16915 16917 16919 16922 16924 16927 10097 10105 10112 10113 10452 10462 10485 10495 10499 10501 10503 10507 10512 10513 10515 10518 10519 10521 10525 10526 10528 10532 10537 10538 10541 10546 10551 10554 10555 10558 10559 13163 10096 10099 10100 10101 10104 10108 10109 10110 10111 10114 10117 10118 10120 10128 10130 10131 10456 10460 10464 10482 10491 10500 16002 16005 16008 16009 16010 16013 10107 10116 10119 16068 16083 17289 4279 7082 10098 10103 10106 10115 10122 10455 10481 10494 10531 11863 11866 14334 14339 14353 14360 14529 16011 16058 16061 16070 16071 16073 17249 17252 17257 17267 4277 4278 4282 4280 4281 7080 7081 7083 10506 10459 10504 10508 10511 10524 10536 10545 10550 16017 10457 10474 10490 10498 13167 16007 16059 16062 16074 18739 10430 10453 10458 10472 10479 10488 10496 10509 11852 18557 10429 10432 10433 10435 10439 10440 10442 18559 18569 13129 13205 15552 15554 15556 15558 16485 17950 18523 18538 18565 11684 13165 13180 11677 11707 11691 11706 11689 11690 11692 11845 11868 13233 15465 15470 15473 15498 11688 11844 11867 11695 13156 13225 15444 15450 15453 9216 10556 11893 13139 13141 13145 13157 13158 13168 13179 13182 13195 13211 13213 13226 13228 13259 13261 13265 15445 15448 15449 15451 15454 15456 15458 15459 15460 15461 15462 15463 15530 15532 15534 16544 16899 16900 16905 16906 16907 16908 16912 16916 16920 16921 16925 16926 16929 16931 16932 16933 18743 9217 13245 13266 13279 15468 15493 15495 15497 9213 9228 11887 11891 11894 11898 11885 11889 11896 10522 11835 11839 11857 11858 11859 11862 11875 11886 11888 11890 15477 10466 10468 10477 10486 10492 10529 10534 10543 10548 10552 15478 15517 11841 11860 11864 13148 13220 13221 15442 15443 15476 15480 15482 8067 11840 11842 11843 11846 11848 11850 11854 11861 11865 11872 15457 15475 11362 11847 11871 13147 13920 14515 16928 17253 17259 17264 17265 17266 17268 11361 11359 11364 13921 13924 13925 13926 13927 13928 13931 13932 13933 13893 17304 13860 13896 13899 13902 13905 13863 13866 13869 13874 13877 16943 13880 16944 13883 13886 13891 17254 17255 13153 14521 16946 17256 17258 13152 16947 16948 14518 14525 14534 17245 13263 17305 13138 13210 13257 17306 17307 17308 13251 13262 13272 6932 9206 9687 13171 13238 13252 16533 16534 16535 16536 16537 6934 6929 16547 16910 16911 15528 16903 16913 18566 16107 16930 16108 16109 10505 11877 13142 13214 15519 15522 16103 10454 10510 11849 11853 11869 11880 16104 9232 11856 11873 11892 11895 15520 11855 11882 11834 11881 11833 11836 11838 11832 15501 11837 15543 15547 13146 15479 15503 15545 15548 15549 13150 13176 13155 15502 15504 13154 16098 16099 16100 16101 13170 13224 16003 16004 16006 16012 16014 16015 16020 16022 16025 13237 16018 16023 16026 13208 13230 13235 13198 13216 13215 13223 13217 15481 17263 13186 17246 17247 17248 17250 17260 17261 17262 17278 17291 18741 16901 17251 17287 17288 17290 18738 18740 16034 16049 16048 16051 16054 16056 16076 14331 13017 14332 14333 14336 14343 14350 14355 11351 14337 14351 14357 11358 11366 11367 14338 14352 14359 14335 14340 14354 14361 11365 10516 10533 10547 16028 16077 16080 16081 16082 16029 13231 16027 16030 16031 7679 7675 7676 7678 14673 14675 17272 18742 11353 17275 17276 17277 18537 13227 13267 15523 11899 7019 7015 7017 10123 8311 9210 15544 15546 15550 16396 6936 9690 16384 9689 10813 16383 16387 16549 12021 12022 12024 18684 18567 16488 17952 16484 17949 18522 11879 11876 11878 11851 18558 9688 13172 13239 16538 16539 16540 16541 16542 16543 11897 11870 11874 10124 10121 10102 10470 10471 10475 14346 13274 17100 9188 17099 17102 17104 17105 11700 6179 6173 6171 
23: 3151 3157 4909 5542 10011 10012 10018 3154 4916 5547 9999 10001 10010 3447 4914 5544 9998 10000 10009 
24: 3174 3175 3176 6389 7256 3177 6391 7258 3876 3877 3874 3875 6392 6390 7259 7257 
25: 3268 
26: 3306 3307 3308 3309 5203 5204 5205 5206 5207 5208 5731 5733 7700 7701 5671 5674 7376 7694 7695 7697 7698 7699 7704 7706 5662 5663 5664 5665 5666 5667 5669 5672 5727 5728 5729 5732 5734 7662 7374 7371 7663 7666 7664 7665 7705 5201 7696 5202 7377 7370 8225 8226 3626 8167 8096 
27: 3461 3473 3485 3749 3833 
28: 3759 3842 3843 3845 
29: 3769 4259 5220 4253 4254 
30: 3880 3881 3882 4831 4832 
31: 3931 3932 5149 5150 5151 5152 5153 5154 5155 8190 5156 8191 
32: 3971 3972 13584 15893 15894 4190 4191 13585 15895 4186 4192 4194 4198 15897 4187 4188 4189 4193 4195 4197 4196 4199 13615 
33: 4412 4414 13294 9122 13314 13317 13313 13315 13316 
34: 4541 7475 9158 9159 9162 9163 9705 11291 11292 11295 11296 13579 14427 14430 14443 14445 16463 17159 17160 17161 17162 17163 17164 17165 17166 17167 17168 17169 17170 17171 17172 17173 17174 17175 17176 17177 17178 17179 17180 17181 17182 17183 17184 17185 17186 17187 17188 17189 17190 17191 17192 17193 17194 17195 17196 17197 17198 17203 17204 17205 17206 17207 17208 17209 17210 17211 17212 17213 17214 17215 17216 17217 17218 17219 17220 17221 17222 17223 17224 17225 17226 17227 17228 17229 17230 17231 17232 17233 17234 17235 17236 17237 17239 9160 9161 13938 13941 13946 14428 14444 15249 16602 16604 16606 16608 16610 16612 16614 16616 17199 17200 17201 17202 17238 17240 17241 17243 17359 17360 17361 17373 17374 17375 18965 18967 18968 18970 18971 18972 18975 18976 18983 18984 18985 18986 18987 18988 18989 18990 18991 18999 19001 19002 19004 19005 19006 19009 19010 19017 19018 19019 19020 19021 19022 19023 19024 19025 19039 19041 19043 19045 19047 19048 19049 19050 19504 19505 19506 19507 19508 19509 19510 19511 19513 19514 19515 19516 19517 19518 19519 19520 19521 19522 19523 19524 19525 19526 19527 19528 19530 19531 19532 19533 19534 19535 19536 19537 19814 20145 20147 20157 20159 20228 20237 11293 15653 15654 15655 15656 15657 15658 15659 15660 15661 15662 15663 15664 15665 15666 15667 15668 15674 15675 15678 15679 15684 15685 15688 15689 5233 6976 7111 7887 7889 7890 7906 9281 9283 10183 10333 10334 10335 10336 10337 10338 10340 10341 10342 10344 10347 10608 10609 10611 10613 10614 10615 10726 10727 11023 11024 11025 11029 11034 11037 11069 11070 11071 11072 11073 11075 11076 11081 11082 11091 12815 12816 12817 12818 12819 12820 12821 12822 12823 12824 12825 12826 12827 12828 12829 12831 12837 12840 12841 12842 13390 13477 13478 13483 13484 13490 13517 13518 13523 13524 13526 13528 13529 13530 13727 13729 13730 13732 13738 13739 13740 13741 13743 13744 13745 13939 13940 13942 13943 13944 13945 13947 13948 13949 13950 13951 13952 13953 13954 13955 13956 13957 13958 13959 14120 14121 14363 14364 14365 14366 14367 14368 14375 14429 14431 14432 14433 14434 14435 14436 14437 14438 14439 14440 14441 14442 14446 14843 14849 14850 14851 14852 14853 14854 14855 14856 14857 14858 14859 14860 14861 14862 15222 15223 15224 15228 15231 15232 15233 15234 15235 15236 15237 15238 15245 15246 15247 15248 15250 15669 15670 15671 15672 15673 15676 15677 15680 15681 15682 15683 15686 15687 15691 15692 15693 15694 15695 15696 15697 15698 15699 15700 15701 15702 15703 15704 15705 15706 15707 15708 15711 16166 16167 16280 16281 16284 16449 16453 16454 16455 16603 16605 16607 16609 16611 16613 16615 16617 16619 16620 16621 16622 16623 16624 16625 16626 16627 16628 16629 16630 16631 16632 16635 17350 17351 17352 17353 17354 17355 17356 17357 17358 17362 17363 17364 17365 17366 17367 17368 17369 17370 17371 17372 17376 17377 17378 17900 18080 18082 18083 18086 18374 18375 18376 18377 18378 18386 18387 18393 18394 18401 18402 18505 18509 18511 18540 18542 18544 18809 18810 18811 18814 18815 18816 18817 18818 18961 18962 18963 18964 18966 18969 18973 18974 18977 18978 18979 18980 18981 18982 18992 18993 18994 18995 18996 18997 18998 19000 19003 19007 19008 19011 19012 19013 19014 19015 19016 19026 19027 19028 19029 19030 19031 19032 19033 19034 19035 19036 19037 19038 19040 19042 19044 19046 19053 19300 19326 19332 19333 19429 19512 19529 19797 19798 19799 19800 19801 19802 19803 19804 19805 19806 19807 19808 19809 19810 19811 19812 19813 19815 19816 19817 19819 20037 20038 20039 20040 20041 20042 20043 20044 20045 20143 20144 20146 20148 20149 20150 20151 20152 20153 20154 20155 20156 20158 20160 20161 20162 20163 20164 20165 20166 20167 20168 20169 20229 20230 20232 20233 20234 20235 20238 20239 20240 20242 20243 20244 20245 20250 20251 20252 20253 20254 20255 20256 20257 20259 20260 20261 20262 20356 20357 20358 20384 20385 20464 20506 20509 20535 20536 20568 20584 20586 20587 5234 5235 12402 12412 6015 6016 6018 6021 6974 6975 6977 6981 6982 15220 15226 15227 15957 18541 18543 6017 6029 6019 6030 14118 6031 6033 14119 14122 8113 19539 19540 19541 19051 19538 13342 13520 13521 13527 13576 13597 13612 14246 15213 15214 15219 15221 15225 15229 15253 16618 17242 17244 18503 18504 18508 18510 19542 13343 13346 14238 14239 14252 11038 11031 11035 11039 11030 13401 20487 7888 13525 15230 18513 16636 19818 19820 15251 15252 16634 20241 15811 16633 20248 20599 20231 13960 13963 14369 20236 20247 20505 20583 10616 13965 20258 10612 10617 11074 11092 13395 14370 18379 18395 18403 19336 10618 10620 11077 11078 11079 10619 11094 11093 10348 10349 14376 14371 14377 14374 14373 11328 14378 14385 5762 11326 14391 16168 13961 13962 13964 14392 20246 20588 20585 12832 13396 18388 18819 20507 12833 12834 12838 12843 11087 12835 12836 12844 12845 11086 11088 11080 11096 18380 11085 18381 11084 16450 12846 18812 13480 18396 13479 13482 13485 13486 13487 18813 14846 13516 14844 14845 18828 19301 20141 13519 13522 13531 13532 7892 13731 13742 7891 13728 18827 19296 19298 19299 20133 20136 20130 20131 14451 14453 14454 14452 14456 14455 20135 13972 20137 13971 20134 17901 18389 19430 20138 17899 19427 10610 18384 18383 18385 18398 12083 16283 18085 20386 20390 12071 12073 12074 12847 19432 12848 12839 17902 18382 7624 7625 16451 16452 18404 19334 19335 10339 10346 19374 19365 19373 15709 15218 18514 18515 13577 17669 13596 13598 13606 13610 13611 13605 13604 13613 15240 15239 17379 18841 17670 17671 11036 9164 11297 11294 15958 15959 11028 14460 15960 14461 7112 18824 20589 20537 7905 9282 10182 10185 13352 10343 10345 20083 10731 10737 10732 12830 10728 8844 13491 13397 13489 13747 19325 12492 12485 14836 14837 16988 15259 18831 6703 20590 20389 16464 11567 
35: 4661 
36: 4761 4762 4763 4764 
37: 4812 6213 
38: 4908 6407 9584 12319 12320 12321 
39: 4918 7414 
40: 4974 4977 
41: 5192 5200 13759 13773 13761 13763 13764 13766 13768 10819 13753 13760 13762 13765 13769 14712 14719 14725 14737 10815 13781 13782 13785 13770 13783 17742 14709 17737 14723 5902 13771 5901 5903 5907 5906 13756 13757 13752 13772 14705 13754 14727 13755 14979 13751 14980 14977 14736 14700 14707 14698 14728 17750 17751 14973 13750 13775 14182 14181 13767 
42: 5277 5281 
43: 5436 5440 6945 6946 5439 6950 6951 5437 5438 5441 5572 5573 5574 5575 5576 5577 5442 6947 6948 9037 6949 6952 6953 6954 
44: 5517 8029 8441 8442 
45: 5926 5927 5930 14200 14201 14202 14203 5931 14204 14205 14206 14207 14220 14221 14222 14223 14216 14217 14218 14219 
46: 5928 5929 5932 5933 9561 9562 9567 11923 9564 9563 9568 14194 14193 11924 
47: 6062 
48: 6319 12730 12734 
49: 6575 
50: 6677 6678 
51: 6799 
52: 6829 10700 10704 
53: 6989 
54: 7511 
55: 7578 7579 7774 7775 
56: 8435 
57: 8729 8735 
58: 9425 
59: 14593 14594 
60: 15400 17143 17144 17145 17146 17130 17150 
