# The directed communities at k=6
# from /Users/bogna/dev/role-mining/datasets/hepth/timeslots/cit-HepTh-1997.edges
# at no lower link weight threshold,
# and at no upper link weight threshold.
# Links were treated as directed.
# No time limit was set for the clique search.

0: 9702035 9502110 9605018 9703152 9704023 9704034 9704136 9705123 
1: 9701009 9407087 9408099 9603051 9607151 9611049 9611097 9701045 9706076 9708044 9712172 
2: 9504090 9508072 9602136 9607077 9608059 9608099 9610105 9610157 9610232 9603090 9504145 9702010 9611210 9702103 9703101 9704095 9704147 9705090 9705169 9706096 9708065 9708103 9710046 9712221 
3: 9705052 9507136 9509110 9612194 9705124 9707199 9709079 9712066 9712087 9712144 
4: 9407087 9408099 9701014 9505035 9509161 9509162 9510101 9512161 9604078 9607109 9701123 9702083 9704205 9706050 9707120 9710239 9711156 9711194 9712110 9712177 
5: 9703049 9605028 9608012 9611017 9703076 9707126 9709058 9710102 
6: 9504006 9706108 9512143 9609016 9612203 9706169 9706216 9709088 9709129 9710212 9711025 9711038 
7: 9701009 9603051 9607151 9708044 9708168 9712005 9712149 9712172 
8: 9407087 9408099 9411102 9701128 9504010 9507140 9603169 9702054 9702106 9709192 9711132 
9: 9410167 9611050 9510135 9505053 9507158 9608079 9612127 9701093 9512081 9610237 9410212 9501020 9611205 9704145 9706175 9706195 9707013 9707018 9707126 9707134 9707222 9707241 9708062 9709058 9709062 9709116 9710023 9710078 9710151 9711107 9712084 9712155 9712164 9712195 
10: 9407087 9702174 9607007 9611213 9612128 9706089 9706109 9706141 9706217 9707192 9708060 9709137 9710123 9711032 9711102 9712046 
11: 9604136 9704157 9705193 9705105 9708110 9708169 
12: 9604136 9704157 9705105 9710112 9711150 9712025 
13: 9602022 9602049 9603116 9604139 9607112 9607185 9612119 9611103 9603150 9703060 9604200 9608061 9703123 9703214 9704054 9704057 9705205 9706148 9707215 9708064 9709025 9710066 9710141 9711127 9711128 
14: 9610043 9701119 9704098 9705046 9708119 9709132 9711169 9712133 
15: 9308020 9705236 9706009 9706143 9707025 9707041 9708139 9712015 
16: 9309023 9506027 9509074 9510117 9611039 9701082 9211021 9406216 9507017 9702043 9703150 9705035 9706221 9708046 9709022 9710188 9711027 9712091 
17: 9410167 9503124 9507121 9512077 9611050 9501068 9510017 9510135 9511043 9601029 9603167 9604156 9607235 9608024 9610043 9510209 9512196 9701025 9611042 9612198 9610234 9512059 9602043 9602051 9603126 9604035 9604055 9603109 9610172 9603081 9603127 9604042 9612146 9508154 9510086 9701125 9510169 9701139 9512219 9610082 9610236 9611164 9611202 9611215 9612087 9612157 9612223 9609026 9606185 9702006 9612162 9702099 9606139 9702101 9702108 9612126 9702136 9608096 9702163 9702187 9702203 9703030 9703031 9703039 9703052 9703077 9703102 9703133 9703163 9703201 9703208 9703209 9703211 9703217 9703218 9704018 9704029 9704030 9704041 9704080 9704086 9704087 9704089 9704123 9704127 9704134 9704145 9704158 9704197 9705014 9705053 9705054 9705055 9705057 9705078 9705084 9705091 9705107 9705110 9705113 9705116 9705117 9705120 9705130 9705132 9705162 9705175 9705188 9705190 9705212 9705221 9705225 9706007 9706039 9706072 9706073 9706109 9706117 9706130 9706144 9706168 9706175 9706194 9706196 9707014 9707019 9707042 9707079 9707093 9707099 9707102 9707123 9707126 9707132 9707134 9707146 9707158 9707164 9707179 9707200 9707214 9707217 9707228 9707250 9707259 9707261 9708012 9708022 9708034 9708037 9708039 9708063 9708083 9708085 9708117 9708123 9708129 9708164 9709015 9709029 9709038 9709063 9709065 9709087 9709089 9709091 9709099 9709107 9709108 9709114 9709118 9709122 9709123 9709138 9709139 9709171 9709199 9709206 9709220 9709225 9709228 9710005 9710009 9710014 9710027 9710029 9710053 9710057 9710192 9712201 9710065 9710102 9710104 9710122 9710124 9710165 9710174 9710178 9710215 9710217 9710218 9710219 9710226 9710228 9710231 9710242 9710247 9711001 9711003 9711005 9711010 9711012 9711017 9711029 9711031 9711037 9711046 9711078 9711081 9711082 9711098 9711102 9711138 9711162 9711165 9711179 9711200 9712012 9712013 9712047 9712049 9712230 9712055 9712061 9712063 9712071 9712072 9712075 9712077 9712084 9712086 9712088 9712105 9712117 9712130 9712142 9712146 9712159 9712168 9712179 9712185 9712202 9712223 9712236 9712238 9712253 
18: 9503124 9706117 9706144 9707042 9707123 9708002 9710026 
19: 9703147 9704214 9705027 9706078 9710142 9710250 9711135 9712128 
20: 9701009 9407087 9408099 9408155 9505075 9505100 9611049 9701045 9704067 9707071 9708168 
21: 9701008 9611065 9512062 9611050 9701037 9501113 9503182 9506109 9604103 9606118 9607227 9610148 9610234 9610249 9611008 9611100 9611159 9611173 9612080 9701127 9701149 9701166 9702008 9702111 9702133 9703062 9703099 9703127 9705040 9705064 9705092 9705093 9705118 9706197 9707044 9707110 9707119 9707236 9708003 9709014 9709069 9709202 9710033 9710127 9711007 9711055 9711203 9712004 9712059 9712115 9712231 
22: 9510017 9601029 9602043 9602051 9603060 9603061 9604166 9604189 9512031 9602136 9603109 9511064 9610172 9411187 9602065 9603195 9604042 9604089 9612146 9602135 9603090 9609026 9612051 9701187 9405117 9504147 9601152 9606185 9607149 9608108 9608126 9609052 9609076 9702015 9611125 9702045 9702076 9605234 9702109 9702153 9703040 9703146 9703163 9703216 9704112 9704156 9704195 9704199 9704204 9705078 9705165 9705192 9706071 9706100 9706151 9706204 9707124 9707157 9707170 9707188 9708005 9708090 9708099 9709091 9709160 9709172 9709206 9711003 9711072 9711200 9712118 9712213 9712253 
23: 9407087 9408099 9505150 9609116 9606043 9608054 9703176 9609062 9703180 9703186 9704174 9708017 9708073 9710068 
24: 9407087 9602174 9601059 9710112 9710161 9711150 9712025 9712039 9712054 9712109 9712110 
25: 9512059 9708147 9709014 9709027 9711097 9711099 
26: 9510209 9701048 9602070 9603142 9605136 9606036 9609209 9608019 9702110 9704177 9705037 9706171 9707143 9707208 9707223 9708049 9709023 9709043 9710208 9711080 9711158 9711197 9712022 9712214 
27: 9212088 9303012 9401059 9401092 9609174 9711023 9711047 9711057 9711096 9711110 
28: 9601038 9510169 9605049 9606169 9704059 9705163 9706051 9708040 9712141 
29: 9511222 9612143 9704167 9705138 9706225 9707118 9709178 9710082 9710165 9710168 9710177 
30: 9708147 9709027 9710097 9710181 9711094 9711097 9711106 9711130 9711202 9712050 
31: 9611230 9705074 9705084 9705130 9706142 9708137 9709065 9709171 9710218 9711098 9711117 9711177 9712086 
32: 9602022 9604030 9701023 9602114 9603161 9605200 9606122 9606148 9701147 9607091 9701162 9701165 9703007 9703182 9704185 9705174 9705197 9709222 
33: 9604035 9604179 9609212 9612236 9603087 9701088 9701092 9702079 9702164 9703179 9706153 9710110 
34: 9407087 9408099 9411149 9503179 9505075 9505100 9509175 9510222 9502072 9512062 9509066 9411048 9411057 9609219 9701015 9505006 9601038 9603042 9611050 9611090 9612052 0208020 9501068 9510017 9510225 9512059 9608111 9507158 9604034 9505004 9505051 9506148 9503086 9505088 9609070 9506011 9702014 9607207 9611230 9606139 9611063 9702154 9702173 9702180 9612131 9702198 9703051 9703098 9703100 9703110 9703166 9703172 9703210 9703215 9704043 9704044 9704059 9704061 9704104 9704170 9704198 9705003 9705004 9705011 9705022 9705031 9705069 9705074 9705106 9705148 9705199 9705220 9705232 9706047 9706050 9706057 9706082 9706087 9706109 9706110 9706127 9706131 9706155 9707027 9707120 9707192 9707197 9707244 9707247 9707251 9707258 9708015 9708041 9708044 9708068 9708082 9708118 9708122 9708127 9708134 9708168 9709001 9709010 9709081 9709096 9709146 9709211 9709228 9710020 9710029 9710116 9710239 9711013 9711030 9711069 9711083 9711102 9711143 9711156 9711157 9712005 9712011 9712020 9712029 9712135 9712143 9712145 9712149 9712172 9712184 9712193 
35: 9610043 9701025 9702187 9703030 9705029 9705137 
36: 9604035 9604179 9603087 9606139 9702202 9708074 9709065 9710129 9710218 
37: 9406216 9701085 9703150 9704173 9706221 9710018 9711049 
38: 9407087 9408099 9509175 9509176 9609116 9609145 9703176 9703186 9704174 9706110 9707022 
39: 9701075 9407031 9612127 9701093 9701142 9707126 9709058 
40: 9610043 9701119 9701169 9705046 9708119 9710215 9712082 
41: 9611050 9601029 9602043 9604035 9604179 9604189 9603087 9504081 9611174 9606139 9702163 9702202 9702205 9703041 9703179 9703204 9703217 9704143 9705011 9705040 9705079 9706153 9708116 9709033 9709065 9710046 
42: 9607201 9709013 9711094 9711130 9712050 9712070 9712180 
43: 9610043 9612115 9701151 9612157 9612222 9701168 9703038 9703078 9703209 9705120 9705128 9706187 9709098 9711040 9711073 9711109 9712179 
44: 9407087 9408099 9601115 9507135 9705057 9706007 9706079 9706099 9710085 
45: 9511030 9605184 9603167 9603003 9702038 9612108 9705030 9705044 9705104 9706158 9707075 9707212 
46: 9605184 9603167 9603003 9702038 9612108 9703098 9705030 9705044 9705104 9708117 9712143 9712145 9712233 
47: 9407087 9703147 9704214 9706078 9706079 9710085 
48: 9512062 9701037 9606118 9611173 9701166 9701186 9707011 9712115 
49: 9612128 9706089 9706109 9706141 9707244 9711083 
50: 9610043 9701025 9702101 9702187 9703038 9709037 9711109 
51: 9610043 9705221 9710009 9710192 9710124 9711105 
52: 9512059 9708147 9709014 9709027 9711043 9711205 9712004 9712162 
53: 9607163 9703228 9704029 9704197 9705057 9705117 9710098 
54: 9510017 9701190 9702037 9707068 9712186 9712257 
55: 9610043 9612115 9703038 9703078 9705128 9708039 9710030 9711073 
56: 9705162 9705212 9707042 9707123 9708002 9709054 
57: 9609161 9702038 9703098 9703167 9705044 9705104 9712143 
58: 9702099 9606139 9703217 9708089 9709065 9712160 
59: 9610043 9611042 9702099 9702136 9704030 9704087 9712047 
60: 9611042 9701139 9610236 9611164 9611202 9611215 9702101 9702108 9702136 9703016 9703209 
