# The graph of directed at k=6
# from /Users/bogna/dev/role-mining/datasets/hepth/timeslots/cit-HepTh-1997.edges
# at no lower link weight threshold,
# and at no upper link weight threshold.
# Links were treated as directed.
# No time limit was set for the clique search.

1 4 2
1 7 5
1 8 2
1 10 1
1 20 5
1 23 2
1 24 1
1 34 4
1 38 2
1 44 2
1 47 1
2 22 2
2 41 1
4 8 2
4 10 1
4 20 2
4 23 2
4 24 2
4 34 6
4 38 2
4 44 2
4 47 1
5 9 2
5 17 2
5 39 2
7 20 2
7 34 5
8 10 1
8 20 2
8 23 2
8 24 1
8 34 2
8 38 2
8 44 2
8 47 1
9 17 8
9 21 1
9 34 2
9 39 4
9 41 1
10 17 2
10 20 1
10 23 1
10 24 1
10 34 4
10 38 1
10 44 1
10 47 1
10 49 4
11 12 3
12 24 3
13 32 1
14 17 1
14 35 1
14 40 4
14 43 1
14 50 1
14 51 1
14 55 1
14 59 1
16 37 3
17 18 5
17 21 2
17 22 17
17 25 1
17 26 1
17 28 1
17 29 1
17 31 7
17 33 1
17 34 9
17 35 4
17 36 4
17 39 1
17 40 2
17 41 8
17 43 5
17 44 2
17 45 1
17 46 2
17 49 1
17 50 4
17 51 5
17 52 1
17 53 4
17 54 1
17 55 2
17 56 4
17 58 4
17 59 7
17 60 10
18 56 3
19 47 3
20 23 2
20 24 1
20 34 5
20 38 2
20 44 2
20 47 1
21 25 1
21 34 2
21 41 2
21 48 6
21 52 2
22 34 1
22 41 3
22 54 1
23 24 1
23 34 2
23 38 6
23 44 2
23 47 1
24 34 1
24 38 1
24 44 1
24 47 1
25 30 3
25 34 1
25 52 4
28 34 2
30 42 3
30 52 2
31 34 2
31 36 2
31 41 1
31 58 1
33 36 3
33 41 5
34 36 1
34 38 4
34 41 3
34 44 2
34 46 3
34 47 1
34 48 1
34 49 3
34 52 1
34 54 1
34 57 2
34 58 1
35 40 1
35 43 1
35 50 3
35 51 1
35 55 1
35 59 1
36 41 6
36 58 2
38 44 2
38 47 1
40 43 1
40 50 1
40 51 1
40 55 1
40 59 1
41 58 3
43 50 3
43 51 1
43 55 6
43 59 1
43 60 1
44 47 3
44 53 1
45 46 8
45 57 3
46 57 5
50 51 1
50 55 2
50 59 1
50 60 1
51 55 1
51 59 1
55 59 1
58 59 1
59 60 2
