# The links inside the directed communities at k=10
# from /Users/bogna/dev/role-mining/datasets/enron/timeslots/1-2001.edges
# at no lower link weight threshold,
# and at no upper link weight threshold.
# Links were treated as directed.
# No time limit was set for the clique search.

0:
527 419
125 419
547 419
544 419
723 419
540 419
954 419
890 419
419 804
604 419
545 419
661 419
796 419
731 419
452 527
125 452
948 452
547 452
452 544
452 550
452 723
452 1574
452 540
954 452
11695 452
452 30
4250 452
890 452
149 452
1199 452
452 804
719 452
661 452
15291 452
2238 452
796 452
731 452
9931 452
527 125
948 527
527 547
527 544
527 550
527 723
527 1574
527 540
527 954
11695 527
2092 527
527 30
527 4250
527 890
527 1211
527 149
527 1178
1493 527
527 1199
527 804
527 453
527 719
527 1010
527 971
527 604
527 1236
527 545
527 661
15291 527
2238 527
796 527
731 527
9931 527
948 125
125 547
125 544
125 550
125 723
125 1574
125 540
2092 125
125 30
890 125
125 1211
125 149
125 1178
125 1199
125 804
125 453
125 719
125 1010
125 971
125 489
125 604
125 642
125 1236
125 545
125 661
15291 125
2238 125
731 125
9931 125
948 547
948 544
948 550
948 723
948 1574
948 540
948 954
948 11695
948 2092
948 30
948 4250
948 890
948 1178
948 1493
948 1199
948 804
948 604
948 1527
948 15291
948 2238
948 731
948 9931
547 544
547 550
547 723
547 1574
547 540
954 547
547 2092
547 30
547 4250
890 547
547 1211
547 149
547 1178
547 1199
547 804
547 453
547 719
547 1010
547 971
547 489
547 604
547 642
547 1236
547 1527
547 545
547 661
547 796
731 547
9931 547
544 550
544 723
544 1574
544 540
544 954
544 11695
2092 544
544 30
544 4250
544 890
544 1211
544 149
544 1178
544 1493
544 1199
544 804
544 453
544 719
544 1010
544 971
544 489
544 604
544 1236
544 1527
544 545
661 544
15291 544
2238 544
796 544
731 544
9931 544
550 723
550 540
954 550
2092 550
4250 550
890 550
550 1199
804 550
550 453
550 1010
550 971
604 550
661 550
15291 550
2238 550
796 550
731 550
9931 550
723 1574
723 540
954 723
2092 723
723 30
4250 723
723 890
723 1211
723 149
723 1178
1493 723
723 1199
723 804
723 453
723 719
723 1010
723 971
723 489
723 604
723 642
723 1236
723 1527
723 545
723 661
15291 723
2238 723
731 723
9931 723
1574 540
954 1574
1574 2092
1574 30
1574 4250
890 1574
604 1574
15291 1574
2238 1574
731 1574
954 540
11695 540
2092 540
540 30
540 4250
540 890
540 1211
540 149
540 1178
540 1493
540 1199
540 804
540 453
540 719
540 1010
540 971
540 489
540 604
540 642
540 1236
540 1527
540 545
540 661
15291 540
2238 540
540 796
731 540
9931 540
954 11695
954 2092
954 30
954 4250
954 890
954 1178
954 1493
954 1199
954 804
954 453
954 719
954 971
954 604
954 1527
954 731
954 9931
11695 30
11695 4250
11695 890
890 2092
2092 1211
2092 149
2092 1178
2092 804
2092 453
2092 719
2092 604
4250 30
890 30
30 1178
604 30
661 30
731 30
9931 30
890 4250
4250 804
4250 604
4250 1527
890 1211
890 149
890 1178
890 1493
890 1199
890 804
890 453
890 719
890 1010
890 971
890 489
890 604
890 642
890 1236
890 1527
890 545
890 661
890 796
890 731
453 1211
719 1211
731 1211
719 149
604 1178
661 1178
731 1178
1493 1199
1493 804
1199 804
453 1199
661 1199
731 1199
661 804
731 804
9931 804
453 719
453 1010
453 971
642 453
545 453
661 453
796 453
731 453
719 971
719 661
731 719
796 971
731 971
604 489
489 642
545 489
661 489
731 489
604 1527
604 545
731 604
545 642
661 642
731 642
545 1236
731 1236
661 545
796 545
731 545
796 661
731 661
2238 15291
9931 2238
731 796
9931 731
1:
641 854
641 786
1072 641
641 1323
641 1329
641 1331
641 1335
641 1336
641 558
641 851
1552 641
1310 641
733 641
854 786
1072 854
1323 854
1329 854
1331 854
1335 854
854 1336
558 854
851 854
1552 854
1310 854
733 854
1072 786
786 1323
786 1329
786 1331
786 1335
786 1336
786 558
786 851
1552 786
1310 786
733 786
1072 1323
1072 1329
1072 1331
1072 1335
1072 1336
1072 558
1072 851
1323 1329
1323 1331
1323 1335
1323 1336
1323 558
1323 851
1552 1323
733 1323
1329 1331
1329 1335
1329 1336
1329 558
1329 851
1329 1552
1310 1329
733 1329
1331 1335
1331 1336
1331 558
1552 1331
1310 1331
733 1331
1335 1336
1335 558
1335 851
1552 1335
1310 1335
733 1335
558 1336
851 1336
1552 1336
1310 1336
733 1336
558 851
558 1552
1310 558
558 733
1310 1552
1310 733
2:
641 854
641 786
641 877
641 1329
641 1336
641 558
641 851
1552 641
1310 641
854 786
877 854
1329 854
854 1336
558 854
851 854
1552 854
1310 854
877 786
786 1329
786 1336
786 558
786 851
1552 786
1310 786
877 1329
877 1336
877 558
877 851
877 1552
877 1310
1329 1336
1329 558
1329 851
1329 1552
1310 1329
558 1336
851 1336
1552 1336
1310 1336
558 851
558 1552
1310 558
851 1552
851 1310
1310 1552
3:
143 425
527 143
125 143
547 143
540 143
2092 143
890 143
1211 143
143 719
527 425
125 425
547 425
540 425
2092 425
890 425
425 1211
425 719
527 125
527 547
527 540
2092 527
527 890
527 1211
527 719
125 547
125 540
2092 125
890 125
125 1211
125 719
547 540
547 2092
890 547
547 1211
547 719
2092 540
540 890
540 1211
540 719
890 2092
2092 1211
2092 719
890 1211
890 719
719 1211
