# The links inside the directed communities at k=13
# from /Users/bogna/dev/role-mining/datasets/enron/timeslots/10-2000.edges
# at no lower link weight threshold,
# and at no upper link weight threshold.
# Links were treated as directed.
# No time limit was set for the clique search.

0:
786 1336
786 558
786 641
786 1323
786 1331
786 1335
786 508
625 786
713 786
786 825
786 1329
756 786
786 851
1589 786
558 1336
641 1336
1323 1336
1331 1336
1335 1336
508 1336
625 1336
713 1336
825 1336
1329 1336
756 1336
851 1336
1589 1336
558 641
558 1323
558 1331
558 1335
508 558
625 558
713 558
558 825
558 1329
756 558
558 851
1589 558
641 1323
641 1331
641 1335
641 508
625 641
713 641
641 825
641 1329
756 641
641 851
1589 641
1323 1331
1335 1323
508 1323
625 1323
1323 713
1323 825
1323 1329
756 1323
851 1323
1589 1323
1331 1335
508 1331
625 1331
713 1331
1331 825
1331 1329
756 1331
851 1331
1589 1331
625 1335
713 1335
1335 825
1335 1329
756 1335
851 1335
1589 1335
508 625
508 713
508 825
508 1329
508 756
508 851
508 1589
625 713
625 825
625 1329
625 756
625 851
625 1589
713 825
713 1329
713 756
713 851
713 1589
825 1329
756 825
825 851
1589 825
756 1329
1329 851
1589 1329
1589 756
1589 851
