# The directed communities at k=4
# from /Users/bogna/dev/role-mining/datasets/hepth/timeslots/cit-HepTh-1994.edges
# at no lower link weight threshold,
# and at no upper link weight threshold.
# Links were treated as directed.
# No time limit was set for the clique search.

0: 9301099 9402133 9308114 9403185 9410005 
1: 9203060 9402156 9204084 9304011 9409168 9411028 
2: 9212086 9305160 9404030 9208057 9305154 9405034 9411176 
3: 9404113 9212104 9302124 9307170 9312049 9406203 9410013 
4: 9204003 9405089 9210125 9304083 9409122 9409170 
5: 9405201 9312060 9406180 9408135 
6: 9306027 9408079 9408091 9411062 
7: 9202046 9401139 9405120 9410018 
8: 9405030 9405138 9408006 9411241 
9: 9210010 9401167 9403197 9408130 
10: 9204083 9401041 9212149 9301003 9301068 9303046 9303153 9305097 9309119 9401073 9402107 9303159 9307085 9309140 9311156 9305047 9404004 9404175 9406100 9407114 9407176 9408115 9409098 9411021 9411210 
11: 9307168 9402136 9411020 9412138 
12: 9306157 9307040 9403047 9407009 9412187 
13: 9401154 9403073 9211034 9301046 9304056 9305114 9404050 9312043 9404116 9211102 9406020 9407191 9408086 9408113 9408136 9411009 9411051 9412030 9412054 9412108 9412199 
14: 9203033 9403179 9308023 9406216 9410136 
15: 9405011 9312213 9409093 9409190 9412176 
16: 9401070 9303048 9306069 9401072 9209012 9302022 9401102 9205089 9206070 9401125 9403108 9309145 9312194 9401159 9403137 9308139 9404135 9405084 9406085 9407001 9408039 9408068 9408089 9408098 9411020 9412027 9412144 
17: 9308153 9312192 9405121 9406109 9409164 
18: 9404107 9309123 9406123 9410090 9412215 
19: 9210021 9401105 9403173 9407022 9407078 
20: 9401139 9204035 9305185 9402002 9402005 9403195 9403198 9402044 9407087 9408013 9408036 9408099 9409095 9410167 9411028 9411048 9411057 9411102 9411149 9411178 9411205 9412158 9412200 9412206 
21: 9401030 9203060 9301070 9301083 9302048 9304121 9401135 9208031 9312189 9403190 9404056 9405004 9405096 9406056 9407141 9410034 9410157 
22: 9202046 9205068 9401139 9207111 9405002 9409095 9412209 
23: 9310080 9306101 9405109 9304057 9405194 9407061 9409104 9411202 9412141 
24: 9403049 9309142 9407148 9409076 
25: 9208026 9206088 9402052 9403089 9407014 9205014 9407167 9409064 9411013 9412227 
26: 9210021 9301047 9302126 9311010 9401139 9202092 9205046 9206078 9208076 9209052 9211021 9301043 9302033 9308042 9301015 9206006 9209023 9211061 9402031 9302083 9303016 9310112 9310202 9402073 9304102 9402080 9402120 9303007 9311081 9311093 9309097 9403041 9312182 9403155 9403173 9403191 9311012 9404018 9404063 9308112 9308154 9309039 9310159 9404092 9404114 9404132 9404191 9406067 9406082 9406136 9406206 9407005 9407099 9408063 9408112 9409011 9410142 9410158 9410212 9410237 9411095 9411099 9411195 
27: 9308153 9402001 9404041 9312192 9312208 9405093 9405121 9406111 9408158 9411053 
28: 9405035 9402147 9411210 9412236 
29: 9201026 9405146 9408019 9411184 9412078 
30: 9407067 9312062 9408077 9409200 9410174 
31: 9401007 9205034 9403026 9305043 9405136 9408076 9412176 
32: 9401025 9210031 9212030 9406009 9406059 9406067 9406093 9409021 9409060 9410069 9410230 9411099 9412162 
33: 9205027 9204046 9207016 9305185 9402002 9205008 9205081 9207053 9211056 9303057 9304154 9402032 9210119 9403058 9309145 9403192 9405117 9406059 9406069 9406105 9311120 9407111 9407155 9408040 9408074 9408083 9409177 9410046 9410142 9410167 9410205 9411178 9411187 9412162 
34: 9409098 9411021 9411025 9412203 
35: 9401096 9302133 9307045 9406207 9411232 9412120 
36: 9207084 9402033 9408031 9411039 
37: 9212048 9402074 9404185 9408119 
38: 9205037 9206006 9310112 9312018 9311093 9404063 9310159 9405156 9409021 9411078 9411217 9412044 
39: 9301042 9403123 9406032 9412236 
40: 9402042 9302049 9403086 9310170 9310200 9311139 9312013 9312187 9403150 9311157 9405144 9407190 9411028 9411156 
41: 9304065 9404108 9407148 9412213 
42: 9301042 9301043 9309097 9404060 9409110 9412115 
43: 9401127 9206029 9211093 9404068 9406205 
44: 9210010 9408035 9210037 9409016 9410203 
45: 9206027 9211071 9303030 9405057 9411082 9412053 
46: 9403187 9308083 9308122 9406008 9412117 
47: 9205027 9208078 9404006 9404035 9406059 
48: 9302048 9403183 9409069 9411056 
49: 9301042 9402114 9201014 9204060 9205004 9406008 9412117 
50: 9204041 9304026 9403047 9403183 9409069 9412187 
51: 9301122 9405109 9407061 9410162 
52: 9306069 9209012 9206070 9211030 9302080 9202004 9407008 9410187 9411020 9412138 9412159 
53: 9212086 9305160 9408092 9411176 9412127 
54: 9205027 9406009 9406059 9408040 
55: 9303048 9401072 9401125 9409158 9412131 
56: 9305185 9402002 9406105 9410046 
57: 9206070 9403137 9405162 9407001 
58: 9305083 9406067 9408040 9411195 
59: 9401070 9306069 9403137 9412159 
