# The links inside the directed communities at k=4
# from /Users/bogna/dev/role-mining/datasets/hepth/timeslots/cit-HepTh-1994.edges
# at no lower link weight threshold,
# and at no upper link weight threshold.
# Links were treated as directed.
# No time limit was set for the clique search.

0:
9402133 9301099
9403185 9301099
9410005 9301099
9402133 9308114
9403185 9402133
9410005 9402133
9403185 9308114
9410005 9308114
9410005 9403185
1:
9402156 9203060
9409168 9203060
9411028 9203060
9402156 9204084
9402156 9304011
9409168 9402156
9411028 9402156
9409168 9204084
9411028 9204084
9409168 9304011
9411028 9304011
9411028 9409168
2:
9404030 9212086
9405034 9212086
9411176 9212086
9404030 9305160
9405034 9305160
9411176 9305160
9404030 9208057
9404030 9305154
9405034 9404030
9411176 9404030
9405034 9208057
9411176 9208057
9405034 9305154
9411176 9305154
9411176 9405034
3:
9404113 9212104
9404113 9302124
9404113 9307170
9404113 9312049
9406203 9404113
9410013 9404113
9406203 9212104
9410013 9212104
9406203 9302124
9410013 9302124
9406203 9307170
9410013 9307170
9406203 9312049
9410013 9312049
9410013 9406203
4:
9405089 9204003
9409122 9204003
9409170 9204003
9405089 9210125
9405089 9304083
9409122 9405089
9409170 9405089
9409122 9210125
9409170 9210125
9409122 9304083
9409170 9304083
9409170 9409122
5:
9405201 9312060
9406180 9405201
9408135 9405201
9406180 9312060
9408135 9312060
9408135 9406180
6:
9408079 9306027
9408091 9306027
9411062 9306027
9408091 9408079
9411062 9408079
9411062 9408091
7:
9401139 9202046
9405120 9202046
9410018 9202046
9405120 9401139
9410018 9401139
9410018 9405120
8:
9405138 9405030
9408006 9405030
9411241 9405030
9408006 9405138
9411241 9405138
9411241 9408006
9:
9401167 9210010
9403197 9210010
9408130 9210010
9403197 9401167
9408130 9401167
9408130 9403197
10:
9404004 9204083
9409098 9204083
9411210 9204083
9401041 9212149
9401041 9301003
9401041 9301068
9401041 9303046
9401041 9305097
9401041 9309119
9407114 9401041
9411210 9401041
9404004 9212149
9404175 9212149
9407114 9212149
9408115 9212149
9411210 9212149
9402107 9301003
9404175 9301003
9406100 9301003
9407114 9301003
9407176 9301003
9408115 9301003
9411210 9301003
9401073 9301068
9404004 9301068
9404175 9301068
9407114 9301068
9407176 9301068
9408115 9301068
9409098 9301068
9411021 9301068
9411210 9301068
9401073 9303046
9404004 9303046
9404175 9303046
9407114 9303046
9407176 9303046
9408115 9303046
9409098 9303046
9411021 9303046
9411210 9303046
9407176 9303153
9409098 9303153
9411210 9303153
9402107 9305097
9404175 9305097
9406100 9305097
9407114 9305097
9408115 9305097
9411210 9305097
9404004 9309119
9404175 9309119
9407114 9309119
9408115 9309119
9411210 9309119
9409098 9401073
9411210 9401073
9402107 9303159
9402107 9307085
9402107 9309140
9402107 9311156
9406100 9402107
9407114 9402107
9407176 9402107
9408115 9402107
9409098 9402107
9411210 9402107
9407114 9303159
9407176 9303159
9411210 9303159
9406100 9307085
9411210 9307085
9407176 9309140
9411210 9309140
9404175 9311156
9407114 9311156
9407176 9311156
9408115 9311156
9409098 9311156
9411210 9311156
9404004 9305047
9404175 9305047
9407176 9305047
9408115 9305047
9409098 9305047
9411210 9305047
9404175 9404004
9408115 9404004
9409098 9404004
9411021 9404004
9411210 9404004
9408115 9404175
9409098 9404175
9411210 9404175
9411210 9406100
9411210 9407114
9409098 9407176
9411210 9407176
9411210 9408115
9411021 9409098
9411210 9409098
11:
9402136 9307168
9411020 9307168
9412138 9307168
9411020 9402136
9412138 9402136
9412138 9411020
12:
9403047 9306157
9407009 9306157
9412187 9306157
9403047 9307040
9407009 9307040
9412187 9307040
9407009 9403047
9412187 9403047
9412187 9407009
13:
9404050 9401154
9406020 9401154
9412108 9401154
9412199 9401154
9403073 9211034
9403073 9301046
9403073 9304056
9403073 9305114
9404116 9403073
9406020 9403073
9408136 9403073
9411009 9403073
9412030 9403073
9412054 9403073
9412108 9403073
9412199 9403073
9404116 9211034
9407191 9211034
9408113 9211034
9411009 9211034
9412030 9211034
9404116 9301046
9407191 9301046
9408086 9301046
9408113 9301046
9408136 9301046
9411009 9301046
9412030 9301046
9412054 9301046
9412108 9301046
9412199 9301046
9412030 9304056
9412108 9304056
9412199 9304056
9408113 9305114
9408136 9305114
9411009 9305114
9412030 9305114
9404050 9312043
9406020 9404050
9411051 9404050
9412054 9404050
9412108 9404050
9412199 9404050
9406020 9312043
9408086 9312043
9408113 9312043
9412030 9312043
9412108 9312043
9412199 9312043
9412030 9404116
9407191 9211102
9408086 9211102
9408113 9211102
9408136 9211102
9411009 9211102
9412030 9211102
9412054 9211102
9412108 9211102
9411051 9406020
9412054 9406020
9412108 9406020
9412199 9406020
9411009 9407191
9412030 9407191
9412108 9407191
9412030 9408086
9412108 9408086
9411009 9408113
9412030 9408113
9412054 9408113
9412108 9408113
9412199 9408113
9411009 9408136
9412030 9408136
9412030 9411009
9412108 9411051
9412108 9412030
9412108 9412054
9412199 9412108
14:
9403179 9203033
9406216 9203033
9410136 9203033
9403179 9308023
9406216 9403179
9410136 9403179
9406216 9308023
9410136 9308023
9410136 9406216
15:
9405011 9312213
9409093 9405011
9409190 9405011
9412176 9405011
9409093 9312213
9409190 9312213
9412176 9312213
9409190 9409093
9412176 9409190
16:
9401070 9303048
9403137 9401070
9408098 9401070
9401072 9303048
9401125 9303048
9403108 9303048
9403137 9303048
9404135 9303048
9406085 9303048
9407001 9303048
9408068 9303048
9408089 9303048
9408098 9303048
9412027 9303048
9412144 9303048
9403137 9306069
9404135 9306069
9408039 9306069
9411020 9306069
9403108 9401072
9403137 9401072
9407001 9401072
9408068 9401072
9408089 9401072
9408098 9401072
9412027 9401072
9412144 9401072
9401102 9209012
9403137 9209012
9404135 9209012
9405084 9209012
9408039 9209012
9411020 9209012
9401102 9302022
9403137 9302022
9404135 9302022
9405084 9302022
9408039 9302022
9411020 9302022
9401102 9205089
9401102 9206070
9405084 9401102
9408039 9401102
9411020 9401102
9405084 9205089
9408039 9205089
9411020 9205089
9403137 9206070
9404135 9206070
9405084 9206070
9408039 9206070
9411020 9206070
9403108 9401125
9403137 9401125
9406085 9401125
9407001 9401125
9408068 9401125
9408089 9401125
9408098 9401125
9412027 9401125
9403108 9309145
9403108 9312194
9403108 9401159
9403137 9403108
9404135 9403108
9406085 9403108
9407001 9403108
9408039 9403108
9408068 9403108
9408089 9403108
9403137 9309145
9407001 9309145
9403137 9312194
9404135 9312194
9407001 9312194
9408039 9312194
9403137 9401159
9407001 9401159
9403137 9308139
9404135 9403137
9407001 9403137
9408039 9403137
9408098 9403137
9404135 9308139
9408039 9308139
9411020 9308139
9408039 9404135
9411020 9404135
9408039 9405084
9412027 9407001
9411020 9408039
9412027 9408068
9412144 9408068
17:
9405121 9308153
9406109 9308153
9409164 9308153
9405121 9312192
9406109 9312192
9409164 9312192
9406109 9405121
9409164 9405121
9409164 9406109
18:
9406123 9404107
9410090 9404107
9412215 9404107
9406123 9309123
9410090 9309123
9412215 9309123
9410090 9406123
9412215 9406123
9412215 9410090
19:
9401105 9210021
9403173 9210021
9407022 9210021
9407078 9210021
9403173 9401105
9407022 9401105
9407078 9401105
9407022 9403173
9407078 9403173
20:
9401139 9204035
9401139 9305185
9407087 9401139
9408036 9401139
9410167 9401139
9411178 9401139
9412200 9401139
9408036 9204035
9412200 9204035
9408036 9305185
9410167 9305185
9412200 9305185
9407087 9402002
9408099 9402002
9411028 9402002
9411149 9402002
9411178 9402002
9412200 9402002
9407087 9402005
9408013 9402005
9408099 9402005
9409095 9402005
9411149 9402005
9407087 9403195
9408013 9403195
9411102 9403195
9412206 9403195
9403198 9402044
9407087 9403198
9408013 9403198
9408099 9403198
9411149 9403198
9407087 9402044
9408013 9402044
9408099 9402044
9411149 9402044
9408013 9407087
9408036 9407087
9408099 9407087
9409095 9407087
9411028 9407087
9411048 9407087
9411057 9407087
9411102 9407087
9411149 9407087
9411178 9407087
9411205 9407087
9412158 9407087
9412200 9407087
9412206 9407087
9411102 9408013
9411149 9408013
9411205 9408013
9411048 9408036
9412200 9408036
9409095 9408099
9411028 9408099
9411057 9408099
9411102 9408099
9411149 9408099
9411178 9408099
9412158 9408099
9412200 9408099
9412206 9408099
9411178 9410167
9412200 9410167
9411102 9411048
9411205 9411048
9412200 9411048
9411102 9411057
9411178 9411057
9411205 9411057
9412200 9411057
9411205 9411102
9412200 9411102
9412206 9411102
9412200 9411178
9412200 9412158
21:
9401030 9203060
9401030 9301070
9401030 9301083
9401030 9302048
9401030 9304121
9403190 9401030
9404056 9401030
9405004 9401030
9405096 9401030
9406056 9401030
9407141 9401030
9410157 9401030
9404056 9203060
9406056 9203060
9407141 9203060
9403190 9301070
9404056 9301070
9405096 9301070
9404056 9301083
9406056 9301083
9403190 9302048
9405096 9302048
9401135 9304121
9403190 9304121
9404056 9304121
9405096 9304121
9407141 9304121
9403190 9401135
9404056 9401135
9410034 9401135
9403190 9208031
9404056 9208031
9405004 9208031
9406056 9208031
9407141 9208031
9410034 9208031
9410157 9208031
9403190 9312189
9404056 9312189
9405004 9312189
9406056 9312189
9407141 9312189
9410157 9312189
9404056 9403190
9405004 9403190
9405096 9403190
9406056 9403190
9407141 9403190
9410034 9403190
9410157 9403190
9405004 9404056
9406056 9404056
9407141 9404056
9410034 9404056
9410157 9404056
9406056 9405004
9407141 9405004
9410157 9406056
9410157 9407141
9410157 9410034
22:
9401139 9202046
9405002 9202046
9409095 9202046
9412209 9202046
9401139 9205068
9405002 9205068
9409095 9205068
9412209 9205068
9401139 9207111
9405002 9401139
9409095 9401139
9412209 9401139
9405002 9207111
9412209 9207111
9409095 9405002
9412209 9405002
23:
9405109 9310080
9405194 9310080
9407061 9310080
9405109 9306101
9405194 9306101
9412141 9306101
9405109 9304057
9405109 9405194
9407061 9405109
9409104 9405109
9411202 9405109
9412141 9405109
9405194 9304057
9407061 9304057
9409104 9304057
9407061 9405194
9409104 9405194
9411202 9405194
9412141 9405194
9412141 9409104
9412141 9411202
24:
9403049 9309142
9407148 9403049
9409076 9403049
9407148 9309142
9409076 9309142
9409076 9407148
25:
9402052 9208026
9403089 9208026
9407014 9208026
9407167 9208026
9409064 9208026
9411013 9208026
9412227 9208026
9407014 9206088
9407167 9206088
9409064 9206088
9412227 9206088
9407167 9402052
9409064 9402052
9411013 9402052
9407167 9403089
9409064 9403089
9412227 9403089
9407014 9205014
9407167 9407014
9409064 9407014
9412227 9407014
9407167 9205014
9409064 9205014
9412227 9205014
9409064 9407167
9411013 9407167
9412227 9407167
9412227 9409064
26:
9401139 9210021
9402031 9210021
9403155 9210021
9403173 9210021
9404063 9210021
9406082 9210021
9406206 9210021
9409011 9210021
9410158 9210021
9410237 9210021
9411195 9210021
9402031 9301047
9402120 9301047
9406067 9301047
9407099 9301047
9402120 9302126
9406067 9302126
9407099 9302126
9402073 9311010
9403191 9311010
9404063 9311010
9404114 9311010
9404132 9311010
9406067 9311010
9406136 9311010
9407005 9311010
9407099 9311010
9411099 9311010
9401139 9202092
9401139 9205046
9401139 9206078
9401139 9208076
9401139 9302033
9401139 9308042
9403173 9401139
9403191 9401139
9404063 9401139
9407099 9401139
9409011 9401139
9410142 9401139
9410237 9401139
9411195 9401139
9402120 9202092
9404063 9202092
9406067 9202092
9406136 9202092
9407099 9202092
9410142 9202092
9410237 9202092
9411195 9202092
9402031 9205046
9402073 9205046
9402120 9205046
9404063 9205046
9404092 9205046
9404191 9205046
9407005 9205046
9407099 9205046
9408063 9205046
9408112 9205046
9402031 9206078
9402073 9206078
9402120 9206078
9404063 9206078
9404092 9206078
9404191 9206078
9407005 9206078
9407099 9206078
9408063 9206078
9408112 9206078
9402120 9208076
9404063 9208076
9404092 9208076
9404191 9208076
9407005 9208076
9407099 9208076
9402031 9209052
9404063 9209052
9404092 9209052
9404191 9209052
9407005 9209052
9402073 9211021
9404092 9211021
9407005 9211021
9404092 9301043
9404191 9301043
9407005 9301043
9402031 9302033
9402073 9302033
9402080 9302033
9403191 9302033
9404063 9302033
9404092 9302033
9406082 9302033
9406136 9302033
9406206 9302033
9407005 9302033
9410158 9302033
9410237 9302033
9404063 9308042
9406067 9308042
9407099 9308042
9402031 9301015
9406067 9301015
9407099 9301015
9402031 9206006
9402120 9206006
9404063 9206006
9406067 9206006
9407099 9206006
9402031 9209023
9402120 9209023
9403041 9209023
9404063 9209023
9404114 9209023
9404132 9209023
9406067 9209023
9406136 9209023
9407099 9209023
9411099 9209023
9402031 9211061
9402120 9211061
9403041 9211061
9404063 9211061
9404114 9211061
9404132 9211061
9406136 9211061
9407099 9211061
9402031 9302083
9402031 9303016
9402031 9310112
9402031 9310202
9403041 9402031
9403155 9402031
9403191 9402031
9404063 9402031
9404114 9402031
9406067 9402031
9406082 9402031
9406136 9402031
9407005 9402031
9407099 9402031
9408112 9402031
9410158 9402031
9411099 9402031
9402120 9302083
9406067 9302083
9407099 9302083
9402073 9303016
9403191 9303016
9404063 9303016
9404092 9303016
9404191 9303016
9406067 9303016
9406082 9303016
9406136 9303016
9406206 9303016
9407005 9303016
9410158 9303016
9402120 9310112
9403041 9310112
9403191 9310112
9404018 9310112
9404063 9310112
9404114 9310112
9404132 9310112
9406067 9310112
9406136 9310112
9407005 9310112
9407099 9310112
9408112 9310112
9403041 9310202
9403191 9310202
9404063 9310202
9404114 9310202
9404132 9310202
9406067 9310202
9406136 9310202
9407099 9310202
9408112 9310202
9402073 9304102
9404092 9402073
9404114 9402073
9407005 9402073
9410212 9402073
9411095 9402073
9402080 9304102
9404092 9304102
9404114 9304102
9407005 9304102
9410212 9304102
9411095 9304102
9404092 9402080
9404114 9402080
9407005 9402080
9402120 9303007
9402120 9311081
9404063 9402120
9404114 9402120
9406067 9402120
9407099 9402120
9406067 9303007
9407099 9303007
9403041 9311081
9403191 9311081
9404063 9311081
9404114 9311081
9404132 9311081
9406067 9311081
9406136 9311081
9407005 9311081
9407099 9311081
9411099 9311081
9403041 9311093
9403191 9311093
9404063 9311093
9404114 9311093
9404132 9311093
9406136 9311093
9407005 9311093
9404092 9309097
9404191 9309097
9407005 9309097
9403041 9312182
9403191 9403041
9404114 9403041
9404132 9403041
9406136 9403041
9407005 9403041
9403191 9312182
9404063 9312182
9404114 9312182
9404132 9312182
9406136 9312182
9407005 9312182
9407099 9312182
9404063 9403155
9406082 9403155
9406206 9403155
9410237 9403155
9411195 9403155
9410237 9403173
9403191 9311012
9404063 9403191
9404114 9403191
9404132 9403191
9406067 9403191
9406082 9403191
9406136 9403191
9406206 9403191
9407005 9403191
9407099 9403191
9410237 9403191
9411099 9403191
9404063 9311012
9404114 9311012
9404132 9311012
9406136 9311012
9407005 9311012
9407099 9311012
9404132 9404018
9407005 9404018
9404063 9310159
9404114 9404063
9406067 9404063
9406136 9404063
9407005 9404063
9407099 9404063
9408112 9404063
9406082 9308112
9406206 9308112
9410237 9308112
9406082 9308154
9406206 9308154
9410237 9308154
9406082 9309039
9406206 9309039
9410237 9309039
9411195 9309039
9406067 9310159
9407099 9310159
9404191 9404092
9407005 9404092
9408063 9404092
9410212 9404092
9404132 9404114
9406136 9404114
9407005 9404114
9411095 9404114
9411099 9404114
9407005 9404132
9407005 9404191
9408063 9404191
9407005 9406067
9407099 9406067
9411099 9406067
9406206 9406082
9407005 9406082
9410158 9406082
9410237 9406082
9407099 9406136
9410237 9406206
9411195 9406206
9410142 9407099
9410237 9409011
9411195 9410142
9411195 9410237
27:
9402001 9308153
9404041 9308153
9405093 9308153
9405121 9308153
9406111 9308153
9408158 9308153
9411053 9308153
9404041 9402001
9405093 9402001
9405121 9402001
9406111 9402001
9408158 9402001
9411053 9402001
9404041 9312192
9404041 9312208
9406111 9404041
9411053 9404041
9405093 9312192
9405121 9312192
9406111 9312192
9411053 9312192
9405093 9312208
9405121 9312208
9406111 9312208
9411053 9312208
9406111 9405093
9411053 9405093
9406111 9405121
9411053 9405121
9411053 9406111
9411053 9408158
28:
9405035 9402147
9411210 9405035
9412236 9405035
9411210 9402147
9412236 9402147
9412236 9411210
29:
9405146 9201026
9408019 9201026
9411184 9201026
9412078 9201026
9408019 9405146
9411184 9405146
9412078 9405146
9412078 9408019
9412078 9411184
30:
9407067 9312062
9408077 9407067
9409200 9407067
9410174 9407067
9408077 9312062
9409200 9312062
9410174 9312062
9409200 9408077
9410174 9408077
31:
9401007 9205034
9405136 9401007
9412176 9401007
9403026 9205034
9405136 9205034
9408076 9205034
9412176 9205034
9403026 9305043
9405136 9403026
9408076 9403026
9412176 9403026
9405136 9305043
9408076 9305043
9412176 9305043
9408076 9405136
9412176 9405136
32:
9401025 9210031
9401025 9212030
9406009 9401025
9406059 9401025
9406067 9401025
9406093 9401025
9409021 9401025
9409060 9401025
9410069 9401025
9410230 9401025
9411099 9401025
9412162 9401025
9409021 9210031
9411099 9210031
9412162 9210031
9406009 9212030
9406059 9212030
9406093 9212030
9409021 9212030
9409060 9212030
9410069 9212030
9410230 9212030
9411099 9212030
9412162 9212030
9406059 9406009
9406093 9406009
9409060 9406009
9412162 9406009
9406093 9406059
9412162 9406059
9411099 9406067
9412162 9406067
9409060 9409021
9411099 9409021
9412162 9409021
9410230 9409060
9410230 9410069
9412162 9411099
33:
9406105 9205027
9410167 9205027
9411187 9205027
9405117 9204046
9406059 9204046
9406105 9204046
9410046 9204046
9411187 9204046
9412162 9204046
9402002 9207016
9408083 9207016
9410167 9207016
9411187 9207016
9402002 9305185
9402032 9305185
9403058 9305185
9408083 9305185
9410167 9305185
9402002 9205081
9402002 9207053
9402002 9211056
9402002 9303057
9402002 9304154
9403058 9402002
9408074 9402002
9408083 9402002
9410046 9402002
9410205 9402002
9411178 9402002
9411187 9402002
9402032 9205008
9408083 9205008
9410167 9205008
9408074 9205081
9410046 9205081
9406059 9207053
9406069 9207053
9407111 9207053
9407155 9207053
9408083 9207053
9409177 9207053
9410142 9207053
9410167 9207053
9411187 9207053
9408074 9211056
9408083 9211056
9410046 9211056
9410167 9211056
9411178 9211056
9407111 9303057
9408083 9303057
9410167 9303057
9411187 9303057
9402032 9304154
9403058 9304154
9407111 9304154
9408083 9304154
9410167 9304154
9410205 9304154
9411187 9304154
9408074 9402032
9408083 9402032
9410167 9402032
9411178 9402032
9411187 9402032
9406059 9210119
9406069 9210119
9410142 9210119
9411187 9210119
9408083 9403058
9410205 9403058
9406105 9309145
9410167 9309145
9411187 9309145
9406059 9403192
9406069 9403192
9408040 9403192
9409177 9403192
9406105 9405117
9410046 9405117
9410167 9405117
9411187 9405117
9406069 9406059
9408040 9406059
9409177 9406059
9410142 9406059
9411187 9406059
9412162 9406059
9408040 9406069
9409177 9406069
9410142 9406069
9411187 9406069
9412162 9406069
9406105 9311120
9410046 9406105
9410167 9406105
9411187 9406105
9408083 9311120
9410167 9311120
9411187 9311120
9408083 9407111
9411187 9407111
9409177 9407155
9410142 9407155
9411187 9407155
9408083 9408074
9410046 9408074
9410167 9408074
9411178 9408074
9411187 9408074
9410142 9408083
9410167 9408083
9411187 9408083
9410142 9409177
9411187 9410142
9411178 9410167
9411187 9410167
9412162 9411187
34:
9411021 9409098
9411025 9409098
9412203 9409098
9411025 9411021
9412203 9411021
9412203 9411025
35:
9401096 9302133
9401096 9307045
9406207 9401096
9411232 9401096
9412120 9401096
9406207 9302133
9411232 9302133
9412120 9302133
9406207 9307045
9411232 9307045
9412120 9307045
9411232 9406207
9412120 9406207
36:
9402033 9207084
9408031 9207084
9411039 9207084
9408031 9402033
9411039 9402033
9411039 9408031
37:
9402074 9212048
9404185 9212048
9408119 9212048
9404185 9402074
9408119 9402074
9408119 9404185
38:
9405156 9205037
9411078 9205037
9411217 9205037
9412044 9205037
9404063 9206006
9405156 9206006
9411078 9206006
9411217 9206006
9412044 9206006
9404063 9310112
9409021 9310112
9411078 9310112
9412044 9310112
9405156 9312018
9411078 9312018
9411217 9312018
9412044 9312018
9404063 9311093
9411078 9311093
9412044 9311093
9404063 9310159
9411078 9404063
9412044 9404063
9411078 9310159
9412044 9310159
9411078 9405156
9411217 9405156
9412044 9405156
9411078 9409021
9412044 9409021
9412044 9411078
9412044 9411217
39:
9403123 9301042
9406032 9301042
9412236 9301042
9406032 9403123
9412236 9403123
9412236 9406032
40:
9402042 9302049
9403086 9402042
9403150 9402042
9405144 9402042
9411156 9402042
9403150 9302049
9405144 9302049
9407190 9302049
9403086 9310170
9403086 9310200
9403086 9311139
9403086 9312013
9403086 9312187
9403150 9403086
9411028 9403086
9411156 9403086
9403150 9310170
9405144 9310170
9407190 9310170
9411028 9310170
9411156 9310170
9403150 9310200
9405144 9310200
9407190 9310200
9411156 9310200
9403150 9311139
9405144 9311139
9407190 9311139
9411156 9311139
9403150 9312013
9411028 9312013
9411156 9312013
9403150 9312187
9405144 9312187
9407190 9312187
9411156 9312187
9403150 9311157
9405144 9403150
9407190 9403150
9411028 9403150
9411156 9403150
9405144 9311157
9411156 9311157
9407190 9405144
9411156 9405144
41:
9404108 9304065
9407148 9304065
9412213 9304065
9407148 9404108
9412213 9404108
9412213 9407148
42:
9404060 9301042
9409110 9301042
9412115 9301042
9404060 9301043
9409110 9301043
9412115 9301043
9404060 9309097
9409110 9309097
9412115 9309097
9409110 9404060
9412115 9404060
9412115 9409110
43:
9401127 9206029
9401127 9211093
9404068 9401127
9406205 9401127
9404068 9206029
9406205 9206029
9404068 9211093
9406205 9211093
9406205 9404068
44:
9408035 9210010
9409016 9210010
9410203 9210010
9408035 9210037
9409016 9408035
9410203 9408035
9409016 9210037
9410203 9210037
9410203 9409016
45:
9405057 9206027
9411082 9206027
9412053 9206027
9405057 9211071
9411082 9211071
9412053 9211071
9405057 9303030
9411082 9303030
9412053 9303030
9411082 9405057
9412053 9405057
9412053 9411082
46:
9403187 9308083
9403187 9308122
9406008 9403187
9412117 9403187
9406008 9308083
9412117 9308083
9406008 9308122
9412117 9308122
9412117 9406008
47:
9404006 9205027
9404035 9205027
9406059 9205027
9404006 9208078
9404035 9208078
9406059 9208078
9404035 9404006
9406059 9404006
9406059 9404035
48:
9403183 9302048
9409069 9302048
9411056 9302048
9409069 9403183
9411056 9403183
9411056 9409069
49:
9402114 9301042
9406008 9301042
9412117 9301042
9402114 9201014
9402114 9204060
9402114 9205004
9406008 9402114
9412117 9402114
9406008 9201014
9412117 9201014
9406008 9204060
9412117 9204060
9406008 9205004
9412117 9205004
9412117 9406008
50:
9403047 9204041
9403183 9204041
9409069 9204041
9412187 9204041
9403047 9304026
9409069 9304026
9412187 9304026
9409069 9403047
9412187 9403047
9409069 9403183
9412187 9403183
9412187 9409069
51:
9405109 9301122
9407061 9301122
9410162 9301122
9407061 9405109
9410162 9405109
9410162 9407061
52:
9411020 9306069
9412138 9306069
9412159 9306069
9407008 9209012
9410187 9209012
9411020 9209012
9407008 9206070
9410187 9206070
9411020 9206070
9407008 9211030
9410187 9211030
9411020 9211030
9412138 9211030
9412159 9211030
9410187 9302080
9411020 9302080
9412138 9302080
9412159 9302080
9410187 9202004
9411020 9202004
9412159 9202004
9410187 9407008
9411020 9407008
9411020 9410187
9412159 9410187
9412138 9411020
9412159 9411020
9412159 9412138
53:
9408092 9212086
9411176 9212086
9412127 9212086
9408092 9305160
9411176 9305160
9412127 9305160
9411176 9408092
9412127 9408092
9412127 9411176
54:
9406009 9205027
9406059 9205027
9408040 9205027
9406059 9406009
9408040 9406009
9408040 9406059
55:
9401072 9303048
9401125 9303048
9409158 9303048
9412131 9303048
9409158 9401072
9412131 9401072
9409158 9401125
9412131 9401125
9412131 9409158
56:
9402002 9305185
9406105 9305185
9410046 9305185
9406105 9402002
9410046 9402002
9410046 9406105
57:
9403137 9206070
9405162 9206070
9407001 9206070
9405162 9403137
9407001 9403137
9407001 9405162
58:
9406067 9305083
9408040 9305083
9411195 9305083
9408040 9406067
9411195 9406067
9411195 9408040
59:
9401070 9306069
9403137 9401070
9412159 9401070
9403137 9306069
9412159 9306069
9412159 9403137
