# The contained directed cliques in the directed communities at k=4
# from /Users/bogna/dev/role-mining/datasets/hepth/timeslots/cit-HepTh-1994.edges
# at no lower link weight threshold,
# and at no upper link weight threshold.
# Links were treated as directed.
# No time limit was set for the clique search.

0: 190 606 
1: 195 1313 1315 
2: 237 1434 1442 1454 
3: 250 445 447 448 
4: 268 269 449 
5: 276 
6: 317 
7: 339 
8: 356 
9: 381 
10: 393 1007 1754 1008 1009 1006 1047 1401 1755 1011 1748 1749 1750 1751 1048 1402 1756 1866 1403 1405 1855 2052 2053 2054 1404 1757 1010 1012 1758 1820 1821 1822 1823 1824 1825 1826 1022 1731 1827 1023 1732 
11: 396 
12: 398 937 
13: 412 413 2074 1465 1521 803 1246 1463 1156 1464 1249 1248 1522 1247 1833 2003 1597 1598 1297 1295 1298 1134 1294 1296 1847 1135 1136 1686 1830 1228 1687 1832 1685 1631 1630 1629 
14: 429 972 
15: 468 469 
16: 495 1131 1303 1955 1130 1302 1985 1299 1301 1300 1627 1628 626 1569 1721 1896 1986 625 1816 1892 1893 1894 1895 1817 1888 1889 1890 1891 2156 1936 2144 2164 2247 1935 2145 2146 1720 1722 
17: 498 499 
18: 500 501 
19: 512 712 
20: 541 993 994 2177 543 990 992 542 1441 1588 988 991 1715 1662 1716 2175 2236 2176 1735 2188 1070 1737 1069 1589 2030 
21: 550 551 1348 1502 1503 1898 1899 1349 1904 1343 1351 1505 1507 1572 1814 1342 1344 1371 1500 1504 1506 1571 1813 
22: 574 2180 2181 2182 2189 
23: 582 689 690 1150 601 998 
24: 613 
25: 619 939 940 941 1560 984 
26: 650 1972 1238 1240 1414 1415 1417 1558 1794 1800 1802 1803 1806 1870 1871 1873 1973 1974 1975 2035 2105 2185 2217 2218 1237 1239 1416 1795 1805 1872 1874 2104 2106 2201 2214 1418 1554 1797 1876 2108 2120 2183 2184 2186 1555 1796 1875 2067 2107 2122 2219 2235 1553 1557 1959 2018 2115 2121 1976 2123 2124 2230 2231 1878 2110 1877 2109 1536 1556 1869 1960 2022 2066 2118 2126 2221 1534 795 2014 2061 2112 797 1574 2063 2064 2065 2159 1142 1573 1885 1883 2001 1079 1448 1884 1998 2047 1843 1882 1844 1845 2092 2093 2050 2193 2213 1868 2125 2220 1039 1658 1674 2200 1037 1655 1665 2017 2019 1541 2114 2095 1798 2096 2103 1396 837 1395 1397 836 835 2215 1781 2020 2116 2202 2023 952 1538 1542 2079 2080 2081 2082 953 1333 
27: 656 657 658 1242 1276 1243 1277 1244 1278 1384 
28: 676 
29: 694 695 
30: 724 725 
31: 732 733 1054 1055 1271 
32: 742 1851 1461 1849 1274 1460 1850 1003 2058 
33: 746 1683 1682 2251 1918 1966 2027 2223 2227 2241 1916 1917 2097 2229 1839 2043 962 961 963 1676 1992 2044 1864 1961 2029 2045 2244 814 1790 1963 1967 1783 1791 1784 1785 1956 1910 1266 1908 1909 1267 1265 
34: 753 
35: 768 769 784 785 
36: 823 
37: 834 
38: 841 842 1272 1273 1163 1164 1931 1576 1808 1932 1933 
39: 872 
40: 881 1202 1427 1690 1810 2007 1201 1203 1421 1422 1423 1424 1425 1419 1420 1387 1426 1689 1809 2037 
41: 892 
42: 894 895 896 
43: 898 899 
44: 946 1508 
45: 1027 1509 1510 
46: 1065 1697 
47: 1073 1074 
48: 1157 
49: 1210 1213 1406 1801 
50: 1221 1222 1413 
51: 1323 
52: 1362 1363 1368 1775 1776 2233 1478 1476 1477 
53: 1436 1764 
54: 1459 
55: 1606 1607 
56: 1905 
57: 2051 
58: 2133 
59: 2232 
