# The contained directed cliques in the directed communities at k=13
# from /Users/bogna/dev/role-mining/datasets/hepth/timeslots/cit-HepTh-1998.edges
# at no lower link weight threshold,
# and at no upper link weight threshold.
# Links were treated as directed.
# No time limit was set for the clique search.

0: 12513 12514 12517 17886 12518 17893 
1: 13195 13197 13198 13201 13212 14111 14113 13196 13200 13203 13214 14112 14114 13217 13215 14122 14121 14117 14119 14115 14118 14109 14116 14110 14120 
2: 15597 15630 21292 22039 22040 22041 22071 19589 20295 21290 21291 22042 22043 22044 22053 22054 22056 22058 22077 22080 22082 22085 22101 22470 22656 22657 22658 22908 23348 19590 19697 20037 20039 20041 20296 20297 20298 20300 20301 20317 20357 20360 20370 20377 20396 20496 20038 20047 20075 20077 20087 20094 20113 20246 20040 20042 20299 20097 20115 20302 20092 20098 20260 20380 20062 20093 20095 20096 20099 20106 20257 20258 20375 20376 21021 23119 20045 20059 20063 20244 20334 20046 20052 20233 20314 20048 20049 20053 20076 20315 20055 20064 20318 20054 20056 20088 20326 20238 20325 20234 20237 20254 20241 20242 20243 20269 20275 20330 20653 23455 20060 20270 20065 20114 20332 20338 20320 20335 20337 20379 20327 20361 20324 20372 20323 20369 20368 20085 20363 20389 20080 20086 20253 20081 20249 20082 20083 20100 20364 15608 18437 20102 20365 15607 15609 15612 15618 15611 15617 15621 15622 20366 20386 18445 18397 18438 18443 18389 18393 18396 18387 18392 18442 18436 18440 20250 20262 20272 20101 20261 20266 20073 20108 20116 20384 20071 20355 20043 20352 20311 20312 20331 20353 20319 20336 20397 20405 20441 22063 20316 20359 20358 20400 17730 20378 20398 20458 20657 22086 17729 17588 17728 17587 17638 17637 17554 17555 20399 20333 20061 20381 20385 20392 20383 20382 20390 20107 20393 20109 20110 20089 20103 20078 20371 20391 20457 20175 20440 20467 20151 20183 20401 21349 22062 22070 22497 23370 21296 21318 21348 21295 21336 21338 21521 22468 21340 21342 21322 22473 21323 21327 22072 18425 22078 18461 18463 22475 21331 21308 21329 21303 21306 21304 21522 21526 21022 21523 21527 21023 21027 21028 21528 23121 22419 22418 22417 23120 21026 21247 21244 23480 21317 22045 22485 22955 23339 22046 22047 22069 22048 22073 22175 22486 22496 22500 22089 22499 22503 22488 23040 22914 23456 23369 23340 20404 20119 20343 20265 15619 20245 20259 20271 19545 19542 18254 18255 20499 22911 20501 20502 20497 21365 21697 21366 21368 22102 22104 21698 21699 22659 22660 22055 22667 23325 22057 22061 22081 22079 22084 22668 22669 22670 23323 23145 23324 23148 23326 23347 23349 23346 23350 23354 23356 23352 23355 23358 23328 23327 23332 23329 22682 22683 22677 
