# The links inside the directed communities at k=3
# from /Users/bogna/dev/role-mining/datasets/hepth/timeslots/cit-HepTh-1994.edges
# at no lower link weight threshold,
# and at no upper link weight threshold.
# Links were treated as directed.
# No time limit was set for the clique search.

0:
9401006 9210060
9407044 9401006
9407044 9210060
1:
9401019 9208007
9406129 9401019
9406129 9208007
2:
9401036 9303112
9401036 9304022
9407130 9401036
9409139 9401036
9409140 9401036
9407130 9303112
9409139 9303112
9409140 9303112
9407130 9304022
3:
9401039 9203067
9407119 9401039
9407119 9203067
4:
9401056 9306023
9412149 9401056
9412149 9306023
5:
9401058 9201024
9401058 9204019
9401058 9206096
9401058 9209006
9401058 9209041
9401058 9212070
9401058 9302125
9401058 9305005
9401058 9306035
9401058 9307147
9405095 9401058
9407017 9401058
9407112 9401058
9407112 9201024
9405095 9204019
9405111 9204019
9407112 9204019
9408049 9204019
9410156 9204019
9410165 9204019
9405095 9206096
9405111 9206096
9407112 9206096
9408049 9206096
9408104 9206096
9410156 9206096
9410165 9206096
9405095 9209006
9407017 9209006
9407112 9209006
9408104 9209006
9405111 9209041
9407112 9209041
9408049 9209041
9410156 9209041
9410165 9209041
9407017 9212070
9407112 9212070
9408104 9212070
9407112 9302125
9405095 9305005
9407017 9305005
9407038 9305005
9407112 9305005
9408035 9305005
9408104 9305005
9412006 9305005
9405095 9306035
9405111 9306035
9407112 9306035
9408049 9306035
9408104 9306035
9410156 9306035
9410165 9306035
9407112 9307147
9405111 9304152
9410156 9304152
9410165 9304152
9405111 9208013
9408049 9405111
9410156 9405111
9410165 9405111
9408049 9208013
9410165 9208013
9407017 9301053
9408035 9407017
9408104 9407017
9408035 9301053
9408104 9407038
9410156 9407038
9410203 9407038
9407112 9312144
9408104 9407112
9408104 9312144
9412006 9408035
9410156 9408104
9410203 9408104
6:
9401061 9204083
9412075 9204083
9412075 9401061
7:
9401115 9209027
9410053 9401115
9410053 9209027
8:
9404157 9201056
9405052 9201056
9401030 9201005
9401030 9203060
9401030 9301070
9401030 9301083
9401030 9302027
9401030 9302048
9401030 9304121
9403190 9401030
9404011 9401030
9404056 9401030
9404157 9401030
9405004 9401030
9405096 9401030
9406056 9401030
9406171 9401030
9407141 9401030
9410157 9401030
9410233 9401030
9403190 9201005
9404157 9201005
9405052 9201005
9404056 9203060
9406056 9203060
9407141 9203060
9403190 9301070
9404056 9301070
9405096 9301070
9404056 9301083
9404157 9301083
9406056 9301083
9410034 9301083
9406056 9302027
9403190 9302048
9404011 9302048
9405096 9302048
9401135 9304121
9403190 9304121
9404011 9304121
9404056 9304121
9405096 9304121
9407141 9304121
9412006 9304121
9405004 9209041
9407141 9209041
9412006 9209041
9405004 9212070
9407141 9212070
9412006 9212070
9401135 9305109
9404157 9305109
9405052 9305109
9401135 9306063
9403190 9401135
9404056 9401135
9405052 9401135
9406171 9401135
9410034 9401135
9405052 9306063
9404157 9209122
9405052 9209122
9404157 9307185
9405052 9307185
9405004 9304011
9407091 9304011
9407141 9304011
9403190 9208031
9404056 9208031
9405004 9208031
9406056 9208031
9407096 9208031
9407141 9208031
9410034 9208031
9410157 9208031
9403190 9312189
9404011 9312189
9404056 9312189
9405004 9312189
9406056 9312189
9406171 9312189
9407141 9312189
9410157 9312189
9410233 9312189
9404056 9403190
9405004 9403190
9405096 9403190
9406056 9403190
9407141 9403190
9410034 9403190
9410157 9403190
9404011 9311089
9405004 9404011
9405004 9311089
9407141 9311089
9405004 9404056
9406056 9404056
9406171 9404056
9407141 9404056
9410034 9404056
9410157 9404056
9410233 9404056
9404157 9204052
9404157 9306141
9404157 9309157
9404157 9310046
9405052 9404157
9410034 9404157
9405052 9204052
9405052 9306141
9405052 9309157
9405052 9310046
9406056 9405004
9407091 9405004
9407141 9405004
9410157 9406056
9410157 9407096
9410157 9407141
9412006 9407141
9410157 9410034
9:
9401025 9206016
9401025 9210031
9401025 9212030
9404035 9401025
9406009 9401025
9406059 9401025
9406067 9401025
9406093 9401025
9409021 9401025
9409060 9401025
9410008 9401025
9410069 9401025
9410230 9401025
9411099 9401025
9411195 9401025
9412162 9401025
9407021 9206016
9408036 9206016
9409021 9206016
9410008 9206016
9410051 9206016
9412200 9206016
9409021 9210031
9410008 9210031
9411099 9210031
9412162 9210031
9404063 9212030
9406009 9212030
9406059 9212030
9406093 9212030
9407099 9212030
9409021 9212030
9409060 9212030
9410008 9212030
9410069 9212030
9410230 9212030
9411099 9212030
9412162 9212030
9401139 9202046
9405002 9202046
9405120 9202046
9405188 9202046
9409095 9202046
9410018 9202046
9410056 9202046
9410206 9202046
9411022 9202046
9412196 9202046
9412209 9202046
9401069 9205068
9401139 9205068
9402005 9205068
9404092 9205068
9405002 9205068
9405188 9205068
9407004 9205068
9407005 9205068
9409095 9205068
9409099 9205068
9410056 9205068
9410206 9205068
9410212 9205068
9412196 9205068
9412209 9205068
9409099 9401069
9401139 9206051
9411198 9206051
9401105 9210021
9401139 9210021
9402031 9210021
9403155 9210021
9403173 9210021
9404063 9210021
9406082 9210021
9406178 9210021
9406206 9210021
9407022 9210021
9407078 9210021
9409011 9210021
9410158 9210021
9410237 9210021
9411195 9210021
9411242 9210021
9402031 9301047
9402120 9301047
9405016 9301047
9406067 9301047
9407099 9301047
9408112 9301047
9411078 9301047
9412044 9301047
9401139 9302126
9402120 9302126
9406067 9302126
9407099 9302126
9408040 9302126
9409072 9302126
9410237 9302126
9402073 9311010
9403191 9311010
9404063 9311010
9404114 9311010
9404132 9311010
9406067 9311010
9406136 9311010
9407005 9311010
9407099 9311010
9408112 9311010
9411099 9311010
9411198 9311010
9412065 9311010
9401105 9207114
9403173 9401105
9406154 9401105
9407022 9401105
9407078 9401105
9407022 9207114
9401139 9301042
9404092 9301042
9407005 9301042
9409072 9301042
9412074 9301042
9406105 9202014
9410167 9202014
9412224 9202014
9404006 9205027
9404035 9205027
9406009 9205027
9406059 9205027
9406105 9205027
9408040 9205027
9409021 9205027
9409060 9205027
9410167 9205027
9410230 9205027
9411187 9205027
9412200 9205027
9404035 9302109
9406059 9302109
9410167 9302109
9412200 9302109
9401139 9201047
9401139 9202092
9401139 9204035
9401139 9204040
9401139 9205046
9401139 9206078
9401139 9207016
9401139 9207049
9401139 9207111
9401139 9208076
9401139 9209052
9401139 9210015
9401139 9210121
9401139 9212089
9401139 9301005
9401139 9301043
9401139 9302033
9401139 9304155
9401139 9305185
9401139 9308042
9403096 9401139
9403173 9401139
9403191 9401139
9404063 9401139
9404184 9401139
9404191 9401139
9405002 9401139
9405120 9401139
9406150 9401139
9406178 9401139
9406189 9401139
9407087 9401139
9407099 9401139
9407198 9401139
9408036 9401139
9408060 9401139
9409011 9401139
9409072 9401139
9409095 9401139
9410018 9401139
9410142 9401139
9410167 9401139
9410237 9401139
9411022 9401139
9411028 9401139
9411178 9401139
9411195 9401139
9411198 9401139
9411242 9401139
9412074 9401139
9412079 9401139
9412200 9401139
9412209 9401139
9409095 9201047
9412079 9201047
9412209 9201047
9402120 9202092
9404063 9202092
9404191 9202092
9406067 9202092
9406136 9202092
9407099 9202092
9408112 9202092
9410142 9202092
9410237 9202092
9411195 9202092
9403096 9204035
9408036 9204035
9412200 9204035
9405002 9204040
9402016 9204046
9405117 9204046
9406059 9204046
9406105 9204046
9407155 9204046
9410046 9204046
9411187 9204046
9412162 9204046
9402016 9205046
9402031 9205046
9402073 9205046
9402120 9205046
9404063 9205046
9404092 9205046
9404191 9205046
9407005 9205046
9407099 9205046
9408063 9205046
9408112 9205046
9408169 9205046
9411095 9205046
9412065 9205046
9402016 9206078
9402031 9206078
9402073 9206078
9402120 9206078
9403192 9206078
9404063 9206078
9404092 9206078
9404191 9206078
9407005 9206078
9407099 9206078
9408063 9206078
9408112 9206078
9411095 9206078
9402002 9207016
9402016 9207016
9404092 9207016
9406189 9207016
9407005 9207016
9407021 9207016
9407155 9207016
9408083 9207016
9409021 9207016
9410051 9207016
9410167 9207016
9410230 9207016
9411187 9207016
9411195 9207016
9412162 9207016
9412184 9207016
9403096 9207049
9405002 9207111
9410206 9207111
9412209 9207111
9402120 9208076
9404063 9208076
9404092 9208076
9404191 9208076
9407005 9208076
9407099 9208076
9402031 9209052
9404063 9209052
9404092 9209052
9404191 9209052
9407005 9209052
9402120 9210015
9406067 9210015
9410237 9210015
9404063 9210121
9404092 9210121
9407005 9210121
9407198 9210121
9408060 9210121
9411198 9210121
9402073 9211021
9404092 9211021
9407004 9211021
9407005 9211021
9405002 9212089
9402031 9301005
9404063 9301005
9408060 9301005
9403096 9301043
9404092 9301043
9404191 9301043
9407004 9301043
9407005 9301043
9409072 9301043
9402031 9302033
9402073 9302033
9402080 9302033
9403191 9302033
9404063 9302033
9404092 9302033
9404184 9302033
9406082 9302033
9406136 9302033
9406206 9302033
9407004 9302033
9407005 9302033
9408060 9302033
9410158 9302033
9410237 9302033
9411198 9302033
9404063 9304155
9402002 9305185
9402032 9305185
9403058 9305185
9405188 9305185
9406105 9305185
9406128 9305185
9406189 9305185
9407021 9305185
9408036 9305185
9408083 9305185
9409095 9305185
9410046 9305185
9410051 9305185
9410104 9305185
9410167 9305185
9411095 9305185
9412184 9305185
9412200 9305185
9404063 9308042
9406067 9308042
9407099 9308042
9411198 9308042
9402031 9301015
9403155 9301015
9406067 9301015
9407099 9301015
9411078 9301015
9412044 9301015
9402002 9205008
9402002 9205051
9402002 9205081
9402002 9207053
9402002 9208055
9402002 9208078
9402002 9209016
9402002 9211056
9402002 9302038
9402002 9303057
9402002 9304154
9402002 9305069
9403058 9402002
9406105 9402002
9407087 9402002
9408074 9402002
9408083 9402002
9408099 9402002
9410046 9402002
9410051 9402002
9410205 9402002
9411028 9402002
9411149 9402002
9411176 9402002
9411178 9402002
9411187 9402002
9412074 9402002
9412184 9402002
9412200 9402002
9402032 9205008
9406128 9205008
9407111 9205008
9408083 9205008
9410167 9205008
9408074 9205051
9412184 9205051
9412200 9205051
9408074 9205081
9409037 9205081
9409060 9205081
9410046 9205081
9410104 9205081
9410230 9205081
9404035 9207053
9406059 9207053
9406069 9207053
9407111 9207053
9407155 9207053
9408083 9207053
9409177 9207053
9410142 9207053
9410167 9207053
9411178 9207053
9411187 9207053
9412184 9207053
9407021 9208055
9408074 9208055
9410051 9208055
9412184 9208055
9404006 9208078
9404035 9208078
9406059 9208078
9407021 9208078
9410051 9208078
9410069 9208078
9410230 9208078
9407021 9209016
9407111 9209016
9408036 9209016
9408083 9209016
9410051 9209016
9412184 9209016
9412200 9209016
9407111 9211056
9408074 9211056
9408083 9211056
9409060 9211056
9410046 9211056
9410167 9211056
9410230 9211056
9411178 9211056
9412184 9211056
9406128 9302038
9408083 9302038
9410167 9302038
9412184 9302038
9406128 9303057
9407021 9303057
9407111 9303057
9408083 9303057
9410051 9303057
9410167 9303057
9411187 9303057
9412184 9303057
9402032 9304154
9403058 9304154
9405188 9304154
9406128 9304154
9407111 9304154
9408036 9304154
9408083 9304154
9409095 9304154
9410167 9304154
9410205 9304154
9411095 9304154
9411187 9304154
9412184 9304154
9412200 9304154
9412235 9304154
9407021 9305069
9410046 9305069
9410051 9305069
9412184 9305069
9402005 9204030
9402005 9205009
9402005 9303017
9402005 9303040
9407087 9402005
9408013 9402005
9408099 9402005
9409095 9402005
9409099 9402005
9411022 9402005
9411149 9402005
9412209 9402005
9405002 9204030
9405188 9204030
9409099 9204030
9410056 9204030
9410212 9204030
9411022 9204030
9412209 9204030
9409095 9205009
9410056 9205009
9412209 9205009
9405002 9303017
9410056 9303017
9411022 9303017
9412209 9303017
9405002 9303040
9405188 9303040
9409095 9303040
9411022 9303040
9412071 9303040
9402016 9203083
9402016 9205037
9402016 9206006
9402016 9209023
9411095 9402016
9411187 9402016
9405117 9203083
9407155 9203083
9411187 9203083
9402031 9205037
9402120 9205037
9405156 9205037
9407099 9205037
9411078 9205037
9411095 9205037
9411217 9205037
9412044 9205037
9402031 9206006
9402120 9206006
9404063 9206006
9405156 9206006
9406067 9206006
9407099 9206006
9411078 9206006
9411095 9206006
9411217 9206006
9412044 9206006
9412065 9206006
9402031 9209023
9402120 9209023
9403041 9209023
9404018 9209023
9404063 9209023
9404114 9209023
9404132 9209023
9406067 9209023
9406136 9209023
9407099 9209023
9409021 9209023
9411095 9209023
9411099 9209023
9402031 9211061
9402120 9211061
9403041 9211061
9404063 9211061
9404114 9211061
9404132 9211061
9406136 9211061
9407099 9211061
9402031 9201039
9402031 9202002
9402031 9203056
9402031 9206048
9402031 9302083
9402031 9303016
9402031 9310112
9402031 9310202
9402132 9402031
9403041 9402031
9403155 9402031
9403191 9402031
9404063 9402031
9404114 9402031
9405016 9402031
9406067 9402031
9406082 9402031
9406136 9402031
9407005 9402031
9407099 9402031
9408112 9402031
9410158 9402031
9411099 9402031
9406067 9201039
9402120 9202002
9410158 9202002
9402132 9203056
9404063 9203056
9406067 9206048
9402120 9302083
9403097 9302083
9405016 9302083
9406067 9302083
9407099 9302083
9402073 9303016
9403191 9303016
9404063 9303016
9404092 9303016
9404191 9303016
9406067 9303016
9406082 9303016
9406136 9303016
9406206 9303016
9407004 9303016
9407005 9303016
9410104 9303016
9410158 9303016
9411095 9303016
9411195 9303016
9411198 9303016
9402120 9310112
9403041 9310112
9403191 9310112
9404018 9310112
9404063 9310112
9404114 9310112
9404132 9310112
9406067 9310112
9406136 9310112
9407005 9310112
9407099 9310112
9408112 9310112
9409021 9310112
9411078 9310112
9411095 9310112
9411195 9310112
9411198 9310112
9412044 9310112
9412157 9310112
9402073 9310202
9403041 9310202
9403191 9310202
9404063 9310202
9404114 9310202
9404132 9310202
9406067 9310202
9406136 9310202
9407099 9310202
9408112 9310202
9408074 9402032
9408083 9402032
9409095 9402032
9410167 9402032
9411028 9402032
9411095 9402032
9411149 9402032
9411178 9402032
9411187 9402032
9412235 9402032
9402073 9304102
9404092 9402073
9404114 9402073
9407004 9402073
9407005 9402073
9410212 9402073
9411095 9402073
9402080 9304102
9404092 9304102
9404114 9304102
9407004 9304102
9407005 9304102
9410212 9304102
9411095 9304102
9404092 9402080
9404114 9402080
9407004 9402080
9407005 9402080
9403058 9212049
9405188 9212049
9409099 9212049
9404180 9304146
9412051 9304146
9405156 9312018
9411078 9312018
9411217 9312018
9412044 9312018
9402120 9303007
9402120 9311081
9404063 9402120
9404114 9402120
9405016 9402120
9406067 9402120
9407099 9402120
9409021 9402120
9410158 9402120
9412184 9402120
9406067 9303007
9407099 9303007
9408040 9303007
9403041 9311081
9403191 9311081
9404063 9311081
9404114 9311081
9404132 9311081
9406067 9311081
9406136 9311081
9407005 9311081
9407099 9311081
9408112 9311081
9411099 9311081
9403041 9311093
9403191 9311093
9404063 9311093
9404114 9311093
9404132 9311093
9405016 9311093
9406136 9311093
9407005 9311093
9408112 9311093
9411078 9311093
9412044 9311093
9404092 9309097
9404191 9309097
9407004 9309097
9407005 9309097
9406059 9210119
9406067 9210119
9406069 9210119
9407099 9210119
9410142 9210119
9411187 9210119
9403041 9312182
9403191 9403041
9404114 9403041
9404132 9403041
9405016 9403041
9406136 9403041
9407005 9403041
9403191 9312182
9404063 9312182
9404114 9312182
9404132 9312182
9406136 9312182
9407005 9312182
9407099 9312182
9403058 9204012
9403058 9212045
9408083 9403058
9409099 9403058
9410205 9403058
9412074 9403058
9410205 9204012
9405188 9212045
9409095 9212045
9409099 9212045
9403097 9310197
9405016 9403097
9407163 9403097
9405016 9310197
9407163 9310197
9408034 9310197
9411190 9310197
9406105 9309145
9410046 9309145
9410167 9309145
9411187 9309145
9404063 9403155
9406082 9403155
9406206 9403155
9407022 9403155
9410237 9403155
9411195 9403155
9411242 9403155
9406154 9403173
9407022 9403173
9407078 9403173
9410237 9403173
9403186 9305083
9404063 9403186
9406069 9403186
9409061 9403186
9411198 9403186
9403192 9305083
9404063 9305083
9406067 9305083
9406079 9305083
9408040 9305083
9409021 9305083
9409061 9305083
9411099 9305083
9411195 9305083
9411198 9305083
9412074 9305083
9412184 9305083
9403191 9311012
9404063 9403191
9404114 9403191
9404132 9403191
9406067 9403191
9406082 9403191
9406136 9403191
9406206 9403191
9407005 9403191
9407099 9403191
9410237 9403191
9411099 9403191
9404063 9311012
9404114 9311012
9404132 9311012
9406136 9311012
9407005 9311012
9407099 9311012
9403192 9210160
9403192 9311122
9404063 9403192
9406059 9403192
9406069 9403192
9408040 9403192
9409177 9403192
9411099 9403192
9404063 9210160
9408112 9210160
9404063 9311122
9407087 9403195
9408013 9403195
9411102 9403195
9412206 9403195
9403198 9402044
9407087 9403198
9407109 9403198
9408013 9403198
9408099 9403198
9411149 9403198
9412236 9403198
9407087 9402044
9407106 9402044
9407109 9402044
9408013 9402044
9408099 9402044
9408155 9402044
9411149 9402044
9404006 9306085
9404035 9404006
9406059 9404006
9412162 9404006
9404035 9306085
9404132 9404018
9407005 9404018
9404180 9309106
9407163 9309106
9411190 9309106
9412051 9309106
9404180 9311181
9407163 9311181
9410056 9304055
9412209 9304055
9406059 9404035
9404063 9309039
9404063 9309042
9404063 9310159
9404063 9311187
9404114 9404063
9406067 9404063
9406136 9404063
9407005 9404063
9407099 9404063
9408112 9404063
9411078 9404063
9412044 9404063
9412065 9404063
9406082 9308112
9406206 9308112
9409011 9308112
9410237 9308112
9406082 9308154
9406206 9308154
9409011 9308154
9410237 9308154
9404092 9309039
9406082 9309039
9406206 9309039
9407004 9309039
9407005 9309039
9409011 9309039
9410158 9309039
9410237 9309039
9411195 9309039
9407099 9309042
9406067 9310159
9407099 9310159
9408112 9310159
9411078 9310159
9411198 9310159
9412044 9310159
9412065 9310159
9407005 9311187
9406069 9312058
9408040 9312058
9409060 9312058
9406105 9305142
9408036 9305142
9408083 9305142
9410046 9305142
9412200 9305142
9404092 9201009
9404092 9311080
9404191 9404092
9407005 9404092
9408063 9404092
9410104 9404092
9410212 9404092
9407005 9201009
9407005 9311080
9404114 9304098
9404114 9308124
9404132 9404114
9406136 9404114
9407005 9404114
9411095 9404114
9411099 9404114
9412162 9404114
9407005 9304098
9406136 9308124
9407005 9308124
9410104 9308124
9411095 9308124
9407005 9404132
9404180 9203061
9404180 9212075
9407163 9404180
9412051 9404180
9412051 9203061
9407163 9212075
9412051 9212075
9409072 9404184
9411028 9404184
9407004 9404191
9407005 9404191
9408063 9404191
9405002 9209101
9405002 9309133
9405002 9310184
9409095 9405002
9409099 9405002
9410206 9405002
9412071 9405002
9412196 9405002
9412209 9405002
9412209 9209101
9412209 9309133
9412209 9310184
9408034 9405016
9411190 9405016
9410142 9405070
9410230 9405070
9411195 9405070
9406105 9405117
9410046 9405117
9410167 9405117
9411187 9405117
9410018 9405120
9411078 9405156
9411217 9405156
9412044 9405156
9407004 9405188
9409095 9405188
9409099 9405188
9406059 9406009
9406093 9406009
9408040 9406009
9409060 9406009
9412162 9406009
9406059 9210050
9406069 9406059
9406093 9406059
9408040 9406059
9409061 9406059
9409177 9406059
9410142 9406059
9411187 9406059
9412162 9406059
9411187 9210050
9406150 9406063
9408060 9406063
9406067 9212029
9406067 9305066
9407005 9406067
9407099 9406067
9408040 9406067
9409060 9406067
9411099 9406067
9411195 9406067
9411198 9406067
9412162 9406067
9412184 9406067
9412184 9212029
9408040 9305066
9409021 9305066
9412162 9305066
9406093 9406069
9408040 9406069
9409060 9406069
9409061 9406069
9409177 9406069
9410142 9406069
9411187 9406069
9412162 9406069
9408040 9406079
9406206 9406082
9407004 9406082
9407005 9406082
9410158 9406082
9410237 9406082
9406105 9311120
9410046 9406105
9410167 9406105
9411187 9406105
9412224 9406105
9408083 9311120
9410046 9311120
9410167 9311120
9411187 9311120
9412224 9311120
9407087 9406128
9408083 9406128
9412200 9406128
9407099 9406136
9408060 9406150
9407087 9211097
9408099 9211097
9410167 9406175
9411178 9406175
9410142 9406206
9410237 9406206
9411099 9406206
9411195 9406206
9410051 9407021
9407087 9204102
9408013 9407087
9408036 9407087
9408083 9407087
9408099 9407087
9409095 9407087
9410099 9407087
9411028 9407087
9411048 9407087
9411057 9407087
9411097 9407087
9411102 9407087
9411149 9407087
9411178 9407087
9411205 9407087
9412074 9407087
9412158 9407087
9412184 9407087
9412200 9407087
9412206 9407087
9412222 9407087
9408099 9204102
9410142 9407099
9411028 9407099
9412157 9407099
9411149 9407106
9407111 9305068
9408083 9407111
9410046 9407111
9411178 9407111
9411187 9407111
9408083 9305068
9409177 9407155
9410142 9407155
9411187 9407155
9411190 9407163
9411097 9408013
9411102 9408013
9411149 9408013
9411205 9408013
9412236 9408013
9408083 9408036
9411048 9408036
9412200 9408036
9411078 9408040
9411195 9408040
9412044 9408040
9408083 9408074
9409095 9408074
9410046 9408074
9410167 9408074
9410205 9408074
9411028 9408074
9411095 9408074
9411149 9408074
9411176 9408074
9411178 9408074
9411187 9408074
9410142 9408083
9410167 9408083
9411187 9408083
9409095 9408099
9410099 9408099
9411028 9408099
9411057 9408099
9411102 9408099
9411149 9408099
9411178 9408099
9412158 9408099
9412200 9408099
9412206 9408099
9412222 9408099
9411149 9408155
9412065 9408169
9410237 9409011
9409060 9409021
9411078 9409021
9411099 9409021
9411195 9409021
9412044 9409021
9412162 9409021
9410230 9409037
9410230 9409060
9410142 9409177
9412162 9410046
9412209 9410056
9410230 9410069
9410142 9410104
9410230 9410104
9411095 9410104
9411187 9410104
9410230 9410142
9411187 9410142
9411195 9410142
9410230 9410167
9411178 9410167
9411187 9410167
9412200 9410167
9412196 9410212
9412209 9410212
9411195 9410237
9411102 9411048
9411205 9411048
9411210 9411048
9412200 9411048
9411102 9411057
9411178 9411057
9411205 9411057
9412200 9411057
9412044 9411078
9411099 9209032
9412074 9411099
9412162 9411099
9412074 9209032
9411205 9411102
9411210 9411102
9412200 9411102
9412206 9411102
9412200 9411178
9412162 9411187
9412044 9411217
9412200 9412158
10:
9401164 9301099
9402133 9301099
9403185 9301099
9410005 9301099
9401164 9210134
9403185 9401164
9403185 9210134
9402133 9308114
9403185 9402133
9410005 9402133
9403185 9308114
9410005 9308114
9403185 9310200
9410005 9310200
9410005 9403185
11:
9401134 9302104
9412155 9401134
9402010 9302104
9403082 9302104
9412155 9302104
9402010 9306014
9402010 9311115
9412155 9402010
9412155 9306014
9412155 9311115
9412155 9403082
12:
9402059 9309151
9411116 9402059
9411116 9309151
13:
9402079 9207066
9402079 9303076
9403061 9402079
9403061 9207066
9403061 9303076
14:
9402089 9202014
9409119 9202014
9402089 9205027
9409119 9205027
9411170 9205027
9402089 9201007
9402089 9204031
9402089 9210123
9402089 9304062
9409119 9402089
9411170 9402089
9409119 9201007
9411170 9201007
9409119 9204031
9411170 9204031
9411170 9210123
9411170 9304062
15:
9402096 9308045
9404104 9402096
9404104 9308045
16:
9402041 9204083
9403126 9204083
9403195 9204083
9404004 9204083
9404009 9204083
9407033 9204083
9407114 9204083
9408046 9204083
9409098 9204083
9410004 9204083
9410054 9204083
9411210 9204083
9401029 9202039
9401029 9305037
9406008 9401029
9412033 9401029
9412117 9401029
9402114 9202039
9406008 9202039
9412033 9202039
9406008 9305037
9401041 9212149
9401041 9301003
9401041 9301068
9401041 9303046
9401041 9303153
9401041 9305097
9401041 9309044
9401041 9309119
9404149 9401041
9407114 9401041
9408140 9401041
9411210 9401041
9401073 9212149
9401107 9212149
9403050 9212149
9403175 9212149
9404004 9212149
9404149 9212149
9404175 9212149
9406046 9212149
9406100 9212149
9407026 9212149
9407114 9212149
9407128 9212149
9407176 9212149
9407194 9212149
9408046 9212149
9408115 9212149
9408140 9212149
9410004 9212149
9410054 9212149
9411021 9212149
9411143 9212149
9411210 9212149
9402107 9301003
9404149 9301003
9404175 9301003
9406100 9301003
9407114 9301003
9407176 9301003
9408115 9301003
9408140 9301003
9411143 9301003
9411210 9301003
9401062 9301068
9401073 9301068
9401107 9301068
9403050 9301068
9403119 9301068
9403175 9301068
9404004 9301068
9404041 9301068
9404149 9301068
9404175 9301068
9405093 9301068
9406046 9301068
9406100 9301068
9407026 9301068
9407114 9301068
9407128 9301068
9407176 9301068
9407194 9301068
9408046 9301068
9408115 9301068
9408140 9301068
9408158 9301068
9409098 9301068
9410004 9301068
9410054 9301068
9410105 9301068
9410228 9301068
9411021 9301068
9411143 9301068
9411210 9301068
9401062 9303046
9401073 9303046
9401107 9303046
9401115 9303046
9403050 9303046
9403119 9303046
9403175 9303046
9404004 9303046
9404149 9303046
9404175 9303046
9406046 9303046
9406100 9303046
9407026 9303046
9407114 9303046
9407128 9303046
9407176 9303046
9407194 9303046
9408046 9303046
9408115 9303046
9408140 9303046
9409098 9303046
9410004 9303046
9410105 9303046
9410228 9303046
9411021 9303046
9411143 9303046
9411210 9303046
9403119 9303153
9404149 9303153
9407176 9303153
9409098 9303153
9410054 9303153
9411210 9303153
9402107 9305097
9404175 9305097
9406100 9305097
9407114 9305097
9408115 9305097
9411210 9305097
9407176 9309044
9411210 9309044
9404004 9309119
9404175 9309119
9407114 9309119
9408115 9309119
9411210 9309119
9404041 9401062
9405093 9401062
9406100 9401062
9407026 9401062
9407114 9401062
9408018 9401062
9408046 9401062
9408158 9401062
9401073 9212090
9404149 9401073
9409098 9401073
9411210 9401073
9404136 9212090
9408046 9212090
9409098 9212090
9410004 9212090
9408140 9401107
9411210 9401115
9401130 9301042
9402114 9301042
9403123 9301042
9404060 9301042
9404186 9301042
9405086 9301042
9406008 9301042
9406032 9301042
9409110 9301042
9409188 9301042
9411210 9301042
9412115 9301042
9412117 9301042
9412236 9301042
9411210 9401130
9402119 9204035
9403187 9204035
9406055 9204035
9403123 9301043
9403187 9301043
9404060 9301043
9405086 9301043
9406008 9301043
9406055 9301043
9409110 9301043
9412115 9301043
9403050 9207011
9403119 9207011
9407026 9207011
9409098 9207011
9411213 9207011
9403187 9302103
9406008 9302103
9406032 9302103
9406055 9302103
9412236 9302103
9402041 9206033
9402041 9212126
9407033 9402041
9411210 9402041
9407033 9206033
9407033 9212126
9402107 9202008
9402107 9210045
9402107 9212148
9402107 9303159
9402107 9304146
9402107 9305139
9402107 9306110
9402107 9307085
9402107 9309140
9402107 9310144
9402107 9311072
9402107 9311156
9402107 9312018
9403119 9402107
9403175 9402107
9404149 9402107
9406100 9402107
9407114 9402107
9407176 9402107
9408074 9402107
9408115 9402107
9409098 9402107
9411210 9402107
9411210 9202008
9411210 9210045
9411210 9212148
9407114 9303159
9407176 9303159
9411210 9303159
9411210 9304146
9411210 9305139
9411210 9306110
9404175 9307085
9406100 9307085
9411210 9307085
9404151 9309140
9406032 9309140
9407176 9309140
9407190 9309140
9411210 9309140
9412115 9309140
9412236 9309140
9403119 9310144
9411210 9310144
9404175 9311072
9411210 9311072
9404149 9311156
9404175 9311156
9407114 9311156
9407176 9311156
9408115 9311156
9409098 9311156
9411210 9311156
9411210 9312018
9402114 9201014
9402114 9204060
9402114 9205004
9402114 9211047
9402114 9303158
9402114 9307145
9406008 9402114
9412033 9402114
9412117 9402114
9406008 9201014
9412033 9201014
9412117 9201014
9412236 9201014
9405086 9204060
9406008 9204060
9412033 9204060
9412077 9204060
9412117 9204060
9405086 9205004
9406008 9205004
9412033 9205004
9412077 9205004
9412117 9205004
9406008 9211047
9412033 9211047
9412117 9303158
9412033 9307145
9402119 9203084
9402119 9205041
9406008 9402119
9406055 9402119
9412236 9402119
9403187 9203084
9406008 9203084
9406055 9203084
9403187 9205041
9406008 9205041
9406055 9205041
9403187 9309097
9404060 9309097
9406008 9309097
9406032 9309097
9406055 9309097
9409110 9309097
9411131 9309097
9412115 9309097
9412236 9309097
9403050 9305047
9403050 9309028
9407026 9403050
9407128 9403050
9407194 9403050
9408018 9403050
9410053 9403050
9410105 9403050
9411210 9403050
9411213 9403050
9403119 9305047
9404004 9305047
9404136 9305047
9404175 9305047
9407026 9305047
9407114 9305047
9407176 9305047
9408046 9305047
9408115 9305047
9409098 9305047
9410004 9305047
9410054 9305047
9410105 9305047
9411210 9305047
9407026 9309028
9411213 9309028
9405086 9210062
9409110 9210062
9412077 9210062
9404186 9304045
9405086 9304045
9409110 9304045
9412077 9304045
9403119 9306077
9409098 9403119
9409098 9306077
9410054 9306077
9411021 9306077
9406032 9403123
9412115 9403123
9412236 9403123
9411210 9403126
9404149 9403175
9403187 9304034
9403187 9308005
9403187 9308083
9403187 9308122
9406008 9403187
9406032 9403187
9406055 9403187
9411131 9403187
9412115 9403187
9412117 9403187
9406008 9304034
9406055 9308005
9411131 9308005
9412115 9308005
9412117 9308005
9404060 9308083
9406008 9308083
9406032 9308083
9406055 9308083
9411131 9308083
9412115 9308083
9412117 9308083
9412236 9308083
9406008 9308122
9406055 9308122
9411234 9308122
9412115 9308122
9412117 9308122
9412236 9308122
9404009 9403195
9404175 9404004
9408115 9404004
9409098 9404004
9411021 9404004
9411210 9404004
9411210 9404009
9409110 9404060
9412115 9404060
9410004 9404136
9407176 9311130
9409098 9311130
9406032 9404151
9407190 9404151
9409110 9404151
9412115 9404151
9408115 9404175
9409098 9404175
9411210 9404175
9409110 9404186
9405035 9402147
9409063 9405035
9411135 9405035
9411210 9405035
9412236 9405035
9409063 9402147
9411135 9402147
9411210 9402147
9412236 9402147
9409110 9405086
9412077 9405086
9406008 9311014
9412117 9406008
9412236 9406008
9412117 9311014
9412236 9311014
9412236 9406032
9411210 9406046
9411234 9406055
9411143 9406100
9411210 9406100
9408018 9407026
9410053 9407026
9408018 9407114
9410004 9407114
9411210 9407114
9409098 9407176
9411210 9407176
9410004 9408046
9411210 9408074
9411210 9408115
9409098 9308135
9410228 9409098
9411021 9409098
9411025 9409098
9411210 9409098
9412203 9409098
9412241 9409098
9411210 9308135
9409110 9311042
9412115 9409110
9412115 9311042
9412115 9409188
9411021 9410054
9411210 9410054
9411025 9411021
9411232 9411021
9412203 9411021
9412241 9411021
9411232 9411025
9412203 9411025
9412236 9411210
17:
9409186 9207067
9411156 9207067
9404131 9211040
9405039 9211040
9405144 9211040
9407190 9211040
9402042 9302049
9403086 9402042
9403150 9402042
9405144 9402042
9406101 9402042
9407109 9402042
9411156 9402042
9412242 9402042
9402118 9302049
9403150 9302049
9404162 9302049
9405039 9302049
9405144 9302049
9406101 9302049
9407190 9302049
9403150 9402118
9404162 9303172
9407190 9303172
9403086 9310170
9403086 9310200
9403086 9311139
9403086 9312013
9403086 9312187
9403150 9403086
9411028 9403086
9411156 9403086
9403150 9310170
9404131 9310170
9404162 9310170
9405039 9310170
9405144 9310170
9406101 9310170
9407109 9310170
9407190 9310170
9408007 9310170
9411028 9310170
9411150 9310170
9411156 9310170
9412198 9310170
9412242 9310170
9403150 9310200
9404131 9310200
9405144 9310200
9406101 9310200
9407190 9310200
9411156 9310200
9412242 9310200
9403150 9311139
9404131 9311139
9405144 9311139
9407190 9311139
9411156 9311139
9403150 9312013
9407052 9312013
9407190 9312013
9408007 9312013
9409186 9312013
9411028 9312013
9411156 9312013
9403150 9312187
9404162 9312187
9405039 9312187
9405144 9312187
9406101 9312187
9407109 9312187
9407190 9312187
9411156 9312187
9412242 9312187
9403150 9311157
9405144 9403150
9407109 9403150
9407190 9403150
9411028 9403150
9411156 9403150
9412198 9403150
9404131 9311157
9405144 9311157
9411156 9311157
9404162 9207050
9407190 9207050
9404162 9208035
9407190 9208035
9405144 9404131
9404162 9303122
9404162 9308129
9407190 9404162
9407190 9303122
9405039 9308129
9405144 9308129
9407190 9308129
9407190 9405039
9407190 9405144
9411150 9405144
9411156 9405144
9406101 9211059
9406101 9302091
9411101 9406101
9412242 9406101
9412242 9211059
9412242 9302091
9411028 9407052
9412179 9407190
9412242 9407190
9411028 9408007
9411156 9409186
9412242 9411101
9412242 9412179
18:
9401070 9303048
9401070 9306069
9403137 9401070
9404172 9401070
9406201 9401070
9406209 9401070
9406210 9401070
9407173 9401070
9408089 9401070
9408098 9401070
9410074 9401070
9410215 9401070
9411097 9401070
9411128 9401070
9411178 9401070
9412020 9401070
9412027 9401070
9412131 9401070
9412144 9401070
9412159 9401070
9401072 9303048
9401125 9303048
9402004 9303048
9403108 9303048
9403137 9303048
9404135 9303048
9405185 9303048
9406085 9303048
9406201 9303048
9406209 9303048
9407001 9303048
9408068 9303048
9408089 9303048
9408098 9303048
9409158 9303048
9412020 9303048
9412027 9303048
9412131 9303048
9412144 9303048
9402125 9306069
9403137 9306069
9404135 9306069
9404172 9306069
9405162 9306069
9405185 9306069
9407008 9306069
9407169 9306069
9408039 9306069
9409158 9306069
9410074 9306069
9411020 9306069
9411097 9306069
9412131 9306069
9412138 9306069
9412159 9306069
9412189 9306069
9401072 9307168
9403108 9401072
9403137 9401072
9405185 9401072
9406201 9401072
9406209 9401072
9407001 9401072
9408068 9401072
9408089 9401072
9408098 9401072
9409158 9401072
9410215 9401072
9412027 9401072
9412131 9401072
9412144 9401072
9402125 9307168
9402136 9307168
9403137 9307168
9404135 9307168
9404172 9307168
9411020 9307168
9411028 9307168
9411097 9307168
9412131 9307168
9412138 9307168
9412189 9307168
9401102 9209012
9403137 9209012
9404135 9209012
9405084 9209012
9405162 9209012
9407002 9209012
9407008 9209012
9407015 9209012
9408039 9209012
9410187 9209012
9411020 9209012
9412161 9209012
9412189 9209012
9401102 9302022
9403137 9302022
9404135 9302022
9405084 9302022
9407008 9302022
9407015 9302022
9408039 9302022
9411020 9302022
9412131 9302022
9412189 9302022
9402004 9204099
9412144 9204099
9401102 9201061
9401102 9201074
9401102 9203042
9401102 9203052
9401102 9205028
9401102 9205069
9401102 9205089
9401102 9206020
9401102 9206070
9401102 9207095
9401102 9209008
9401102 9211030
9401102 9302080
9401102 9304148
9405084 9401102
9407015 9401102
9408039 9401102
9411020 9401102
9403137 9201061
9411020 9201061
9412159 9201061
9411020 9201074
9412138 9201074
9412189 9201074
9403137 9203042
9411020 9203042
9412159 9203042
9411020 9203052
9405084 9205028
9411020 9205028
9403137 9205069
9405084 9205069
9405162 9205069
9407015 9205069
9411020 9205069
9412138 9205069
9412189 9205069
9403137 9205089
9405084 9205089
9405162 9205089
9407015 9205089
9408039 9205089
9411020 9205089
9412138 9205089
9412189 9205089
9403137 9206020
9405084 9206020
9405162 9206020
9407015 9206020
9411020 9206020
9412138 9206020
9412189 9206020
9403137 9206070
9404135 9206070
9405084 9206070
9405162 9206070
9407001 9206070
9407002 9206070
9407008 9206070
9407015 9206070
9408039 9206070
9410187 9206070
9411020 9206070
9412161 9206070
9412189 9206070
9405084 9207095
9405162 9207095
9407002 9207095
9407015 9207095
9411020 9207095
9412189 9207095
9411020 9209008
9412138 9209008
9407173 9211011
9412159 9211011
9403137 9211030
9407008 9211030
9410187 9211030
9411020 9211030
9412131 9211030
9412138 9211030
9412159 9211030
9403137 9302080
9407173 9302080
9410187 9302080
9411020 9302080
9412138 9302080
9412159 9302080
9411020 9304148
9412138 9304148
9403108 9401125
9403137 9401125
9405185 9401125
9406085 9401125
9406201 9401125
9406209 9401125
9407001 9401125
9408068 9401125
9408089 9401125
9408098 9401125
9409158 9401125
9412027 9401125
9412131 9401125
9410187 9202004
9411020 9202004
9412159 9202004
9406209 9402004
9412003 9402004
9412027 9402004
9412144 9402004
9403137 9304128
9408039 9304128
9402125 9308100
9409089 9402125
9410074 9402125
9411020 9402125
9411028 9402125
9411097 9402125
9404172 9308100
9405185 9308100
9411020 9308100
9412138 9308100
9412189 9308100
9402136 9304037
9411020 9402136
9412138 9402136
9411020 9304037
9411020 9203054
9412159 9203054
9412189 9203054
9403108 9309145
9403108 9312194
9403108 9401159
9403137 9403108
9404135 9403108
9406085 9403108
9407001 9403108
9408039 9403108
9408068 9403108
9408089 9403108
9403137 9309145
9407001 9309145
9408089 9309145
9408098 9309145
9410215 9309145
9405084 9311007
9410187 9311007
9411020 9311007
9412138 9311007
9403137 9312194
9404135 9312194
9407001 9312194
9408039 9312194
9403137 9401159
9407001 9401159
9408068 9401159
9408089 9401159
9408098 9401159
9403137 9204072
9403137 9303103
9403137 9304027
9403137 9308139
9404135 9403137
9405162 9403137
9407001 9403137
9408039 9403137
9408098 9403137
9412159 9403137
9412161 9403137
9408039 9204072
9411020 9204072
9412138 9204072
9412189 9204072
9411020 9206055
9412138 9206055
9408039 9303103
9411020 9303103
9407173 9304027
9410187 9304027
9412138 9304027
9412159 9304027
9404135 9308139
9404172 9308139
9406209 9308139
9408039 9308139
9409089 9308139
9411020 9308139
9412003 9308139
9412131 9308139
9412138 9308139
9412189 9308139
9407173 9312172
9410187 9312172
9412138 9312172
9412159 9312172
9404135 9307140
9408039 9404135
9411020 9404135
9408039 9307140
9404172 9310157
9405185 9404172
9411020 9404172
9411020 9310157
9405162 9405084
9408039 9405084
9410187 9405084
9412138 9405084
9407001 9405162
9412003 9406209
9411128 9406210
9412027 9406210
9412027 9407001
9412189 9407002
9407008 9310101
9410187 9407008
9411020 9407008
9412131 9407008
9407173 9310101
9410187 9310101
9412138 9310101
9412159 9310101
9411020 9407169
9412159 9407173
9411020 9408039
9412027 9408068
9412144 9408068
9410215 9408098
9411178 9408098
9412003 9408098
9411020 9409089
9411028 9409089
9412131 9409089
9412159 9409089
9410215 9409158
9412003 9409158
9412131 9409158
9412189 9410074
9411020 9410187
9412159 9410187
9412003 9410215
9412138 9411020
9412159 9411020
9412189 9411020
9412138 9206056
9412159 9206056
9412159 9412138
19:
9402149 9202014
9406126 9202014
9412076 9202014
9402149 9210119
9402149 9306001
9406126 9402149
9406126 9210119
9406126 9306001
9412076 9406126
20:
9404050 9401154
9406020 9401154
9412108 9401154
9412199 9401154
9404050 9202057
9411017 9202057
9403073 9211034
9403073 9301018
9403073 9301046
9403073 9301086
9403073 9302001
9403073 9303013
9403073 9304056
9403073 9304150
9403073 9305114
9403073 9307056
9404116 9403073
9405089 9403073
9406020 9403073
9408136 9403073
9411009 9403073
9412030 9403073
9412054 9403073
9412108 9403073
9412154 9403073
9412199 9403073
9404116 9211034
9407191 9211034
9408086 9211034
9408113 9211034
9411009 9211034
9411203 9211034
9412030 9211034
9407191 9301018
9408086 9301018
9412108 9301018
9404116 9301046
9405089 9301046
9407191 9301046
9408086 9301046
9408113 9301046
9408136 9301046
9411009 9301046
9412030 9301046
9412054 9301046
9412108 9301046
9412154 9301046
9412199 9301046
9408086 9301086
9412030 9301086
9412154 9301086
9412030 9302001
9404050 9303013
9404116 9303013
9405089 9303013
9411009 9303013
9412108 9303013
9412030 9304056
9412108 9304056
9412199 9304056
9404116 9304150
9408086 9305114
9408113 9305114
9408136 9305114
9411009 9305114
9412030 9305114
9412054 9305114
9412154 9305114
9412030 9307056
9404050 9312043
9406020 9404050
9411017 9404050
9411051 9404050
9412054 9404050
9412108 9404050
9412199 9404050
9406020 9312043
9408086 9312043
9408113 9312043
9412030 9312043
9412108 9312043
9412199 9312043
9404116 9211102
9404116 9305024
9412030 9404116
9407191 9211102
9408086 9211102
9408113 9211102
9408136 9211102
9411009 9211102
9412030 9211102
9412054 9211102
9412108 9211102
9412030 9305024
9408136 9312169
9411009 9312169
9408086 9210007
9412030 9210007
9411017 9406020
9411051 9406020
9412054 9406020
9412108 9406020
9412199 9406020
9411009 9407191
9412030 9407191
9412108 9407191
9412030 9408086
9412108 9408086
9411009 9408113
9411203 9408113
9412030 9408113
9412054 9408113
9412108 9408113
9412199 9408113
9411009 9408136
9412030 9408136
9412030 9411009
9412108 9411051
9412108 9412030
9412108 9412054
9412199 9412108
21:
9403085 9204066
9403085 9205019
9403085 9206104
9404133 9403085
9404133 9204066
9404133 9205019
9404133 9206104
22:
9403117 9206007
9406034 9206007
9411030 9206007
9406034 9403117
9411030 9406034
23:
9403121 9204083
9411163 9204083
9403045 9203056
9403121 9203056
9411153 9203056
9403045 9302026
9403121 9302026
9411163 9302026
9403121 9403045
9411153 9403045
9403121 9211054
9403121 9308002
9403121 9312003
9403121 9405110
9411163 9403121
9411163 9211054
9411163 9308002
9411163 9312003
9411163 9405110
24:
9403126 9206033
9406068 9206033
9403126 9206010
9403126 9311110
9406068 9403126
9406068 9206010
9406068 9311110
9412023 9311110
9406068 9203026
9412023 9406068
9406103 9203026
9412023 9203026
9412023 9406103
25:
9403133 9206107
9405196 9206107
9406016 9206107
9403133 9203012
9403133 9205107
9403133 9206077
9403133 9207103
9403133 9209013
9403133 9212057
9403133 9305116
9403133 9305117
9403133 9311148
9406016 9403133
9405196 9203012
9406016 9203012
9405196 9205107
9406016 9205107
9405196 9206077
9406016 9206077
9405196 9207103
9406016 9207103
9405196 9209013
9406016 9209013
9406016 9212057
9406016 9305116
9406016 9305117
9406016 9311148
9406016 9405196
26:
9403143 9206084
9412228 9206084
9401161 9204065
9401161 9301122
9401161 9306147
9401161 9310080
9405088 9401161
9412228 9401161
9403143 9204065
9405088 9204065
9405109 9204065
9412228 9204065
9403143 9301122
9405088 9301122
9405109 9301122
9407061 9301122
9410162 9301122
9412228 9301122
9403143 9306147
9404170 9306147
9407006 9306147
9407061 9306147
9410162 9306147
9412228 9306147
9405109 9310080
9405194 9310080
9407061 9310080
9412228 9310080
9402068 9306101
9405109 9402068
9405109 9306101
9405194 9306101
9412141 9306101
9412228 9306101
9403143 9205088
9403143 9206097
9403143 9301103
9403143 9303027
9403143 9303136
9403143 9305087
9403143 9309085
9405088 9403143
9412228 9403143
9405112 9205088
9412228 9205088
9412228 9206097
9405109 9301103
9405112 9301103
9412228 9301103
9405112 9303027
9412228 9303027
9405112 9303136
9412228 9303136
9412228 9305087
9412228 9309085
9405112 9211096
9412228 9211096
9405112 9309011
9412228 9309011
9407006 9404170
9412228 9404170
9405112 9208027
9412228 9208027
9405109 9304057
9405109 9310025
9405109 9405194
9407061 9405109
9409104 9405109
9410162 9405109
9411202 9405109
9412141 9405109
9412228 9405109
9405194 9304057
9407061 9304057
9409104 9304057
9412228 9304057
9411202 9310025
9405194 9312206
9407061 9405194
9409104 9405194
9411202 9405194
9412141 9405194
9405112 9205018
9405112 9210115
9405112 9309027
9412228 9405112
9412228 9205018
9412228 9210115
9412228 9309027
9407061 9312206
9412141 9312206
9407061 9310123
9410162 9407061
9410162 9310123
9412141 9409104
9411202 9407129
9412141 9411202
9412141 9407129
27:
9403156 9210103
9407048 9210103
9407048 9403156
28:
9406216 9211021
9410136 9211021
9403179 9203033
9406216 9203033
9410136 9203033
9403179 9308023
9403179 9309023
9406216 9403179
9408137 9403179
9409121 9403179
9410136 9403179
9406216 9308023
9410136 9308023
9406216 9309023
9408137 9406216
9409121 9406216
9410136 9406216
29:
9403069 9310043
9403188 9403069
9409183 9403069
9403188 9310043
9409183 9310043
30:
9404028 9304142
9410044 9304142
9410044 9404028
31:
9404061 9303005
9404120 9303005
9405051 9303005
9404061 9202013
9404061 9404120
9405051 9404061
9405051 9202013
32:
9403049 9401008
9404188 9401008
9409076 9401008
9412169 9401008
9408092 9401078
9411176 9401078
9404065 9207061
9408092 9207061
9412127 9207061
9404030 9212086
9404065 9212086
9405034 9212086
9407148 9212086
9408092 9212086
9409035 9212086
9411176 9212086
9412127 9212086
9412213 9212086
9403049 9402045
9404188 9402045
9406125 9402045
9409076 9402045
9412169 9402045
9404030 9201067
9404065 9201067
9411176 9201067
9412213 9201067
9405030 9203076
9405034 9203076
9409035 9203076
9411176 9203076
9412213 9203076
9403049 9306002
9403049 9309142
9407148 9403049
9409076 9403049
9404188 9306002
9409076 9306002
9404188 9309142
9407148 9309142
9409076 9309142
9412213 9309142
9404030 9305160
9405034 9305160
9408092 9305160
9409035 9305160
9411176 9305160
9412127 9305160
9412213 9305160
9404030 9208057
9404030 9304065
9404030 9305154
9405034 9404030
9411176 9404030
9404065 9208057
9405034 9208057
9408092 9208057
9409035 9208057
9411176 9208057
9412213 9208057
9404108 9304065
9407148 9304065
9411176 9304065
9412213 9304065
9404065 9304149
9407148 9304149
9412213 9304149
9405034 9305154
9411176 9305154
9404065 9209024
9404065 9304080
9404065 9307175
9408092 9404065
9412213 9404065
9407148 9209024
9408092 9209024
9411176 9209024
9412213 9209024
9408092 9304080
9408092 9307175
9412213 9307175
9405034 9307035
9409035 9307035
9411176 9307035
9404108 9202069
9404188 9404108
9407148 9404108
9409076 9404108
9412213 9404108
9407148 9202069
9404188 9304141
9404188 9310188
9404188 9404118
9409076 9404188
9412169 9404188
9407148 9304141
9409076 9304141
9412213 9304141
9406125 9310188
9412169 9310188
9409076 9404118
9412169 9404118
9405030 9310183
9405138 9405030
9408006 9405030
9411176 9405030
9411241 9405030
9408006 9310183
9409035 9405034
9411176 9405034
9408006 9405138
9411176 9405138
9411241 9405138
9412169 9406125
9409076 9407148
9412213 9407148
9411241 9408006
9408092 9308086
9411176 9408092
9412127 9408092
9412127 9308086
9412127 9411176
9412213 9411176
33:
9404123 9301067
9412016 9404123
9412016 9301067
34:
9404130 9309123
9405182 9404130
9405182 9309123
35:
9403040 9212085
9404166 9212085
9407031 9212085
9404166 9403040
9407031 9403040
36:
9404176 9305103
9412033 9404176
9412033 9305103
37:
9402027 9205072
9402027 9209043
9402027 9212048
9404185 9402027
9404185 9205072
9402074 9209043
9404185 9209043
9402074 9212048
9404185 9212048
9408119 9212048
9412126 9212048
9404185 9402074
9408119 9402074
9404185 9212060
9404185 9301127
9404185 9306145
9408119 9404185
9408119 9212060
9408119 9301127
9408119 9306145
9412126 9408119
38:
9404190 9308128
9410239 9404190
9410239 9308128
39:
9405011 9303101
9405011 9306010
9405011 9312212
9405011 9312213
9409093 9405011
9409190 9405011
9412176 9405011
9409190 9303101
9409093 9306010
9409190 9312212
9409093 9312213
9409190 9312213
9412176 9312213
9409190 9409093
9412176 9409190
40:
9405015 9301119
9411105 9301119
9405015 9307033
9411105 9405015
9411105 9307033
41:
9401145 9209044
9410088 9401145
9410201 9401145
9405022 9209044
9410088 9209044
9410201 9209044
9410088 9405022
42:
9405030 9207015
9405200 9405030
9405200 9207015
43:
9401121 9207067
9403183 9207067
9405049 9207067
9409069 9207067
9401121 9211040
9403183 9211040
9405049 9211040
9409069 9211040
9412198 9211040
9402148 9305037
9403047 9305037
9407009 9305037
9401121 9302048
9403183 9302048
9405071 9302048
9409069 9302048
9411056 9302048
9401121 9207004
9401121 9211108
9403183 9401121
9403183 9207004
9412198 9207004
9405049 9209037
9409069 9209037
9403183 9211108
9405049 9211108
9409069 9211108
9408121 9301042
9412187 9301042
9402148 9204041
9402148 9304026
9402148 9306096
9402148 9306157
9402148 9307040
9403047 9402148
9403047 9204041
9403183 9204041
9409069 9204041
9412187 9204041
9403047 9304026
9408121 9304026
9409069 9304026
9412187 9304026
9403047 9306096
9412187 9306096
9403047 9306157
9407009 9306157
9412187 9306157
9403047 9307040
9407009 9307040
9412187 9307040
9407009 9403047
9409069 9403047
9412187 9403047
9403183 9302086
9409069 9403183
9411056 9403183
9412187 9403183
9412198 9403183
9405049 9302086
9409069 9302086
9405049 9311137
9405049 9312185
9409069 9405049
9409069 9311137
9409069 9312185
9411056 9405071
9412187 9407009
9412187 9408121
9411056 9409069
9412187 9409069
44:
9405057 9202012
9411082 9202012
9405057 9209003
9405141 9209003
9411082 9209003
9402128 9206027
9405057 9206027
9405141 9206027
9411082 9206027
9412053 9206027
9405057 9211071
9405141 9211071
9411082 9211071
9412053 9211071
9405057 9303030
9411082 9303030
9412053 9303030
9405141 9402128
9405057 9310181
9411082 9310181
9405057 9309083
9405141 9405057
9411082 9405057
9412053 9405057
9411082 9309083
9412053 9411082
45:
9405067 9309034
9405067 9311147
9412167 9405067
9412167 9309034
9412167 9311147
46:
9405074 9203051
9411055 9203051
9405074 9204071
9411055 9204071
9405074 9207050
9411055 9207050
9405074 9304046
9411055 9304046
9405074 9307039
9411055 9307039
9405074 9303156
9405074 9312168
9411055 9405074
9411055 9303156
9411055 9312168
47:
9405108 9402138
9406173 9402138
9410137 9402138
9406173 9405108
9410137 9406173
48:
9405130 9201005
9411014 9201005
9405130 9201071
9405130 9208064
9405130 9209112
9405130 9309094
9405130 9311047
9411014 9405130
9411014 9201071
9411014 9208064
9411014 9209112
9411014 9309094
9411014 9311047
49:
9401007 9205034
9405136 9401007
9412168 9401007
9412176 9401007
9403026 9205034
9405136 9205034
9408069 9205034
9408076 9205034
9412168 9205034
9412176 9205034
9403026 9305043
9405136 9403026
9408069 9403026
9408076 9403026
9412176 9403026
9405136 9305043
9408069 9305043
9408076 9305043
9412176 9305043
9405136 9302035
9408076 9302035
9412176 9302035
9405136 9208075
9408076 9405136
9412176 9405136
9412176 9208075
50:
9405143 9302078
9405143 9308106
9406002 9405143
9406144 9405143
9408066 9405143
9412020 9405143
9412144 9405143
9406002 9302078
9408066 9302078
9408066 9308106
9408066 9406144
9412020 9408066
9412144 9408066
51:
9405157 9403103
9409169 9405157
9409169 9403103
52:
9405161 9208006
9406186 9208006
9409172 9208006
9405161 9210141
9406186 9210141
9411121 9210141
9405161 9212007
9406186 9212007
9409172 9212007
9411121 9212007
9405161 9209054
9406186 9209054
9409172 9209054
9411121 9209054
9405161 9209060
9405161 9309036
9406186 9405161
9409172 9405161
9411121 9405161
9406186 9209060
9406186 9309036
9411121 9309036
53:
9403033 9205003
9405180 9403033
9407195 9403033
9405180 9205003
9407195 9205003
54:
9404138 9209044
9406013 9209044
9410124 9209044
9411075 9209044
9410124 9404138
9411075 9404138
9411075 9406013
55:
9401075 9206084
9406022 9401075
9411165 9401075
9406022 9206084
9406022 9309141
9411165 9406022
9411165 9309141
56:
9406033 9307186
9406033 9404181
9411201 9406033
9411238 9406033
9411201 9307186
9411238 9307186
9411238 9404181
57:
9406076 9207071
9406076 9305072
9406076 9309087
9406076 9312050
9406076 9312094
9411209 9406076
9411209 9207071
9411209 9305072
9411209 9309087
9411209 9312050
9411209 9312094
58:
9406131 9207078
9410233 9406131
9410233 9207078
59:
9401027 9205099
9401027 9206082
9401027 9207039
9410016 9401027
9406177 9401027
9406177 9205099
9406177 9206082
9406177 9207039
9410016 9404093
9410016 9406177
9410016 9304114
9410016 9311170
9410016 9407193
9412129 9410016
9404093 9210069
9406177 9404093
9406177 9210069
9406177 9304114
9406177 9311170
9407193 9304114
9412129 9407193
60:
9406180 9206034
9408135 9206034
9405201 9309137
9408135 9309137
9405201 9312060
9406180 9405201
9408135 9405201
9406180 9312060
9408135 9312060
9406180 9310060
9408135 9406180
9408135 9310060
61:
9407013 9401042
9407186 9401042
9402153 9306162
9407013 9402153
9407186 9402153
9407013 9306162
9407013 9306118
9407186 9407013
9407186 9306118
62:
9407154 9211003
9412207 9407154
9412207 9211003
63:
9407157 9406204
9408021 9406204
9409189 9406204
9407157 9309112
9407157 9311090
9408021 9407157
9409189 9407157
9409189 9309112
9408021 9311090
9409189 9311090
64:
9407162 9311069
9411123 9311069
9411123 9407162
65:
9407164 9202050
9407164 9204061
9408005 9407164
9408005 9202050
9408005 9204061
9410012 9204061
9410012 9408005
66:
9402037 9210141
9407195 9210141
9409058 9210141
9411006 9210141
9411006 9402037
9407195 9306030
9411006 9407195
9411006 9306030
9411006 9409058
67:
9408024 9207089
9408024 9307010
9408024 9309052
9410099 9408024
9410099 9207089
9410099 9307010
9410099 9309052
68:
9408059 9211032
9411039 9211032
9411039 9408059
69:
9408096 9301054
9408096 9306098
9408096 9309090
9412174 9408096
9412174 9301054
9412174 9306098
9412174 9309090
70:
9408114 9401149
9412069 9401149
9412069 9408114
71:
9403031 9309045
9408164 9403031
9412151 9403031
9408164 9309045
9412151 9309045
72:
9401137 9208026
9402052 9208026
9403089 9208026
9405134 9208026
9407014 9208026
9407167 9208026
9408129 9208026
9409064 9208026
9411013 9208026
9411179 9208026
9412227 9208026
9401137 9208030
9404174 9208030
9406153 9208030
9411179 9208030
9401137 9206088
9401137 9303146
9401137 9303149
9401137 9307120
9405134 9401137
9409064 9401137
9411013 9401137
9411179 9401137
9407014 9206088
9407167 9206088
9408129 9206088
9409064 9206088
9411013 9206088
9411179 9206088
9412227 9206088
9402052 9303105
9404174 9303105
9406153 9303105
9409009 9303105
9402052 9303146
9405134 9303146
9411179 9303146
9405134 9303149
9404174 9307120
9405134 9307120
9411179 9307120
9406153 9206035
9409009 9206035
9409157 9206035
9405134 9402052
9406153 9402052
9407167 9402052
9409064 9402052
9411013 9402052
9411179 9402052
9407167 9403089
9409064 9403089
9412227 9403089
9407167 9201017
9409064 9201017
9404174 9305041
9405134 9404174
9406153 9404174
9411179 9404174
9405134 9305041
9411179 9305041
9409009 9206099
9409157 9206099
9406153 9303090
9409009 9303090
9409157 9303090
9409009 9304090
9409157 9304090
9406153 9307116
9409009 9307116
9409157 9307116
9409009 9406153
9407014 9205014
9407167 9407014
9409064 9407014
9412227 9407014
9407167 9205014
9409064 9205014
9411013 9205014
9412227 9205014
9407167 9303093
9409064 9407167
9410015 9407167
9411013 9407167
9412227 9407167
9409064 9303093
9410015 9303093
9409064 9408129
9409009 9307054
9409009 9307154
9409157 9409009
9409157 9307054
9409157 9307154
9412227 9409064
73:
9405146 9201026
9408019 9201026
9409024 9201026
9411184 9201026
9412078 9201026
9411184 9205102
9412078 9205102
9408019 9206098
9411184 9206098
9412078 9206098
9408019 9405146
9411184 9405146
9412078 9405146
9408019 9211113
9412078 9408019
9412078 9211113
9412078 9409024
9411184 9303071
9411184 9312093
9412078 9411184
9412078 9303071
9412078 9312093
74:
9409074 9209031
9409074 9209102
9409074 9212078
9411166 9409074
9411166 9209031
9411166 9209102
9411166 9212078
75:
9403013 9308125
9409088 9403013
9410088 9403013
9409088 9308125
9410088 9308125
76:
9408004 9306002
9409097 9306002
9409097 9408004
77:
9409149 9409148
9409150 9409149
9409150 9409148
78:
9409160 9207089
9410147 9207089
9409160 9209120
9409160 9212155
9409160 9306163
9410147 9409160
9410147 9209120
9410147 9212155
9410147 9306163
79:
9409093 9311114
9409161 9311114
9411200 9311114
9411200 9409093
9411200 9409161
80:
9409165 9308145
9409165 9411077
9411077 9308145
81:
9410068 9211015
9412014 9211015
9403186 9204099
9410068 9204099
9403186 9304068
9410068 9403186
9412014 9403186
9410041 9304068
9410068 9304068
9411153 9304068
9410041 9312171
9411153 9312171
9410041 9203050
9411153 9410041
9411153 9203050
9411153 9410068
9412014 9410068
82:
9410164 9205059
9411028 9410164
9411028 9205059
83:
9410208 9204064
9411112 9204064
9411112 9410208
84:
9405009 9308009
9410225 9308009
9410225 9405009
85:
9403070 9205084
9406035 9403070
9407163 9403070
9406007 9205084
9406035 9205084
9407163 9205084
9406007 9306119
9406035 9406007
9410242 9406007
9406035 9306119
9410242 9306119
86:
9411031 9303155
9412053 9411031
9412053 9303155
87:
9407045 9302044
9407179 9302044
9407045 9309030
9407179 9309030
9410202 9309030
9411063 9309030
9407179 9407045
9410202 9407179
9411063 9410202
88:
9411067 9308153
9411159 9308153
9411159 9411067
89:
9403080 9308153
9411069 9308153
9411071 9308153
9411069 9403080
9411071 9403080
90:
9411119 9207004
9411185 9207004
9411119 9212113
9411185 9212113
9411119 9204063
9411185 9411119
9411185 9204063
91:
9405190 9310032
9411122 9310032
9411122 9405190
92:
9406010 9305131
9411146 9305131
9411146 9406010
93:
9411182 9212056
9412164 9411182
9412164 9212056
94:
9408035 9210010
9409016 9210010
9410203 9210010
9411125 9210010
9409016 9207102
9411125 9207102
9408035 9210037
9409016 9408035
9410203 9408035
9409016 9210037
9410203 9210037
9412005 9210037
9409016 9208058
9410203 9409016
9411125 9409016
9412005 9409016
9410203 9208058
95:
9401002 9201058
9401002 9212068
9411220 9401002
9412107 9401002
9403146 9201058
9411220 9201058
9403146 9212068
9411220 9212068
9412107 9212068
9411220 9403146
96:
9403141 9204088
9410084 9403141
9412123 9403141
9410084 9204088
9412123 9204088
97:
9401099 9302008
9404075 9401099
9409193 9401099
9410201 9401099
9412185 9401099
9404075 9302008
9409193 9302008
9410201 9302008
9412185 9302008
98:
9401007 9201056
9401007 9209111
9404170 9401007
9404170 9201056
9404170 9209111
99:
9401045 9208041
9409030 9401045
9409031 9401045
9409030 9208041
9409031 9208041
100:
9410135 9305048
9412029 9305048
9410135 9206029
9412029 9206029
9410135 9306071
9412029 9306071
9412029 9410135
101:
9401112 9208006
9401112 9210141
9410241 9401112
9402067 9208006
9410241 9208006
9402067 9210141
9410241 9210141
9402067 9209054
9410241 9209054
9410241 9402067
102:
9402077 9301114
9410138 9402077
9410138 9301114
103:
9402083 9207096
9402083 9301017
9403129 9402083
9403129 9207096
9403129 9301017
104:
9402097 9305010
9403119 9305010
9407042 9305010
9403119 9402097
9407042 9402097
105:
9412062 9203039
9412127 9203039
9412127 9412062
106:
9402144 9206003
9402144 9312121
9409076 9402144
9409076 9206003
9409076 9312121
107:
9409168 9201056
9411028 9201056
9402156 9203060
9409168 9203060
9411028 9203060
9412035 9203060
9412043 9203060
9402156 9206084
9403122 9206084
9411028 9206084
9412035 9206084
9402156 9210107
9411028 9210107
9402156 9210120
9411028 9210120
9409168 9305109
9411028 9305109
9402156 9204084
9402156 9304011
9407031 9402156
9409168 9402156
9411028 9402156
9412035 9402156
9412043 9402156
9409168 9204084
9411028 9204084
9408005 9304011
9409168 9304011
9411028 9304011
9412035 9403122
9411028 9407031
9411028 9408005
9411028 9409168
108:
9403032 9204097
9403032 9209105
9403124 9403032
9403163 9403032
9403124 9204097
9403124 9209105
9403163 9209105
109:
9402154 9205015
9403077 9205015
9404020 9205015
9404064 9205015
9408101 9205015
9410191 9205015
9412061 9205015
9402154 9212140
9402154 9308019
9408101 9402154
9412061 9402154
9404020 9212140
9410191 9212140
9412061 9212140
9403077 9308019
9408101 9308019
9412061 9308019
9412061 9403077
9404020 9302047
9410191 9404020
9412061 9404020
9410191 9302047
9408101 9404064
9412061 9404064
110:
9403113 9305107
9406053 9403113
9406053 9305107
111:
9403127 9303131
9404182 9303131
9404182 9403127
112:
9409179 9302022
9412224 9302022
9409179 9201061
9412224 9201061
9409179 9201074
9412224 9201074
9409179 9203042
9412224 9203042
9409179 9203052
9412224 9203052
9409179 9205028
9412224 9205028
9409179 9205069
9412224 9205069
9409179 9205089
9412224 9205089
9409179 9206020
9412224 9206020
9409179 9206070
9412224 9206070
9409179 9207034
9412224 9207034
9409179 9207095
9412224 9207095
9409179 9209008
9412224 9209008
9409179 9304148
9412224 9304148
9409179 9305109
9412224 9305109
9409179 9201021
9412224 9201021
9409179 9207006
9412224 9207006
9409179 9303014
9412224 9303014
9409179 9203054
9412224 9203054
9409179 9305023
9412224 9305023
9409179 9211135
9412224 9211135
9409179 9310155
9412224 9310155
9412224 9409179
113:
9403147 9306131
9412145 9306131
9403147 9306132
9412145 9403147
9412145 9306132
114:
9402024 9208006
9402060 9208006
9403154 9208006
9401127 9205103
9401127 9206029
9401127 9211093
9401127 9302090
9403154 9401127
9404068 9401127
9404110 9401127
9406205 9401127
9402060 9205103
9403154 9205103
9404110 9205103
9406205 9205103
9402060 9206029
9402070 9206029
9403154 9206029
9404068 9206029
9404110 9206029
9406205 9206029
9408179 9206029
9402024 9211093
9402060 9211093
9402070 9211093
9403154 9211093
9404068 9211093
9404110 9211093
9406205 9211093
9402024 9302090
9402060 9302090
9403154 9302090
9404110 9302090
9406205 9302090
9402070 9207084
9408179 9207084
9402024 9212007
9403154 9402024
9402060 9212007
9403154 9212007
9403154 9402060
9406205 9402070
9408179 9402070
9404068 9311096
9406205 9311096
9404068 9311112
9406205 9311112
9406205 9404068
115:
9403168 9312101
9407047 9403168
9410228 9403168
9411004 9403168
9407047 9312101
9407047 9311132
9407047 9401017
9407047 9401021
9410228 9407047
9411004 9407047
9410228 9311132
9410228 9401017
9410228 9401021
116:
9403181 9201004
9406164 9201004
9403181 9203051
9405113 9203051
9406164 9203051
9403181 9204071
9406164 9204071
9403181 9207050
9406164 9207050
9410014 9207050
9403181 9206026
9403181 9208035
9403181 9209115
9403181 9304046
9403181 9307039
9403181 9307195
9405113 9403181
9406164 9403181
9410014 9403181
9406164 9206026
9406164 9208035
9406164 9209115
9406164 9304046
9405113 9307039
9406164 9307039
9406164 9307195
117:
9401167 9210010
9403197 9210010
9408130 9210010
9403197 9401167
9408130 9401167
9403197 9312108
9408130 9403197
9408130 9312108
118:
9404001 9403172
9410238 9404001
9410238 9403172
119:
9404080 9303044
9412064 9404080
9412064 9303044
120:
9404096 9206015
9404096 9208002
9408029 9404096
9408029 9206015
9408029 9208002
121:
9404113 9210010
9405121 9210010
9406203 9210010
9404113 9302006
9406203 9302006
9404113 9207019
9404113 9212104
9404113 9302124
9404113 9304125
9404113 9307170
9404113 9307190
9404113 9312049
9406203 9404113
9408082 9404113
9410013 9404113
9406203 9207019
9406203 9212104
9408082 9212104
9410013 9212104
9406203 9302124
9410013 9302124
9406203 9304125
9406203 9307170
9410013 9307170
9406203 9307190
9406203 9312049
9410013 9312049
9406203 9405093
9410013 9405093
9406203 9405121
9410013 9405121
9410013 9406203
122:
9410073 9310118
9410167 9310118
9405124 9307049
9410073 9405124
9410167 9405124
9412163 9405124
9410073 9307049
9412163 9307049
9410167 9410073
123:
9405172 9206084
9407136 9206084
9405172 9402073
9407136 9402073
9404139 9309067
9405172 9404139
9407136 9404139
9407136 9309067
9407136 9405172
124:
9405049 9302039
9405049 9304038
9410170 9405049
9408082 9302039
9410170 9302039
9408082 9304038
9410170 9304038
9410170 9408082
125:
9405089 9204003
9409122 9204003
9409170 9204003
9405089 9210125
9405089 9304083
9409122 9405089
9409170 9405089
9409122 9210125
9409170 9210125
9409122 9304083
9409170 9304083
9409170 9409122
126:
9405107 9212065
9405107 9310173
9409014 9405107
9411033 9405107
9412114 9405107
9409014 9212065
9411033 9212065
9409014 9310173
9412114 9411033
127:
9405126 9210032
9408097 9210032
9408097 9405126
128:
9406005 9210010
9411168 9210010
9411168 9406005
129:
9406015 9307013
9406176 9406015
9406176 9307013
130:
9406017 9312005
9409041 9406017
9409041 9312005
9409185 9312005
9409185 9409041
131:
9405095 9403019
9406054 9403019
9406054 9405095
132:
9407064 9401159
9408066 9401159
9407064 9309050
9408066 9309050
9408066 9407064
133:
9408047 9201048
9411164 9201048
9408047 9304067
9411164 9304067
9411164 9408047
134:
9407039 9205028
9408137 9205028
9407039 9206070
9408137 9206070
9407039 9207095
9408137 9207095
9407039 9201021
9408137 9201021
9407039 9204002
9408137 9407039
9408137 9204002
135:
9401153 9302119
9407056 9401153
9411037 9401153
9407056 9302119
9411037 9302119
136:
9402033 9205103
9411039 9205103
9402033 9206029
9408031 9206029
9402033 9207084
9408031 9207084
9411039 9207084
9408031 9402033
9411039 9402033
9408031 9206024
9411039 9206024
9408031 9201016
9411039 9201016
9408031 9312179
9411039 9312179
9411039 9408031
137:
9407067 9312062
9408067 9407067
9408077 9407067
9409200 9407067
9410174 9407067
9408067 9312062
9408077 9312062
9408146 9312062
9409200 9312062
9410174 9312062
9408077 9401043
9408176 9408077
9409200 9408077
9410174 9408077
9409200 9401043
9410174 9401043
9408176 9408146
9409200 9408146
9410174 9408146
9409200 9408176
9410174 9408176
138:
9408079 9206007
9411062 9206007
9406086 9306027
9411062 9406086
9408079 9306027
9408091 9306027
9411062 9306027
9408091 9408079
9411062 9408079
9411062 9408091
139:
9404025 9211072
9408094 9211072
9404025 9310026
9408094 9404025
9410143 9404025
9411178 9404025
9408094 9310026
9410143 9310026
9411178 9310026
140:
9409004 9309013
9411081 9309013
9412042 9309013
9409004 9305052
9411081 9409004
9412042 9409004
9411081 9305052
9412042 9305052
141:
9409166 9312104
9412135 9312104
9409166 9301088
9412135 9301088
9409166 9211097
9412135 9211097
9408133 9204102
9409166 9204102
9412135 9204102
9409166 9408133
9409166 9202011
9412135 9202011
9409166 9312095
9412135 9312095
9412135 9409166
142:
9408116 9206084
9410011 9206084
9408116 9207094
9410011 9207094
9410011 9408116
143:
9410035 9403173
9411142 9403173
9411142 9410035
144:
9407018 9306018
9410209 9306018
9410209 9407018
145:
9406029 9309016
9410219 9309016
9410219 9406029
146:
9411029 9308151
9411188 9308151
9411188 9411029
147:
9402061 9203076
9411103 9402061
9411103 9203076
148:
9401084 9309154
9411138 9401084
9411138 9309154
149:
9404109 9302048
9405174 9302048
9405174 9302103
9407190 9302103
9411049 9302103
9404109 9208029
9404109 9211121
9404109 9306080
9405174 9404109
9405175 9404109
9407190 9404109
9411049 9404109
9411206 9404109
9405175 9208029
9411049 9208029
9411205 9208029
9405175 9211121
9405175 9306080
9411049 9306080
9411205 9306080
9407190 9405174
9411049 9405174
9411206 9405174
9411049 9407023
9411205 9407023
9411205 9411049
150:
9404058 9209049
9411204 9209049
9404058 9207065
9411204 9207065
9411204 9404058
151:
9402057 9204056
9402057 9302116
9402057 9306117
9402057 9307178
9402057 9312161
9403104 9402057
9404146 9402057
9406213 9402057
9410065 9402057
9403104 9204056
9408061 9204056
9410065 9204056
9411124 9204056
9406213 9302116
9410065 9302116
9403104 9306117
9406213 9306117
9410065 9306117
9404146 9307178
9406213 9307178
9403104 9312161
9404146 9312161
9406049 9205115
9408061 9406049
9411124 9406049
9408061 9205115
9408061 9406086
9411124 9406086
9411124 9408061
9411124 9410065
152:
9407023 9309085
9410162 9309085
9410162 9407023
153:
9404008 9311092
9404008 9402113
9405084 9404008
9406125 9404008
9409138 9404008
9406125 9311092
9409138 9311092
9405084 9402113
9406125 9402113
154:
9401118 9211114
9404141 9211114
9401118 9206047
9404141 9401118
9404141 9206047
155:
9404171 9303041
9411179 9404171
9411179 9303041
156:
9402001 9308153
9404041 9308153
9404113 9308153
9405093 9308153
9405121 9308153
9406109 9308153
9406111 9308153
9408158 9308153
9409164 9308153
9411053 9308153
9404041 9209003
9405093 9209003
9405121 9209003
9406192 9209003
9408158 9209003
9411053 9209003
9404041 9206027
9405093 9206027
9405121 9206027
9406192 9206027
9408158 9206027
9411053 9206027
9404041 9402001
9404113 9402001
9405093 9402001
9405121 9402001
9406111 9402001
9408158 9402001
9411053 9402001
9404041 9310181
9404041 9312192
9404041 9312208
9406111 9404041
9411053 9404041
9405093 9310181
9405121 9310181
9408158 9310181
9411053 9310181
9405093 9312192
9405121 9312192
9406109 9312192
9406111 9312192
9408158 9312192
9409164 9312192
9411053 9312192
9405093 9312208
9405121 9312208
9406111 9312208
9411053 9312208
9405008 9404192
9411051 9404192
9411053 9404192
9411053 9405008
9406111 9405093
9411053 9405093
9406109 9405121
9406111 9405121
9409164 9405121
9411053 9405121
9409164 9406109
9411053 9406111
9411051 9406192
9411053 9406192
9411053 9408158
9411051 9411053
157:
9401118 9203065
9405023 9401118
9405023 9203065
9409130 9203065
9409130 9405023
158:
9403054 9301042
9406090 9301042
9403054 9304026
9406090 9304026
9403054 9309110
9406090 9309110
9406091 9309110
9408083 9309110
9406090 9403054
9408083 9406090
9408083 9406091
159:
9406123 9404107
9410090 9404107
9412215 9404107
9406123 9309123
9410090 9309123
9412215 9309123
9410090 9406123
9412215 9406123
9412215 9410090
160:
9406155 9211053
9409076 9211053
9412166 9211053
9406155 9310130
9409076 9310130
9409076 9406155
9412166 9406155
161:
9408053 9206084
9409015 9206084
9412106 9206084
9409015 9302120
9412106 9302120
9409015 9307088
9412106 9307088
9412106 9408053
9412106 9409015
162:
9406125 9306002
9409176 9306002
9412229 9306002
9409176 9406125
9412229 9409176
163:
9405153 9205072
9410010 9205072
9405153 9212060
9410010 9212060
9412118 9212060
9405153 9210040
9410010 9405153
9412118 9405153
9412118 9210040
164:
9402138 9202047
9405099 9202047
9405099 9402138
165:
9401078 9205064
9412166 9205064
9412166 9401078
166:
9402007 9204030
9412086 9204030
9412112 9204030
9402007 9205009
9412079 9205009
9412086 9205009
9412112 9205009
9402007 9203071
9412079 9402007
9412086 9402007
9412112 9402007
9412086 9203071
9412112 9203071
167:
9402020 9305011
9404094 9402020
9405163 9402020
9406212 9402020
9404094 9305011
9405163 9305011
9406212 9305011
168:
9402051 9205039
9402051 9209054
9412237 9402051
9412237 9205039
9412237 9209054
169:
9403094 9204064
9405058 9204064
9409079 9204064
9412128 9204064
9403094 9211066
9403094 9305100
9412128 9403094
9405058 9211066
9412128 9211066
9412128 9305100
9409079 9405058
9412128 9405058
170:
9401096 9302133
9401096 9307045
9406207 9401096
9409101 9401096
9411232 9401096
9412120 9401096
9403122 9302133
9406207 9302133
9407058 9302133
9409101 9302133
9411232 9302133
9412120 9302133
9406207 9307045
9407058 9307045
9409101 9307045
9411028 9307045
9411232 9307045
9412120 9307045
9406207 9403122
9406207 9312047
9406207 9312118
9411028 9406207
9411232 9406207
9412120 9406207
9407058 9312047
9411232 9312047
9412120 9312047
9411232 9312118
9411232 9407058
171:
9404039 9302023
9406084 9302023
9406084 9404039
172:
9404010 9305139
9406175 9305139
9406175 9404010
173:
9407089 9211114
9409138 9211114
9410042 9211114
9411112 9211114
9402045 9206047
9407089 9206047
9409138 9206047
9411112 9206047
9411112 9402045
9409138 9404108
9411112 9404108
9409138 9304141
9411112 9304141
9411112 9407089
9411112 9409138
9411112 9410042
174:
9410063 9405096
9411192 9405096
9411192 9410063
175:
9407155 9305185
9410217 9305185
9410217 9407155
176:
9405133 9208059
9408030 9208059
9405133 9208047
9408030 9208047
9409081 9208047
9405133 9302047
9408030 9302047
9405133 9206106
9405133 9302136
9405133 9305148
9408030 9405133
9409046 9405133
9409081 9405133
9408030 9206106
9409046 9206106
9409081 9206106
9408030 9302136
9409046 9302136
9409081 9302136
9408030 9305148
9409081 9305148
177:
9401152 9208007
9411087 9208007
9401152 9206029
9411087 9206029
9401152 9207084
9401152 9208037
9411087 9401152
9411087 9207084
9411087 9208037
178:
9409126 9204019
9411046 9204019
9409126 9206096
9411046 9206096
9409126 9312045
9411046 9312045
9409126 9210037
9411046 9210037
9411046 9409126
179:
9402060 9208007
9405067 9208007
9405067 9402060
180:
9401131 9205027
9401131 9302109
9407118 9401131
9407118 9205027
9407118 9302109
181:
9401131 9201061
9404076 9201061
9401131 9211030
9404076 9211030
9401131 9202004
9401131 9202014
9404076 9401131
9404076 9202004
9404076 9202014
