# The directed communities at k=3
# from /Users/bogna/dev/role-mining/datasets/hepth/timeslots/cit-HepTh-1994.edges
# at no lower link weight threshold,
# and at no upper link weight threshold.
# Links were treated as directed.
# No time limit was set for the clique search.

0: 9401006 9210060 9407044 
1: 9401019 9208007 9406129 
2: 9401036 9303112 9304022 9407130 9409139 9409140 
3: 9401039 9203067 9407119 
4: 9401056 9306023 9412149 
5: 9401058 9201024 9204019 9206096 9209006 9209041 9212070 9302125 9305005 9306035 9307147 9405095 9304152 9405111 9208013 9407017 9301053 9407038 9407112 9312144 9408035 9408049 9408104 9410156 9410165 9410203 9412006 
6: 9204083 9401061 9412075 
7: 9401115 9209027 9410053 
8: 9201056 9401030 9201005 9203060 9301070 9301083 9302027 9302048 9304121 9209041 9212070 9305109 9401135 9306063 9209122 9307185 9304011 9208031 9312189 9403190 9404011 9311089 9404056 9404157 9204052 9306141 9309157 9310046 9405004 9405052 9405096 9406056 9406171 9407091 9407096 9407141 9410034 9410157 9410233 9412006 
9: 9401025 9206016 9210031 9212030 9202046 9205068 9401069 9206051 9210021 9301047 9302126 9311010 9401105 9207114 9301042 9202014 9205027 9302109 9401139 9201047 9202092 9204035 9204040 9204046 9205046 9206078 9207016 9207049 9207111 9208076 9209052 9210015 9210121 9211021 9212089 9301005 9301043 9302033 9304155 9305185 9308042 9301015 9402002 9205008 9205051 9205081 9207053 9208055 9208078 9209016 9211056 9302038 9303057 9304154 9305069 9402005 9204030 9205009 9303017 9303040 9402016 9203083 9205037 9206006 9209023 9211061 9402031 9201039 9202002 9203056 9206048 9302083 9303016 9310112 9310202 9402032 9402073 9304102 9402080 9212049 9304146 9312018 9402120 9303007 9311081 9402132 9311093 9309097 9210119 9403041 9312182 9403058 9204012 9212045 9403096 9403097 9310197 9309145 9403155 9403173 9403186 9305083 9403191 9311012 9403192 9210160 9311122 9403195 9403198 9402044 9404006 9306085 9404018 9309106 9311181 9304055 9404035 9404063 9308112 9308154 9309039 9309042 9310159 9311187 9312058 9305142 9404092 9201009 9311080 9404114 9304098 9308124 9404132 9404180 9203061 9212075 9404184 9404191 9405002 9209101 9309133 9310184 9405016 9405070 9405117 9405120 9405156 9405188 9406009 9406059 9210050 9406063 9406067 9212029 9305066 9406069 9406079 9406082 9406093 9406105 9311120 9406128 9406136 9406150 9406154 9211097 9406175 9406178 9406189 9406206 9407004 9407005 9407021 9407022 9407078 9407087 9204102 9407099 9407106 9407109 9407111 9305068 9407155 9407163 9407198 9408013 9408034 9408036 9408040 9408060 9408063 9408074 9408083 9408099 9408112 9408155 9408169 9409011 9409021 9409037 9409060 9409061 9409072 9409095 9409099 9409177 9410008 9410018 9410046 9410051 9410056 9410069 9410099 9410104 9410142 9410158 9410167 9410205 9410206 9410212 9410230 9410237 9411022 9411028 9411048 9411057 9411078 9411095 9411097 9411099 9209032 9411102 9411149 9411176 9411178 9411187 9411190 9411195 9411198 9411205 9411210 9411217 9411242 9412044 9412051 9412065 9412071 9412074 9412079 9412157 9412158 9412162 9412184 9412196 9412200 9412206 9412209 9412222 9412224 9412235 9412236 
10: 9301099 9401164 9210134 9402133 9308114 9310200 9403185 9410005 
11: 9401134 9302104 9402010 9306014 9311115 9403082 9412155 
12: 9402059 9309151 9411116 
13: 9402079 9207066 9303076 9403061 
14: 9202014 9205027 9402089 9201007 9204031 9210123 9304062 9409119 9411170 
15: 9402096 9308045 9404104 
16: 9204083 9401029 9202039 9305037 9401041 9212149 9301003 9301068 9303046 9303153 9305097 9309044 9309119 9401062 9401073 9212090 9401107 9401115 9301042 9401130 9204035 9301043 9207011 9302103 9402041 9206033 9212126 9402107 9202008 9210045 9212148 9303159 9304146 9305139 9306110 9307085 9309140 9310144 9311072 9311156 9312018 9402114 9201014 9204060 9205004 9211047 9303158 9307145 9402119 9203084 9205041 9309097 9403050 9305047 9309028 9210062 9304045 9403119 9306077 9403123 9403126 9403175 9403187 9304034 9308005 9308083 9308122 9403195 9404004 9404009 9404041 9404060 9404136 9404149 9311130 9404151 9404175 9404186 9405035 9402147 9405086 9405093 9406008 9311014 9406032 9406046 9406055 9406100 9407026 9407033 9407114 9407128 9407176 9407190 9407194 9408018 9408046 9408074 9408115 9408140 9408158 9409063 9409098 9308135 9409110 9311042 9409188 9410004 9410053 9410054 9410105 9410228 9411021 9411025 9411131 9411135 9411143 9411210 9411213 9411232 9411234 9412033 9412077 9412115 9412117 9412203 9412236 9412241 
17: 9207067 9211040 9402042 9302049 9402118 9303172 9403086 9310170 9310200 9311139 9312013 9312187 9403150 9311157 9207050 9208035 9404131 9404162 9303122 9308129 9405039 9405144 9406101 9211059 9302091 9407052 9407109 9407190 9408007 9409186 9411028 9411101 9411150 9411156 9412179 9412198 9412242 
18: 9401070 9303048 9306069 9401072 9307168 9209012 9302022 9204099 9401102 9201061 9201074 9203042 9203052 9205028 9205069 9205089 9206020 9206070 9207095 9209008 9211011 9211030 9302080 9304148 9401125 9202004 9402004 9304128 9402125 9308100 9402136 9304037 9203054 9403108 9309145 9311007 9312194 9401159 9403137 9204072 9206055 9303103 9304027 9308139 9312172 9404135 9307140 9404172 9310157 9405084 9405162 9405185 9406085 9406201 9406209 9406210 9407001 9407002 9407008 9310101 9407015 9407169 9407173 9408039 9408068 9408089 9408098 9409089 9409158 9410074 9410187 9410215 9411020 9411028 9411097 9411128 9411178 9412003 9412020 9412027 9412131 9206056 9412138 9412144 9412159 9412161 9412189 
19: 9202014 9402149 9210119 9306001 9406126 9412076 
20: 9401154 9202057 9403073 9211034 9301018 9301046 9301086 9302001 9303013 9304056 9304150 9305114 9307056 9404050 9312043 9404116 9211102 9305024 9312169 9210007 9405089 9406020 9407191 9408086 9408113 9408136 9411009 9411017 9411051 9411203 9412030 9412054 9412108 9412154 9412199 
21: 9403085 9204066 9205019 9206104 9404133 
22: 9206007 9403117 9406034 9411030 
23: 9204083 9203056 9302026 9403045 9403121 9211054 9308002 9312003 9405110 9411153 9411163 
24: 9206033 9403126 9206010 9311110 9406068 9203026 9406103 9412023 
25: 9206107 9403133 9203012 9205107 9206077 9207103 9209013 9212057 9305116 9305117 9311148 9405196 9406016 
26: 9206084 9401161 9204065 9301122 9306147 9310080 9402068 9306101 9403143 9205088 9206097 9301103 9303027 9303136 9305087 9309085 9211096 9309011 9404170 9208027 9405088 9405109 9304057 9310025 9405194 9405112 9205018 9210115 9309027 9312206 9407006 9407061 9310123 9409104 9410162 9411202 9407129 9412141 9412228 
27: 9210103 9403156 9407048 
28: 9211021 9203033 9403179 9308023 9309023 9406216 9408137 9409121 9410136 
29: 9403069 9310043 9403188 9409183 
30: 9304142 9404028 9410044 
31: 9303005 9404061 9202013 9404120 9405051 
32: 9401008 9401078 9207061 9212086 9402045 9201067 9203076 9403049 9306002 9309142 9305160 9404030 9208057 9304065 9304149 9305154 9404065 9209024 9304080 9307175 9307035 9404108 9202069 9404188 9304141 9310188 9404118 9405030 9310183 9405034 9405138 9406125 9407148 9408006 9408092 9308086 9409035 9409076 9411176 9411241 9412127 9412169 9412213 
33: 9404123 9301067 9412016 
34: 9404130 9309123 9405182 
35: 9212085 9403040 9404166 9407031 
36: 9404176 9305103 9412033 
37: 9402027 9205072 9209043 9212048 9402074 9404185 9212060 9301127 9306145 9408119 9412126 
38: 9404190 9308128 9410239 
39: 9405011 9303101 9306010 9312212 9312213 9409093 9409190 9412176 
40: 9301119 9405015 9307033 9411105 
41: 9401145 9209044 9405022 9410088 9410201 
42: 9405030 9207015 9405200 
43: 9207067 9211040 9305037 9302048 9401121 9207004 9209037 9211108 9301042 9402148 9204041 9304026 9306096 9306157 9307040 9403047 9403183 9302086 9405049 9311137 9312185 9405071 9407009 9408121 9409069 9411056 9412187 9412198 
44: 9202012 9209003 9206027 9211071 9303030 9402128 9310181 9405057 9309083 9405141 9411082 9412053 
45: 9405067 9309034 9311147 9412167 
46: 9203051 9204071 9207050 9304046 9307039 9405074 9303156 9312168 9411055 
47: 9402138 9405108 9406173 9410137 
48: 9201005 9405130 9201071 9208064 9209112 9309094 9311047 9411014 
49: 9401007 9205034 9403026 9305043 9302035 9405136 9208075 9408069 9408076 9412168 9412176 
50: 9405143 9302078 9308106 9406002 9406144 9408066 9412020 9412144 
51: 9405157 9403103 9409169 
52: 9208006 9210141 9212007 9209054 9405161 9209060 9309036 9406186 9409172 9411121 
53: 9403033 9205003 9405180 9407195 
54: 9209044 9404138 9406013 9410124 9411075 
55: 9401075 9206084 9406022 9309141 9411165 
56: 9406033 9307186 9404181 9411201 9411238 
57: 9406076 9207071 9305072 9309087 9312050 9312094 9411209 
58: 9406131 9207078 9410233 
59: 9401027 9205099 9206082 9207039 9410016 9404093 9210069 9406177 9304114 9311170 9407193 9412129 
60: 9206034 9309137 9405201 9312060 9406180 9310060 9408135 
61: 9401042 9402153 9306162 9407013 9306118 9407186 
62: 9407154 9211003 9412207 
63: 9406204 9407157 9309112 9311090 9408021 9409189 
64: 9311069 9407162 9411123 
65: 9407164 9202050 9204061 9408005 9410012 
66: 9210141 9402037 9407195 9306030 9409058 9411006 
67: 9408024 9207089 9307010 9309052 9410099 
68: 9211032 9408059 9411039 
69: 9408096 9301054 9306098 9309090 9412174 
70: 9401149 9408114 9412069 
71: 9403031 9309045 9408164 9412151 
72: 9208026 9208030 9401137 9206088 9303105 9303146 9303149 9307120 9206035 9402052 9403089 9201017 9404174 9305041 9405134 9206099 9303090 9304090 9307116 9406153 9407014 9205014 9407167 9303093 9408129 9409009 9307054 9307154 9409064 9409157 9410015 9411013 9411179 9412227 
73: 9201026 9205102 9206098 9405146 9408019 9211113 9409024 9411184 9303071 9312093 9412078 
74: 9409074 9209031 9209102 9212078 9411166 
75: 9403013 9308125 9409088 9410088 
76: 9306002 9408004 9409097 
77: 9409149 9409148 9409150 
78: 9207089 9409160 9209120 9212155 9306163 9410147 
79: 9311114 9409093 9409161 9411200 
80: 9409165 9308145 9411077 
81: 9211015 9204099 9403186 9304068 9312171 9410041 9203050 9410068 9411153 9412014 
82: 9410164 9205059 9411028 
83: 9204064 9410208 9411112 
84: 9308009 9405009 9410225 
85: 9403070 9205084 9406007 9306119 9406035 9407163 9410242 
86: 9411031 9303155 9412053 
87: 9302044 9309030 9407045 9407179 9410202 9411063 
88: 9308153 9411067 9411159 
89: 9308153 9403080 9411069 9411071 
90: 9207004 9212113 9411119 9204063 9411185 
91: 9310032 9405190 9411122 
92: 9305131 9406010 9411146 
93: 9411182 9212056 9412164 
94: 9210010 9207102 9408035 9210037 9409016 9208058 9410203 9411125 9412005 
95: 9401002 9201058 9212068 9403146 9411220 9412107 
96: 9403141 9204088 9410084 9412123 
97: 9401099 9302008 9404075 9409193 9410201 9412185 
98: 9401007 9201056 9209111 9404170 
99: 9401045 9208041 9409030 9409031 
100: 9305048 9206029 9306071 9410135 9412029 
101: 9401112 9208006 9210141 9209054 9402067 9410241 
102: 9402077 9301114 9410138 
103: 9402083 9207096 9301017 9403129 
104: 9305010 9402097 9403119 9407042 
105: 9203039 9412062 9412127 
106: 9402144 9206003 9312121 9409076 
107: 9201056 9203060 9206084 9210107 9210120 9305109 9402156 9204084 9304011 9403122 9407031 9408005 9409168 9411028 9412035 9412043 
108: 9403032 9204097 9209105 9403124 9403163 
109: 9205015 9402154 9212140 9308019 9403077 9404020 9302047 9404064 9408101 9410191 9412061 
110: 9403113 9305107 9406053 
111: 9303131 9403127 9404182 
112: 9302022 9201061 9201074 9203042 9203052 9205028 9205069 9205089 9206020 9206070 9207034 9207095 9209008 9304148 9305109 9201021 9207006 9303014 9203054 9305023 9211135 9310155 9409179 9412224 
113: 9306131 9403147 9306132 9412145 
114: 9208006 9401127 9205103 9206029 9211093 9302090 9207084 9402024 9212007 9402060 9402070 9403154 9311096 9311112 9404068 9404110 9406205 9408179 
115: 9403168 9312101 9407047 9311132 9401017 9401021 9410228 9411004 
116: 9201004 9203051 9204071 9207050 9403181 9206026 9208035 9209115 9304046 9307039 9307195 9405113 9406164 9410014 
117: 9210010 9401167 9403197 9312108 9408130 
118: 9404001 9403172 9410238 
119: 9404080 9303044 9412064 
120: 9404096 9206015 9208002 9408029 
121: 9210010 9302006 9404113 9207019 9212104 9302124 9304125 9307170 9307190 9312049 9405093 9405121 9406203 9408082 9410013 
122: 9310118 9405124 9307049 9410073 9410167 9412163 
123: 9206084 9402073 9404139 9309067 9405172 9407136 
124: 9405049 9302039 9304038 9408082 9410170 
125: 9204003 9405089 9210125 9304083 9409122 9409170 
126: 9405107 9212065 9310173 9409014 9411033 9412114 
127: 9210032 9405126 9408097 
128: 9210010 9406005 9411168 
129: 9406015 9307013 9406176 
130: 9406017 9312005 9409041 9409185 
131: 9403019 9405095 9406054 
132: 9401159 9309050 9407064 9408066 
133: 9201048 9304067 9408047 9411164 
134: 9205028 9206070 9207095 9201021 9407039 9204002 9408137 
135: 9401153 9302119 9407056 9411037 
136: 9205103 9206029 9207084 9402033 9206024 9201016 9312179 9408031 9411039 
137: 9407067 9312062 9408067 9408077 9401043 9408146 9408176 9409200 9410174 
138: 9206007 9406086 9306027 9408079 9408091 9411062 
139: 9211072 9404025 9310026 9408094 9410143 9411178 
140: 9309013 9409004 9305052 9411081 9412042 
141: 9312104 9301088 9211097 9204102 9408133 9202011 9312095 9409166 9412135 
142: 9206084 9207094 9408116 9410011 
143: 9403173 9410035 9411142 
144: 9306018 9407018 9410209 
145: 9309016 9406029 9410219 
146: 9308151 9411029 9411188 
147: 9402061 9203076 9411103 
148: 9401084 9309154 9411138 
149: 9302048 9302103 9404109 9208029 9211121 9306080 9405174 9405175 9407023 9407190 9411049 9411205 9411206 
150: 9209049 9207065 9404058 9411204 
151: 9402057 9204056 9302116 9306117 9307178 9312161 9403104 9404146 9406049 9205115 9406086 9406213 9408061 9410065 9411124 
152: 9309085 9407023 9410162 
153: 9404008 9311092 9402113 9405084 9406125 9409138 
154: 9211114 9401118 9206047 9404141 
155: 9404171 9303041 9411179 
156: 9308153 9209003 9206027 9402001 9404041 9310181 9312192 9312208 9404113 9404192 9405008 9405093 9405121 9406109 9406111 9406192 9408158 9409164 9411051 9411053 
157: 9401118 9203065 9405023 9409130 
158: 9301042 9304026 9309110 9403054 9406090 9406091 9408083 
159: 9404107 9309123 9406123 9410090 9412215 
160: 9211053 9310130 9406155 9409076 9412166 
161: 9206084 9302120 9307088 9408053 9409015 9412106 
162: 9306002 9406125 9409176 9412229 
163: 9205072 9212060 9405153 9210040 9410010 9412118 
164: 9202047 9402138 9405099 
165: 9205064 9401078 9412166 
166: 9204030 9205009 9402007 9203071 9412079 9412086 9412112 
167: 9402020 9305011 9404094 9405163 9406212 
168: 9402051 9205039 9209054 9412237 
169: 9204064 9403094 9211066 9305100 9405058 9409079 9412128 
170: 9401096 9302133 9307045 9403122 9406207 9312047 9312118 9407058 9409101 9411028 9411232 9412120 
171: 9302023 9404039 9406084 
172: 9305139 9404010 9406175 
173: 9211114 9206047 9402045 9404108 9304141 9407089 9409138 9410042 9411112 
174: 9405096 9410063 9411192 
175: 9305185 9407155 9410217 
176: 9208059 9208047 9302047 9405133 9206106 9302136 9305148 9408030 9409046 9409081 
177: 9208007 9206029 9401152 9207084 9208037 9411087 
178: 9204019 9206096 9312045 9210037 9409126 9411046 
179: 9208007 9402060 9405067 
180: 9401131 9205027 9302109 9407118 
181: 9201061 9211030 9401131 9202004 9202014 9404076 
