# The contained directed cliques in the directed communities at k=3
# from /Users/bogna/dev/role-mining/datasets/hepth/timeslots/cit-HepTh-1994.edges
# at no lower link weight threshold,
# and at no upper link weight threshold.
# Links were treated as directed.
# No time limit was set for the clique search.

0: 0 
1: 1 
2: 2 305 331 332 
3: 3 
4: 4 
5: 5 6 164 555 1014 1528 1638 1639 1642 1857 553 554 557 1527 1637 1641 1856 1122 1013 1120 1121 1016 556 1017 103 1529 1643 1842 717 715 716 1644 1729 1458 687 951 1328 1455 1456 1457 688 476 1325 1326 1327 475 948 949 950 296 1517 
6: 7 
7: 8 
8: 9 1372 1777 56 57 170 171 256 456 779 1834 778 777 1345 550 551 1348 1349 1502 1503 1898 1899 1904 981 1110 1342 1343 1344 1351 1371 1500 1504 1505 1506 1507 1571 1572 1813 1814 982 1112 1111 160 1346 1347 304 236 1015 1640 1880 235 1815 1900 1350 1995 1018 1352 1516 1838 
9: 10 11 574 2180 2181 2182 2189 64 65 575 675 794 1669 1672 973 974 1519 1520 1329 1601 1330 1332 1317 1331 2032 1078 1316 1318 1319 1320 1668 1549 1603 1667 1671 1548 1195 2030 2031 1196 1197 1198 1670 358 407 2039 2040 2041 2042 408 406 1208 1602 1605 1207 366 1600 2038 1604 1968 2191 1962 1967 1969 1970 1738 1961 1963 1964 1965 1736 747 1029 1032 1735 1783 1784 1785 1956 2223 2224 2225 746 405 1682 1683 1684 2238 2251 2252 584 813 1281 1615 1711 1905 2024 2027 2227 2237 2241 2253 2255 585 586 587 1030 1034 1546 1786 2025 2028 2228 2242 2257 1031 2026 2177 1617 1717 1033 1545 1586 1614 1616 1618 1035 1525 1547 1583 1584 1585 1587 1544 991 1526 1662 1708 1712 1715 1716 1718 541 988 990 993 994 1280 1714 2175 543 544 1070 1108 1322 1495 1737 2188 542 992 1441 1588 1069 1161 1589 101 322 1071 1072 2010 2256 2009 2008 2190 1308 670 1307 1309 671 672 2258 795 1534 2014 2061 2063 2112 2199 2235 239 380 576 796 797 1239 1376 1418 1536 1539 1555 1557 1574 1796 1797 1853 1869 1875 1876 1959 1960 2018 2022 2066 2067 2107 2108 2115 2118 2121 2122 2126 2158 2183 2213 2219 2221 577 578 505 1377 1497 284 515 1378 788 2153 2193 378 1142 1573 2047 2065 2092 2159 2184 2192 2214 711 760 1080 1143 1144 1883 1885 761 713 1882 1884 712 290 369 512 1541 1554 1559 1664 1795 1798 1843 2017 2019 2095 2096 2114 2120 2185 2186 2201 2217 2218 48 1238 1379 1417 1537 1542 1806 1873 1874 1974 1996 2093 2105 2106 51 837 1237 1240 1258 1396 1414 1415 1416 1556 1794 1800 1802 1803 1805 1868 1870 1871 1872 1877 1972 1973 2035 2103 2104 2109 2125 2220 2230 835 836 839 1395 1397 50 244 838 1380 1538 1781 1997 2020 2023 2079 2080 2081 2082 2116 2202 2215 2243 2245 2246 2090 2151 1844 1999 2091 173 1845 1846 174 2050 1079 1448 1998 2048 2049 2001 2046 906 2064 905 1925 1926 1927 1676 1839 2043 2097 90 960 961 963 1275 1678 1864 1992 2044 2211 958 959 1886 1887 1991 2132 44 431 1990 1993 1994 432 1575 1807 1879 2068 2094 1341 1576 1338 1339 1340 1141 1931 841 1164 1272 1273 1659 1666 1808 1932 1933 1934 842 1163 2206 2207 2060 2138 2205 2209 1003 1523 1849 1850 2059 701 1004 1460 2058 2100 2102 2129 2137 700 699 1675 2133 2187 1674 379 1037 1039 1552 1655 1658 1665 1677 2200 2254 382 596 1036 1551 2124 2231 414 1038 1654 1901 415 416 730 870 871 997 1241 463 765 1077 464 61 392 1657 1656 1553 1804 1976 1257 1558 1975 2123 1259 1260 2128 2222 1928 1929 1930 2203 2021 2117 2152 2016 1550 1958 2113 2119 1398 1782 2077 1333 2076 2078 2084 1535 1540 1812 2015 2062 2083 377 1661 952 953 651 650 1878 2110 2134 2111 798 1577 2135 2154 2155 2136 493 2204 2069 2011 140 494 1524 1852 742 1274 1461 1851 743 1459 2033 1073 1462 45 1074 1075 1369 2034 2004 2006 1792 1957 2056 1793 1790 1791 2057 814 1787 1966 2029 2045 2229 2244 815 816 1279 1282 1283 1917 102 1916 1918 1919 1920 1789 2178 2179 1788 709 2176 1370 2212 2236 2239 2240 1908 1266 1267 1909 1910 1911 1912 1913 1265 1268 1706 1865 1906 1907 1915 1914 1385 1386 1863 2216 1840 1841 2101 927 1284 926 2208 1285 1713 1707 1632 1971 327 2005 2127 962 659 660 2000 1799 851 540 793 766 989 339 1733 
10: 12 1002 606 190 1811 
11: 13 14 568 169 569 
12: 15 
13: 16 178 
14: 17 182 387 388 1567 181 386 1565 1566 
15: 18 
16: 19 20 21 22 185 391 393 605 840 1007 1008 1009 1047 1048 1209 1401 1402 1403 1754 1755 1756 1757 1866 2226 186 394 1010 1012 1404 1405 1758 1820 1821 1822 1823 1824 1825 1826 1006 781 1011 1748 1749 1750 1751 1752 2131 2174 782 1855 2052 2053 2054 2055 121 255 1022 1023 1624 1827 1854 1020 1024 1025 1106 1623 1731 1836 1982 2169 2249 884 1019 1021 1745 883 885 886 1743 1137 1744 1746 1747 370 1138 1139 1140 371 372 1753 1400 1105 1622 1835 1981 1107 567 1837 1983 759 1648 756 757 758 1647 1595 1645 1646 1649 1651 1653 1592 1596 1026 1590 1591 1593 1594 1611 900 901 1613 1609 1610 1612 1652 944 1650 943 945 403 811 1501 1977 1978 1979 1980 404 537 1125 1922 1126 1127 968 1923 969 970 1924 1984 1625 1621 233 828 875 234 826 175 827 1619 1236 1620 1730 1235 545 753 1234 1732 752 812 2130 2170 2171 2250 604 1867 676 1467 2197 328 535 872 1261 1466 1468 1469 873 2196 334 874 894 895 2012 527 896 897 1263 1728 2013 647 1067 1471 1700 1734 2089 2140 645 646 648 1050 1052 1066 1663 1698 2071 2088 849 1049 846 848 850 845 847 925 1068 1212 1701 2072 2198 924 775 1065 1210 1213 1406 1697 1801 546 776 547 548 549 188 844 1211 1214 1407 843 42 1051 2070 2139 1470 1472 1699 187 148 1264 1262 623 868 1727 624 869 1215 1408 867 903 168 
17: 23 1203 1387 881 1201 1202 1204 1206 1426 1427 1689 1690 1809 1810 2007 2037 882 1421 1422 1423 1424 1425 1083 1084 1085 1086 2036 459 1095 457 458 400 890 902 1388 1439 1692 1897 1096 1097 1098 1740 154 1694 1739 1742 1693 94 349 703 1205 1741 352 1171 1419 1420 2075 728 729 302 1428 1691 1429 1636 
18: 24 396 425 1217 1233 1363 1366 1410 1432 1450 1532 1762 1763 1768 1776 1818 1945 1953 2167 2233 1146 1160 1216 1218 1219 1145 1147 1148 1358 1362 1368 1680 1775 2163 1355 1356 1174 1359 1364 1530 1766 1771 1773 1859 1936 1940 1948 2156 2160 2164 2247 1769 1411 1433 1681 1819 1862 1938 1946 1954 2157 2168 2194 2195 1409 59 1104 1449 1451 1103 1452 966 1158 2232 2234 965 967 1159 632 1360 1720 1774 1892 1921 2148 2161 633 634 635 368 934 1254 1361 935 936 933 1255 1476 1477 1478 1232 1479 1480 1889 2098 1230 1231 2099 1943 1951 2147 1939 1942 1486 1770 1858 1935 1947 2144 2145 2146 1484 1485 1487 1488 1489 1490 1860 1950 2141 2142 2143 1949 1941 2051 2149 2150 626 1000 1569 1895 1955 1985 1986 625 1896 55 630 1399 1430 1761 1816 1817 1888 1890 1891 1893 1894 2165 631 1431 1759 1721 1760 978 1101 1118 1130 1299 1301 1302 1474 1570 1606 1627 1722 1723 975 977 979 980 976 1719 1102 495 1119 1131 1300 1303 1475 1607 1628 1117 763 1129 1473 1518 1626 2210 1191 1190 1192 1193 1335 1194 294 293 1132 1133 1304 1608 1481 1482 1483 514 999 1256 360 932 930 931 1149 
19: 25 705 706 704 
20: 26 1056 1685 1830 1057 1058 1059 1582 1134 1521 1629 1848 2074 27 202 252 412 864 1135 1136 1228 1294 1295 1296 1297 1597 1686 1687 1832 1847 2003 413 616 1247 1248 1298 1463 1465 1598 1833 803 1246 1249 1522 751 1060 1156 1464 750 1630 1631 1229 1225 1226 865 617 618 261 866 1227 1599 1831 52 1162 
21: 28 29 30 
22: 31 134 
23: 32 206 419 420 598 1334 597 858 859 
24: 33 421 829 422 285 95 
25: 34 35 36 37 208 210 212 214 423 804 209 211 213 215 424 805 
26: 38 39 218 220 426 876 878 1188 1381 1543 2172 219 76 221 227 228 271 477 877 880 904 879 583 602 691 1189 1382 581 582 806 807 808 683 684 685 686 1087 99 601 689 690 696 998 1150 1323 176 697 147 692 942 1324 
27: 40 
28: 41 330 429 972 1293 971 
29: 43 201 
30: 46 
31: 47 266 238 
32: 49 438 561 661 1443 1578 439 653 662 1444 1563 1579 654 615 663 892 1093 1710 613 614 771 860 861 1092 1581 257 772 1040 1091 1580 1881 258 673 773 1041 674 1042 249 665 664 893 1392 1437 1447 1564 1765 559 1436 1446 1764 111 562 1434 237 442 891 1391 1435 1442 1454 1562 441 1390 1445 1453 1389 481 356 260 
33: 53 
34: 54 
35: 58 200 
36: 60 
37: 62 465 834 1089 359 595 822 593 594 
38: 63 
39: 66 467 468 469 259 
40: 67 390 
41: 68 579 580 
42: 69 
43: 70 375 641 677 1028 1635 2173 374 373 640 1157 1222 1634 1987 1367 1633 1988 1989 1170 1169 472 1221 1413 193 398 937 1220 192 397 1005 1053 1412 938 957 956 
44: 71 783 1027 1509 1510 1511 1512 918 916 917 395 
45: 72 73 
46: 74 473 639 888 1062 1064 1440 
47: 75 129 
48: 77 78 79 80 81 780 
49: 82 679 1054 1055 1271 678 732 733 954 955 1001 
50: 83 482 504 764 1100 277 
51: 84 
52: 85 273 1113 1114 1115 1116 274 1513 1514 1515 738 737 739 
53: 86 198 
54: 87 451 450 
55: 88 353 367 
56: 89 490 354 
57: 91 92 93 286 287 
58: 96 
59: 97 245 291 1172 246 292 152 157 158 159 
60: 98 276 488 275 
61: 100 161 399 194 
62: 104 
63: 105 307 510 306 509 
64: 106 
65: 107 308 309 
66: 108 749 383 526 
67: 109 312 516 
68: 110 
69: 112 320 321 
70: 113 
71: 114 153 
72: 115 288 289 325 503 708 810 502 707 809 1286 1288 1289 1287 1354 462 573 1353 461 572 570 376 571 789 1269 790 1374 1780 792 791 1561 1270 984 1560 619 939 983 986 987 455 513 940 941 1724 1779 338 1373 1375 985 
73: 116 694 695 311 401 402 145 146 199 
74: 117 118 329 
75: 119 196 
76: 120 
77: 122 
78: 123 124 125 517 
79: 126 525 
80: 127 
81: 128 282 643 644 642 762 1151 558 
82: 130 
83: 131 
84: 132 
85: 133 489 411 409 410 
86: 135 
87: 136 342 718 172 
88: 137 
89: 138 139 
90: 141 341 534 
91: 142 
92: 143 
93: 144 
94: 149 946 326 1508 995 996 
95: 150 364 223 363 222 
96: 151 216 
97: 155 242 335 563 
98: 156 1088 
99: 162 163 
100: 165 248 531 
101: 166 167 831 832 833 
102: 177 
103: 179 180 
104: 183 184 
105: 189 
106: 191 607 
107: 195 565 566 1312 1313 1314 1315 1709 2073 1165 1336 1337 629 1128 
108: 197 611 612 
109: 203 204 241 856 1166 857 608 855 610 609 744 745 854 240 
110: 205 
111: 207 
112: 217 267 313 389 564 603 1175 1357 1365 1531 1568 1679 1767 1772 1778 1861 1937 1944 1952 2162 2166 2248 
113: 224 361 
114: 225 428 898 899 1178 1182 1185 1186 1393 1177 1179 1180 1696 1181 1660 1183 1184 1187 1533 1673 1695 819 817 818 820 1305 1394 1306 
115: 226 533 636 299 300 301 
116: 229 230 430 637 638 887 889 1061 1063 1438 478 479 964 
117: 231 381 
118: 232 
119: 243 
120: 247 440 
121: 250 251 444 445 447 448 669 1498 1499 1688 2002 446 2085 
122: 253 693 480 362 
123: 254 485 483 484 
124: 262 263 264 265 
125: 268 269 449 
126: 270 474 347 346 
127: 272 
128: 278 
129: 279 
130: 280 281 
131: 283 
132: 295 722 
133: 297 314 
134: 298 1491 1492 1493 1494 
135: 303 348 
136: 310 433 666 823 824 825 
137: 315 316 523 724 524 725 520 519 522 521 723 
138: 317 496 754 
139: 318 319 532 652 
140: 323 324 511 357 
141: 333 528 627 649 1109 1496 734 
142: 336 337 
143: 340 
144: 343 
145: 344 
146: 345 
147: 350 
148: 351 
149: 355 920 922 923 919 921 667 1081 487 668 443 486 714 1082 
150: 365 536 
151: 384 385 417 418 454 830 1045 1292 1046 1044 1321 755 731 491 702 492 
152: 427 
153: 434 435 437 436 
154: 452 453 
155: 460 
156: 466 1154 1155 1290 1291 1725 1828 1902 2086 1245 1384 1705 1726 1242 1243 1244 656 657 658 1276 1277 1278 1702 1829 1703 1903 1704 2087 1383 498 499 
157: 470 471 
158: 497 853 852 862 863 
159: 500 501 
160: 506 507 508 
161: 518 735 698 736 
162: 529 530 
163: 538 539 1090 821 
164: 552 
165: 560 
166: 588 589 1167 1168 1199 1200 767 
167: 590 591 592 
168: 599 600 
169: 620 621 622 681 682 680 
170: 628 768 784 769 770 785 786 787 1173 928 721 929 719 720 
171: 655 
172: 710 
173: 726 727 740 1310 1043 1176 1094 1311 
174: 741 
175: 748 
176: 774 908 911 914 1076 1223 909 910 912 913 915 1224 
177: 799 800 801 802 
178: 907 947 1152 1153 
179: 1099 
180: 1123 1124 
181: 1250 1251 1252 1253 
