# The graph of directed at k=3
# from /Users/bogna/dev/role-mining/datasets/hepth/timeslots/cit-HepTh-1994.edges
# at no lower link weight threshold,
# and at no upper link weight threshold.
# Links were treated as directed.
# No time limit was set for the clique search.

1 177 1
1 179 1
5 8 3
5 94 2
5 131 1
5 178 2
6 16 1
6 23 1
7 16 2
8 43 1
8 48 1
8 58 1
8 98 1
8 107 4
8 112 1
8 149 1
8 174 1
9 14 2
9 16 10
9 17 2
9 18 4
9 19 2
9 23 1
9 28 1
9 32 1
9 43 1
9 67 1
9 81 1
9 82 1
9 85 1
9 107 1
9 112 1
9 122 1
9 123 1
9 139 1
9 141 2
9 143 1
9 149 1
9 158 2
9 166 3
9 170 1
9 172 1
9 175 2
9 180 2
9 181 1
10 17 1
14 19 1
14 180 1
14 181 1
16 17 1
16 23 1
16 24 2
16 36 1
16 43 2
16 104 1
16 115 1
16 121 1
16 149 2
16 156 3
16 158 1
16 170 1
16 172 1
17 18 1
17 43 3
17 46 1
17 82 1
17 107 1
17 116 2
17 149 1
17 170 1
18 50 2
18 81 1
18 82 1
18 107 1
18 112 14
18 132 1
18 134 3
18 139 1
18 153 1
18 170 1
18 181 3
19 181 1
20 125 1
20 156 1
22 138 1
23 81 1
26 55 1
26 98 1
26 107 1
26 123 1
26 142 1
26 152 2
26 161 1
28 134 1
32 42 1
32 76 1
32 105 1
32 106 1
32 147 1
32 153 1
32 160 1
32 162 2
32 165 1
32 173 3
34 159 1
35 107 1
37 163 2
39 49 1
39 79 1
41 54 1
41 75 1
41 97 1
43 90 1
43 124 1
43 149 1
43 158 2
44 86 1
44 156 3
45 179 1
46 116 5
47 164 1
49 98 1
50 132 1
52 66 1
52 101 3
52 114 2
52 168 1
53 66 1
55 107 1
55 123 1
55 142 1
55 161 1
65 107 1
66 101 1
67 78 1
68 136 1
72 155 1
76 162 1
82 107 1
82 170 1
83 169 1
83 173 1
88 89 1
88 156 1
89 156 1
94 117 1
94 121 1
94 128 1
94 178 1
98 107 1
100 114 1
100 136 1
100 177 1
101 114 1
101 168 1
106 160 1
107 112 1
107 123 1
107 142 1
107 161 1
107 170 2
109 176 1
112 134 4
112 181 1
114 136 3
114 177 2
114 179 1
117 121 1
117 128 1
121 124 1
121 128 1
121 156 3
123 142 1
123 161 1
136 177 2
138 151 1
142 161 1
149 152 1
153 162 1
153 173 1
154 157 1
154 173 2
160 165 1
177 179 1
180 181 1
