# The links inside the directed communities at k=6
# from /Users/bogna/dev/role-mining/datasets/enron/timeslots/11-filtered3.edges
# at no lower link weight threshold,
# and at no upper link weight threshold.
# Links were treated as directed.
# No time limit was set for the clique search.

0:
00002 00003
00002 00019
00002 00020
00002 00068
00002 00070
00002 00141
00003 00019
00003 00020
00003 00068
00070 00003
00003 00141
00019 00020
00019 00068
00019 00070
00019 00141
00020 00070
00020 00141
00068 00070
00068 00141
00070 00141
1:
00019 00020
00019 00070
00019 00141
00019 00018
00019 00030
00019 00055
00019 00072
00020 00070
00020 00141
00020 00018
00020 00030
00020 00055
00020 00072
00070 00141
00070 00018
00070 00030
00070 00055
00070 00072
00018 00141
00141 00030
00055 00141
00141 00072
00018 00030
00030 00055
00030 00072
00055 00072
2:
00006 00009
00006 00013
00006 00027
00006 00048
00006 00050
00006 00065
00006 00067
00009 00013
00009 00048
00009 00050
00065 00009
00009 00067
00013 00027
00013 00048
00013 00050
00065 00013
00013 00067
00048 00027
00065 00027
00067 00027
00048 00050
00065 00048
00048 00067
00065 00050
00050 00067
00065 00067
