# The links inside the directed communities at k=3
# from /Users/bogna/dev/role-mining/datasets/enron/timeslots/03-filtered2.edges
# at no lower link weight threshold,
# and at no upper link weight threshold.
# Links were treated as directed.
# No time limit was set for the clique search.

0:
00007 00011
00007 00075
00011 00075
00017 00011
00038 00011
00033 00075
00075 00038
00075 00076
00009 00033
00009 00048
00009 00050
00009 00057
00009 00067
00009 00147
00033 00057
00067 00033
00033 00017
00033 00038
00033 00142
00076 00033
00139 00033
00048 00050
00048 00067
00048 00147
00048 00013
00048 00027
00050 00057
00050 00067
00050 00147
00076 00050
00057 00067
00057 00038
00057 00142
00057 00076
00067 00147
00067 00013
00147 00027
00017 00038
00139 00017
00142 00038
00076 00038
00142 00136
00142 00076
00136 00076
1:
00017 00049
00061 00049
00125 00049
00017 00037
00017 00061
00061 00037
00061 00125
2:
00073 00069
00073 00139
00073 00140
00069 00139
00139 00140
3:
00139 00086
00139 00133
00086 00133
00086 00149
00133 00149
4:
00002 00019
00002 00049
00002 00070
00073 00002
00137 00002
00049 00019
00019 00070
00049 00070
00073 00049
00049 00137
00073 00137
5:
00048 00044
00048 00091
00044 00091
