# The directed cliques from /Users/bogna/dev/role-mining/datasets/enron/timeslots/10-filtered2.edges
# at no lower link weight threshold,
# and at no upper link weight threshold.
# Links were treated as directed.
# No time limit was set for the clique search.

0: 00034 00124 00122 
1: 00149 00135 00131 
2: 00092 00024 00113 
3: 00024 00113 00122 
4: 00124 00035 00122 
5: 00031 00039 00082 
6: 00103 00125 00058 00080 
7: 00125 00122 00058 00095 
8: 00086 00130 00133 00149 
9: 00096 00101 00128 00114 
10: 00130 00149 00135 
11: 00007 00011 00012 00025 
12: 00007 00011 00012 00075 
13: 00027 00065 00052 
14: 00027 00092 00052 
15: 00065 00075 00052 
16: 00127 00031 00122 
17: 00031 00039 00122 
18: 00107 00150 00151 
19: 00107 00044 00150 
20: 00066 00150 00151 
21: 00076 00057 00098 
22: 00057 00122 00098 
23: 00084 00122 00098 
24: 00123 00109 00122 
25: 00109 00078 00122 
26: 00017 00040 00042 00061 
27: 00025 00017 00040 00059 
28: 00017 00040 00059 00061 
29: 00027 00092 00113 00079 
30: 00113 00122 00079 
31: 00092 00039 00079 
32: 00039 00122 00079 
33: 00002 00018 00020 00028 00070 
34: 00018 00020 00028 00070 00032 
35: 00020 00028 00070 00072 
36: 00006 00009 00013 00048 00050 00067 
37: 00009 00013 00048 00050 00067 00057 
38: 00025 00017 00026 00056 00059 
39: 00017 00056 00059 00061 
40: 00025 00026 00056 00122 
41: 00020 00070 00141 00019 00072 00055 
42: 00020 00137 00141 00055 
43: 00127 00051 00069 
44: 00023 00107 00051 00069 00073 
45: 00023 00107 00069 00092 
46: 00033 00044 00104 
47: 00044 00104 00100 00111 00122 
48: 00044 00104 00120 00122 
49: 00006 00016 00065 00014 00107 
50: 00016 00065 00014 00074 
51: 00016 00074 00051 
52: 00016 00107 00051 
53: 00006 00013 00048 00050 00076 
54: 00013 00048 00050 00076 00057 
55: 00067 00057 00033 
56: 00017 00021 00038 00118 
57: 00017 00061 00118 
58: 00025 00017 00026 00118 
59: 00025 00017 00021 00118 
60: 00107 00044 00078 00122 
61: 00006 00107 00078 
62: 00044 00078 00100 00111 00122 
63: 00048 00044 00091 
64: 00044 00091 00100 00111 00122 
65: 00044 00084 00091 00122 
66: 00059 00091 00100 
67: 00105 00100 00122 00128 
68: 00096 00120 00122 00128 
69: 00002 00004 00020 00137 00141 
70: 00004 00020 00137 00141 00032 
71: 00004 00020 00141 00019 00032 
72: 00004 00020 00141 00019 00072 
73: 00004 00020 00141 00019 00073 
74: 00002 00018 00020 00137 
75: 00018 00020 00137 00032 
76: 00018 00020 00070 00019 00032 
77: 00018 00137 00029 00032 
78: 00006 00013 00027 
79: 00006 00027 00065 00014 
80: 00010 00017 00021 00038 00059 
81: 00010 00017 00096 00059 
82: 00010 00017 00103 
83: 00010 00021 00122 
84: 00010 00051 00122 
85: 00010 00096 00122 
86: 00010 00103 00122 
87: 00025 00017 00021 00059 
88: 00025 00021 00122 
89: 00017 00021 00084 
90: 00021 00084 00122 
91: 00023 00014 00107 00073 
92: 00017 00042 00061 00125 
93: 00017 00059 00061 00125 
94: 00107 00123 00036 00122 00151 
95: 00065 00107 00036 00122 00151 
96: 00107 00044 00036 00122 
97: 00127 00123 00036 00122 00151 
98: 00096 00044 00120 00122 
99: 00103 00044 00120 00122 
100: 00103 00120 00122 00058 
101: 00107 00044 00120 00122 
102: 00127 00122 00058 
103: 00103 00125 00122 00058 
104: 00123 00092 00079 
105: 00123 00122 00079 
106: 00084 00122 00079 
107: 00100 00122 00079 
108: 00002 00003 00020 00070 00141 
109: 00002 00003 00020 00137 00141 
110: 00003 00137 00141 00029 00032 00068 
111: 00137 00141 00029 00032 00068 00066 
112: 00137 00141 00029 00074 00066 
113: 00003 00020 00070 00141 00019 00072 
114: 00003 00020 00141 00068 00072 
115: 00013 00076 00075 00057 
116: 00011 00012 00075 00038 
117: 00011 00012 00075 00057 
118: 00011 00012 00025 00026 
119: 00012 00075 00038 00033 
120: 00012 00075 00057 00033 
121: 00017 00103 00044 00126 
122: 00017 00103 00125 
123: 00103 00044 00126 00122 
124: 00011 00025 00017 00026 
125: 00017 00026 00042 
126: 00026 00042 00122 
127: 00042 00125 00105 00122 
128: 00042 00126 00105 00122 
129: 00059 00125 00105 
130: 00059 00105 00100 
131: 00059 00126 00105 
132: 00084 00126 00105 00122 
133: 00003 00020 00070 00141 00019 00032 
134: 00003 00020 00137 00141 00032 00068 
135: 00032 00068 00051 00066 
136: 00068 00051 00066 00122 
137: 00076 00075 00057 00033 
138: 00076 00075 00038 00033 
139: 00076 00011 00075 00038 
140: 00076 00011 00075 00057 
141: 00011 00017 00038 
142: 00137 00065 00014 00074 
143: 00014 00107 00123 
144: 00107 00123 00092 
145: 00107 00123 00051 00122 00151 
146: 00127 00123 00051 00122 00151 
147: 00017 00096 00042 00126 
148: 00057 00042 00126 00122 
149: 00096 00042 00126 00122 
150: 00017 00044 00084 00126 
151: 00107 00044 00084 00122 
152: 00044 00084 00126 00122 
153: 00038 00107 00073 
154: 00065 00074 00122 00151 
155: 00127 00074 00051 00066 00122 00151 
156: 00017 00096 00044 00126 
157: 00017 00096 00059 00126 
158: 00096 00044 00126 00122 
159: 00017 00038 00033 00059 
160: 00017 00033 00044 
161: 00057 00107 00122 
