# The contained directed cliques in the directed communities at k=8
# from /Users/bogna/dev/role-mining/datasets/hepth/timeslots/cit-HepTh-1995.edges
# at no lower link weight threshold,
# and at no upper link weight threshold.
# Links were treated as directed.
# No time limit was set for the clique search.

0: 3088 5100 6117 6996 6118 6997 6994 6998 6991 6993 6970 6990 7000 6962 6963 7007 
1: 3568 3570 3572 3575 4292 4293 4295 3571 3578 5339 3579 4957 4963 4882 4952 4959 4962 4299 4675 4867 4868 4869 4871 4873 4874 4875 4877 4881 4883 4884 4885 4886 4968 4969 3580 4294 4298 4300 4301 4302 4303 4956 4238 4951 4958 6148 4237 4239 4240 4241 4961 4235 4920 4642 4876 4921 4922 4641 4643 4667 4870 4666 4668 4673 4674 4872 4880 4878 4923 4953 4965 4305 4306 3576 
2: 3694 3695 
3: 3955 3956 5892 5908 6015 6010 6016 6017 5233 6012 4519 5224 5228 5232 5246 4517 4518 4523 4525 4516 4521 4526 4520 4522 4532 4539 5227 4531 4536 4548 4535 4547 4527 5266 4528 5272 5273 5244 5249 5265 5267 6043 5240 5243 6039 5241 5245 5263 5904 5905 5909 6029 5911 5914 6011 5898 5900 5912 6013 6014 6338 5899 6337 6339 6344 6889 5498 5503 5506 5515 5673 5913 6168 6170 6171 6172 6206 6957 5483 5486 5487 5496 5511 5524 5528 5674 6173 6956 5484 5494 5509 6205 5510 6175 5512 5918 6164 6190 6191 5663 5664 5671 5916 5917 5921 5923 6162 6165 6187 6942 5662 5665 5666 6166 6946 5667 5670 5672 5919 6945 5668 6705 6955 6947 6167 6700 6701 6702 6703 6939 6940 6941 6943 6944 6954 6163 6169 6189 6193 6199 6186 6196 5907 5906 5910 5915 6197 6198 6712 6209 6717 6210 6211 6689 6207 6690 6731 6192 6208 6723 6725 6194 6707 6188 6195 6200 6709 6201 6710 6481 6721 4105 6479 4101 4104 4108 4109 4110 4098 4099 4100 4107 5002 4106 6718 6428 6687 6691 6713 6714 6719 6720 6872 7286 6372 6389 6398 6402 6403 6413 6414 6426 6429 6430 6432 6438 6363 6371 6865 6362 6861 6366 6397 6862 6877 7291 6375 6399 6404 5020 6405 6433 6437 7108 7115 7140 5006 5015 5018 4997 5001 5009 5349 4994 4999 5343 7127 4996 5013 5340 4995 5004 5342 6688 4998 5341 5007 5344 6729 5350 5347 5351 5348 5346 5353 6724 5352 6882 6885 6692 6878 6886 6650 6682 6694 6699 6730 6732 6873 6664 6879 6880 6888 6891 6884 6883 7345 6693 6386 6711 6385 6358 6388 6356 6425 6874 6961 6948 6953 6949 6704 6706 7137 6440 6698 6431 6416 6415 6696 6695 6697 6715 6716 5345 6418 7130 6417 6400 7128 6870 7109 6871 6726 6866 7287 7285 7292 7284 6951 7299 7296 6887 6708 6343 4411 6345 4409 4410 4419 4408 4414 4412 4421 4417 4427 4416 4430 6030 4429 5957 5958 5959 5185 5192 5194 5202 6031 6032 6042 5182 5183 5184 5189 6340 5199 5188 6033 5250 5890 6034 5252 5248 5270 5274 6035 5891 5201 6037 4422 5894 5893 5225 5500 5264 4540 5222 
4: 4028 6606 7022 7020 7023 7273 7021 5647 
5: 4482 4489 
6: 6048 6049 6050 6066 6302 6064 6067 6305 6062 6065 6063 6068 6222 6220 6221 6309 
7: 6122 6123 
