# The directed communities at k=8
# from /Users/bogna/dev/role-mining/datasets/hepth/timeslots/cit-HepTh-1995.edges
# at no lower link weight threshold,
# and at no upper link weight threshold.
# Links were treated as directed.
# No time limit was set for the clique search.

0: 9402002 9501030 9407111 9410167 9412184 9503124 9504027 9504047 9504095 9506057 9506126 9507090 9507160 9508056 9508058 9508094 9509106 9512031 
1: 9407087 9408099 9402044 9408013 9408155 9411149 9503086 9403198 9503121 9503179 9504080 9504113 9505004 9505006 9505051 9505062 9505067 9505075 9505088 9506077 9506084 9506139 9506148 9506196 9507018 9509066 9510148 9510222 9510228 9511065 
2: 9407087 9505035 9509161 9510101 9510204 9510224 9511052 9511126 9512161 
3: 9407087 9501030 9408099 9410167 9411048 9502072 9308083 9503124 9504006 9504027 9504034 9504047 9504090 9504145 9505023 9505053 9505054 9505105 9505162 9506048 9506075 9506110 9506112 9506150 9507012 9507027 9507050 9507113 9507115 9507168 9508046 9508064 9508096 9508144 9508154 9508155 9509009 9509042 9509106 9509132 9509146 9509160 9510079 9510093 9510142 9510182 9510234 9511017 9511048 9511058 9511171 9511228 9512046 9512060 9512129 9512138 9512226 
4: 9402002 9501030 9410167 9503124 9504027 9504047 9506160 9506194 9508064 9508091 9508155 9509132 9511030 9511157 9512145 
5: 9407087 9503124 9504047 9505105 9506024 9506075 9507113 9508155 9512017 
6: 9410167 9501068 9503124 9504047 9506194 9507048 9507158 9508143 9509148 9510086 9510209 9511098 9512181 9512196 
7: 9501030 9410167 9503124 9504027 9504047 9504095 9506126 9510086 9511213 
