# The links inside the directed communities at k=13
# from /Users/bogna/dev/role-mining/datasets/hepth/timeslots/cit-HepTh-2001.edges
# at no lower link weight threshold,
# and at no upper link weight threshold.
# Links were treated as directed.
# No time limit was set for the clique search.

0:
0102112 0006240
0105058 0006240
0105059 0006240
0105129 0006240
0105168 0006240
0106010 0006240
0106036 0006240
0107101 0006240
0108150 0006240
0110124 0006240
0110204 0006240
0111034 0006240
0111087 0006240
0111129 0006240
0111208 0006240
0112169 0006240
0112214 0006240
0102112 0008252
0105058 0008252
0105059 0008252
0105129 0008252
0105168 0008252
0106010 0008252
0106036 0008252
0107101 0008252
0108150 0008252
0110204 0008252
0111034 0008252
0111087 0008252
0111129 0008252
0111208 0008252
0112169 0008252
0112214 0008252
0102112 0012251
0105058 0012251
0105059 0012251
0105129 0012251
0105168 0012251
0106010 0012251
0106036 0012251
0107101 0012251
0108150 0012251
0110204 0012251
0111034 0012251
0111087 0012251
0111129 0012251
0111208 0012251
0112169 0012251
0112214 0012251
0105058 0102112
0105059 0102112
0105129 0102112
0105168 0102112
0106010 0102112
0106036 0102112
0107101 0102112
0108150 0102112
0110124 0102112
0110204 0102112
0111034 0102112
0111087 0102112
0111129 0102112
0111208 0102112
0112169 0102112
0112214 0102112
0105058 0105059
0105129 0105058
0105168 0105058
0106010 0105058
0106036 0105058
0107101 0105058
0108150 0105058
0110124 0105058
0110204 0105058
0111034 0105058
0111129 0105058
0111208 0105058
0112169 0105058
0112214 0105058
0105129 0105059
0105168 0105059
0106010 0105059
0106036 0105059
0107101 0105059
0108150 0105059
0110124 0105059
0110204 0105059
0111034 0105059
0111087 0105059
0111129 0105059
0111208 0105059
0112169 0105059
0112214 0105059
0105168 0105129
0106010 0105129
0106036 0105129
0107101 0105129
0108150 0105129
0110124 0105129
0110204 0105129
0111034 0105129
0111087 0105129
0111129 0105129
0111208 0105129
0112169 0105129
0112214 0105129
0106010 0105168
0106036 0105168
0107101 0105168
0108150 0105168
0110204 0105168
0111034 0105168
0111087 0105168
0111129 0105168
0111208 0105168
0112169 0105168
0112214 0105168
0107101 0106010
0108150 0106010
0110124 0106010
0110204 0106010
0111034 0106010
0111087 0106010
0111129 0106010
0111208 0106010
0112169 0106010
0112214 0106010
0107101 0106036
0108150 0106036
0110124 0106036
0110204 0106036
0111034 0106036
0111087 0106036
0111129 0106036
0111208 0106036
0112169 0106036
0112214 0106036
0108150 0107101
0110124 0107101
0110204 0107101
0111034 0107101
0111087 0107101
0111129 0107101
0111208 0107101
0112169 0107101
0112214 0107101
0110124 0108150
0111034 0108150
0111087 0108150
0111129 0108150
0111208 0108150
0112169 0108150
0112214 0108150
0111034 0110124
0111087 0110124
0111129 0110124
0111208 0110124
0112169 0110124
0112214 0110124
0111034 0110204
0111087 0110204
0111129 0110204
0111208 0110204
0112169 0110204
0112214 0110204
0111087 0111034
0111129 0111034
0111208 0111034
0112169 0111034
0112214 0111034
0111129 0111087
0111208 0111087
0112169 0111087
0112214 0111087
0111208 0111129
0112169 0111129
0112214 0111129
0112169 0111208
0112214 0111208
0112214 0112169
1:
0101073 9711200
0101083 9711200
0102042 9711200
0102113 9711200
0103078 9711200
0103108 9711200
0105052 9711200
0105117 9711200
0105214 9711200
0106086 9711200
0107134 9711200
0108172 9711200
0111008 9711200
0111238 9711200
0111182 9711200
0101073 0008140
0101073 0009244
0101073 0010127
0101073 0011115
0101073 0101076
0101073 0101083
0102042 0101073
0102113 0101073
0102138 0101073
0102184 0101073
0103078 0101073
0103108 0101073
0103241 0101073
0104141 0101073
0104159 0101073
0105052 0101073
0105070 0101073
0105093 0101073
0105117 0101073
0105160 0101073
0105214 0101073
0105249 0101073
0106086 0101073
0107134 0101073
0108092 0101073
0108172 0101073
0111008 0101073
0111093 0101073
0111238 0101073
0111276 0101073
0112140 0101073
0111136 0101073
0111182 0101073
0101076 0008140
0101083 0008140
0102042 0008140
0102113 0008140
0102138 0008140
0102184 0008140
0103078 0008140
0103108 0008140
0103241 0008140
0104141 0008140
0104159 0008140
0105036 0008140
0105052 0008140
0105070 0008140
0105093 0008140
0105117 0008140
0105214 0008140
0105249 0008140
0106086 0008140
0107134 0008140
0107238 0008140
0108092 0008140
0108172 0008140
0111008 0008140
0111093 0008140
0111238 0008140
0111276 0008140
0112140 0008140
0111136 0008140
0111182 0008140
0101076 0009244
0101083 0009244
0102042 0009244
0102113 0009244
0102138 0009244
0102184 0009244
0103078 0009244
0103108 0009244
0103241 0009244
0104141 0009244
0104159 0009244
0105052 0009244
0105070 0009244
0105117 0009244
0105214 0009244
0106086 0009244
0107134 0009244
0108092 0009244
0108172 0009244
0111008 0009244
0111093 0009244
0111238 0009244
0112140 0009244
0111136 0009244
0111182 0009244
0101076 0010127
0101083 0010127
0102042 0010127
0102113 0010127
0102138 0010127
0102184 0010127
0103078 0010127
0103108 0010127
0103241 0010127
0104141 0010127
0104159 0010127
0105052 0010127
0105070 0010127
0105117 0010127
0105214 0010127
0106086 0010127
0107134 0010127
0107238 0010127
0108092 0010127
0108172 0010127
0111008 0010127
0111093 0010127
0111238 0010127
0112140 0010127
0111136 0010127
0111182 0010127
0102042 0011115
0102113 0011115
0102138 0011115
0102184 0011115
0103078 0011115
0103108 0011115
0103241 0011115
0104141 0011115
0104159 0011115
0105036 0011115
0105052 0011115
0105070 0011115
0105093 0011115
0105117 0011115
0105160 0011115
0105214 0011115
0105249 0011115
0106086 0011115
0107134 0011115
0108172 0011115
0111008 0011115
0111093 0011115
0111238 0011115
0111276 0011115
0112140 0011115
0111182 0011115
0101076 0101083
0102042 0101076
0102113 0101076
0102138 0101076
0102184 0101076
0103108 0101076
0103241 0101076
0104141 0101076
0104159 0101076
0105036 0101076
0105052 0101076
0105070 0101076
0105093 0101076
0105117 0101076
0105160 0101076
0105214 0101076
0105249 0101076
0106086 0101076
0107134 0101076
0108092 0101076
0108172 0101076
0111008 0101076
0111093 0101076
0111238 0101076
0111276 0101076
0112140 0101076
0111136 0101076
0111182 0101076
0102042 0101083
0102113 0101083
0102138 0101083
0102184 0101083
0103078 0101083
0103108 0101083
0103241 0101083
0104141 0101083
0104159 0101083
0105052 0101083
0105070 0101083
0105117 0101083
0105160 0101083
0105214 0101083
0106086 0101083
0107134 0101083
0108092 0101083
0108172 0101083
0111008 0101083
0111093 0101083
0111238 0101083
0112140 0101083
0111136 0101083
0111182 0101083
0102113 0102042
0102138 0102042
0102184 0102042
0103078 0102042
0103108 0102042
0103241 0102042
0104141 0102042
0104159 0102042
0105036 0102042
0105052 0102042
0105070 0102042
0105093 0102042
0105117 0102042
0105160 0102042
0105214 0102042
0105249 0102042
0106086 0102042
0107134 0102042
0107238 0102042
0108092 0102042
0108172 0102042
0111008 0102042
0111093 0102042
0111238 0102042
0111276 0102042
0112140 0102042
0111136 0102042
0111182 0102042
0102138 0102113
0103078 0102113
0103108 0102113
0103241 0102113
0104141 0102113
0104159 0102113
0105036 0102113
0105052 0102113
0105070 0102113
0105093 0102113
0105117 0102113
0105160 0102113
0105214 0102113
0105249 0102113
0106086 0102113
0107134 0102113
0107238 0102113
0108092 0102113
0108172 0102113
0111008 0102113
0111093 0102113
0111238 0102113
0111276 0102113
0112140 0102113
0111136 0102113
0111182 0102113
0103078 0102138
0103108 0102138
0103241 0102138
0104141 0102138
0104159 0102138
0105036 0102138
0105052 0102138
0105070 0102138
0105093 0102138
0105117 0102138
0105160 0102138
0105214 0102138
0105249 0102138
0106086 0102138
0107134 0102138
0108092 0102138
0108172 0102138
0111008 0102138
0111093 0102138
0111238 0102138
0111276 0102138
0112140 0102138
0111136 0102138
0111182 0102138
0103078 0102184
0103108 0102184
0103241 0102184
0104141 0102184
0104159 0102184
0105052 0102184
0105070 0102184
0105093 0102184
0105117 0102184
0105214 0102184
0106086 0102184
0107134 0102184
0108172 0102184
0111008 0102184
0111093 0102184
0111238 0102184
0112140 0102184
0111182 0102184
0103108 0103078
0103241 0103078
0104141 0103078
0104159 0103078
0105036 0103078
0105052 0103078
0105070 0103078
0105093 0103078
0105214 0103078
0105249 0103078
0106086 0103078
0107134 0103078
0108092 0103078
0108172 0103078
0111008 0103078
0111093 0103078
0111238 0103078
0111276 0103078
0112140 0103078
0111136 0103078
0111182 0103078
0103241 0103108
0104141 0103108
0104159 0103108
0105036 0103108
0105052 0103108
0105070 0103108
0105093 0103108
0105117 0103108
0105160 0103108
0105214 0103108
0105249 0103108
0106086 0103108
0107134 0103108
0107238 0103108
0108092 0103108
0108172 0103108
0111008 0103108
0111093 0103108
0111238 0103108
0111276 0103108
0112140 0103108
0111136 0103108
0111182 0103108
0104141 0103241
0104159 0103241
0105052 0103241
0105070 0103241
0105093 0103241
0105117 0103241
0105160 0103241
0105214 0103241
0107134 0103241
0108092 0103241
0108172 0103241
0111093 0103241
0111238 0103241
0112140 0103241
0111136 0103241
0111182 0103241
0105036 0104141
0105052 0104141
0105070 0104141
0105093 0104141
0105117 0104141
0105160 0104141
0105214 0104141
0105249 0104141
0107134 0104141
0107238 0104141
0108172 0104141
0111008 0104141
0111093 0104141
0111238 0104141
0111276 0104141
0111136 0104141
0111182 0104141
0105052 0104159
0105070 0104159
0105117 0104159
0105160 0104159
0105214 0104159
0107134 0104159
0108092 0104159
0108172 0104159
0111093 0104159
0111136 0104159
0105070 0105036
0105093 0105036
0105117 0105036
0105214 0105036
0105249 0105036
0107134 0105036
0107238 0105036
0108172 0105036
0111008 0105036
0111093 0105036
0111238 0105036
0111182 0105036
0105093 0105052
0105117 0105052
0105160 0105052
0105214 0105052
0105249 0105052
0107134 0105052
0107238 0105052
0108172 0105052
0111008 0105052
0111093 0105052
0111238 0105052
0111276 0105052
0112140 0105052
0111182 0105052
0105093 0105070
0105117 0105070
0105160 0105070
0105214 0105070
0105249 0105070
0107134 0105070
0108092 0105070
0108172 0105070
0111008 0105070
0111093 0105070
0111238 0105070
0111276 0105070
0112140 0105070
0111136 0105070
0111182 0105070
0105117 0105093
0105160 0105093
0105214 0105093
0105249 0105093
0107134 0105093
0107238 0105093
0108172 0105093
0111093 0105093
0111238 0105093
0111276 0105093
0111182 0105093
0105214 0105117
0105249 0105117
0107134 0105117
0107238 0105117
0108172 0105117
0111008 0105117
0111093 0105117
0111238 0105117
0111276 0105117
0111182 0105117
0107134 0105160
0108172 0105160
0105249 0105214
0107238 0105214
0108172 0105214
0111008 0105214
0111093 0105214
0111238 0105214
0111276 0105214
0111136 0105214
0111182 0105214
0107238 0105249
0108172 0105249
0111093 0105249
0111238 0105249
0111276 0105249
0107134 0106086
0108172 0106086
0111008 0106086
0111093 0106086
0111238 0106086
0111182 0106086
0108172 0107134
0111008 0107134
0111093 0107134
0111238 0107134
0112140 0107134
0111182 0107134
0108172 0107238
0111008 0107238
0111093 0107238
0111238 0107238
0111182 0107238
0108172 0108092
0111008 0108172
0111093 0108172
0111238 0108172
0111182 0108172
0111008 0111093
0111238 0111008
0111276 0111008
0112140 0111008
0111182 0111008
0111238 0111093
0111276 0111093
0112140 0111093
0111182 0111093
0111276 0111238
0112140 0111238
0111238 0111182
0112140 0111276
0111276 0111182
2:
0103171 9711200
0112045 9711200
0106113 9711200
0106191 9711200
0107134 9711200
0109213 9711200
0110007 9711200
0112226 9711200
0109057 9711200
0110031 9711200
0111008 9711200
0111238 9711200
0111182 9711200
0112152 9711200
0103171 9806146
0112045 9806146
0106113 9806146
0106191 9806146
0106247 9806146
0107134 9806146
0108119 9806146
0109213 9806146
0110007 9806146
0110108 9806146
0112226 9806146
0108172 9806146
0110031 9806146
0110062 9806146
0110064 9806146
0111008 9806146
0111093 9806146
0111238 9806146
0111182 9806146
0112066 9806146
0112152 9806146
0112045 0103171
0106113 0103171
0106184 0103171
0106191 0103171
0106247 0103171
0107134 0103171
0109213 0103171
0110007 0103171
0110108 0103171
0112226 0103171
0108172 0103171
0109057 0103171
0110031 0103171
0110062 0103171
0110064 0103171
0111093 0103171
0111238 0103171
0111182 0103171
0112066 0103171
0112152 0103171
0112045 0106109
0112045 0106113
0112045 0106184
0112045 0106191
0112045 0106247
0112045 0107134
0112045 0109213
0112045 0110007
0112045 0110108
0112226 0112045
0112045 0108172
0112045 0109057
0112045 0110031
0112045 0110062
0112045 0110064
0112045 0111008
0112045 0111093
0112045 0111238
0112045 0111182
0112066 0112045
0112093 0112045
0112152 0112045
0106191 0106109
0106247 0106109
0107134 0106109
0109213 0106109
0110007 0106109
0110108 0106109
0112226 0106109
0109057 0106109
0110031 0106109
0110062 0106109
0110064 0106109
0111093 0106109
0111238 0106109
0111182 0106109
0112093 0106109
0112152 0106109
0106184 0106113
0106191 0106113
0106247 0106113
0107134 0106113
0108119 0106113
0109213 0106113
0110007 0106113
0110108 0106113
0112226 0106113
0108172 0106113
0109057 0106113
0110031 0106113
0110062 0106113
0110064 0106113
0111008 0106113
0111093 0106113
0111238 0106113
0111182 0106113
0112066 0106113
0112093 0106113
0112152 0106113
0106247 0106184
0110007 0106184
0110108 0106184
0112226 0106184
0109057 0106184
0110031 0106184
0110064 0106184
0111093 0106184
0111238 0106184
0111182 0106184
0112152 0106184
0106247 0106191
0107134 0106191
0108119 0106191
0109213 0106191
0110007 0106191
0110108 0106191
0112226 0106191
0108172 0106191
0109057 0106191
0110031 0106191
0110062 0106191
0110064 0106191
0111008 0106191
0111093 0106191
0111238 0106191
0111182 0106191
0112066 0106191
0112093 0106191
0112152 0106191
0107134 0106247
0108119 0106247
0109213 0106247
0110007 0106247
0110108 0106247
0112226 0106247
0108172 0106247
0109057 0106247
0110031 0106247
0110062 0106247
0110064 0106247
0111008 0106247
0111093 0106247
0111238 0106247
0111182 0106247
0112066 0106247
0112093 0106247
0112152 0106247
0109213 0107134
0110007 0107134
0112226 0107134
0108172 0107134
0109057 0107134
0110031 0107134
0110064 0107134
0111008 0107134
0111093 0107134
0111238 0107134
0111182 0107134
0112093 0107134
0112152 0107134
0108119 0109213
0108119 0110007
0108119 0112226
0110062 0108119
0111008 0108119
0111093 0108119
0111238 0108119
0111182 0108119
0112066 0108119
0110007 0109213
0110108 0109213
0112226 0109213
0110031 0109213
0110062 0109213
0111008 0109213
0111093 0109213
0111238 0109213
0111182 0109213
0112066 0109213
0112152 0109213
0112226 0110007
0110007 0109057
0110031 0110007
0110062 0110007
0110064 0110007
0111008 0110007
0111093 0110007
0111238 0110007
0111182 0110007
0112066 0110007
0112093 0110007
0112152 0110007
0112226 0110108
0110108 0109057
0110108 0110031
0110108 0110062
0111008 0110108
0111093 0110108
0111238 0110108
0111182 0110108
0112066 0110108
0112093 0110108
0112152 0110108
0112226 0108172
0112226 0109057
0112226 0110031
0112226 0110062
0112226 0110064
0112226 0111008
0112226 0111093
0112226 0111238
0112226 0111182
0112226 0112066
0112226 0112093
0112226 0112152
0110031 0108172
0110062 0108172
0110064 0108172
0111008 0108172
0111093 0108172
0111238 0108172
0111182 0108172
0112152 0108172
0110031 0109057
0110062 0109057
0110064 0109057
0111008 0109057
0111093 0109057
0111238 0109057
0111182 0109057
0112093 0109057
0112152 0109057
0110062 0110031
0110064 0110031
0111008 0110031
0111093 0110031
0111238 0110031
0111182 0110031
0112152 0110031
0111008 0110062
0111093 0110062
0111238 0110062
0111182 0110062
0112066 0110062
0112152 0110062
0111008 0110064
0111238 0110064
0111182 0110064
0112152 0110064
0111008 0111093
0111238 0111008
0111182 0111008
0112066 0111008
0112093 0111008
0112152 0111008
0111238 0111093
0111182 0111093
0112066 0111093
0112093 0111093
0112152 0111093
0111238 0111182
0112093 0111238
0112152 0111238
0112066 0111182
0112093 0111182
0112152 0111182
0112152 0112066
0112152 0112093
3:
0103167 0011089
0103115 0011089
0103223 0011089
0104124 0011089
0105066 0011089
0106034 0011089
0106040 0011089
0106055 0011089
0110115 0011089
0110232 0011089
0111048 0011089
0112040 0011089
0103167 0011256
0103115 0011256
0103223 0011256
0104124 0011256
0105066 0011256
0106034 0011256
0106040 0011256
0106055 0011256
0110115 0011256
0110232 0011256
0111048 0011256
0112040 0011256
0103167 0103115
0103223 0103167
0104124 0103167
0105066 0103167
0106034 0103167
0106040 0103167
0106055 0103167
0110115 0103167
0110232 0103167
0111048 0103167
0112040 0103167
0103223 0103115
0104124 0103115
0105066 0103115
0106034 0103115
0106040 0103115
0106055 0103115
0110115 0103115
0110232 0103115
0111048 0103115
0112040 0103115
0104124 0103223
0105066 0103223
0106034 0103223
0106040 0103223
0106055 0103223
0110115 0103223
0110232 0103223
0111048 0103223
0112040 0103223
0105066 0104124
0106034 0104124
0106040 0104124
0106055 0104124
0110115 0104124
0110232 0104124
0111048 0104124
0112040 0104124
0106034 0105066
0106040 0105066
0106055 0105066
0110115 0105066
0110232 0105066
0111048 0105066
0112040 0105066
0106040 0106034
0106055 0106034
0110115 0106034
0110232 0106034
0111048 0106034
0112040 0106034
0106055 0106040
0110115 0106040
0110232 0106040
0111048 0106040
0112040 0106040
0110115 0106055
0110232 0106055
0111048 0106055
0112040 0106055
0110232 0110115
0111048 0110115
0112040 0110115
0111048 0110232
0112040 0110232
0112040 0111048
4:
0101162 0012251
0102112 0012251
0103085 0012251
0105024 0012251
0105059 0012251
0105168 0012251
0105184 0012251
0106010 0012251
0108150 0012251
0111129 0012251
0111208 0012251
0112169 0012251
0112214 0012251
0102112 0101162
0103085 0101162
0105024 0101162
0105059 0101162
0105168 0101162
0105184 0101162
0106010 0101162
0108150 0101162
0111129 0101162
0111208 0101162
0112169 0101162
0112214 0101162
0103085 0102112
0105024 0102112
0105059 0102112
0105168 0102112
0105184 0102112
0106010 0102112
0108150 0102112
0111129 0102112
0111208 0102112
0112169 0102112
0112214 0102112
0105024 0103085
0105059 0103085
0105168 0103085
0105184 0103085
0106010 0103085
0108150 0103085
0111129 0103085
0111208 0103085
0112169 0103085
0112214 0103085
0105059 0105024
0105168 0105024
0105184 0105024
0106010 0105024
0108150 0105024
0111129 0105024
0111208 0105024
0112169 0105024
0112214 0105024
0105168 0105059
0105184 0105059
0106010 0105059
0108150 0105059
0111129 0105059
0111208 0105059
0112169 0105059
0112214 0105059
0105184 0105168
0106010 0105168
0108150 0105168
0111129 0105168
0111208 0105168
0112169 0105168
0112214 0105168
0106010 0105184
0111129 0105184
0111208 0105184
0112169 0105184
0112214 0105184
0108150 0106010
0111129 0106010
0111208 0106010
0112169 0106010
0112214 0106010
0111129 0108150
0111208 0108150
0112169 0108150
0112214 0108150
0111208 0111129
0112169 0111129
0112214 0111129
0112169 0111208
0112214 0111208
0112214 0112169
