# The contained directed cliques in the directed communities at k=13
# from /Users/bogna/dev/role-mining/datasets/hepth/timeslots/cit-HepTh-2001.edges
# at no lower link weight threshold,
# and at no upper link weight threshold.
# Links were treated as directed.
# No time limit was set for the clique search.

0: 11805 11806 11807 11808 13760 14884 14885 14888 14892 16512 13761 14889 14893 16513 13762 13763 13764 13765 13766 13767 13769 13771 13768 13770 16514 16515 16516 16517 
1: 15884 15885 15887 15889 15890 15891 16852 16865 16866 16867 16869 22391 23400 15892 16649 17719 19025 19159 19295 21865 22395 22396 22405 16850 19022 19153 19154 19157 19180 16637 16651 16851 16853 16854 16855 16858 16859 16861 16862 16863 17707 17721 18998 19013 19028 19029 19158 19160 19162 19165 19166 19168 19169 19181 19185 19188 19296 23148 23149 23401 16614 16615 16616 16618 16621 16628 16629 16630 16631 16635 16636 16638 16639 16640 16641 16642 16643 16647 16650 16652 16655 16656 16658 16660 16672 16677 16678 16679 16680 16684 16691 16692 16693 16694 17684 17685 17686 17688 17698 17700 17701 17705 17706 17708 17710 17712 17713 17720 17722 17728 17747 17748 17749 17750 17761 17763 17764 18978 18980 18981 19001 19010 19011 19014 19030 19031 19032 19033 19058 19161 19171 19187 19196 21828 21850 21851 21853 21854 21867 21868 22168 22175 22178 22401 22409 22422 23151 23152 23402 23403 16619 16620 16625 16634 16657 16670 16671 17689 17699 17726 17727 17740 18979 18992 18994 18995 18996 18997 19034 19189 19193 19195 19293 21826 21827 21837 22171 22418 16623 16661 17690 17691 18983 22172 22184 16624 16626 16665 17693 18987 22188 16645 17694 22190 17715 22191 16632 16633 16646 16654 16668 17695 17696 17703 17717 18990 22428 23155 23156 23405 16653 16674 17702 17723 19004 22423 22424 16695 17716 17724 22429 23406 16688 16696 17765 21869 16667 16689 17758 21863 17737 21835 17738 17744 17730 17745 17759 21836 16673 17735 17741 17742 17743 17746 17762 19035 19036 19037 19051 19059 19190 19197 19198 21829 21838 21839 21840 16675 16676 16697 19003 19049 19050 19070 21843 21866 21842 21841 21870 17766 21864 17704 17767 19054 21871 22930 17725 19009 22931 22932 16876 19027 16864 16868 16870 16875 19002 19000 18993 18999 19023 19024 19026 19184 19194 19294 19055 19048 19056 19067 19068 19069 19170 21857 16682 16683 16685 17711 17752 17753 17755 21831 21856 21859 21860 22169 17754 17733 16663 17731 21832 17732 21830 16662 21833 19017 22170 18984 19016 19020 19019 18985 22180 22404 23150 19177 19015 19176 19012 19289 19008 19288 19291 19005 19007 19290 22419 22397 22406 22392 18989 17692 16622 17687 17714 21122 16617 16644 21121 21123 17709 21124 
2: 19864 19869 22238 19870 21269 22008 22228 22233 22236 22001 21242 21273 21274 21275 22004 22006 22011 21141 21142 21144 21237 21240 21241 21243 22005 21143 20358 20357 21238 21239 21270 21272 22230 24032 24034 21271 22229 22232 22239 22235 22241 22234 24030 22012 22013 
3: 20181 20182 
4: 20670 22712 
