# The links inside the directed communities at k=5
# from /Users/bogna/dev/role-mining/datasets/enron/timeslots/1-2002.edges
# at no lower link weight threshold,
# and at no upper link weight threshold.
# Links were treated as directed.
# No time limit was set for the clique search.

0:
1 193
1 2024
1 251
1 5
1 89
288 1
279 1
29 1
9045 1
32889 1
2024 193
247 193
193 251
89 193
193 100
193 111
193 11368
193 121
193 184
193 188
193 197
193 207
193 476
193 478
479 193
193 92
193 95
193 118
193 112
17781 193
193 277
288 193
193 401
193 8336
193 312
193 321
32907 193
8361 193
8608 193
8627 193
193 9947
193 164
165 193
193 279
193 8319
193 36461
193 29780
193 15495
193 15672
193 7813
32926 193
193 200
193 2619
193 29702
193 210
193 29921
193 181
232 193
193 32900
183 193
8327 193
193 201
193 32961
20505 193
20517 193
20523 193
35011 193
35551 193
2024 234
2024 251
2024 5
2024 89
2024 278
2024 112
2024 17781
2024 277
288 2024
2024 401
2024 8336
2024 8349
2024 172
2024 8346
8608 2024
2024 8627
10437 2024
2024 279
2024 5205
2024 235
2024 29
2024 210
181 2024
2024 32981
2024 8370
9045 2024
4182 2024
32889 2024
234 251
234 112
17781 234
234 401
247 100
247 10756
247 474
247 476
478 247
247 479
247 92
247 95
165 247
200 247
251 5
251 89
251 278
95 251
251 10345
251 10388
251 112
251 17781
251 277
251 288
251 322
251 401
251 8336
251 8349
10354 251
251 172
312 251
251 321
32873 251
7659 251
8346 251
251 8361
8595 251
8608 251
251 8627
10364 251
251 164
251 10437
251 279
5205 251
71 251
7675 251
251 8319
10459 251
251 32894
251 9820
251 29
7813 251
251 2619
251 29702
29921 251
251 181
251 232
251 32900
32961 251
251 8370
205 251
20523 251
307 251
251 9045
4182 251
32889 251
33031 251
75611 251
5 288
5 29
9045 5
32889 5
100 10756
100 111
100 11368
100 121
100 184
100 188
100 197
100 207
100 474
100 476
100 478
100 479
100 92
100 95
118 100
32907 100
165 100
33035 100
10756 197
10756 476
10756 92
10756 118
32907 10756
165 10756
10756 33035
10756 36461
10756 408
188 111
165 111
121 11368
11368 188
11368 197
207 11368
11368 476
11368 118
32907 11368
32923 11368
8361 11368
11368 8595
8608 11368
165 11368
11368 36461
11368 29780
7813 11368
32926 11368
32961 11368
121 197
207 121
476 121
121 118
121 401
121 10354
121 11381
121 172
121 29814
121 312
121 32907
121 32923
121 7659
121 8361
121 8595
121 8596
121 8608
121 9940
390 121
121 408
121 117
121 407
121 15495
121 204
121 212
121 235
29650 121
121 29784
32961 121
32981 121
9045 121
35011 121
35551 121
41792 121
188 184
165 184
188 197
188 207
188 476
188 478
188 92
188 95
8361 188
165 188
188 36461
188 29780
32961 188
197 207
197 476
197 92
197 95
197 118
197 172
29772 197
29776 197
29794 197
29821 197
32864 197
32873 197
32874 197
32907 197
8346 197
8608 197
197 33035
36461 197
197 408
197 29780
197 407
197 15495
197 204
197 212
197 235
197 29822
197 27446
197 29424
197 29769
197 29779
197 32926
197 42049
33642 197
41798 197
197 8695
183 197
8327 197
32961 197
32981 197
9045 197
35011 197
35551 197
32996 197
41792 197
207 476
207 95
207 118
32907 207
32923 207
207 8627
165 207
207 36461
207 29780
207 15495
7813 207
32926 207
207 8695
183 207
8327 207
207 8347
278 112
288 278
278 8336
278 32902
278 8627
278 279
5205 278
71 278
7675 278
8632 278
33017 278
278 32885
479 474
165 474
476 95
476 118
32907 476
165 476
33035 476
476 408
476 15495
32961 476
479 478
478 95
165 478
15672 478
200 478
29921 478
181 478
183 478
8327 478
165 479
165 92
33035 92
118 95
277 95
288 95
95 401
95 32873
95 8361
8627 95
165 95
95 15672
29 95
95 2619
29921 95
181 95
95 32900
183 95
8327 95
201 95
205 95
20505 95
20517 95
20523 95
35011 95
288 118
118 172
29772 118
29776 118
29794 118
29805 118
29814 118
29821 118
32864 118
32874 118
32923 118
32937 118
8346 118
8361 118
8608 118
8627 118
390 118
7675 118
33035 118
118 408
118 117
118 407
118 15495
118 204
118 212
118 235
118 29650
118 29822
118 7813
41798 118
8695 118
29800 118
183 118
8327 118
32961 118
32981 118
35011 118
33031 118
41792 118
10345 10388
10345 112
10345 17781
10345 277
10345 288
10345 322
10345 401
10345 8336
10345 8349
32889 10345
10388 17781
10388 277
288 10388
10388 322
10388 401
10388 8336
10388 8349
10354 10388
312 10388
32864 10388
10388 7659
8361 10388
10388 164
7675 10388
29 10388
9045 10388
32889 10388
17781 112
112 277
288 112
112 401
112 8336
10354 112
8627 112
112 10437
112 279
112 71
7675 112
10459 112
32894 112
112 70
29 112
2619 112
181 112
232 112
20505 112
20517 112
20523 112
9045 112
32889 112
17781 277
17781 288
17781 322
17781 401
17781 8336
17781 8349
10354 17781
172 17781
312 17781
17781 321
7659 17781
8361 17781
17781 8608
10459 17781
32894 17781
9820 17781
29 17781
17781 2619
17781 29921
181 17781
9045 17781
4182 17781
277 288
277 322
277 401
277 8336
277 8349
10354 277
172 277
277 29796
29821 277
312 277
321 277
277 32864
32879 277
277 32902
277 7659
277 8361
277 8608
8627 277
9947 277
277 10459
32894 277
277 29
7813 277
277 2619
277 29702
181 277
32900 277
9045 277
4182 277
32889 277
288 322
288 401
288 8336
288 8349
288 172
288 32873
288 32902
288 8627
288 164
288 279
288 71
288 7675
288 10459
288 70
29 288
288 2619
288 210
288 29921
288 181
288 8370
288 307
32889 288
322 401
8336 322
322 8349
10354 322
172 322
312 322
322 32864
7659 322
8361 322
8608 322
10459 322
32894 322
29 322
181 322
9045 322
75611 322
8349 401
10354 401
401 312
321 401
401 32864
32879 401
401 8361
401 8595
401 8608
10364 401
71 401
10459 401
32894 401
29 401
29702 401
181 401
401 8347
32961 401
205 401
9045 401
401 10369
32889 401
401 32958
8336 8349
10354 8336
172 8336
312 8336
321 8336
8336 32873
32879 8336
8336 32902
7659 8336
8361 8336
8336 8608
8336 8627
10437 8336
8336 279
8336 5205
8336 71
8336 8319
10459 8336
32894 8336
29 8336
8336 210
8336 8632
181 8336
8336 32900
20505 8336
20517 8336
20523 8336
9045 8336
32889 8336
75611 8336
10354 8349
8349 29810
312 8349
8349 32864
32873 8349
32879 8349
8349 7659
8361 8349
8349 8595
8608 8349
8349 8627
10459 8349
32894 8349
29 8349
7813 8349
181 8349
183 8349
8327 8349
8349 8347
9045 8349
8349 10369
32889 8349
75611 8349
10354 11381
10354 172
10354 29432
10354 29768
10354 29772
10354 29774
10354 29775
10354 29776
10354 29785
10354 29786
10354 29790
10354 29791
10354 29793
10354 29794
10354 29796
10354 29799
10354 29802
10354 29805
10354 29806
10354 29809
10354 29810
10354 29811
10354 29813
10354 29814
10354 29821
10354 29943
10354 312
10354 321
10354 32864
10354 32873
10354 32874
10354 32879
10354 32902
10354 32903
10354 32907
10354 32920
10354 32923
10354 32927
10354 32935
10354 32937
10354 7659
10354 7674
10354 8346
10354 8361
10354 8595
10354 8596
10354 8608
10354 8627
10354 9940
10354 9947
33031 10354
312 11381
32907 11381
32923 11381
8361 11381
8608 11381
7813 11381
32926 11381
32961 11381
172 29772
29776 172
29786 172
29791 172
172 29794
172 29796
172 29805
29806 172
172 29810
172 29814
172 29821
172 32864
172 32873
172 32874
32927 172
172 7659
7674 172
172 8346
8361 172
8608 172
172 8627
172 9947
390 172
7675 172
172 408
172 202
172 407
172 204
172 212
172 235
172 29784
172 33642
172 41798
172 8695
172 9972
183 172
8327 172
32981 172
205 172
9045 172
35011 172
32996 172
41792 172
173 29805
173 8627
173 10437
173 33011
173 42694
173 71
173 7675
173 235
173 29798
173 29820
173 42306
173 29800
173 33008
173 8632
63118 173
63186 173
29785 29432
8346 29432
8608 29432
29785 29768
29786 29768
29790 29768
29791 29768
29806 29768
32874 29768
32927 29768
7674 29768
8346 29768
8608 29768
10364 29768
29785 29772
29772 32873
32874 29772
29772 8346
8608 29772
29772 235
29772 41798
29772 8695
29785 29774
8346 29774
8608 29774
29785 29775
8346 29775
8608 29775
29785 29776
29776 32873
32874 29776
32923 29776
29776 8346
8608 29776
29776 235
7813 29776
32926 29776
29776 41798
29776 8695
29785 29786
29785 29790
29785 29791
29785 29793
29785 29799
29785 29802
29785 29805
29785 29806
29785 29809
29785 29811
29785 29813
29785 29814
29785 29943
32864 29785
29785 32873
32874 29785
29785 32920
29785 32927
29785 32935
29785 32937
29785 7674
29785 8346
8608 29785
29785 8627
10364 29785
29785 41565
33031 29785
29786 29790
29786 29791
29786 29793
29786 29802
29786 29805
29786 29806
29786 29811
29786 29813
29786 29943
32864 29786
29786 32873
32874 29786
32927 29786
29786 7674
29786 8346
8608 29786
29786 8627
29786 10364
29786 10360
29786 19602
29786 235
29786 306
29786 35011
29786 27375
29786 41793
29790 29791
29790 29793
29790 29802
29790 29806
29790 29813
32864 29790
32874 29790
29790 32927
29790 32935
29790 7674
8346 29790
29791 29793
29791 29802
29791 29805
29791 29806
29791 29813
29791 29943
29791 32873
32874 29791
29791 32927
29791 32935
29791 7674
29791 8346
29791 8595
8608 29791
29791 8627
29791 10364
29791 10360
29791 19602
29791 235
29791 306
29791 41565
29791 35011
29791 27375
29791 41793
29806 29793
32874 29793
32927 29793
7674 29793
8346 29793
8608 29793
32864 29794
29794 32873
32874 29794
29794 8346
8361 29794
8608 29794
8627 29794
29794 235
29794 41798
29794 8695
32864 29796
32874 29796
7659 29796
8346 29796
8361 29796
8608 29796
8627 29796
8346 29799
8608 29799
29806 29802
32874 29802
32927 29802
7674 29802
8346 29802
8608 29802
29806 29805
32927 29805
7674 29805
8346 29805
29805 8627
71 29805
29805 7675
212 29805
235 29805
29798 29805
29805 29800
33008 29805
33017 29805
29805 41565
45928 29805
32895 29805
29805 43050
41792 29805
63118 29805
63186 29805
29806 29813
29806 29943
29806 32873
32874 29806
32927 29806
29806 7674
29806 8346
8608 29806
29806 8627
29806 10364
29806 10360
29806 19602
29806 235
29806 306
29806 35011
29806 27375
29806 41793
8346 29809
8608 29809
32864 29810
32874 29810
7659 29810
8346 29810
8361 29810
8595 29810
8608 29810
8627 29810
8347 29810
9969 29810
32873 29811
8346 29811
8608 29811
33031 29811
32874 29813
32927 29813
7674 29813
8346 29813
8608 29813
32874 29814
7674 29814
8346 29814
8608 29814
29814 235
29814 29784
183 29814
8327 29814
29821 32873
32874 29821
7659 29821
29821 8346
8361 29821
8608 29821
29821 8627
29821 9947
29821 407
29821 235
29821 41798
32874 29943
32927 29943
7674 29943
8346 29943
8608 29943
312 321
32874 312
312 32879
312 32907
312 32923
312 7659
312 8361
312 8595
312 8596
312 8608
312 8627
312 9940
10364 312
312 7813
312 32926
312 29921
32961 312
9045 312
321 32879
321 32902
321 32903
8361 321
321 8608
321 9940
32864 32873
32864 32874
32864 32920
32923 32864
32864 7659
32864 8346
8361 32864
8608 32864
32864 8627
32864 9947
32864 235
7813 32864
32926 32864
32864 41798
32864 9972
32864 29841
33031 32864
32874 32873
32923 32873
32927 32873
7659 32873
7674 32873
32873 8346
8361 32873
32873 8608
32873 8627
32873 9947
7675 32873
212 32873
7813 32873
32873 32926
33642 32873
41798 32873
183 32873
8327 32873
205 32873
32996 32873
33031 32873
32874 32923
32874 32927
32874 32935
32874 32937
32874 7659
32874 7674
32874 8346
32874 8361
32874 8595
8608 32874
32874 8627
32874 9940
32874 9947
32874 33035
32874 29780
32874 15495
32874 212
32874 235
32874 29822
32874 27446
32874 29424
32874 29769
32874 29779
32874 32926
32874 42049
32874 41798
32874 9972
32874 29841
32874 8347
32961 32874
33031 32874
32879 32902
32879 32903
32879 8608
32879 9940
8361 32902
32902 8595
8608 32902
32902 8627
71 32902
7675 32902
29702 32902
32902 8347
32961 32902
32903 7659
32903 8361
8608 32903
8361 32907
32907 8595
8608 32907
8627 32907
32907 279
32907 33035
32907 36461
32907 408
32907 29780
32907 15495
32907 29822
32907 29424
32907 29769
32907 29779
32907 32926
32961 32907
32907 35551
8346 32920
8608 32920
32923 7659
32923 8595
32923 8596
8608 32923
32923 8627
165 32923
32923 29822
32923 7813
32923 27446
32923 29779
32923 32926
32923 29841
32923 9969
32927 7674
32927 8346
8608 32927
32927 8627
32927 10364
32927 10360
32927 19602
32927 235
32927 306
32927 35011
32927 27375
32927 41793
7674 32935
8346 32935
8608 32935
8346 32937
8608 32937
7659 8346
7659 8361
8608 7659
7659 8627
7659 9947
7813 7659
32926 7659
7659 9972
8347 7659
7674 8346
8608 7674
7674 8627
8361 8346
8608 8346
8346 8627
8346 9947
7675 8346
8346 33035
8346 29780
8346 15495
212 8346
8346 235
8346 29822
8346 27446
8346 29424
8346 29769
8346 29779
8346 32926
8346 42049
33642 8346
8346 41798
8346 8695
8346 9972
183 8346
8327 8346
8346 35011
32996 8346
33031 8346
8361 8595
8361 8596
8361 8608
8361 8627
8361 9947
8361 279
8361 235
8361 2619
8361 9972
8361 29921
183 8361
8361 8347
32961 8361
205 8361
8608 8595
8595 8627
7813 8595
32926 8595
8595 8347
8595 9969
32961 8595
8608 8596
7813 8596
32926 8596
32961 8596
8608 8627
8608 9940
8608 9947
8608 10364
8608 279
8608 10360
8608 29780
8608 15495
8608 29822
8608 29784
8608 27446
8608 29424
8608 29769
8608 29779
8608 32926
8608 2619
29702 8608
8608 8695
8608 29921
8608 29841
8608 8347
8608 9969
32961 8608
8608 32958
8627 9947
8627 10437
10438 8627
8627 279
41405 8627
42204 8627
8627 42214
42231 8627
8627 42694
5205 8627
71 8627
8627 7675
212 8627
8627 235
29798 8627
42306 8627
7813 8627
32926 8627
8627 2619
8627 29702
33642 8627
8627 9972
8627 29800
33008 8627
8627 8632
8627 8347
8627 9969
8627 32981
8627 307
33017 8627
8627 41565
45928 8627
8627 43050
32996 8627
41792 8627
63118 8627
63186 8627
10459 10364
9045 10364
32889 10364
164 279
7675 164
164 8319
164 2619
164 29702
35011 390
165 33035
165 29780
165 15495
165 15672
165 32926
165 200
10437 10438
10437 279
10437 33011
10437 41405
10437 42204
10437 42207
10437 42214
10437 42231
10437 42693
10437 42694
10437 5205
10437 63102
10437 71
10437 7675
10437 8319
8632 10437
20523 10437
33017 10437
35011 10437
41405 10438
42694 10438
7675 10438
42204 279
42694 279
5205 279
279 71
279 7675
279 8319
279 70
279 29702
279 210
8632 279
279 32900
279 8370
20505 279
279 20517
20523 279
279 307
71 33011
7675 33011
33017 33011
35011 33011
41405 42207
41405 42693
41405 42694
41405 63102
41405 7675
42694 42204
42204 7675
42693 42207
42694 42207
7675 42207
42214 42694
42214 7675
42694 42231
71 42231
42231 7675
42231 8632
35011 42231
42693 42694
42693 63102
42693 7675
7675 42694
33017 42694
5205 71
5205 8319
5205 210
8632 5205
5205 32900
20523 5205
5205 307
7675 63102
71 7675
71 8319
71 10459
71 70
71 235
71 29702
71 33008
71 8632
71 307
71 33017
71 32885
35011 71
7675 8319
7675 70
7675 235
7675 29798
7675 29820
7675 42306
7675 7813
7675 29702
7675 29800
7675 33008
7675 8632
7675 307
33017 7675
7675 41565
45928 7675
7675 32885
7675 32895
7675 43050
7675 63118
7675 63186
29702 8319
20523 8319
10459 32894
10459 9820
32889 10459
32894 9820
9045 32894
32889 32894
9045 9820
32889 9820
33035 36461
33035 408
32926 33035
36461 29780
407 408
212 408
32981 408
35011 408
41792 408
32926 29780
117 407
32961 117
41792 117
202 407
212 202
183 202
8327 202
407 204
212 407
407 235
7813 407
183 407
8327 407
32961 407
32981 407
41792 407
32926 15495
200 15672
29921 15672
212 204
29650 204
183 204
8327 204
32981 204
9045 204
212 235
212 29650
212 29800
183 212
8327 212
32981 212
29820 235
41798 235
235 29800
33008 235
32981 235
235 33017
235 41565
235 45928
9045 235
32895 235
35011 235
41792 235
63118 235
63186 235
29 8370
32889 29
75611 29
33008 29798
29798 41565
63118 29798
63186 29798
33008 29820
29820 41565
29820 32895
63118 29820
63186 29820
32926 29822
35551 29822
33008 42306
63186 42306
7813 32926
183 7813
7813 29841
8327 7813
7813 8347
7813 9969
32961 7813
32926 27446
32926 29424
32926 29769
32926 29779
32926 42049
32926 29841
32926 8347
32926 9969
35551 32926
29921 200
181 200
32900 200
29921 2619
181 2619
201 2619
205 2619
20505 2619
20517 2619
20523 2619
29921 210
181 210
32900 210
20505 210
20517 210
20523 210
41798 8695
183 8695
8327 8695
32961 8695
33008 29800
29800 41565
45928 29800
29800 43050
41792 29800
63118 29800
63186 29800
20523 8632
35011 8632
35011 306
181 29921
29921 32900
29921 201
181 232
181 32900
9045 181
20505 32900
20517 32900
20523 32900
183 8327
183 8347
183 9969
32961 183
8327 8347
8327 9969
8347 9969
32961 8347
8347 32958
32961 9969
32961 32958
20505 20517
20505 20523
20517 20523
20523 307
33017 32885
35011 33017
32895 41565
45928 43050
9045 10369
32889 9045
35011 41793
32889 10369
1:
441 11460
441 15940
441 17747
441 17973
441 3050
441 3233
441 32501
3575 441
38875 441
441 4805
441 6767
6872 441
11460 15940
11460 17747
11460 17973
11460 3050
11460 3233
11460 32501
11460 3575
11460 38875
11460 4805
11460 6767
11460 6872
17973 15940
6767 15940
17747 17973
6767 17747
17973 3050
17973 3233
17973 32501
17973 3575
17973 38875
17973 4805
17973 6767
17973 6872
6767 3050
6767 3233
6767 32501
6767 3575
6767 38875
6767 4805
6767 6872
2:
1002 142
1002 1819
1002 2879
1002 2913
1002 2965
1002 3121
1002 3697
1002 3871
1002 4064
10260 1002
123 1002
2896 1002
3665 1002
142 2913
142 2965
142 3121
142 3697
142 4064
142 151
142 19097
142 2969
142 3724
142 3850
142 4072
142 1061
142 1888
142 2050
142 2100
142 2710
142 2938
142 2972
142 3046
142 3395
142 3481
142 3655
142 874
142 2265
142 663
142 129
142 134
142 152
142 2103
142 3997
142 744
142 974
142 1070
2701 142
142 994
1811 142
142 3600
142 969
142 450
142 419
142 422
142 128
142 140
142 141
142 147
142 457
142 1494
142 123
142 13987
142 1406
142 143
142 2606
2896 142
142 2901
142 2907
2919 142
2937 142
142 2953
142 3006
142 3011
142 3028
142 3700
142 3730
3873 142
3892 142
3904 142
142 3917
142 3941
142 4116
142 418
142 446
142 5560
142 605
142 766
142 2842
1311 142
142 159
142 2827
142 3066
142 3180
142 3412
142 3695
142 1323
142 978
142 20629
142 3081
142 4050
142 4063
142 7832
142 8634
2422 142
3947 142
3897 142
3134 142
47709 142
70930 142
70953 142
99 142
2965 1819
123 1819
2896 1819
2965 2879
2879 2930
10260 2879
3724 2879
2879 795
123 2879
2896 2879
2879 2906
4019 2879
5560 2879
3735 2879
19115 2879
19136 2879
4046 2879
2958 2879
2965 2913
3121 2913
2913 4064
2913 10257
2913 2844
2913 2912
2913 2930
2913 2936
2913 2956
2913 2966
2913 2988
2913 2998
2913 10260
151 2913
17164 2913
19097 2913
2913 2969
2913 3381
2913 3724
2913 3860
4036 2913
2913 4058
5596 2913
7991 2913
2913 1061
2913 2050
2913 2938
3117 2913
3655 2913
3600 2913
2913 128
2913 140
2913 457
123 2913
2913 143
19121 2913
2896 2913
2898 2913
2937 2913
2957 2913
3385 2913
3387 2913
3585 2913
2913 3692
2913 3885
2913 3927
4012 2913
5560 2913
8052 2913
12921 2913
2913 1601
2913 3745
3734 2913
3735 2913
9203 2913
427 2913
4073 2913
2913 3916
4046 2913
3665 2913
32629 2913
2965 3121
2965 3871
2965 4064
2965 2844
2965 2912
2965 2930
2965 2936
2965 2956
2965 2966
2965 2988
2965 2998
2965 1233
2965 151
2965 19491
2965 2935
2965 2969
2965 3381
2965 3848
2965 3850
2965 3860
2965 3967
2965 3987
2965 4011
2965 4035
2965 4036
2965 4058
2965 4072
2965 938
2965 2876
2965 1061
2965 1888
2965 2050
2965 2100
2965 2710
2965 2883
2965 2884
2965 2886
2965 2938
2965 2939
2965 2960
2965 2972
2965 2986
2965 300
2965 3020
2965 3026
2965 3046
2965 3117
2965 3128
2965 3395
2965 3481
2965 3655
2965 3918
2965 874
2965 2265
2965 663
2965 134
2965 2103
2965 3997
2965 611
2965 744
2965 1070
2965 2701
2965 1811
2965 3015
2965 3600
2965 969
2965 3148
2965 3050
2965 3406
450 2965
2965 1415
2965 4071
2965 1213
2965 1414
2965 1521
2965 1526
2965 3118
2965 3163
2965 3839
2965 419
2965 4212
2965 4213
2965 422
2965 799
2965 3533
2965 3699
2965 1522
2965 1523
2965 3158
2965 4820
2965 3160
2965 3974
2965 3167
2965 11543
2965 24246
2965 3039
2965 141
2965 457
2965 1178
2965 1494
2965 1524
2965 1525
2965 1814
2965 2161
2965 544
2965 972
2965 123
2965 1010
2965 1343
2965 1367
2965 1406
2965 143
2965 1536
2965 1607
2965 19121
2965 2049
2965 2052
2965 2102
2965 2162
2965 2333
2965 2516
2965 2517
2965 2518
2965 2519
2965 2606
2965 2608
2965 2663
2965 2839
2965 2846
2965 2848
2965 2849
2965 2860
2965 2862
2965 2864
2965 2867
2965 2868
2965 2870
2965 2872
2965 2873
2965 2874
2965 2875
2965 2877
2965 2878
2965 2887
2965 2888
2965 2889
2965 2891
2965 2895
2965 2896
2965 2898
2965 2900
2965 2901
2965 2904
2965 2905
2965 2906
2965 2907
2965 2914
2965 2915
2965 2919
2965 2921
2965 2922
2965 2925
2965 2927
2965 2933
2965 2934
2965 2937
2965 2943
2965 2944
2965 2947
2965 2950
2965 2953
2965 2954
2965 2957
2965 2961
2965 2962
2965 2973
2965 2975
2965 2977
2965 2978
2965 2983
2965 2987
2965 2990
2965 2991
2965 2994
2965 2997
2965 2999
2965 3006
2965 3011
2965 3012
2965 3013
2965 3017
2965 3018
2965 3021
2965 3028
2965 3029
2965 3030
2965 3031
2965 3032
2965 3033
2965 3034
2965 3035
2965 3036
2965 3037
2965 3038
2965 3040
2965 3041
2965 3042
2965 3043
2965 3044
2965 3045
2965 3047
2965 3048
2965 3049
2965 3051
2965 3052
2965 3053
2965 3054
2965 3055
2965 3056
2965 3057
2965 3058
2965 3059
2965 3060
2965 3089
2965 3129
2965 3135
2965 3138
2965 3140
2965 3141
2965 3142
2965 3143
2965 3145
2965 3146
2965 3147
2965 3149
2965 3152
2965 3153
2965 3154
2965 3155
2965 3156
2965 3157
2965 3161
2965 31644
2965 3191
2965 3194
2965 3382
2965 3385
2965 3387
2965 3539
2965 3546
2965 3561
2965 3566
2965 3570
2965 3576
2965 3583
2965 3585
2965 3609
2965 3648
2965 3666
2965 3692
2965 3700
2965 3701
2965 3709
2965 3728
2965 3729
2965 3730
2965 3731
2965 3756
2965 3837
2965 3838
2965 3840
2965 3842
2965 3870
2965 3873
2965 3878
2965 3880
2965 3883
2965 3885
2965 3886
2965 3887
2965 3888
2965 3890
2965 3892
2965 3898
2965 3899
2965 3904
2965 3905
2965 3906
2965 3908
2965 3909
2965 3911
2965 3912
2965 3917
2965 3923
2965 3927
2965 3928
2965 3932
2965 3935
2965 3941
2965 3944
2965 3945
2965 3946
2965 3948
2965 3955
2965 3956
2965 3957
2965 3958
2965 3959
2965 3960
2965 3961
2965 3962
2965 3963
2965 3965
2965 3966
2965 3969
2965 3970
2965 3972
2965 3973
2965 3975
2965 3976
2965 3977
2965 3982
2965 3983
2965 3985
2965 3986
2965 3988
2965 3991
2965 3992
2965 3995
2965 3996
2965 3998
2965 3999
2965 4000
2965 4001
2965 4002
2965 4004
2965 4005
2965 4006
2965 4007
2965 4008
2965 4010
2965 4012
2965 4014
2965 4015
2965 4016
2965 4017
2965 4018
2965 4019
2965 4020
2965 4021
2965 4023
2965 4024
2965 4026
2965 4028
2965 4029
2965 4030
2965 4031
2965 4033
2965 4034
2965 4038
2965 4039
2965 4040
2965 4041
2965 4062
2965 4065
2965 4066
2965 4067
2965 4116
2965 4143
2965 418
2965 4215
2965 446
2965 4506
2965 5560
2965 5640
2965 604
2965 605
2965 766
2965 8052
2965 2827
2965 3180
2965 3412
2965 1323
2965 518
2965 3123
2965 3735
2965 607
2965 746
2965 3133
2965 1352
2965 2909
2965 2945
2965 3081
2965 3409
2965 3862
2965 3863
2965 2964
2965 2946
2965 2908
2965 2871
2965 2924
2965 2979
2965 3845
2965 3866
2965 3939
2965 3665
2965 2859
2965 2893
2965 2942
2965 2974
2965 2993
2965 3176
2965 3947
2965 3727
2965 287
2965 3131
2965 3168
2965 3169
2965 3174
2965 3175
2965 3177
2965 3178
2965 3179
2965 3323
2965 2952
2965 2992
2965 2920
2965 2958
2965 3402
2965 3405
2965 3408
2965 3433
2965 3753
2965 3868
2965 3897
2965 3910
2965 3934
2965 3847
2965 3854
2965 3858
2965 949
3121 3697
3121 4064
3121 2930
3121 2988
2998 3121
3121 10260
3121 1233
3121 151
3121 19088
3121 19091
3121 3077
3121 3381
3121 3724
3121 3848
3121 3860
3121 3968
3121 3971
3121 3987
3121 4011
3121 4035
3121 4036
3121 4058
3121 4072
3121 4163
3121 5024
3121 5596
3121 6018
3121 7369
3121 7714
3121 7716
3121 7719
3121 7721
3121 7838
3121 7991
3121 8355
3121 8381
1061 3121
3600 3121
19121 3121
2896 3121
2898 3121
3121 3585
3121 3692
3886 3121
3121 3905
3121 3972
4015 3121
5560 3121
1335 3121
3121 3123
3735 3121
3121 9203
19115 3121
3121 15523
19136 3121
3916 3121
4046 3121
3286 3121
3697 4064
10260 3697
3697 151
3697 3724
3697 3987
3655 3697
419 3697
4853 3697
1522 3697
19121 3697
2896 3697
2898 3697
2919 3697
3692 3697
3886 3697
3995 3697
4024 3697
4033 3697
4034 3697
5560 3697
12921 3697
1601 3697
8634 3697
4073 3697
3665 3697
4839 3697
3871 4064
3724 3871
1811 3871
3163 3871
3699 3871
123 3871
19121 3871
3871 2516
3871 2517
2896 3871
3871 3013
3871 3021
3871 3583
3905 3871
5560 3871
12921 3871
3735 3871
3871 4429
4073 3871
19115 3871
19136 3871
4046 3871
4064 2930
2988 4064
4064 10260
4064 1233
4064 151
4064 15943
17164 4064
19097 4064
4064 3381
4064 3724
4064 3860
4064 3968
4064 3987
4064 4011
4036 4064
4064 4058
4064 5024
5596 4064
795 4064
4064 7991
1061 4064
4064 2972
3117 4064
4064 3655
3600 4064
4064 419
3533 4064
4064 3699
4064 4853
4064 53258
123 4064
19121 4064
4064 2516
2606 4064
2896 4064
2898 4064
4064 2907
2919 4064
4064 3011
4064 3048
4064 3147
4064 3585
4064 3692
4064 3886
4064 3899
3905 4064
4064 3911
4064 3912
4064 3932
3972 4064
4064 3975
4064 3985
4064 3995
4064 4010
4064 4015
4064 4024
4064 4033
4034 4064
4065 4064
4064 4067
5560 4064
4064 766
8052 4064
12921 4064
4064 1601
4064 1335
4064 3691
4064 9203
4064 985
427 4064
4064 8634
4064 4073
3283 4064
3866 4064
3665 4064
4064 6210
32629 4064
4064 3891
3286 4064
4839 4064
35487 4064
4064 35531
4064 7696
4064 5373
99 4064
9982 151
9982 152
744 9982
385 9982
3695 9982
8634 9982
4073 9982
11667 126
12446 126
133 126
135 126
125 126
1311 126
10257 2844
10257 2912
10257 2930
10257 2936
10257 2956
10257 2966
10257 2988
10257 2998
3724 10257
2957 10257
3385 10257
3387 10257
2844 2912
2844 2930
2844 2936
2844 2956
2844 2998
2844 10260
2844 2935
3724 2844
3971 2844
123 2844
2896 2844
2927 2844
2844 2944
2957 2844
2844 2990
3385 2844
3387 2844
2844 3728
2844 3883
3905 2844
2844 3912
4010 2844
2844 4012
2844 4065
4143 2844
5560 2844
3735 2844
19115 2844
2844 19136
4046 2844
2844 3024
2844 2852
2844 2853
2844 2951
2844 3727
2844 3881
2844 6110
3286 2844
2912 2930
2912 2936
2912 2956
2912 2966
2988 2912
2912 2998
2912 10260
2912 2969
2912 3724
2912 3971
2912 5596
2912 2265
2912 1063
123 2912
2896 2912
2912 2944
2954 2912
2912 3040
3385 2912
2912 3692
2912 3709
2912 3728
2912 3412
2912 3745
2912 3734
2912 3735
9203 2912
2912 3916
2912 2852
2912 6110
2920 2912
3671 2912
6735 2912
2930 2936
2930 2956
2930 2966
2930 2988
2930 2998
2930 10260
2930 1233
2930 15943
2930 3077
2930 3724
2930 3848
2930 3860
2930 3967
2930 3971
2930 3987
2930 4035
2930 4036
2930 4703
2930 5024
2930 5596
2930 795
2930 7991
2930 2050
2930 3026
2930 3128
2930 1063
123 2930
2930 2849
2896 2930
2930 2906
2930 2921
2927 2930
2934 2930
2937 2930
2930 2943
2930 2944
2930 2954
2930 2957
2930 2991
2930 2999
2930 3053
3385 2930
2930 3387
2930 3585
2930 3692
2930 3756
2930 3885
2930 3905
2930 3912
2930 3927
2930 3945
2930 3948
2930 3992
4010 2930
2930 4012
2930 4030
4033 2930
2930 4065
2930 4067
2930 4143
2930 12921
2930 1601
2930 3745
2930 3123
3735 2930
2930 6592
2930 8216
19136 2930
2930 3283
3866 2930
2930 3916
4046 2930
2930 2993
2930 2882
2930 2928
3753 2930
2930 6158
2930 10246
2930 3286
2930 3305
2930 6735
2936 2956
2936 2966
2936 2988
2936 2998
10260 2936
2936 3724
2936 3971
2936 5596
2936 2876
2936 2050
2936 2265
2936 1063
123 2936
2936 2895
2896 2936
2936 2921
2936 2922
2937 2936
2936 2944
2936 2954
2936 2957
2936 2991
3385 2936
3387 2936
2936 3692
2936 3709
2936 3992
2936 4012
2936 418
2936 3745
2936 3734
2936 3735
9203 2936
2936 6592
18266 2936
2936 8214
8216 2936
2936 2979
3916 2936
2936 2852
2936 2951
2936 6110
2936 2882
2936 3753
6735 2936
6052 2936
2956 2966
2956 2988
2956 2998
10260 2956
3724 2956
2956 5024
2956 1061
123 2956
2896 2956
2956 2944
2954 2956
2957 2956
3385 2956
3387 2956
4019 2956
3734 2956
3735 2956
2956 3916
2956 2852
2956 6110
3286 2956
6735 2956
2966 2998
3724 2966
3971 2966
123 2966
2896 2966
2957 2966
2999 2966
3385 2966
3387 2966
3905 2966
3972 2966
2966 4004
2966 4016
4065 2966
4143 2966
5560 2966
3735 2966
19115 2966
19136 2966
2979 2966
3916 2966
4046 2966
2988 2998
2988 1233
3724 2988
2988 3848
2988 3967
2988 3971
2988 3987
2988 4011
2988 4036
123 2988
2988 2849
2896 2988
2988 2957
3385 2988
3387 2988
2988 3905
2988 3912
2988 3975
2988 4033
2988 3283
3866 2988
2988 3286
2988 3305
10260 2998
3724 2998
2998 3971
2998 2876
2998 2938
123 2998
2998 2878
2896 2998
2998 2944
2954 2998
2957 2998
2998 2994
3385 2998
3387 2998
2998 3585
2998 3692
2998 3729
2998 3730
3905 2998
2998 3944
2998 3975
2998 3996
2998 4004
5560 2998
1335 2998
3735 2998
2998 3762
2998 19115
2998 17250
2998 19114
19136 2998
2998 3916
2998 4046
2998 2852
2998 6110
2882 2998
2998 2952
3286 2998
10260 1233
10260 151
10260 15943
10260 17164
10260 19088
10260 19091
10260 19097
10260 2918
10260 2969
10260 3077
10260 3381
10260 3704
10260 3724
10260 3848
10260 3860
10260 3968
10260 3971
10260 3987
10260 4011
10260 4035
10260 4036
10260 4058
10260 4072
10260 4163
10260 4703
10260 5024
10260 5596
10260 6018
10260 7369
10260 7714
10260 7716
10260 7719
10260 7721
10260 7838
10260 795
10260 7991
10260 8355
10260 8381
4033 10260
1335 10260
9203 10260
427 10260
2969 1233
3987 1233
4072 1233
3020 1233
123 1233
2937 1233
3012 1233
4033 1233
1335 1233
151 19091
151 19097
2918 151
3381 151
3704 151
151 3724
151 3850
4703 151
151 5024
5596 151
7991 151
9313 151
1061 151
151 2100
3117 151
151 3481
151 3655
151 134
151 152
151 744
419 151
11667 151
151 128
151 130
135 151
151 140
151 147
151 437
151 457
151 123
151 13987
151 143
151 2896
151 2900
2901 151
151 2907
151 3692
3892 151
3995 151
4215 151
5560 151
125 151
151 153
151 385
444 151
1311 151
3562 151
151 3695
13358 151
20629 151
151 4050
151 8634
3409 151
151 4073
3665 151
4703 15943
7991 15943
17164 19088
17164 19097
17164 4703
17164 5024
5596 17164
17164 7721
7991 17164
5596 19088
7991 19088
4703 19091
5596 19091
19097 4703
19097 5024
19097 7721
19097 7991
19097 744
19097 140
385 19097
1311 19097
3695 19097
19097 427
8634 19097
19097 4073
4072 19491
123 19491
2896 19491
4703 2918
7991 2918
123 2935
2896 2935
2957 2935
3385 2935
3387 2935
4010 2935
4143 2935
5596 2969
7991 2969
2969 1061
1888 2969
2969 2050
2960 2969
2972 2969
3020 2969
3026 2969
2969 3046
2969 3117
2969 3395
3481 2969
3600 2969
2969 419
2969 422
2969 457
123 2969
1343 2969
2969 143
2049 2969
2969 2606
2896 2969
2907 2969
2919 2969
2962 2969
2969 3035
3055 2969
3057 2969
3566 2969
3965 2969
2969 446
1311 2969
2827 2969
3066 2969
3412 2969
17334 2969
2964 2969
17963 2969
2946 2969
2924 2969
2422 2969
2969 3947
2969 2920
3405 2969
3134 2969
3671 2969
5596 3077
7991 3077
3381 4703
5596 3381
123 3381
1335 3381
3704 4703
7991 3704
3724 3987
3724 5024
3724 795
7991 3724
3724 3481
3918 3724
3724 152
744 3724
3724 3699
3724 4853
3724 3692
4019 3724
385 3724
3695 3724
3734 3724
3724 427
20629 3724
3724 8634
4073 3724
2924 3724
3286 3724
3848 3860
4036 3848
5596 3848
7991 3848
3585 3848
3905 3848
5560 3848
3735 3848
19115 3848
19136 3848
3848 3916
4046 3848
3850 5560
1311 3850
3850 3695
3850 4050
3850 7832
3987 3860
4036 3860
5596 3860
7991 3860
3585 3860
3905 3860
4010 3860
446 3860
5560 3860
1601 3860
3860 3180
3735 3860
17169 3860
19115 3860
19136 3860
3916 3860
4046 3860
7968 3860
3860 3178
949 3860
35531 3860
3967 3987
3967 4036
123 3967
2896 3967
3967 3585
3967 3975
5560 3967
3967 3123
3968 3971
3968 3987
5596 3968
7991 3968
2896 3968
3886 3968
3975 3968
3968 3985
4010 3968
3968 4033
3968 6210
4839 3968
35531 3968
3971 3987
3971 4036
2896 3971
2937 3971
3971 2957
3971 3692
3971 3905
3971 3912
3971 4010
3971 4065
4143 3971
5560 3971
3971 4047
3916 3971
3286 3971
3987 4011
3987 4035
3987 5024
3987 5596
3987 7991
3987 3699
3987 4853
123 3987
3987 2516
3987 2606
3987 2872
2896 3987
3886 3987
3987 3905
3912 3987
3987 3927
3987 3932
3987 3975
3987 3985
3987 3991
3995 3987
3987 4010
3987 4015
4024 3987
3987 4033
3987 4067
4143 3987
5560 3987
1601 3987
3987 3123
3735 3987
3987 746
3987 4047
19115 3987
19136 3987
3987 3283
3866 3987
3916 3987
4046 3987
3987 4642
3987 6210
3987 3891
4839 3987
3987 35486
3987 35487
3987 35531
3987 7696
3987 5373
4011 4058
5596 4011
123 4011
2896 4011
3886 4011
3905 4011
4011 3975
3991 4011
3995 4011
4010 4011
4011 3891
35531 4011
4011 7696
4011 5373
5596 4035
2103 4035
123 4035
2896 4035
3972 4035
5560 4035
3735 4035
4050 4035
19115 4035
19136 4035
4046 4035
3286 4035
5596 4036
2103 4036
123 4036
2896 4036
4036 2957
4036 3585
4036 3905
4036 3912
3972 4036
4036 4033
5560 4036
8052 4036
3735 4036
4050 4036
19115 4036
4036 19136
4046 4036
32629 4036
5596 4058
7991 4058
123 4058
2896 4058
4010 4058
35531 4058
5596 4072
4072 6018
1061 4072
3117 4072
3600 4072
4072 123
2896 4072
2900 4072
2937 4072
4072 3585
4072 8052
1311 4072
32629 4072
5596 4163
7991 4163
5596 4703
7991 4703
744 4703
385 4703
3695 4703
8634 4703
4073 4703
5596 5024
7991 5024
3975 5024
5024 4033
1335 5024
9203 5024
427 5024
5596 6018
5596 7369
5596 7714
5596 7716
5596 7719
5596 7721
5596 7838
5596 7991
5596 8355
5596 8381
5596 2957
5596 3387
5596 3905
5596 3912
5596 3985
5596 4033
5596 9203
5596 3283
5596 3286
5596 3305
6018 7721
7991 7369
7991 7714
7991 7716
7991 7719
7991 7721
9203 7721
7991 7838
7991 8355
7991 8381
7991 3387
3975 7991
7991 4033
7991 5373
744 9313
385 9313
1311 9313
3695 9313
9313 8634
4073 9313
1061 938
3918 938
123 938
2896 938
2919 938
2937 938
1352 938
2964 938
2920 938
2938 2876
2876 3395
123 2876
2876 2878
2876 2887
2896 2876
2876 2907
2919 2876
2876 2934
2876 2994
2876 3048
3762 2876
2964 2876
2876 2952
2992 2876
1061 1888
1061 2050
1061 2100
1061 2710
1061 2883
1061 2884
1061 2886
1061 2938
1061 2939
1061 2960
1061 2972
1061 2986
1061 300
1061 3020
1061 3026
1061 3046
1061 3117
1061 3128
1061 3351
1061 3395
1061 3481
1061 3655
1061 3918
1061 874
123 1061
1343 1061
2896 1061
2907 1061
2919 1061
2937 1061
3028 1061
3904 1061
3965 1061
1311 1061
2827 1061
3066 1061
2964 1061
17963 1061
2924 1061
2422 1061
2920 1061
3134 1061
2100 1888
1888 2938
1888 2939
2960 1888
3351 1888
3918 1888
1888 874
1888 422
2896 1888
2907 1888
2937 1888
3904 1888
3965 1888
1888 446
1311 1888
1888 2827
1323 1888
1888 2945
2964 1888
17963 1888
1888 2908
1888 3165
1888 3166
2422 1888
2992 1888
2920 1888
3134 1888
2050 2938
2050 2960
2050 2972
2050 3020
3026 2050
2050 3046
2050 3481
2050 1526
2050 419
2050 1494
123 2050
1343 2050
2050 143
2050 2049
2896 2050
2050 2905
2907 2050
2919 2050
2050 2934
2937 2050
2050 2962
2050 2973
2050 2983
2050 3054
2050 3058
2050 3059
3965 2050
2050 418
1311 2050
2050 2827
3066 2050
2050 2909
2964 2050
17963 2050
2924 2050
2050 2979
2050 2859
2050 2893
2050 2942
2050 2974
2422 2050
2100 2883
2100 2938
2100 3020
3117 2100
2100 874
2100 134
2100 2103
2100 974
1070 2100
2100 2701
2100 994
2100 3015
3600 2100
969 2100
2100 450
2100 422
141 2100
123 2100
2100 2606
2896 2100
2900 2100
2919 2100
3006 2100
2100 3021
2100 3028
2100 3031
3873 2100
4116 2100
2100 605
2100 2842
1311 2100
2100 2827
2100 3412
1323 2100
70930 2100
3117 2710
141 2710
123 2710
2606 2710
2896 2710
2900 2710
2919 2710
2937 2710
3886 2710
1311 2710
1323 2710
3897 2710
70930 2710
2883 2972
2883 3020
3655 2883
2883 2701
2883 3015
969 2883
2883 422
2883 3533
2883 3039
123 2883
2883 2516
2883 2517
2883 2518
2883 2519
2883 2606
2883 2862
2883 2873
2896 2883
2898 2883
2883 2915
2883 3011
2883 3012
2883 3013
2883 3017
2883 3021
3028 2883
2883 3031
2883 3032
2883 3033
2883 3034
2883 3035
2883 3036
2883 3037
2883 3038
2883 3044
2883 3045
2883 3047
2883 3048
2883 3051
2883 3060
2883 3089
2883 3129
2883 3140
2883 3143
2883 3147
2883 3149
2883 3152
2883 3155
2883 3156
2883 3539
2883 3546
2883 3561
2883 3576
2883 3583
2883 3609
2883 3648
2883 3666
2883 3970
2883 446
2883 766
2946 2883
2883 3016
2992 2883
2883 3150
2883 3151
2883 3159
2883 3645
2884 2939
2972 2884
3918 2884
123 2884
2896 2884
2907 2884
2919 2884
2937 2884
2884 3035
2945 2884
2964 2884
2920 2884
2960 2886
2896 2886
2907 2886
2937 2886
2964 2886
2960 2938
2938 2972
3020 2938
2938 3026
2938 3395
2938 3481
2938 450
422 2938
123 2938
2938 1010
2938 13987
2938 143
2938 2878
2896 2938
2938 2907
2919 2938
2925 2938
2937 2938
2938 2994
2938 3028
3873 2938
3904 2938
3965 2938
2938 446
1311 2938
2827 2938
3066 2938
2938 3762
2964 2938
17963 2938
2938 3165
2924 2938
2422 2938
2938 3947
2938 2952
2992 2938
2938 3134
2939 3128
3918 2939
123 2939
2939 143
2939 2887
2896 2939
2907 2939
2919 2939
2939 3035
2939 3585
2939 4215
2964 2939
2920 2939
2960 3046
3655 2960
2960 874
2960 2850
2960 2049
2960 2839
2960 2846
2960 2848
2896 2960
2898 2960
2960 2905
2960 2934
2960 2962
2960 2983
2960 3006
2960 3058
2960 3059
2960 418
2960 2842
2960 2827
2960 3412
2946 2960
2960 2974
2992 2960
3918 2972
2972 419
2972 123
2972 143
2896 2972
2972 2900
2972 2901
2972 2907
2972 2953
2978 2972
3055 2972
2972 446
3351 2986
3918 2986
123 2986
2896 2986
2919 2986
3965 2986
2964 2986
2920 2986
2896 300
2937 300
2964 300
2920 300
3046 3020
3117 3020
3020 2701
1811 3020
3020 3015
3020 419
3020 141
3020 457
123 3020
1343 3020
3020 143
2516 3020
3020 2606
2896 3020
3020 2907
2919 3020
3020 2937
3020 3011
3020 3013
3020 3021
3020 3030
3020 3036
3020 3038
3045 3020
3020 3048
3020 3140
3020 3147
3020 3583
3020 3585
3020 3666
3020 3886
4024 3020
3020 418
4215 3020
3020 766
1311 3020
17334 3020
2964 3020
3600 3026
123 3026
2896 3026
3026 3006
4143 3026
123 3046
1343 3046
3046 143
2896 3046
2907 3046
2919 3046
2937 3046
3006 3046
3046 3040
3046 3041
3046 3042
3046 3043
3046 3049
3046 3052
3046 3053
3046 3054
3046 3055
3046 3056
3046 3566
3046 3570
17334 3046
2964 3046
3046 3176
3046 3134
11667 3117
3117 128
3117 457
123 3117
2896 3117
2898 3117
2937 3117
125 3117
3918 3128
3406 3128
123 3128
2896 3128
2919 3128
2937 3128
3128 3054
2964 3128
2920 3128
3351 3918
3351 3965
2701 3395
3158 3395
123 3395
2606 3395
2839 3395
2896 3395
2994 3395
3013 3395
3018 3395
3035 3395
3036 3395
3481 3918
3481 3406
3481 2878
2896 3481
3481 3965
4019 3481
5560 3481
3481 2909
3481 3762
3481 2871
3481 2924
3481 2979
3481 3894
3481 3939
3481 2859
3481 2893
3481 2942
2422 3481
3481 2952
3481 2958
3481 3402
3481 3405
3481 3408
3481 3433
3481 3753
3481 3868
3481 3910
3481 3934
3481 3467
3655 134
123 3655
3655 143
3655 2608
2896 3655
2898 3655
3655 766
3412 3655
2896 3918
3965 3918
4019 3918
3918 2871
2924 3918
3918 3894
4046 3918
2958 3918
3918 3433
3753 3918
3918 3868
3918 3910
3918 3934
3918 3467
2896 874
2907 874
2937 874
1311 874
1323 874
3081 874
2920 874
3134 874
969 2265
141 2265
2896 2265
3965 2265
1311 2265
1323 2265
518 2265
978 2265
70930 2265
1077 663
1811 663
969 663
422 663
141 663
1794 663
2606 663
2896 663
2919 663
3147 663
3886 663
1311 663
1323 663
1335 663
70930 663
3745 1063
129 11667
12446 129
128 129
129 135
140 129
129 147
129 148
149 129
4458 129
129 2365
129 4554
47709 129
969 134
3163 134
123 134
2896 134
2900 134
1311 134
3665 134
744 152
152 11667
135 152
5560 152
125 152
385 152
1311 152
3562 152
152 3695
152 13358
152 8634
4073 152
123 2103
2606 2103
2103 2874
2103 2875
2896 2103
2900 2103
2103 2961
3011 2103
2103 3972
2103 3996
2103 4015
2103 4024
2103 4034
2103 4038
2103 4041
5560 2103
1311 2103
1323 2103
2103 4050
2103 4063
4073 2103
2103 19139
2103 4053
2103 4642
3600 3997
123 3997
2896 3997
2900 3997
2937 3997
2701 611
123 611
2896 611
2907 611
123 744
744 143
2896 744
2900 744
744 153
385 744
1311 744
744 3562
744 3695
744 4430
1323 744
20629 744
744 8634
4073 744
2896 974
1323 974
1070 2701
1070 994
2896 1070
3886 1070
2701 1811
2701 969
2701 3050
2701 1814
123 2701
2701 2606
2896 2701
2701 2907
2919 2701
2701 3017
2701 3028
2701 3036
3048 2701
3060 2701
3155 2701
3156 2701
3157 2701
2701 3561
2701 3585
3886 2701
2701 3923
2701 3927
2701 4215
2701 5640
2701 766
765 2701
2701 746
2701 985
2964 2701
3016 2701
3600 994
969 994
141 994
2896 994
1311 994
1323 994
518 994
70930 994
1077 1811
1077 3015
1077 969
422 1077
2606 1077
2896 1077
2919 1077
3886 1077
1335 1077
1811 3015
1811 969
1811 3163
1811 419
1811 422
3533 1811
1811 1522
1811 1523
1811 457
1811 1178
1811 549
123 1811
1811 143
1811 2516
1811 2606
2896 1811
2919 1811
1811 3021
1811 3031
1811 3034
1811 3141
1811 3147
3561 1811
1811 3648
3886 1811
1811 5640
1811 766
1811 4278
1811 765
1811 4429
1811 2316
1811 796
1811 4428
969 3015
123 3015
3015 2606
2896 3015
2907 3015
2919 3015
3048 3015
3157 3015
4024 3015
1311 3015
2964 3015
123 3600
2896 3600
3600 3191
3600 3731
3600 3885
3600 3890
3600 3898
3600 3927
3600 3941
4143 3600
3163 969
969 419
969 422
3533 969
1523 969
969 141
969 457
969 1178
969 544
969 549
123 969
969 143
969 2606
2896 969
2907 969
2919 969
969 3561
969 3965
969 4506
969 5640
969 604
969 766
125 969
1311 969
969 159
969 985
70930 969
3148 3158
3160 3148
3148 1814
123 3148
2896 3148
3148 3153
3148 22222
31655 3148
123 3050
2896 3050
3048 3050
3050 3060
2964 3050
2850 2839
2846 2850
2896 2850
2919 2850
2937 2850
3054 2850
2850 2842
3002 2850
2896 3406
3406 3052
3406 3053
3406 3054
3406 3055
2924 3406
3406 3939
3406 3408
3406 3753
1311 450
450 3165
450 3947
2992 450
450 3134
11527 1815
11527 4071
3163 11527
4213 11527
22222 11527
11529 1415
3163 1415
419 1415
422 1415
3158 1415
1178 1415
1494 1415
1794 1415
123 1415
2896 1415
2907 1415
2937 1415
3837 1415
3842 1415
3886 1415
4024 1415
4034 1415
1335 1415
22222 1415
3163 1815
419 1815
4213 1815
422 1815
3167 1815
1178 1815
1494 1815
1794 1815
2896 1815
3837 1815
3842 1815
3886 1815
4033 1815
4278 1815
1335 1815
22222 1815
3163 4071
4213 4071
3974 4071
3167 4071
1178 4071
1494 4071
4071 1794
123 4071
2896 4071
4071 2950
3155 4071
3837 4071
3840 4071
3886 4071
4034 4071
4071 545
22222 4071
11529 1521
11529 1526
11529 3119
11529 3163
11529 419
11529 4212
11529 4213
11529 422
11529 799
1335 11529
22222 11529
422 1213
123 1213
2896 1213
3842 1213
3886 1213
3163 1414
1178 1414
1494 1414
123 1414
2907 1414
2937 1414
3837 1414
3842 1414
22222 1414
1521 1526
3163 1521
4213 1521
1178 1521
1494 1521
123 1521
2937 1521
3837 1521
3842 1521
3886 1521
22222 1521
3163 1526
1526 419
1178 1526
1494 1526
123 1526
2896 1526
2937 1526
1526 3145
3837 1526
3842 1526
3886 1526
1311 1526
22222 1526
422 3118
3118 3158
1178 3118
123 3118
2896 3118
3837 3118
3842 3118
4213 3119
3119 422
1523 3119
2896 3119
3842 3119
22222 3119
3163 419
3163 4212
3163 4213
3163 422
3163 799
3163 1522
3163 1523
3163 3158
3163 1178
3163 1524
3163 1525
3163 1794
3163 549
3163 634
123 3163
2896 3163
3837 3163
3842 3163
3163 3906
3163 3985
3163 4278
3163 4430
1335 3163
3163 1341
3163 2316
3163 796
3163 4428
22222 3163
1178 3839
1494 3839
123 3839
2896 3839
2937 3839
3837 3839
3842 3839
3886 3839
419 4212
419 4213
419 422
419 799
419 1522
419 1523
419 3158
4820 419
419 1043
419 457
419 1178
1494 419
419 1524
419 1525
419 1794
419 1814
419 123
1343 419
419 143
419 2606
2896 419
419 2907
2919 419
3585 419
3837 419
3842 419
3886 419
419 4033
419 446
125 419
1311 419
3066 419
419 3695
4278 419
1335 419
419 545
419 4428
22222 419
4213 4212
422 4212
1178 4212
1794 4212
123 4212
2907 4212
2919 4212
3842 4212
3886 4212
1335 4212
22222 4212
422 4213
1522 4213
1178 4213
1794 4213
123 4213
2907 4213
3837 4213
3842 4213
3886 4213
22222 4213
422 799
422 3533
422 1522
422 1523
422 4820
141 422
422 457
422 1178
422 1524
422 1525
422 1794
422 1814
422 123
422 143
422 1607
422 2333
422 2516
422 2606
422 2608
422 2663
2896 422
422 2907
2919 422
422 2977
422 3028
422 3029
422 3030
422 3031
422 3032
422 3033
422 3034
422 3141
422 3142
422 3145
3147 422
422 3840
3842 422
4033 422
422 446
422 604
422 766
1311 422
1323 422
1335 422
422 545
422 796
2964 422
22222 422
70930 422
1523 799
1794 799
123 799
2896 799
2907 799
2919 799
3842 799
4278 799
1335 799
22222 799
3533 3699
53258 3533
123 3533
3533 2516
3533 2517
2896 3533
3533 3030
3533 3031
3533 3032
3533 3033
3533 3034
3533 3147
3533 3561
3533 3583
3533 3648
4024 3533
3533 766
4853 3699
123 3699
2896 3699
3699 3692
3886 3699
3905 3699
3975 3699
3995 3699
4015 3699
4024 3699
4034 3699
5560 3699
12921 3699
3735 3699
4073 3699
19115 3699
19136 3699
4046 3699
4839 3699
35487 3699
4853 2516
4853 3147
4853 3692
3886 4853
4853 3932
3995 4853
4853 766
4853 35487
53258 2516
53258 766
11538 1522
11538 1523
11538 4820
24246 11538
22222 11538
1522 1523
1522 4820
1522 3974
1522 11543
1522 24246
1522 1178
1494 1522
1522 1524
1522 1525
1794 1522
123 1522
2896 1522
1522 2977
3837 1522
3842 1522
3886 1522
4033 1522
1522 4034
4278 1522
1335 1522
22222 1522
4820 1523
11543 1523
24246 1523
1178 1523
1494 1523
1523 1524
1523 1794
1523 634
123 1523
2896 1523
2907 1523
3145 1523
3837 1523
3842 1523
3886 1523
3985 1523
4033 1523
4278 1523
1335 1523
1523 796
22222 1523
1494 3158
1524 3158
1525 3158
1814 3158
123 3158
2896 3158
3158 3161
3837 3158
3158 3838
3886 3158
3158 4278
22222 3158
4820 3974
4820 24246
1178 4820
4820 1524
4820 1525
4820 1814
4820 3723
4820 972
123 4820
4820 2864
2896 4820
4820 2907
4820 2977
3837 4820
4820 3838
3886 4820
4820 3985
4820 4015
4033 4820
4820 22222
1178 1043
1494 1043
972 1043
22222 1043
3160 1814
3160 5204
123 3160
2896 3160
2950 3160
3160 3146
3160 3153
3160 3154
3160 3161
3886 3160
22222 3160
31655 3160
123 3974
2896 3974
3145 3974
3837 3974
22222 3974
1178 3167
123 3167
2896 3167
2907 3167
2919 3167
3837 3167
3842 3167
3886 3167
22222 3167
11543 24246
123 11543
22222 11543
123 24246
2896 24246
3837 24246
24246 3985
22222 24246
123 3039
2896 3039
3039 3143
3039 3152
3039 3546
3886 3039
11667 12446
11667 128
11667 130
11667 133
11667 135
11667 138
11667 140
11667 141
11667 147
11667 148
11667 149
11667 150
11667 3
11667 437
11667 4458
11667 457
125 11667
12446 128
12446 133
12446 140
12446 141
125 12446
133 128
128 135
140 128
141 128
149 128
3 128
143 128
125 128
1311 128
2365 128
4554 128
47709 128
135 130
140 130
149 130
4458 130
135 133
133 138
133 812
133 125
1311 133
135 138
135 140
135 141
135 147
135 148
135 149
135 150
135 3
135 437
135 457
135 812
125 135
1311 135
2365 135
149 138
3 138
4458 138
125 138
1311 138
140 141
140 147
140 149
140 150
140 437
4458 140
2365 140
4554 140
47709 140
141 457
141 1794
123 141
141 143
2896 141
2900 141
2937 141
141 446
1311 141
2365 141
141 1323
141 518
141 978
141 545
47709 141
70930 141
70953 141
147 148
4458 147
47709 147
4458 148
149 150
149 3
149 437
4458 149
4458 150
4458 3
125 437
444 437
1311 437
123 457
143 457
2606 457
2896 457
2937 457
446 457
125 457
1311 457
159 457
3180 457
47709 457
70953 457
1178 1494
1178 1524
1178 1525
1178 1794
1178 1814
1178 2161
1178 3723
1178 544
1178 549
1178 634
1178 972
123 1178
2896 1178
22222 1178
1494 1524
1494 1525
1494 1814
1494 972
123 1494
1494 2162
2896 1494
2907 1494
2937 1494
1494 2950
1494 3135
1494 3138
1494 4024
4034 1494
1494 766
22222 1494
1525 1524
1794 1524
123 1524
2896 1524
2907 1524
2937 1524
3837 1524
3842 1524
3886 1524
4033 1524
4278 1524
1335 1524
22222 1524
1525 1794
123 1525
2896 1525
2907 1525
2937 1525
3837 1525
3842 1525
3886 1525
4033 1525
4278 1525
1335 1525
22222 1525
1794 1814
2896 1794
3145 1794
3837 1794
3842 1794
3886 1794
4278 1794
1794 1335
1794 545
22222 1794
70930 1794
1814 2161
1814 3723
1814 5204
123 1814
1814 2864
1814 2888
1814 2896
1814 3146
1814 3153
1814 3154
1814 3161
3837 1814
1814 3840
1814 3842
3886 1814
1814 3985
1814 4033
22222 1814
31655 1814
123 2161
2896 2161
22222 3723
2896 3990
3972 3990
4024 3990
4034 3990
5204 3153
22222 5204
123 544
2896 544
544 2983
634 4278
634 4430
634 616
1335 634
634 1341
634 2316
634 3164
634 4428
22222 634
123 972
2896 972
22222 972
123 1010
123 1343
123 1367
123 13987
123 1406
123 143
123 1536
123 1607
123 19121
123 2049
123 2052
123 2102
123 2162
123 2333
123 2516
123 2517
123 2518
123 2519
123 2606
123 2608
123 2663
123 2839
123 2846
123 2848
123 2849
123 2860
123 2862
123 2864
123 2867
123 2868
123 2870
123 2872
123 2873
123 2874
123 2875
123 2877
123 2878
123 2887
123 2888
123 2889
123 2891
123 2895
123 2896
123 2898
123 2900
123 2901
123 2904
123 2905
123 2906
123 2907
123 2914
123 2915
123 2919
123 2921
123 2922
123 2925
123 2927
123 2933
123 2934
123 2937
123 2943
123 2944
123 2947
123 2950
123 2953
123 2954
123 2957
123 2961
123 2962
123 2973
123 2975
123 2977
123 2978
123 2983
123 2987
123 2990
123 2991
123 2994
123 2997
123 2999
123 3006
123 3011
123 3012
123 3013
123 3017
123 3018
123 3021
123 3028
123 3029
123 3030
123 3031
123 3032
123 3033
123 3034
123 3035
123 3036
123 3037
123 3038
123 3040
123 3041
123 3042
123 3043
123 3044
123 3045
123 3047
123 3048
123 3049
123 3051
123 3052
123 3053
123 3054
123 3055
123 3056
123 3057
123 3058
123 3059
123 3060
123 3089
123 3129
123 3135
123 3138
123 3140
123 3141
123 3142
123 3143
123 3145
123 3146
123 3147
123 3149
123 3152
123 3153
123 3154
123 3155
123 3156
123 3157
123 3161
123 31644
123 3191
123 3194
123 3382
123 3385
123 3387
123 3539
123 3546
123 3561
123 3566
123 3570
123 3576
123 3583
123 3585
123 3609
123 3648
123 3666
123 3692
123 3700
123 3701
123 3709
123 3728
123 3729
123 3730
123 3731
123 3756
123 3837
123 3838
123 3840
123 3842
123 3870
123 3873
123 3878
123 3880
123 3883
123 3885
123 3886
123 3887
123 3888
123 3890
123 3892
123 3898
123 3899
123 3904
123 3905
123 3906
123 3908
123 3909
123 3911
123 3912
123 3917
123 3923
123 3927
123 3928
123 3932
123 3935
123 3941
123 3944
123 3945
123 3946
123 3948
123 3955
123 3956
123 3957
123 3958
123 3959
123 3960
123 3961
123 3962
123 3963
123 3965
123 3966
123 3969
123 3970
123 3972
123 3973
123 3975
123 3976
123 3977
123 3982
123 3983
123 3985
123 3986
123 3988
123 3991
123 3992
123 3995
123 3996
123 3998
123 3999
123 4000
123 4001
123 4002
123 4004
123 4005
123 4006
123 4007
123 4008
123 4010
123 4012
123 4014
123 4015
123 4016
123 4017
123 4018
123 4019
123 4020
123 4021
123 4023
123 4024
123 4026
123 4028
123 4029
123 4030
123 4031
123 4033
123 4034
123 4038
123 4039
123 4040
123 4041
123 4062
123 4065
123 4066
123 4067
123 4116
123 4143
123 418
123 4215
123 446
123 4506
123 5560
123 5640
123 604
123 605
123 766
123 8052
1311 123
20629 123
70953 123
2896 1010
2907 1010
2919 1010
2937 1010
1343 143
1343 2162
2896 1343
2937 1343
1343 3048
1343 418
1343 766
1343 3180
1343 3133
1343 3662
2896 1367
2898 1367
1311 13987
2896 1406
3892 1406
1323 1406
2049 143
2052 143
143 2606
2896 143
2901 143
2919 143
2937 143
2953 143
2962 143
3006 143
3055 143
3585 143
143 446
1311 143
159 143
3066 143
3412 143
1323 143
20629 143
2964 143
3176 143
47709 143
70953 143
2896 1536
2937 1536
3892 1536
5560 1536
2896 1607
2964 1607
2898 19121
19121 3665
2896 2049
2907 2049
2919 2049
2937 2049
2964 2049
3176 2049
2896 2052
3048 2052
2964 2052
2896 2102
2900 2102
3972 2102
2162 2937
446 2162
3180 2162
2162 3845
2162 7968
2162 8023
3176 2162
3179 2162
3854 2162
949 2162
2896 2333
3985 2333
2606 2516
2516 2872
2896 2516
2907 2516
2919 2516
2516 3013
3021 2516
3147 2516
3155 2516
3886 2516
3905 2516
2516 4015
2516 4024
2516 4034
5560 2516
2516 766
12921 2516
3735 2516
2516 4429
19115 2516
19136 2516
4046 2516
35487 2516
2606 2517
2896 2517
2517 3012
3013 2517
3021 2517
3147 2517
3155 2517
3886 2517
4024 2517
2896 2518
3147 2518
3155 2518
3886 2518
4024 2518
3155 2519
3886 2519
2896 2606
2606 2907
2915 2606
2606 2919
2937 2606
2947 2606
2606 3011
2606 3012
2606 3021
2606 3028
2606 3048
2606 3147
2606 3155
2606 3157
3585 2606
3886 2606
2606 3927
2606 4024
4215 2606
2606 446
2606 604
2606 605
2606 766
1311 2606
3695 2606
2606 765
1335 2606
2964 2606
2606 3947
99 2606
2896 2608
2898 2608
3028 2608
2896 2663
2964 2663
2846 2839
2896 2839
2907 2839
2919 2839
2937 2839
2839 2842
2839 3002
2846 2848
2896 2846
2919 2846
2937 2846
2846 3054
2846 3887
2846 2842
3002 2846
2896 2848
2907 2848
2919 2848
2848 2927
2937 2848
2964 2848
2992 2848
2896 2849
2849 2921
5560 2849
2896 2860
5560 2860
2896 2862
3048 2862
5560 2862
2896 2864
2864 3161
4015 2864
5560 2864
2896 2867
5560 2867
2896 2868
5560 2868
2896 2870
5560 2870
2896 2872
4024 2872
4033 2872
5560 2872
2896 2873
3048 2873
5560 2873
2896 2874
5560 2874
4050 2874
2896 2875
5560 2875
4050 2875
4046 2875
2896 2877
5560 2877
2896 2878
2957 2878
2994 2878
3387 2878
2924 2878
6110 2878
2878 2992
2958 2878
2896 2887
2887 3012
2887 3054
2896 2888
2896 2889
2898 2889
2896 2891
2957 2891
3385 2891
3387 2891
2896 2895
2934 2895
2957 2895
3385 2895
3387 2895
2882 2895
2896 2898
2896 2900
2896 2901
2896 2904
2896 2905
2896 2906
2896 2907
2896 2914
2896 2915
2896 2919
2896 2921
2896 2922
2896 2925
2896 2927
2896 2933
2896 2934
2896 2937
2896 2943
2896 2944
2896 2947
2896 2950
2896 2953
2896 2954
2896 2957
2896 2961
2896 2962
2896 2973
2896 2975
2896 2977
2896 2978
2896 2983
2896 2987
2896 2990
2896 2991
2896 2994
2896 2997
2896 2999
2896 3006
2896 3011
2896 3012
2896 3013
2896 3017
2896 3018
2896 3021
2896 3028
2896 3029
2896 3030
2896 3031
2896 3032
2896 3033
2896 3034
2896 3035
2896 3036
2896 3037
2896 3038
2896 3040
2896 3041
2896 3042
2896 3043
2896 3044
2896 3045
2896 3047
2896 3048
2896 3049
2896 3051
2896 3052
2896 3053
2896 3054
2896 3055
2896 3056
2896 3057
2896 3058
2896 3059
2896 3060
2896 3129
2896 3135
2896 3138
2896 3140
2896 3143
2896 3145
2896 3146
2896 3147
2896 3149
2896 3152
2896 3153
2896 3154
2896 3155
2896 3156
2896 3157
2896 3161
2896 31644
2896 3191
2896 3194
2896 3382
2896 3539
2896 3561
2896 3566
2896 3576
2896 3583
2896 3585
2896 3648
2896 3666
2896 3692
2896 3701
2896 3709
2896 3728
2896 3729
2896 3730
2896 3731
2896 3837
2896 3838
2896 3840
2896 3842
2896 3870
2896 3873
2896 3878
2896 3880
2896 3883
2896 3885
2896 3886
2896 3887
2896 3888
2896 3890
2896 3892
2896 3898
2896 3899
2896 3904
2896 3905
2896 3906
2896 3908
2896 3909
2896 3911
2896 3912
2896 3917
2896 3923
2896 3927
2896 3928
2896 3932
2896 3935
2896 3941
2896 3944
2896 3945
2896 3946
2896 3948
2896 3955
2896 3956
2896 3957
2896 3958
2896 3959
2896 3960
2896 3961
2896 3962
2896 3963
2896 3965
2896 3966
2896 3969
2896 3970
2896 3972
2896 3973
2896 3975
2896 3976
2896 3977
2896 3982
2896 3983
2896 3985
2896 3986
2896 3988
2896 3991
2896 3992
2896 3995
2896 3996
2896 3998
2896 3999
2896 4000
2896 4001
2896 4002
2896 4004
2896 4005
2896 4006
2896 4007
2896 4008
2896 4010
2896 4012
2896 4014
2896 4015
2896 4016
2896 4017
2896 4018
2896 4019
2896 4020
2896 4021
2896 4023
2896 4024
2896 4026
2896 4028
2896 4029
2896 4030
2896 4031
2896 4033
2896 4034
2896 4038
2896 4039
2896 4040
2896 4041
2896 4062
2896 4065
2896 4066
2896 4067
2896 4116
2896 418
2896 4215
2896 4506
2896 5560
2896 604
2896 766
2896 8052
2896 2827
2896 3412
2896 1323
2896 978
2896 3123
2896 545
2896 746
2896 985
2896 3662
2896 1352
2896 2909
2896 2945
2896 3081
2896 4050
2896 4063
2896 3409
2896 4073
2896 4047
2896 2964
2896 2946
2896 2908
2896 3165
2896 2871
2896 2924
2896 2979
2896 3894
2896 3916
2896 3939
2896 4046
2896 3665
2896 2859
2896 2893
2896 2942
2896 2974
2896 4053
2896 2993
2896 3947
2896 2951
2896 3727
2896 2882
2896 2861
2896 2952
2896 2992
2896 2928
2896 3150
2896 3151
2896 3159
2896 2920
2896 2958
2896 32629
2896 3402
2896 3405
2896 3408
2896 3433
2896 3661
2896 3753
2896 3868
2896 3891
2896 3897
2896 3910
2896 3934
2896 6158
2898 2904
2898 2919
2898 3692
2898 3873
2898 3892
2898 3995
2898 4073
2898 3665
2901 2900
2953 2900
2900 5560
2900 4050
2901 2907
2953 2901
2907 2905
2919 2905
2964 2905
2953 2907
2907 2978
2907 3006
2907 3011
2907 3017
2907 3018
2907 3021
2907 3028
2907 3030
2907 3141
2907 3147
2907 3700
2907 4215
2907 446
2907 605
2907 766
2907 2827
2907 3412
2907 3176
2907 287
2907 3169
2907 3174
2907 3175
2907 3178
3892 2914
3147 2915
2919 2934
2919 2962
2919 2973
2919 2978
2919 2983
2919 2994
2919 2997
2919 3006
2919 3011
2919 3012
2919 3018
2919 3021
2919 3028
2919 3031
2919 3040
2919 3041
2919 3042
2919 3043
2919 3049
2919 3052
2919 3053
2919 3054
2919 3056
2919 3057
2919 3058
2919 3059
2919 3141
2919 3142
2919 3147
2919 418
2919 766
2919 765
2919 746
2919 985
2946 2919
2919 2974
2919 3002
2919 3134
2957 2921
2999 2921
3385 2921
3387 2921
3753 2921
6158 2921
6735 2921
4019 2922
2934 2927
2957 2927
3385 2927
3387 2927
2882 2927
6735 2927
2937 2933
2934 2954
2934 2962
2934 2999
2934 3052
2934 3058
2964 2934
2934 2882
2934 2928
2937 2977
2937 2987
2937 3006
2937 3012
2937 3013
2937 3017
2937 3018
2937 3021
2937 3029
2937 3035
2937 3036
2937 3037
2937 3038
2937 3041
2937 3042
2937 3043
2937 3045
2937 3047
2937 3048
2937 3049
2937 3051
2937 3052
2937 3054
2937 3055
2937 3056
2937 3059
2937 3060
2937 3135
2937 3138
2937 3140
2937 3143
2937 3147
2937 3152
2937 3156
2937 3157
2937 3546
2937 3566
2937 3570
2937 3585
2937 3756
2937 3909
2937 3923
2937 3941
2937 3948
2937 418
2937 766
2937 2842
2937 2827
2937 3180
2937 5423
2937 3133
2937 3662
2937 2945
2937 3081
2937 17334
2937 2908
2937 3016
2937 2993
2937 3176
2937 3002
2937 3174
2937 3175
2937 3177
2937 3178
2937 3179
2937 3323
2937 8007
2957 2944
3385 2944
3387 2944
18266 2944
2944 8214
2944 8216
2852 2944
6110 2944
3753 2944
3286 2944
2944 6735
2947 3147
4034 2950
2957 2954
3385 2954
3387 2954
2882 2954
2957 2975
2957 2990
2957 2991
2957 2999
2957 3053
2957 3385
3387 2957
2957 6592
2957 18266
2957 8214
2957 8216
2957 3024
2957 2853
2957 2951
2957 3727
2957 3881
2957 6110
2957 2882
2957 2928
2957 3753
2957 6158
2957 10246
2957 6735
2957 19122
2957 6052
2964 2962
2964 2973
3385 2975
3387 2975
3161 2977
22222 2977
3018 2978
2920 2978
3054 2983
2964 2983
3385 2990
3387 2990
2999 2991
3385 2991
3387 2991
3753 2991
6735 2991
2994 3762
2964 2994
2992 2994
3385 2999
3387 2999
2999 3992
2882 2999
2999 3753
2999 6158
6735 2999
3006 3191
3006 8052
1311 3006
3006 2964
3048 3011
1311 3011
99 3011
3048 3012
3546 3012
3666 3012
3886 3012
4024 3012
2964 3012
3176 3012
3013 3017
3013 3021
3013 3036
3013 3038
3013 3140
3155 3013
3013 3583
3013 3666
3886 3013
3013 3908
3013 4429
2964 3013
3028 3017
3017 3037
3060 3017
3147 3017
3156 3017
3886 3017
3017 985
2964 3017
3017 3016
3055 3018
2920 3018
3021 3583
3886 3021
3021 4429
3028 3060
3886 3028
605 3028
2964 3028
2964 3029
3030 3031
3030 3032
3030 3033
3030 3034
3030 3666
605 3030
2964 3030
3147 3031
3886 3031
605 3031
2964 3031
4858 3031
3147 3032
605 3032
2964 3032
3147 3033
3837 3033
3842 3033
605 3033
2964 3033
3034 3147
605 3034
3034 766
2964 3034
2964 3035
3036 3037
3060 3036
3036 3157
3666 3036
3886 3036
2964 3036
3036 3016
3147 3037
3157 3037
3886 3037
2964 3037
3666 3038
2964 3038
2964 3040
2920 3040
3053 3041
3566 3041
17334 3041
2964 3041
3053 3042
3054 3042
3566 3042
17334 3042
2964 3042
3053 3043
3043 3054
3566 3043
17334 3043
2964 3043
3048 3044
3886 3044
2964 3044
3045 3140
2964 3045
3048 3047
2964 3047
3048 3051
3048 3060
3048 3089
3157 3048
3048 3539
3048 3648
4024 3048
4034 3048
3048 766
3048 3662
2964 3048
3566 3049
2964 3049
2964 3051
3053 3052
3566 3052
17334 3052
2964 3052
3053 3054
3385 3053
3387 3053
3566 3053
3053 3570
17334 3053
2964 3053
2882 3053
3661 3053
3054 3055
3566 3054
17334 3054
3054 2964
3054 2861
3661 3054
2964 3055
2920 3055
2945 3056
2964 3056
2920 3056
2964 3057
2920 3057
2964 3058
2964 3059
3060 3156
3060 3561
2964 3060
3060 3016
3886 3129
3837 3135
3842 3135
3837 3138
3842 3138
3147 3140
3666 3140
3886 3140
3886 3141
605 3141
3152 3143
1335 3145
22222 3145
3147 3149
3155 3147
3147 3157
3147 3561
3147 3576
3147 3583
3147 3609
3147 3648
3886 3147
4024 3147
3147 605
3147 766
3147 3150
3147 3151
3147 3159
3147 3645
3147 4858
3576 3149
3609 3149
3886 3149
3151 3149
3886 3152
3153 3161
3837 3153
22222 3153
31655 3153
3155 3561
3155 3583
3886 3155
4024 3155
3155 985
3155 3150
3156 3016
3886 3157
3157 3016
3886 3161
22222 3161
5560 31644
4143 3191
5560 3194
3972 3382
3735 3382
19115 3382
4046 3382
3385 3387
3385 6592
3385 18266
3385 8214
3385 8216
3385 3024
3385 2852
3385 2853
3385 2951
3385 3727
3385 3881
3385 6110
3385 2882
3385 2928
3385 3753
3385 6158
3385 10246
3385 6735
3385 19122
3385 6052
3387 6592
3387 18266
3387 8214
3387 8216
3387 3024
3387 2853
3387 2951
3387 3727
3387 3881
3387 6110
3387 2882
3387 2928
3387 3753
3387 6158
3387 10246
3387 6735
3387 19122
3387 6052
3886 3546
3886 3561
4024 3561
3561 4034
3561 5640
3566 3570
3566 3955
3972 3566
5560 3566
4050 3566
2964 3566
3566 2861
2964 3570
3576 3609
3886 3576
3576 3151
3576 3159
3576 3645
3886 3583
4024 3583
3585 3905
3585 3975
3585 4033
5560 3585
8052 3585
3735 3585
19115 3585
3585 19136
3916 3585
4046 3585
32629 3585
3886 3609
3609 3151
3609 3159
3609 3645
3886 3648
3886 3666
3666 3176
3692 3728
3692 3729
3886 3692
3905 3692
3692 3932
3944 3692
3972 3692
4015 3692
4024 3692
4033 3692
4034 3692
5560 3692
12921 3692
1335 3692
3734 3692
3735 3692
4073 3692
19115 3692
19136 3692
3916 3692
4046 3692
3286 3692
3905 3701
4143 3701
5560 3701
3735 3701
19115 3701
19136 3701
4046 3701
3905 3728
5560 3728
3735 3728
19115 3728
19136 3728
4046 3728
3905 3729
5560 3729
3735 3729
19115 3729
19136 3729
3916 3729
4046 3729
3286 3729
3905 3730
5560 3730
3735 3730
19115 3730
19136 3730
3916 3730
4046 3730
3286 3730
4143 3731
3837 3842
3837 3985
3837 545
22222 3837
3842 3838
22222 3842
3972 3870
3905 3878
3972 3878
5560 3878
3735 3878
19115 3878
19136 3878
4046 3878
3286 3878
3886 3880
3995 3880
4143 3885
3735 3885
3916 3885
4046 3885
3905 3886
3886 3911
3886 3928
3886 3935
3972 3886
3886 3975
3886 3986
3995 3886
5560 3886
3886 605
3886 766
1601 3886
3886 3691
3735 3886
3886 545
3886 746
3886 985
3886 4429
19115 3886
19136 3886
4046 3886
3886 4863
3886 4862
3886 3016
3886 3176
3886 3150
3886 4858
3286 3886
3886 4839
3972 3888
4143 3890
5560 3890
4143 3898
3912 3899
3905 3944
3905 3945
3905 3972
3905 3975
3905 3996
3905 4015
3905 4016
3905 4028
3905 4031
3905 4033
3905 4038
3905 4041
3905 4143
3905 5560
3905 5604
3905 3691
3905 3735
3905 17169
3905 3863
3905 19115
3905 15523
3905 17124
3905 17250
3905 17251
3905 18249
3905 19114
3905 19136
3905 19137
3905 19138
3905 2924
3905 2979
3905 3283
3905 3866
3905 3894
3905 3939
3905 4046
3905 4781
3905 4863
3905 7934
3905 17162
3905 4862
3905 19139
3905 3286
3905 3305
35486 3905
3995 3911
3911 985
4033 3912
4143 3927
19115 3927
3916 3927
4046 3927
3995 3928
3995 3932
5560 3932
3735 3932
19115 3932
19136 3932
3916 3932
4046 3932
35487 3932
3995 3935
4116 3941
5560 3944
3735 3944
19115 3944
19136 3944
3916 3944
4046 3944
4143 3945
5560 3945
3735 3945
19115 3945
19136 3945
4046 3945
3972 3946
4143 3948
5560 3955
3972 3956
5560 3956
3972 3957
5560 3957
4050 3957
19115 3957
4046 3957
5560 3958
5560 3959
5560 3960
3972 3961
3972 3962
5560 3962
4050 3962
19115 3962
4046 3962
5560 3963
3965 3412
3965 3762
3965 2924
3965 2979
2422 3965
3965 3405
3995 3966
3972 3969
5560 3969
4050 3969
5560 3970
3972 3983
3972 3998
3972 4004
3972 4006
3972 4015
3972 4016
3972 4024
3972 4028
3972 4029
3972 4031
3972 4034
3972 4039
3972 4041
3972 4062
5560 3972
3972 3691
3972 3734
3972 3735
4050 3972
3972 4063
3972 17169
3972 3863
19115 3972
3972 15523
3972 17124
3972 17251
19136 3972
3972 19137
3972 3283
3972 4046
3972 19139
3972 4053
3972 4642
3972 3286
5560 3973
3995 3975
4010 3975
5560 3975
3735 3975
19115 3975
3975 19136
3916 3975
4046 3975
3975 3891
35531 3975
3975 7696
3975 5373
5560 3976
5560 3977
5560 3982
5560 3983
4010 3985
22222 3985
6210 3985
4839 3985
35531 3985
3995 3986
5560 3988
4050 3988
19115 3988
4046 3988
4033 3991
5560 3991
3992 4012
5560 3992
3995 4018
3995 3891
3995 4839
3995 7696
3995 5373
5560 3996
4050 3996
19115 3996
4046 3996
4781 3996
4010 3998
5560 3998
5560 3999
5560 4000
5560 4001
5560 4002
4143 4004
5560 4004
4050 4004
3916 4004
4046 4004
5560 4005
5560 4006
5560 4007
5560 4008
4010 4012
4010 4015
4024 4010
4010 4033
4010 4065
4010 4067
5560 4010
4010 6210
4010 3891
35487 4010
4010 35531
4010 7696
4010 5373
5560 4012
4050 4012
19115 4012
4046 4012
5560 4014
4024 4015
4143 4015
5560 4015
4050 4015
3283 4015
5560 4016
5560 4017
5560 4019
4019 2924
4019 2979
4019 2958
4019 3405
4019 3467
5560 4020
5560 4021
5560 4023
4024 4034
4024 766
4050 4024
4024 17169
5560 4026
4143 4028
5560 4028
3735 4028
19115 4028
19136 4028
4046 4028
5560 4029
4050 4029
5560 4030
5560 4031
19115 4031
4046 4031
4033 4067
1335 4033
3283 4033
3866 4033
22222 4033
6210 4033
4839 4033
35531 4033
5560 4034
4034 766
4050 4034
4034 17169
19115 4034
4046 4034
5560 4038
4050 4038
4046 4038
5560 4039
5560 4040
5560 4041
4050 4041
19115 4041
4046 4041
5560 4065
3286 4065
5560 4066
5560 4067
5560 4143
3735 4143
19136 4143
3866 4143
4143 3916
4046 4143
1311 418
2964 418
3409 4215
1311 446
446 2827
446 3180
446 518
446 607
446 3133
446 3862
446 3845
7968 446
446 3176
446 287
446 3130
446 3131
446 3132
446 3168
446 3169
446 3170
446 3172
446 3173
446 3174
446 3175
446 3177
446 3178
446 3179
446 3323
446 3844
446 3847
446 3854
446 3858
446 8031
70930 446
385 5560
5560 12921
5560 5604
5560 3695
5560 3735
5560 4050
5560 7832
4073 5560
5560 4047
5560 17169
5560 3863
5560 19115
5560 15523
5560 17124
5560 17250
5560 17251
5560 18249
5560 19114
5560 19136
5560 19137
5560 19138
5560 2871
5560 2924
5560 2979
5560 3283
5560 3866
5560 3894
5560 3939
5560 4046
5560 4781
5560 4863
5560 7934
5560 17162
5560 4862
5560 19139
5560 4053
5560 4642
5560 32629
5560 35486
5560 35487
5560 35531
4858 605
2964 766
8052 32629
125 812
1311 812
125 444
1311 125
385 153
1311 153
3695 153
8634 153
4073 153
1311 2842
2827 2842
3002 2842
385 3562
385 3695
385 4430
385 13358
385 8634
1311 444
1311 159
1311 2827
1311 3066
1311 3180
1311 3412
1311 3562
1311 3695
47709 4554
3286 12921
3735 5604
19115 5604
19136 5604
4046 5604
70953 159
1323 2827
2964 2827
17963 2827
3176 2827
2422 2827
2992 2827
2920 2827
3134 2827
3180 5423
3180 518
3180 607
3180 3133
3180 7968
3180 3176
287 3180
3180 3168
3180 3169
3180 3174
3180 3175
3180 3177
3180 3178
3847 3180
3854 3180
3858 3180
3180 949
1323 3412
3412 2945
3412 3409
3412 2908
2920 3412
3671 3412
3695 3562
8634 3562
4073 3562
3695 4430
7832 3695
3695 8634
4073 3695
9203 3745
4278 4430
1335 4278
4278 1341
2316 4278
4278 3164
4278 4428
1335 4430
2316 4430
8634 4430
4428 4430
5423 8023
5423 3176
5423 287
5423 3131
5423 3168
5423 3174
5423 3175
5423 3177
5423 3178
5423 3179
5423 3323
5423 8007
5423 8009
3854 5423
5423 8031
616 1341
616 2316
616 4428
1323 518
1323 978
70930 1323
70953 1323
7968 518
3854 518
949 518
70930 518
70930 978
1335 1341
1335 3734
1335 3735
1335 545
1335 9203
3286 1335
2316 1341
4428 1341
19115 3123
4046 3123
19136 3691
4046 3691
3734 3735
3286 3734
3735 17169
3735 3863
3735 19115
3735 15523
3735 17124
3735 17250
3735 17251
3735 18249
3735 19114
3735 19136
3735 19137
3735 19138
3735 2871
3735 2924
3735 2979
3735 3283
3735 3866
3735 3894
3735 3939
3735 4046
3735 4781
3735 4863
3735 7934
3735 17162
3735 4862
3286 3735
22222 545
70930 545
607 287
3854 607
949 607
3016 985
8634 13358
7968 3133
3847 3133
949 3133
2964 1352
2992 1352
2920 1352
2924 2909
2422 3762
2992 3762
2316 3164
2316 4428
2964 2945
2920 2945
4050 4063
4050 7832
4073 4050
4050 17169
4050 19115
4050 19136
4050 4046
4050 4781
4050 17162
4050 19139
4050 4053
4050 4642
4050 32629
2920 3409
7968 3862
3862 3176
3862 3179
3854 3862
949 3862
4428 3164
17169 3863
19115 17169
19136 17169
4046 17169
3286 17169
19115 3863
19136 3863
4046 3863
3286 3863
17334 2964
2946 2964
2964 2908
2964 2974
2964 2861
2992 2964
2964 3661
2946 2992
2946 2920
18266 8214
18266 8216
6735 18266
2920 2908
3165 3166
2992 3165
2920 3165
3165 3134
2992 3166
2920 3166
19115 15523
19115 17124
19115 17250
19115 17251
19115 18249
19115 19114
19115 19136
19115 19137
19115 19138
19115 2871
19115 2924
19115 2979
19115 3283
19115 3866
19115 3894
19115 3916
19115 3939
19115 4046
19115 4781
19115 4863
19115 7934
19136 15523
4046 15523
19136 17124
4046 17124
3286 17124
19136 17250
3916 17250
4046 17250
19136 17251
4046 17251
19136 18249
4046 18249
19136 19114
3916 19114
4046 19114
19136 19137
19136 19138
19136 2871
19136 2924
19136 2979
19136 3283
19136 3866
19136 3894
19136 3939
19136 4046
19136 4781
19136 4863
19136 7934
19136 17162
19136 4862
4046 19137
4046 19138
4046 2871
2924 2979
2924 3894
2924 3939
4046 2924
2924 2859
2924 2893
2924 2942
2924 2952
2924 3402
2924 3405
2924 3408
2924 3433
2924 3753
2924 3868
2924 3910
2924 3934
4046 2979
2958 2979
4046 3283
3283 4642
3286 3283
3283 35486
3283 35487
7968 3845
3179 3845
949 3845
4046 3866
4046 3894
3916 4046
4046 3939
3753 3939
4046 4781
4046 4863
4046 7934
4046 17162
4046 4862
4046 19139
4046 4053
4046 4642
4046 4839
35486 4642
7968 3176
7968 287
7968 3130
7968 3131
7968 3132
7968 3168
7968 3169
7968 3170
7968 3172
7968 3173
7968 3174
7968 3175
7968 3177
7968 3178
7968 3179
7968 3323
7968 3844
7968 3847
7968 3854
7968 3858
7968 949
7968 8031
8023 3176
287 8023
3179 8023
3854 8023
8031 8023
4839 6210
35531 6210
287 3176
3176 3131
3176 3132
3176 3168
3176 3174
3176 3175
3176 3177
3176 3178
3176 3179
3176 3323
3176 8007
3176 3847
3854 3176
3858 3176
949 3176
8031 3176
2852 6110
3753 2853
6735 6110
2882 2928
287 3130
287 3131
287 3132
287 3168
287 3169
287 3170
287 3172
287 3173
287 3174
287 3175
287 3177
287 3178
287 3179
287 3323
287 3844
287 8007
287 8009
949 287
8031 287
3854 3130
949 3130
8031 3130
3854 3131
949 3131
8031 3131
8007 3132
3854 3132
949 3132
8031 3132
8007 3168
3854 3168
949 3168
8031 3168
3854 3169
949 3169
8031 3169
3854 3170
949 3170
8031 3170
3854 3172
949 3172
8031 3172
3854 3173
949 3173
8031 3173
3179 3174
3323 3174
8007 3174
3858 3174
949 3174
8031 3174
3175 3178
3179 3175
3854 3175
949 3175
8031 3175
3854 3177
949 3177
8031 3177
3179 3178
8007 3178
3854 3178
3858 3178
949 3178
3179 3323
3179 8007
3854 3179
949 3179
8031 3179
3854 3323
3858 3323
949 3323
8031 3323
3854 3844
949 3844
8031 3844
8007 8009
3854 8007
8031 8007
3854 8009
8031 8009
2992 2952
2992 2920
2992 3134
3151 3159
3151 3645
2920 3671
2958 3405
2958 3467
3753 6158
3753 10246
6735 3753
3753 19122
6158 6735
3286 3305
949 3847
949 3854
3854 8031
949 3858
949 8031
35486 35487
35531 7696
7696 5373
3:
674 558
558 4468
28520 558
538 558
674 4468
674 28520
538 674
4468 28520
538 4468
538 28520
4:
8321 9186
9198 9186
8603 9186
9473 9186
8321 9198
8321 8582
8321 8603
8321 8692
8321 9473
8321 9540
9198 8582
9198 8603
9198 8692
9198 9473
9198 9540
8603 8582
9473 8582
8603 8692
8603 9473
8603 9540
9473 8692
9473 9540
5:
558 3704
558 3722
17976 558
444 558
558 714
558 1329
558 825
3381 151
3704 151
151 437
17976 151
444 151
1329 151
17164 7721
17976 17164
444 17164
1329 17164
17976 3381
444 3381
1329 3381
3704 3722
3704 437
17976 3704
444 3704
3704 12376
1329 3704
6018 7721
6018 3722
17976 6018
444 6018
1329 6018
17976 7721
444 7721
1329 7721
17976 3722
444 3722
1329 3722
444 437
1329 437
17976 444
17976 7742
17976 12376
17976 714
17976 1329
17976 825
444 7742
444 12376
444 714
444 1329
444 825
1329 7742
825 7742
1329 12376
1329 714
1329 825
6:
1336 558
714 1336
1336 501
1336 1329
1336 1335
558 714
558 501
558 1329
558 1335
558 1341
558 22020
726 558
501 714
1329 714
1335 714
22020 714
726 714
501 1335
501 1341
22020 501
726 501
1335 1329
1335 1341
1335 22020
22020 1341
726 1341
726 22020
7:
71 278
278 254
33017 278
35011 278
71 254
71 33017
35011 71
33017 254
35011 254
35011 33017
8:
3646 969
3646 544
3646 2836
3646 4412
969 544
2836 969
4412 969
2836 544
4412 544
2836 4412
9:
193 112
232 193
193 201
206 193
232 112
201 112
206 112
232 201
206 232
206 201
10:
11520 3276
11520 3469
11520 3604
11520 749
3276 3469
3276 3604
3276 749
3604 3469
749 3469
3604 749
11:
11520 3469
11520 3604
11520 450
11520 674
11520 807
3604 3469
3469 450
3469 674
807 3469
3469 3745
2422 3469
3469 5410
3604 674
3604 807
5410 3604
450 674
450 807
450 3745
2422 450
450 5410
674 807
674 3745
2422 674
674 5410
807 3745
2422 807
5410 807
2422 5410
12:
24246 3968
3968 3985
22222 3968
3968 6210
24246 3985
22222 24246
24246 6210
22222 3985
6210 3985
22222 6210
13:
118 95
29 95
69 95
35011 95
118 29
69 118
35011 118
29 69
35011 29
35011 69
14:
2998 2876
2998 2878
2998 13357
2998 6039
2876 2878
2876 13357
2876 6039
2878 13357
2878 6039
13357 6039
15:
11667 12446
11667 135
11667 141
11667 457
2937 11667
12446 141
12446 457
2937 12446
135 141
135 457
2937 135
141 457
2937 141
2937 457
