# The directed communities at k=5
# from /Users/bogna/dev/role-mining/datasets/enron/timeslots/1-2002.edges
# at no lower link weight threshold,
# and at no upper link weight threshold.
# Links were treated as directed.
# No time limit was set for the clique search.

0: 1 193 2024 234 247 251 5 89 100 10756 111 11368 121 184 188 197 207 278 474 476 478 479 92 95 118 10345 10388 112 17781 277 288 322 401 8336 8349 10354 11381 172 173 29432 29768 29772 29774 29775 29776 29785 29786 29790 29791 29793 29794 29796 29799 29802 29805 29806 29809 29810 29811 29813 29814 29821 29943 312 321 32864 32873 32874 32879 32902 32903 32907 32920 32923 32927 32935 32937 7659 7674 8346 8361 8595 8596 8608 8627 9940 9947 10364 164 390 165 10437 10438 279 33011 41405 42204 42207 42214 42231 42693 42694 5205 63102 71 7675 8319 10459 10360 19602 32894 9820 33035 36461 408 70 29780 117 202 407 15495 15672 204 212 235 29 29650 29798 29820 29822 42306 7813 29784 27446 29424 29769 29779 32926 42049 200 2619 29702 210 33642 41798 8695 9972 29800 33008 8632 306 29921 181 232 32900 183 29841 8327 8347 9969 201 32961 32981 8370 205 20505 20517 20523 307 33017 41565 45928 9045 32885 32895 4182 35011 27375 41793 43050 10369 32889 35551 32958 32996 33031 41792 63118 63186 75611 
1: 441 11460 15940 17747 17973 3050 3233 32501 3575 38875 4805 6767 6872 
2: 1002 142 1819 2879 2913 2965 3121 3697 3871 4064 9982 126 10257 2844 2912 2930 2936 2956 2966 2988 2998 10260 1233 151 15943 17164 19088 19091 19097 19491 2918 2935 2969 3077 3381 3704 3724 3848 3850 3860 3967 3968 3971 3987 4011 4035 4036 4058 4072 4163 4703 5024 5596 6018 7369 7714 7716 7719 7721 7838 795 7991 8355 8381 9313 938 2876 1061 1888 2050 2100 2710 2883 2884 2886 2938 2939 2960 2972 2986 300 3020 3026 3046 3117 3128 3351 3395 3481 3655 3918 874 2265 663 1063 129 134 152 2103 3997 611 744 974 1070 2701 994 1077 1811 3015 3600 969 3148 3050 2850 3406 450 11527 1415 1815 4071 11529 1213 1414 1521 1526 3118 3119 3163 3839 419 4212 4213 422 799 3533 3699 4853 53258 11538 1522 1523 3158 4820 1043 3160 3974 3167 11543 24246 3039 11667 12446 128 130 133 135 138 140 141 147 148 149 150 3 437 4458 457 1178 1494 1524 1525 1794 1814 2161 3723 3990 5204 544 549 634 972 123 1010 1343 1367 13987 1406 143 1536 1607 19121 2049 2052 2102 2162 2333 2516 2517 2518 2519 2606 2608 2663 2839 2846 2848 2849 2860 2862 2864 2867 2868 2870 2872 2873 2874 2875 2877 2878 2887 2888 2889 2891 2895 2896 2898 2900 2901 2904 2905 2906 2907 2914 2915 2919 2921 2922 2925 2927 2933 2934 2937 2943 2944 2947 2950 2953 2954 2957 2961 2962 2973 2975 2977 2978 2983 2987 2990 2991 2994 2997 2999 3006 3011 3012 3013 3017 3018 3021 3028 3029 3030 3031 3032 3033 3034 3035 3036 3037 3038 3040 3041 3042 3043 3044 3045 3047 3048 3049 3051 3052 3053 3054 3055 3056 3057 3058 3059 3060 3089 3129 3135 3138 3140 3141 3142 3143 3145 3146 3147 3149 3152 3153 3154 3155 3156 3157 3161 31644 3191 3194 3382 3385 3387 3539 3546 3561 3566 3570 3576 3583 3585 3609 3648 3666 3692 3700 3701 3709 3728 3729 3730 3731 3756 3837 3838 3840 3842 3870 3873 3878 3880 3883 3885 3886 3887 3888 3890 3892 3898 3899 3904 3905 3906 3908 3909 3911 3912 3917 3923 3927 3928 3932 3935 3941 3944 3945 3946 3948 3955 3956 3957 3958 3959 3960 3961 3962 3963 3965 3966 3969 3970 3972 3973 3975 3976 3977 3982 3983 3985 3986 3988 3991 3992 3995 3996 3998 3999 4000 4001 4002 4004 4005 4006 4007 4008 4010 4012 4014 4015 4016 4017 4018 4019 4020 4021 4023 4024 4026 4028 4029 4030 4031 4033 4034 4038 4039 4040 4041 4062 4065 4066 4067 4116 4143 418 4215 446 4506 5560 5640 604 605 766 8052 812 125 153 2842 385 444 1311 2365 4554 12921 5604 159 1601 2827 3066 3180 3412 3562 3695 3745 4278 4430 5423 616 765 1323 518 978 1335 1341 3123 3691 3734 3735 545 607 746 9203 985 13358 3133 3662 1352 2909 4429 3762 2316 427 2945 20629 3081 4050 4063 7832 8634 3409 3862 4073 4047 3164 796 17169 3863 17334 2964 6592 17963 2946 4428 18266 8214 8216 2908 3165 3166 19115 15523 17124 17250 17251 18249 19114 19136 19137 19138 2871 2924 2979 3283 3845 3866 3894 3916 3939 4046 4781 4863 7934 3665 17162 4862 2859 2893 2942 2974 19139 4053 4642 7968 8023 22222 6210 3016 2993 3176 2422 3947 3002 3024 2852 2853 2951 3727 3881 6110 2882 2861 287 3130 3131 3132 3168 3169 3170 3172 3173 3174 3175 3177 3178 3179 3323 3844 8007 8009 2952 2992 2928 3150 3151 3159 3645 4858 2920 2958 32629 3402 3405 3408 3433 3661 3753 3868 3891 3897 3910 3934 6158 3134 3671 10246 3286 3305 6735 19122 6052 3467 3847 3854 3858 949 4839 35486 31655 35487 35531 7696 8031 5373 47709 70930 70953 99 
3: 558 674 4468 28520 538 
4: 9186 8321 9198 8582 8603 8692 9473 9540 
5: 558 151 17164 3381 3704 6018 7721 3722 437 17976 444 7742 12376 714 1329 825 
6: 1336 558 714 501 1329 1335 1341 22020 726 
7: 278 71 254 33017 35011 
8: 3646 969 544 2836 4412 
9: 193 112 232 201 206 
10: 11520 3276 3469 3604 749 
11: 11520 3469 3604 450 674 807 3745 2422 5410 
12: 3968 24246 3985 22222 6210 
13: 95 118 29 69 35011 
14: 2998 2876 2878 13357 6039 
15: 11667 12446 135 141 457 2937 
