# The links from /Users/bogna/dev/role-mining/datasets/enron/timeslots/1-1999.edges
# at no lower link weight threshold,
# and at no upper link weight threshold.
# Links were treated as directed.
# No time limit was set for the clique search.
# (self-links were removed)

1550 1375
1550 19420
1550 34280
1550 41008
1550 5293
39632 786
40976 20047
40976 786
545 786
777 1545
777 1550
777 498
777 519
777 690
777 714
777 786
777 789
777 889
777 927
786 1066
786 1067
786 1068
786 1071
786 10759
786 1079
786 1300
786 1310
786 1325
786 1334
786 1492
786 1545
786 1548
786 1550
786 1583
786 1584
786 1586
786 1619
786 19375
786 2362
786 2366
786 28251
786 3354
786 39612
786 39614
786 39620
786 39628
786 39637
786 39640
786 39646
786 39675
786 39678
786 39690
786 39696
786 39697
786 39698
786 39699
786 39717
786 39718
786 4223
786 447
786 448
786 489
786 498
786 509
786 518
786 519
786 531
786 558
786 572
786 5986
786 5992
786 600
786 611
786 616
786 617
786 624
786 628
786 641
786 642
786 663
786 703
786 706
786 708
786 713
786 714
786 730
786 735
786 762
786 775
786 777
786 807
786 817
786 823
786 825
786 835
786 854
786 927
786 928
786 936
786 995
825 40597
825 40989
825 40990
825 4468
825 982
