# The contained directed cliques in the directed communities at k=5
# from /Users/bogna/dev/role-mining/datasets/hepth/timeslots/cit-HepTh-1995.edges
# at no lower link weight threshold,
# and at no upper link weight threshold.
# Links were treated as directed.
# No time limit was set for the clique search.

0: 521 881 882 884 885 1176 1181 1436 1756 2510 2749 2756 3466 
1: 522 
2: 679 993 1547 1824 1855 1859 2117 1548 1549 1860 1550 1861 2437 1862 2438 1305 1857 1856 2118 
3: 717 1562 2062 2061 1960 1471 
4: 838 
5: 861 
6: 862 863 
7: 941 1391 1396 1703 2004 2030 2031 2032 2204 2206 2207 2210 2699 2700 2809 2810 2811 2812 1153 1175 2983 1174 1705 2840 1706 1008 1924 2005 1923 1925 
8: 974 3022 3278 3491 3620 3656 3657 3658 3659 2339 2336 2337 2338 2340 2344 2341 2342 2343 2345 
9: 976 978 2233 2753 
10: 1000 
11: 1001 5463 5454 5460 5461 6117 6122 6133 6139 6142 5451 5452 5994 6962 6990 7000 5645 5993 6970 6991 3089 3564 4030 4856 5249 5267 5273 5630 5632 5633 5634 5637 5639 5643 5644 5646 5647 5648 5649 5769 5801 5928 6043 6079 6118 6123 6134 6140 6143 6226 6227 6742 6971 6993 6994 6996 6997 6998 7003 7007 7023 7029 7031 7046 7097 7150 7358 3088 3090 3091 5100 5188 5248 5250 5768 5946 6033 6314 6834 7043 7045 7047 7230 7283 7380 3563 4028 4029 4853 5101 5102 5103 5189 5201 5252 5259 5266 5272 5799 5939 5959 5967 6034 6042 6047 6077 6224 6225 6597 6605 6606 6740 6833 6963 7022 7028 7030 7044 7096 7146 7148 7209 7273 7280 7381 3554 3562 3565 5185 5194 5202 5958 5970 5990 6032 6037 7020 7039 7374 7375 3555 5658 7040 7204 3832 6604 6743 7021 7049 7377 3833 7212 5631 5968 6120 6121 6125 6228 6315 6980 7151 7213 7214 7221 7224 5932 5940 3541 5938 6975 3543 5797 5771 5778 5796 5798 5804 5251 5770 5947 6119 4421 4422 4427 4430 5184 5200 5222 5223 5224 5231 5240 5245 5260 5263 5264 5265 5268 5269 5270 5271 5274 5890 5904 6031 6035 6046 6346 6350 3955 3958 3970 3973 4408 4409 4410 4411 4412 4414 4416 4417 4419 4423 4428 4429 4509 4511 5167 5171 5180 5182 5183 5186 5213 5405 5501 5891 5892 5897 5905 5906 5907 5908 5909 5962 5989 5991 5992 6011 6015 6027 6029 6030 6162 6163 6186 6187 6202 6203 6204 6212 6214 6340 6343 6344 6345 6352 6700 6818 6819 6822 6939 6940 7071 7098 7101 7137 7139 7162 3531 3953 3954 3956 3959 3960 3961 3964 3969 3975 3976 4516 4517 4519 4520 4521 4523 4526 4532 4539 4541 5181 5187 5221 5225 5227 5228 5229 5230 5232 5233 5241 5246 5408 5503 5517 5893 5894 5898 5900 5910 5911 5914 6006 6007 6008 6009 6010 6012 6013 6014 6016 6017 6018 6019 6184 6337 6338 6339 6347 6348 6349 6837 6845 6849 6850 6911 6912 6913 3529 5483 5486 5494 5496 5498 5506 5509 5511 5515 5524 5528 5663 5664 5668 5671 5673 5674 5899 5912 5913 5915 5917 5918 5921 5923 6164 6168 6170 6172 6191 6206 6879 6880 6886 6888 6889 6891 6930 6942 6944 6946 6947 6954 6956 6957 7298 7345 7347 4433 5166 5352 5353 5667 6437 6438 6682 6692 6705 6815 6885 6887 6925 6955 6960 7104 7349 4434 5382 5670 5960 6219 6651 6929 6932 6943 7064 4291 4866 5001 5006 5018 5020 5340 5343 5346 5347 5348 5349 5350 5351 5362 5366 5374 5662 5672 5688 5889 5916 5919 6388 6402 6404 6425 6878 6882 6941 6945 6953 7108 7140 7299 4264 4281 4283 4286 4288 2926 4262 4263 4267 4272 4273 4275 5169 5170 5961 6915 6920 6926 6931 6933 7075 2920 2923 2924 2925 3776 5163 6215 6914 3779 5165 5173 6216 6217 6919 7073 4106 4118 5164 5172 5175 5191 5192 5199 5957 6165 6169 6190 6197 6205 6209 6426 6650 6653 6654 6681 6683 6684 6689 6701 6704 6717 6814 6823 7063 7297 7371 7372 7373 4098 4099 4100 4101 4102 4104 4105 4107 4108 4109 4110 4111 4112 4113 4348 4349 4352 4353 4594 4595 4596 4597 4598 4779 4785 5002 5004 5007 5009 6166 6167 6171 6173 6178 6192 6193 6196 6198 6199 6200 6201 6207 6208 6210 6211 6258 6389 6428 6429 6432 6433 6479 6481 6655 6687 6688 6690 6691 6693 6694 6697 6698 6699 6702 6703 6706 6707 6708 6711 6712 6713 6714 6718 6719 6720 6721 6723 6724 6725 6726 6729 6730 6731 6732 6735 6736 6872 6873 7109 7115 7178 2713 2714 4114 4116 4119 4354 4356 4368 4498 4780 4786 4994 4995 4996 4998 4999 5003 5005 5008 5013 5014 5016 5019 5021 5026 5035 5036 5037 5039 5041 5043 5119 5120 5341 5342 5344 5363 5370 5375 5377 5378 5379 5689 6188 6194 6260 6281 6372 6398 6403 6405 6413 6414 6415 6417 6422 6430 6431 6434 6686 6695 6709 6710 6715 6727 6865 6870 6883 6884 6906 6923 7079 7083 7084 7111 7141 7252 7286 7293 7300 7301 7317 7323 2712 2715 2716 2718 4370 6861 6871 7128 7284 2717 3803 4382 7256 2711 3611 3614 3799 3802 6810 7087 3610 3798 6488 6490 3609 4905 5715 3612 3797 3881 2016 2076 3606 3800 2077 2080 2079 1032 2216 2224 3794 5716 5725 5728 5724 6175 7081 7091 4776 5602 5680 5723 5727 4360 4361 4362 4363 4366 4372 4374 4375 4775 4777 4778 4781 4782 4783 4784 4788 4790 4791 5234 5684 5901 5902 4364 4365 4369 4373 4376 4387 4391 5665 5685 5686 4350 4351 4367 4371 4377 4378 4380 4381 4384 5683 5687 6256 6480 7261 4355 4358 4359 4379 4357 4383 4787 4789 6696 6716 4390 5123 5124 4385 4389 5126 4388 5010 5044 6180 6183 6251 6255 6257 6259 6261 6262 6263 6264 6265 6284 6482 7082 7092 7094 7113 7114 7116 7119 7120 7123 7126 7257 7258 7318 7319 7324 1890 4386 5487 5512 1889 1893 1892 4392 6185 3739 4540 4793 5484 5510 5513 5529 5922 5953 5964 6174 6179 6181 6846 6881 7103 2917 3740 3741 3743 3745 3752 4309 6652 6812 7080 7186 2918 6648 6660 4316 5872 7241 4315 4308 4314 5871 6112 7170 7172 7179 7187 6813 7169 3664 4482 4493 5011 5281 6113 6115 6116 6424 6547 6820 1898 3066 3665 3666 3667 3668 3671 3672 3673 5280 5282 5283 5284 5285 5286 5287 5291 5621 6101 3067 3068 3069 3070 3071 3073 3075 3077 3427 5130 3072 3079 3433 5292 6102 6114 3074 3078 3430 5288 3080 3437 5289 3076 3081 3391 3675 3708 4330 3379 3674 4310 3380 3381 3385 3397 3382 3386 3392 3398 4311 4730 4747 3384 3387 3388 3393 3394 3399 3400 4312 4313 4322 4333 4341 4694 4712 4731 4742 4743 4744 4745 4746 4748 4759 4760 4761 4762 4763 6542 2858 3383 3390 3396 3402 4318 4681 4687 4699 4705 4733 4750 2855 2859 2860 2861 2862 2869 2856 2857 2863 2866 2870 2873 2864 2865 2867 2868 2871 2872 3706 4689 4735 4737 4739 4752 4811 4842 2874 3715 4683 4691 4754 4813 5293 2875 3707 3713 3714 3716 3725 4701 4709 3722 3723 3724 4703 4711 4756 3701 3703 3704 3709 3710 3712 3718 3719 3720 3721 3728 3730 3731 4685 4702 4715 4721 4947 3699 3700 3727 4320 4706 4751 3431 3702 3717 3726 4319 3429 3434 3438 3445 3450 3424 3432 3436 3443 3425 3426 3444 3447 5290 3440 3446 3448 5294 3439 3441 4332 4335 3669 3711 4321 4323 4334 4340 4342 5741 6544 6548 3670 6549 6551 3676 6552 4338 4339 4331 6153 6545 6550 6558 4207 4951 4956 4962 5115 5443 5742 6148 6149 6150 6151 6152 6154 6155 6543 6546 4203 4204 4205 4206 4208 4209 4210 4211 4212 4213 4214 4215 4216 4217 4218 4220 4237 4238 4239 4240 4241 4248 4292 4293 4294 4298 4299 4300 4301 4303 4305 4641 4642 4643 4644 4652 4867 4869 4870 4871 4873 4875 4876 4877 4881 4883 4884 4885 4920 4921 4922 4923 4924 4925 4961 4969 5444 6484 3284 4236 4645 4666 4868 4872 5337 5438 5473 3285 3286 3287 3288 3289 3290 3291 3365 3374 3507 4878 4886 4950 4954 4960 4966 4970 5338 3292 3368 3375 4646 4874 4952 5440 3293 4235 4953 4955 5476 5477 5478 4964 4965 5479 5480 3569 3575 3576 3577 3579 4822 4882 4957 4958 4959 4963 5474 6330 6483 2945 3568 3570 3571 3572 3578 3580 3921 4255 4295 4818 5339 2944 2946 2947 2948 2951 2952 3922 3923 4022 4024 4026 4968 3927 3928 3933 3934 3926 3930 4480 4821 3929 3931 1979 4302 4668 1980 1981 1982 4928 4661 4672 4926 4927 4659 4660 4670 4671 4667 3364 3366 3367 3369 3370 3371 3372 3511 3581 4296 4297 4304 4306 4307 4651 4663 4669 4673 4674 4675 4676 4677 4679 4879 4880 3363 3373 3377 3573 3582 3512 3574 3506 3514 3504 3505 3510 2980 3503 2964 2968 2972 2978 2981 2965 2966 2967 2969 2970 2973 2974 2976 2979 2971 2975 2977 4246 4251 4254 4256 4824 4814 4815 4816 4819 4245 4820 4823 4825 4831 4244 4817 4243 4252 4810 4253 4826 3508 3513 4647 4648 4649 4650 4949 4027 4023 4025 4219 4678 3376 3378 4662 5475 6156 6157 4554 4250 4553 4249 5116 2949 2953 2954 5743 5446 5442 5445 5441 5437 5439 5336 5114 4948 6556 6553 6557 7346 6554 6555 7033 4420 6038 6611 6875 7013 7014 7015 7032 7034 7036 7038 7192 7270 4413 4415 4418 4431 7012 7016 7025 6522 7017 7024 3471 5626 5755 6069 6093 6220 6231 6238 6240 6301 6302 6308 6504 6505 6507 6508 6509 6510 6518 6519 6520 6523 6524 6525 7019 7026 3209 3472 6092 6095 6097 6098 7027 6096 6968 5064 6964 6972 3175 3633 3843 4136 5063 5065 5066 5067 5068 5072 5079 5081 5083 5563 6465 6472 6563 6966 6969 3157 3631 3632 3630 6471 6564 4405 5571 6473 6565 4403 4404 4146 4395 4135 4142 4145 4058 4133 4138 4140 4148 5084 6474 6965 4134 4144 5069 5070 5085 6453 4139 4141 4143 6444 6974 2806 4613 6443 6446 6451 6671 6672 6967 7195 7198 7202 2807 2294 4607 4611 4618 4125 4599 4602 4614 7001 4131 4124 4126 4127 4123 4152 4155 4153 4154 1914 5080 1915 4159 6673 6457 2830 3172 3650 4804 5088 6445 6449 6456 2821 2825 2832 5421 6462 6560 6569 5422 5427 5428 3230 5420 3229 6561 5413 5411 7002 7226 7225 5701 6992 7229 7231 7234 7248 5702 6995 7244 2721 4622 5706 6999 7004 2726 5091 6078 5966 2364 5941 5969 5971 2362 2363 5929 4863 4931 5972 5976 4502 4505 4510 4512 4864 5212 6598 6661 7147 7166 7210 4282 4486 4487 4489 4490 4491 4494 4499 4503 4850 4851 4852 5514 5870 6771 7207 7305 4278 4280 3957 4271 4279 4284 6356 6874 6876 6948 6961 3962 3965 4527 4535 6025 6602 6738 7037 7048 7206 3963 4525 4528 4531 4533 4536 5220 5243 6022 6026 6028 3966 6021 6023 6040 4859 5244 6024 6039 6358 6949 7265 7266 7271 7302 7303 7304 4855 4857 4858 4854 7288 5236 6041 6085 6607 6897 7289 7290 4547 4548 5237 5238 5239 4514 4518 4522 4538 4542 4543 5226 5257 5789 6843 6844 4513 4515 4545 4530 4544 4546 4935 6893 7267 4524 4529 4534 4537 4929 4930 4932 4933 6020 6044 5193 6036 6237 6341 7227 7236 7272 7276 7277 7368 7376 5168 5190 5178 5195 7055 7066 7072 7369 5177 5179 6304 6305 6300 4164 6048 6124 6136 6292 6307 6309 7065 7076 4165 4166 6049 6294 5831 6050 6052 6064 6067 6221 6306 4980 5540 5825 5827 5828 5829 5830 5832 5846 6062 6063 6065 6066 6068 6072 6222 6303 6311 6502 4006 4981 4983 4987 4002 4007 4008 6506 3778 3984 3999 4000 4001 4974 4977 4978 5056 5297 5835 6986 3782 3784 3785 3981 3983 3985 3988 3989 3991 3995 3757 3758 3759 3783 4435 4971 4973 4975 5045 5046 5053 5062 2673 3761 3763 3764 3765 3769 3994 5049 5301 2674 2675 2679 2676 3762 3771 2677 4633 5048 5050 3552 3553 3559 3561 5051 3560 5052 5391 4040 5383 6599 4042 4046 4043 6592 3770 4972 5396 4976 4441 5310 4442 4443 4438 4444 4448 4439 4446 4436 4447 5392 3982 4453 5384 3775 3998 3774 4455 5842 5057 5300 5839 5848 6989 5047 5055 5312 5054 5298 5307 5299 5303 5302 5306 5305 5316 5320 5321 6512 6511 6503 6517 2664 3753 5757 5764 5765 5766 5767 6071 6297 6310 6516 6521 6762 6763 6765 6770 6838 6841 2661 2663 2665 2660 2662 5542 2657 5535 5538 5541 5531 5533 5534 6053 6073 5530 6051 5532 5537 5818 6126 5539 5826 6130 6137 6138 6141 6144 5821 6241 5819 5820 6127 6312 5840 6128 6298 5833 5837 5841 6131 5834 6132 5838 6054 6055 6056 6058 6059 6057 6755 6747 6751 7058 7068 6750 7069 6135 7062 7070 7051 7061 7050 7052 7059 6758 7056 7077 7194 2684 4591 6572 6612 6769 2190 2685 2186 2191 2187 4044 6574 6313 6578 6577 6576 4563 4576 4588 4590 4592 4593 4562 4565 4568 4564 4567 6856 5401 6854 6894 4549 5400 5402 5403 5792 5784 5793 6851 6855 5785 5790 5788 5775 5254 5505 5772 5777 5896 5255 5256 5895 5235 5258 5507 5242 5508 5247 6921 6669 6668 5526 5525 6958 5495 5516 5773 5859 5987 5988 5997 6000 5485 5488 5499 6934 5489 5490 6935 7095 5491 5500 5518 5903 6177 6371 6375 6381 6866 6907 6951 7085 7086 7089 7090 7093 7118 7287 7292 7294 5492 5521 5951 5497 5504 6950 6952 7255 7262 7285 7291 6213 5920 6218 7117 7240 7243 5666 5925 4115 4117 5376 5380 5381 5669 5678 5679 5681 5682 5690 5691 5924 6189 6195 6423 6435 6440 6685 6722 6728 6924 7124 7145 7251 7253 6421 4500 6276 6387 6397 6399 6406 6436 4483 4506 4507 4508 4893 4484 4485 4488 4492 4504 4894 6384 6385 7181 7295 1650 4081 4496 4497 4501 4997 5000 5136 5142 5149 5616 5692 5733 5864 6362 6401 6407 6664 6877 6901 7127 7168 7177 7296 7306 1651 1652 1653 1654 6366 6367 7129 7131 4285 4287 5015 5140 5146 5345 5354 5358 5359 5361 5675 5694 5736 5865 5877 5878 5881 5884 6274 6359 6363 6365 6368 6369 6370 6376 6378 6379 6386 6393 6400 6408 6418 6420 6862 7110 7130 7133 7312 7314 4290 4289 4082 4088 4093 4084 4085 4086 4087 5147 5620 4089 5143 5866 5867 4090 4091 4092 5150 3686 5139 5145 5151 5617 5695 5696 5700 1484 3685 3687 1483 1227 2558 5137 5355 5356 5357 2465 5138 5144 5360 5364 5367 6364 6863 7259 5368 5369 5372 5373 5677 6377 6419 6733 7122 7132 5042 5365 6373 6382 6867 6908 7088 7112 7121 7125 7254 5029 5040 6176 6182 5027 5028 5031 5024 5030 6411 5023 5025 5038 5017 6409 5022 5034 5619 5885 7182 5888 7183 5882 5886 5887 5879 5880 5739 5734 5737 5738 5032 5883 5033 5697 5868 5693 5869 6890 6380 6390 6427 6439 6905 5121 6357 6360 6361 6374 6383 6441 5122 5125 6268 6271 6273 6275 6277 6282 6283 6285 6291 6250 6267 6269 6249 6252 6253 6254 6272 5371 6392 6416 6734 6864 7260 6667 6657 6656 6658 6868 5722 7250 5717 5719 5726 5720 5721 5729 5862 3808 5860 5656 4120 6859 6909 6857 6858 6860 6895 7321 6869 6916 6892 7308 7320 4792 6896 6902 6903 7322 6898 6900 7309 7310 7311 6899 6904 6342 4425 6351 7264 6610 7274 7275 6609 6589 6608 7152 7268 7281 7359 7154 7158 7149 7155 7269 5746 6741 5745 6744 7018 6087 7232 6086 7233 4049 7279 7278 7379 7313 6394 5618 6270 6278 6286 5996 6279 6287 6936 5998 5999 6001 5852 6938 4449 5849 5851 5853 5861 5863 5397 5394 6937 4274 7228 6825 7074 7105 6412 7180 7185 6410 7143 7184 7188 7189 5012 3306 3304 3303 3615 5605 5606 4103 5603 5676 3807 6665 6663 7242 6910 7078 4080 4495 5207 5209 4887 6772 4889 4888 4890 3694 5132 5133 3127 3129 3419 3420 3695 3696 4841 4943 5131 5276 5277 5325 6099 6100 3128 6103 6104 4719 4723 4725 4726 4727 4729 4769 5278 5279 6105 4682 4696 4700 4714 4716 4717 4718 4720 4680 4684 4686 4688 4690 4692 4698 4708 4736 4704 4722 4732 4833 4707 4710 4724 4728 4749 4753 4755 4764 4941 4325 4693 4695 4713 4767 4940 4942 4944 4324 4336 4344 1927 3389 3705 4317 4343 1926 1928 1929 3395 3401 4697 4738 4771 4839 4840 4734 4740 4766 4768 4770 4837 4835 4834 4836 4838 4741 4757 4758 4765 4843 4847 4946 6108 6106 6821 5210 6649 5965 5963 6848 6842 6840 6839 6852 6146 6853 6129 6145 6979 6074 6293 6070 6295 6988 6768 6515 5756 6239 6514 4581 4571 4582 4584 4572 4575 4577 4580 4579 6836 5748 5624 6233 6243 5844 4984 6236 4988 5845 5843 6491 2222 6489 5774 5858 6959 5502 4032 5779 6004 4037 4039 4038 6005 3873 5625 7042 7041 7054 7067 6296 5974 6232 7102 7099 4003 6766 3754 4186 4182 3766 4183 3767 3768 5385 4175 4180 5803 5311 5308 3600 4445 3992 6045 7235 7370 3968 4934 5704 5705 7208 4865 6080 6081 6317 4031 6316 6091 4167 4169 4170 4162 3734 7005 3732 5560 5557 5559 5562 7006 6805 7245 5071 7282 3646 5074 3647 3654 5076 5075 5077 5073 5082 6450 4802 6454 4799 4800 4803 3485 3643 6452 3486 3487 3490 6455 6467 3239 3483 2798 3238 2800 2802 6468 3641 6463 6464 6559 6562 5568 4137 6460 2089 3173 1816 4801 4158 4600 6567 6753 6566 5566 6094 6230 6229 3729 3451 3744 7100 7106 1543 6477 4266 5174 5176 3974 3971 3202 5800 5802 5635 5636 5650 3056 4623 3053 3054 3055 5409 5410 
12: 1020 
13: 1107 
14: 1135 1155 1156 
15: 1141 2000 
16: 1466 1468 
17: 1586 1587 2582 2583 2584 1800 2003 2518 2778 2816 2819 3256 3258 3261 3263 3460 3462 3852 3854 3898 3899 3900 3901 4228 4232 4919 4939 2519 2961 2962 2963 1783 2585 2586 2587 2588 3851 3255 2814 3136 3257 3260 3458 4227 4231 4918 5329 2818 3262 3461 3853 3902 3903 3904 3905 3131 3133 3134 3135 3137 3141 3138 3140 3142 
18: 1680 1978 2165 
19: 1752 1753 2241 2242 
20: 1768 1770 2513 2781 2782 2783 2784 1769 2515 3045 3047 3049 3051 2514 3622 4075 4076 4077 3623 4193 4473 4477 1850 3044 3046 3048 3050 
21: 1826 
22: 1828 
23: 2008 2009 2010 2011 
24: 2049 2161 2162 
25: 2095 2096 2097 3335 3337 3339 3341 3342 4467 4914 5112 5430 5431 3034 3332 3340 4466 4908 4915 3032 3033 3035 3037 3038 3331 3351 2849 3325 3334 3348 3326 3327 3328 3329 3333 3330 3336 3338 5465 5467 3036 3359 3353 3360 3361 4909 4910 
26: 2174 2176 2845 2175 
27: 2270 2274 2490 3197 2273 4560 2482 2493 2899 
28: 2287 
29: 2400 
30: 2589 2590 
31: 2639 2640 3063 3814 3816 3813 3815 
32: 2642 3061 3060 
33: 2652 2653 2654 2655 
34: 3215 3216 3217 4558 4559 5111 3413 3411 3410 3412 3536 3537 3538 4557 4555 3218 4556 
35: 3822 
36: 3823 
37: 4020 
38: 4150 
