# The directed communities at k=5
# from /Users/bogna/dev/role-mining/datasets/hepth/timeslots/cit-HepTh-1995.edges
# at no lower link weight threshold,
# and at no upper link weight threshold.
# Links were treated as directed.
# No time limit was set for the clique search.

0: 9402107 9501099 9212090 9212149 9301003 9301068 9305047 9305097 9307085 9310041 9310134 9404004 9404175 9408115 9503020 9510154 9510155 
1: 9501100 9402064 9505142 9508005 9512214 
2: 9206096 9208013 9504030 9209041 9210029 9403019 9406214 9408049 9504084 9405095 9504138 9505041 9505093 9506096 9506133 9510075 
3: 9502030 9302050 9502031 9505009 9301103 9405112 9505156 9508034 9510201 9511066 
4: 9501007 9410202 9503053 9504040 9506080 
5: 9501065 9402007 9505171 9510022 9511131 
6: 9501065 9412079 9504143 9506207 9510022 9511131 
7: 9211102 9301046 9301086 9305114 9312043 9403073 9408086 9411009 9412030 9412108 9412154 9408136 9501088 9303013 9501134 9502118 9410033 9504052 9304056 9505083 9507072 9508050 9508079 9508110 9510168 9512182 
8: 9407087 9408074 9408099 9403195 9411102 9503105 9208029 9211121 9305028 9411205 9503201 9504010 9507140 9508162 9511037 
9: 9402156 9411028 9503125 9204028 9207011 9503172 9507141 9511214 
10: 9503002 9407194 9503235 9507114 9510139 
11: 9501020 9203071 9204030 9205068 9212045 9307158 9402032 9405024 9407087 9412209 9402002 9406128 9408074 9501030 9207053 9211056 9303057 9305142 9305185 9306052 9311120 9406105 9406198 9407111 9408040 9408083 9408099 9409021 9410167 9412184 9302103 9401139 9304055 9501068 9304154 9309145 9405124 9309140 9205027 9501096 9207016 9502013 9402044 9408013 9408155 9411048 9411057 9411149 9405117 9411187 9502057 9411178 9412158 9502072 9204035 9205051 9206016 9210068 9408036 9502077 9307171 9308083 9402005 9502099 9409119 9407031 9502119 9209125 9503022 9409060 9503029 9406009 9412162 9404151 9503082 9503086 9403198 9503115 9407106 9503121 9503124 9503157 9503163 9503179 9503228 9503237 9504006 9207091 9412200 9504027 9504034 9504047 9504080 9504081 9504090 9504095 9504102 9504113 9308122 9504129 9504145 9504147 9505004 9505006 9505018 9205094 9505023 9505025 9505035 9505045 9505046 9505051 9505052 9505053 9505054 9505062 9505067 9505073 9505075 9505088 9505097 9505098 9505100 9505105 9505123 9505135 9505150 9505162 9506024 9506048 9506057 9506065 9506075 9506076 9506077 9506084 9506086 9506091 9506102 9506106 9506110 9506112 9411234 9506113 9506122 9506126 9506139 9506144 9506148 9506150 9506156 9506160 9506178 9506181 9506194 9506196 9506200 9507008 9507011 9507012 9507013 9507018 9507022 9507027 9507032 9507048 9507050 9507051 9507090 9507113 9507115 9507121 9507144 9507151 9507153 9507158 9507160 9507168 9507169 9508043 9508044 9508045 9508046 9508056 9508058 9508064 9508071 9508072 9508091 9508094 9508096 9508132 9508143 9508144 9508154 9508155 9508163 9509009 9509042 9509050 9509066 9509070 9509102 9509106 9509108 9509130 9509132 9509145 9509146 9509148 9509160 9509161 9509162 9509175 9509176 9510009 9510017 9510023 9510055 9510079 9510080 9510086 9510093 9510097 9510098 9510101 9510129 9510134 9510135 9510142 9510143 9510148 9510161 9510169 9510173 9510178 9510182 9510183 9510186 9510190 9510200 9510204 9510207 9510209 9510222 9510224 9510225 9510228 9510229 9510233 9510234 9511017 9511019 9511026 9511030 9511043 9511048 9511052 9511053 9511058 9511064 9511065 9511079 9511080 9511088 9511098 9511108 9511115 9511126 9511157 9511159 9511162 9511164 9511171 9511173 9511178 9511180 9511213 9511218 9511222 9511228 9512004 9512005 9512012 9512017 9512024 9512031 9512042 9512043 9512046 9512053 9512059 9512060 9512061 9512062 9512063 9512077 9512078 9512081 9512089 9512121 9512127 9512129 9512138 9512139 9512140 9512145 9512152 9512153 9512155 9512157 9512161 9512173 9512177 9512181 9512188 9512192 9512196 9512203 9512219 9512226 
12: 9504127 9201080 9506180 9510059 9512175 
13: 9507046 9303112 9511028 9511072 9511166 
14: 9501012 9412165 9505016 9510067 9510197 9511221 9512112 
15: 9504090 9510017 9510074 9510227 9512006 9512180 
16: 9502029 9407018 9407134 9503017 9505122 9508026 
17: 9209076 9210021 9308112 9401139 9303038 9402031 9302033 9210015 9309039 9403155 9406206 9502122 9308154 9401006 9409011 9411003 9503045 9503226 9406082 9507014 9509095 9509123 9511024 9512025 9512040 9512124 9512126 
18: 9502125 9309055 9508136 9510036 9511158 9512068 9512080 
19: 9203051 9304046 9501113 9502141 9502143 9510213 9512102 
20: 9401070 9303048 9401072 9401125 9407001 9502006 9408066 9502155 9503016 9504022 9412020 9504033 9506066 9506182 9506206 9512184 
21: 9306002 9502011 9503088 9512011 9512085 
22: 9503099 9407190 9503232 9508100 9512189 
23: 9501055 9308112 9309023 9502007 9502136 9503142 9504057 
24: 9301042 9309110 9406090 9503212 9506104 9509170 9510055 9510241 
25: 9402032 9402002 9207053 9305185 9408083 9410167 9401139 9304154 9402016 9502001 9410104 9503057 9503078 9502002 9503124 9503127 9503154 9505170 9506037 9506076 9506192 9506205 9507005 9507164 
26: 9205068 9410206 9505018 9505046 9510009 9510094 9510223 9510241 
27: 9311185 9411099 9411198 9502038 9306048 9503030 9506071 9508068 9508078 9509043 9510041 
28: 9502108 9406005 9503118 9503159 9510072 
29: 9502107 9409111 9506101 9506147 9512117 
30: 9407087 9408074 9505186 9507040 9508021 9512173 
31: 9501022 9406128 9408074 9501096 9504047 9506011 9506137 9507064 9508159 
32: 9407087 9401139 9505186 9506011 9506137 9508021 9508159 
33: 9501098 9304141 9306002 9309142 9404108 9504018 9506031 9510071 
34: 9401139 9302033 9410104 9502065 9406206 9410230 9504148 9506156 9507112 9510028 9510034 9510041 9510103 9512177 
35: 9501022 9402002 9502057 9505054 9507064 
36: 9501022 9408074 9502057 9507064 9512173 
37: 9501075 9204083 9510154 9510155 9512009 
38: 9411187 9506106 9509102 9511115 9512089 
