# The links inside the directed communities at k=5
# from /Users/bogna/dev/role-mining/datasets/hepth/timeslots/cit-HepTh-1995.edges
# at no lower link weight threshold,
# and at no upper link weight threshold.
# Links were treated as directed.
# No time limit was set for the clique search.

0:
9501099 9402107
9503020 9402107
9510154 9402107
9510155 9402107
9501099 9212090
9501099 9212149
9501099 9301003
9501099 9301068
9501099 9305047
9501099 9305097
9501099 9307085
9501099 9310041
9501099 9310134
9501099 9404004
9501099 9404175
9501099 9408115
9503020 9501099
9510154 9501099
9510155 9501099
9503020 9212090
9510154 9212090
9510155 9212090
9503020 9212149
9510154 9212149
9510155 9212149
9503020 9301003
9510154 9301003
9510155 9301003
9503020 9301068
9510154 9301068
9510155 9301068
9503020 9305047
9510154 9305047
9510155 9305047
9503020 9305097
9510154 9305097
9510155 9305097
9503020 9307085
9510154 9307085
9510155 9307085
9503020 9310041
9510154 9310041
9510155 9310041
9503020 9310134
9510154 9310134
9510155 9310134
9503020 9404004
9510154 9404004
9510155 9404004
9503020 9404175
9510154 9404175
9510155 9404175
9503020 9408115
9510154 9408115
9510155 9408115
9510154 9503020
9510155 9503020
9510154 9510155
1:
9501100 9402064
9505142 9501100
9508005 9501100
9512214 9501100
9505142 9402064
9508005 9402064
9512214 9402064
9508005 9505142
9512214 9505142
9512214 9508005
2:
9504030 9206096
9505041 9206096
9505093 9206096
9506096 9206096
9504030 9208013
9505041 9208013
9505093 9208013
9506096 9208013
9504030 9209041
9504030 9210029
9504030 9403019
9504030 9406214
9504030 9408049
9505041 9504030
9505093 9504030
9506096 9504030
9510075 9504030
9504084 9209041
9504138 9209041
9505041 9209041
9505093 9209041
9506096 9209041
9505041 9210029
9505093 9210029
9506096 9210029
9504084 9403019
9504138 9403019
9505041 9403019
9505093 9403019
9506096 9403019
9506133 9403019
9504138 9406214
9505041 9406214
9505093 9406214
9506096 9406214
9506133 9406214
9510075 9406214
9504138 9408049
9505041 9408049
9505093 9408049
9506096 9408049
9506133 9408049
9510075 9408049
9504084 9405095
9504138 9504084
9505093 9504084
9506096 9504084
9506133 9504084
9510075 9504084
9504138 9405095
9505093 9405095
9506133 9405095
9505093 9504138
9506096 9504138
9506133 9504138
9510075 9504138
9505093 9505041
9506096 9505041
9506096 9505093
9506133 9505093
9510075 9505093
9510075 9506096
9510075 9506133
3:
9502030 9302050
9505009 9502030
9508034 9502030
9510201 9502030
9502031 9302050
9505009 9302050
9505156 9302050
9508034 9302050
9510201 9302050
9511066 9302050
9505009 9502031
9505156 9502031
9508034 9502031
9510201 9502031
9505009 9301103
9505009 9405112
9505156 9505009
9508034 9505009
9510201 9505009
9511066 9505009
9505156 9301103
9508034 9301103
9511066 9301103
9505156 9405112
9508034 9405112
9511066 9405112
9508034 9505156
9511066 9505156
9510201 9508034
9511066 9508034
4:
9501007 9410202
9503053 9501007
9504040 9501007
9506080 9501007
9503053 9410202
9504040 9410202
9506080 9410202
9504040 9503053
9506080 9503053
9506080 9504040
5:
9501065 9402007
9505171 9501065
9510022 9501065
9511131 9501065
9505171 9402007
9510022 9402007
9511131 9402007
9510022 9505171
9511131 9505171
9511131 9510022
6:
9501065 9412079
9504143 9501065
9510022 9501065
9511131 9501065
9504143 9412079
9506207 9412079
9510022 9412079
9511131 9412079
9506207 9504143
9510022 9504143
9511131 9504143
9510022 9506207
9511131 9506207
9511131 9510022
7:
9501134 9211102
9507072 9211102
9508050 9211102
9508079 9211102
9510168 9211102
9501088 9301046
9501134 9301046
9502118 9301046
9507072 9301046
9508050 9301046
9508079 9301046
9508110 9301046
9510168 9301046
9512182 9301046
9501134 9301086
9507072 9301086
9508050 9301086
9510168 9301086
9501088 9305114
9501134 9305114
9502118 9305114
9507072 9305114
9508050 9305114
9508079 9305114
9510168 9305114
9512182 9305114
9501134 9312043
9507072 9312043
9508050 9312043
9508079 9312043
9510168 9312043
9501088 9403073
9501134 9403073
9502118 9403073
9505083 9403073
9507072 9403073
9508050 9403073
9508079 9403073
9510168 9403073
9512182 9403073
9507072 9408086
9508050 9408086
9508079 9408086
9508110 9408086
9510168 9408086
9512182 9408086
9501134 9411009
9507072 9411009
9508050 9411009
9508079 9411009
9510168 9411009
9501134 9412030
9502118 9412030
9507072 9412030
9508050 9412030
9508079 9412030
9510168 9412030
9512182 9412030
9501134 9412108
9504052 9412108
9505083 9412108
9508050 9412108
9508079 9412108
9501134 9412154
9502118 9412154
9507072 9412154
9508050 9412154
9508079 9412154
9508110 9412154
9510168 9412154
9501134 9408136
9507072 9408136
9508050 9408136
9508079 9408136
9510168 9408136
9501088 9303013
9507072 9501088
9508050 9501088
9508079 9501088
9510168 9501088
9501134 9303013
9508050 9303013
9508079 9303013
9510168 9303013
9502118 9501134
9505083 9501134
9507072 9501134
9508050 9501134
9508079 9501134
9510168 9501134
9512182 9501134
9502118 9410033
9507072 9502118
9508050 9502118
9508079 9502118
9510168 9502118
9512182 9502118
9507072 9410033
9508050 9410033
9508079 9410033
9510168 9410033
9504052 9304056
9505083 9504052
9507072 9504052
9508050 9504052
9508079 9504052
9505083 9304056
9507072 9304056
9508050 9304056
9507072 9505083
9508050 9505083
9508079 9505083
9508050 9507072
9508079 9507072
9508110 9507072
9510168 9507072
9508079 9508050
9510168 9508050
9512182 9508050
9508110 9508079
9510168 9508079
9512182 9508079
9510168 9508110
9512182 9510168
8:
9503105 9407087
9503201 9407087
9504010 9407087
9507140 9407087
9508162 9407087
9511037 9407087
9503105 9408074
9503201 9408074
9504010 9408074
9507140 9408074
9508162 9408074
9511037 9408074
9503105 9408099
9503201 9408099
9504010 9408099
9507140 9408099
9508162 9408099
9511037 9408099
9503105 9403195
9503201 9403195
9504010 9403195
9507140 9403195
9508162 9403195
9511037 9403195
9503105 9411102
9503201 9411102
9504010 9411102
9507140 9411102
9508162 9411102
9511037 9411102
9503105 9208029
9503105 9211121
9503105 9305028
9503105 9411205
9504010 9503105
9507140 9503105
9511037 9503105
9504010 9208029
9507140 9208029
9511037 9208029
9504010 9211121
9507140 9211121
9511037 9211121
9504010 9305028
9507140 9305028
9511037 9305028
9504010 9411205
9507140 9411205
9511037 9411205
9504010 9503201
9507140 9503201
9508162 9503201
9511037 9503201
9507140 9504010
9511037 9504010
9508162 9507140
9511037 9507140
9511037 9508162
9:
9503125 9402156
9503172 9402156
9507141 9402156
9511214 9402156
9503125 9411028
9503172 9411028
9507141 9411028
9511214 9411028
9503125 9204028
9503125 9207011
9503172 9503125
9507141 9503125
9511214 9503125
9503172 9204028
9507141 9204028
9511214 9204028
9503172 9207011
9507141 9207011
9511214 9207011
9507141 9503172
9511214 9503172
9511214 9507141
10:
9503002 9407194
9503235 9503002
9507114 9503002
9510139 9503002
9503235 9407194
9507114 9407194
9510139 9407194
9507114 9503235
9510139 9503235
9510139 9507114
11:
9501020 9203071
9501020 9204030
9501020 9212045
9501020 9405024
9504129 9501020
9507051 9501020
9510009 9501020
9502077 9203071
9504006 9203071
9504129 9203071
9506110 9203071
9507051 9203071
9507115 9203071
9510009 9203071
9510182 9203071
9512046 9203071
9512129 9203071
9502077 9204030
9504006 9204030
9504129 9204030
9506110 9204030
9507051 9204030
9507115 9204030
9510009 9204030
9510182 9204030
9510234 9204030
9512046 9204030
9502077 9205068
9504129 9205068
9510182 9205068
9512046 9205068
9504034 9212045
9504129 9212045
9507051 9212045
9510009 9212045
9510182 9212045
9512046 9212045
9502072 9307158
9505023 9307158
9506110 9307158
9507115 9307158
9510225 9307158
9510234 9307158
9511164 9307158
9501030 9402032
9502013 9402032
9503179 9402032
9504027 9402032
9504047 9402032
9504113 9402032
9505006 9402032
9505051 9402032
9505067 9402032
9506077 9402032
9506084 9402032
9506148 9402032
9506160 9402032
9508064 9402032
9509066 9402032
9509106 9402032
9510200 9402032
9510222 9402032
9511213 9402032
9504129 9405024
9507051 9405024
9510009 9405024
9501030 9407087
9502013 9407087
9502072 9407087
9503086 9407087
9503115 9407087
9503121 9407087
9503124 9407087
9503163 9407087
9503179 9407087
9504006 9407087
9504034 9407087
9504047 9407087
9504080 9407087
9504090 9407087
9504102 9407087
9504113 9407087
9504129 9407087
9505004 9407087
9505006 9407087
9505023 9407087
9505035 9407087
9505051 9407087
9505062 9407087
9505067 9407087
9505075 9407087
9505088 9407087
9505100 9407087
9505105 9407087
9505123 9407087
9505135 9407087
9505150 9407087
9505162 9407087
9506024 9407087
9506075 9407087
9506077 9407087
9506084 9407087
9506091 9407087
9506102 9407087
9506110 9407087
9506112 9407087
9506144 9407087
9506148 9407087
9506160 9407087
9506181 9407087
9507008 9407087
9507011 9407087
9507018 9407087
9507032 9407087
9507050 9407087
9507113 9407087
9507144 9407087
9507151 9407087
9507168 9407087
9507169 9407087
9508043 9407087
9508046 9407087
9508064 9407087
9508155 9407087
9508163 9407087
9509009 9407087
9509066 9407087
9509070 9407087
9509106 9407087
9509130 9407087
9509132 9407087
9509160 9407087
9509161 9407087
9509162 9407087
9509175 9407087
9509176 9407087
9510023 9407087
9510093 9407087
9510101 9407087
9510129 9407087
9510142 9407087
9510148 9407087
9510182 9407087
9510183 9407087
9510186 9407087
9510204 9407087
9510207 9407087
9510224 9407087
9510225 9407087
9510228 9407087
9511017 9407087
9511019 9407087
9511030 9407087
9511048 9407087
9511052 9407087
9511053 9407087
9511126 9407087
9511171 9407087
9511178 9407087
9511213 9407087
9511228 9407087
9512005 9407087
9512017 9407087
9512043 9407087
9512046 9407087
9512053 9407087
9512060 9407087
9512063 9407087
9512129 9407087
9512139 9407087
9512140 9407087
9512161 9407087
9512173 9407087
9512192 9407087
9504006 9412209
9504129 9412209
9506110 9412209
9507113 9412209
9508155 9412209
9509146 9412209
9510182 9412209
9511048 9412209
9512046 9412209
9512129 9412209
9501030 9402002
9502057 9402002
9502072 9402002
9503029 9402002
9503124 9402002
9504006 9402002
9504027 9402002
9504047 9402002
9504147 9402002
9505025 9402002
9505054 9402002
9505105 9402002
9506048 9402002
9506057 9402002
9506076 9402002
9506106 9402002
9506194 9402002
9506200 9402002
9507090 9402002
9507113 9402002
9507160 9402002
9508044 9402002
9508045 9402002
9508056 9402002
9508058 9402002
9508064 9402002
9508091 9402002
9508094 9402002
9508143 9402002
9508154 9402002
9509102 9402002
9509132 9402002
9509145 9402002
9509148 9402002
9509160 9402002
9510097 9402002
9510098 9402002
9510134 9402002
9510178 9402002
9510182 9402002
9510190 9402002
9511019 9402002
9511053 9402002
9511159 9402002
9511213 9402002
9512031 9402002
9512053 9402002
9512089 9402002
9512127 9402002
9512129 9402002
9512155 9402002
9512157 9402002
9512177 9402002
9512181 9402002
9512188 9402002
9501030 9406128
9504027 9406128
9504047 9406128
9508064 9406128
9511213 9406128
9501030 9408074
9501096 9408074
9502013 9408074
9503179 9408074
9504027 9408074
9504047 9408074
9504113 9408074
9505067 9408074
9506077 9408074
9506084 9408074
9508064 9408074
9509066 9408074
9509106 9408074
9510135 9408074
9511088 9408074
9511222 9408074
9512078 9408074
9512121 9408074
9501030 9207053
9501030 9211056
9501030 9303057
9501030 9305142
9501030 9305185
9501030 9306052
9501030 9311120
9501030 9406105
9501030 9406198
9501030 9407111
9501030 9408083
9501030 9408099
9501030 9410167
9501030 9412184
9503124 9501030
9504027 9501030
9504047 9501030
9504095 9501030
9505025 9501030
9505073 9501030
9505162 9501030
9506048 9501030
9506057 9501030
9506065 9501030
9506075 9501030
9506076 9501030
9506086 9501030
9506126 9501030
9506144 9501030
9506160 9501030
9506194 9501030
9507027 9501030
9507090 9501030
9507113 9501030
9507160 9501030
9508046 9501030
9508056 9501030
9508058 9501030
9508064 9501030
9508091 9501030
9508094 9501030
9508132 9501030
9508144 9501030
9508154 9501030
9508155 9501030
9509042 9501030
9509070 9501030
9509106 9501030
9509132 9501030
9509146 9501030
9509160 9501030
9510023 9501030
9510079 9501030
9510086 9501030
9510142 9501030
9510200 9501030
9510234 9501030
9511030 9501030
9511043 9501030
9511053 9501030
9511098 9501030
9511157 9501030
9511213 9501030
9512145 9501030
9512181 9501030
9512203 9501030
9512226 9501030
9501068 9207053
9504047 9207053
9505073 9207053
9506126 9207053
9507090 9207053
9507160 9207053
9508058 9207053
9508064 9207053
9508094 9207053
9508132 9207053
9509106 9207053
9509132 9207053
9510098 9207053
9511053 9207053
9511213 9207053
9504047 9211056
9504095 9211056
9505073 9211056
9506106 9211056
9507090 9211056
9507160 9211056
9509106 9211056
9509108 9211056
9510097 9211056
9511213 9211056
9512127 9211056
9505073 9303057
9508064 9303057
9509132 9303057
9504027 9305142
9506057 9305142
9506065 9305142
9506086 9305142
9506126 9305142
9506160 9305142
9508094 9305142
9508132 9305142
9509050 9305142
9509070 9305142
9509106 9305142
9509148 9305142
9510086 9305142
9511030 9305142
9511098 9305142
9512145 9305142
9501068 9305185
9502072 9305185
9504006 9305185
9504047 9305185
9505073 9305185
9505162 9305185
9506075 9305185
9506126 9305185
9506194 9305185
9507050 9305185
9507090 9305185
9507113 9305185
9507151 9305185
9507168 9305185
9508046 9305185
9508056 9305185
9508064 9305185
9508094 9305185
9508096 9305185
9508132 9305185
9509050 9305185
9509106 9305185
9509132 9305185
9509160 9305185
9510182 9305185
9511030 9305185
9511053 9305185
9511157 9305185
9511213 9305185
9512089 9305185
9512129 9305185
9512177 9305185
9512181 9305185
9512203 9305185
9506057 9306052
9506065 9306052
9506126 9306052
9508091 9306052
9508094 9306052
9509106 9306052
9511162 9306052
9506126 9311120
9508094 9311120
9509106 9311120
9502099 9406105
9502119 9406105
9503029 9406105
9503082 9406105
9504147 9406105
9505073 9406105
9506057 9406105
9506065 9406105
9506086 9406105
9506106 9406105
9506126 9406105
9506200 9406105
9507090 9406105
9507160 9406105
9508045 9406105
9508058 9406105
9508094 9406105
9509070 9406105
9509102 9406105
9509106 9406105
9509108 9406105
9510097 9406105
9510134 9406105
9510190 9406105
9511064 9406105
9511162 9406105
9512012 9406105
9512089 9406105
9512127 9406105
9512177 9406105
9512188 9406105
9505053 9406198
9506057 9406198
9506126 9406198
9508094 9406198
9509106 9406198
9503124 9407111
9504027 9407111
9504047 9407111
9506126 9407111
9508056 9407111
9508064 9407111
9508094 9407111
9509106 9407111
9511030 9407111
9511053 9407111
9511098 9407111
9511213 9407111
9512145 9407111
9504147 9408040
9510134 9408040
9511053 9408040
9512031 9408040
9503082 9408083
9503124 9408083
9506057 9408083
9506126 9408083
9507090 9408083
9508058 9408083
9508064 9408083
9508094 9408083
9508154 9408083
9509132 9408083
9512127 9408083
9502013 9408099
9502072 9408099
9503086 9408099
9503115 9408099
9503121 9408099
9503163 9408099
9503179 9408099
9504006 9408099
9504034 9408099
9504080 9408099
9504102 9408099
9504113 9408099
9504129 9408099
9505004 9408099
9505006 9408099
9505051 9408099
9505062 9408099
9505067 9408099
9505075 9408099
9505088 9408099
9505100 9408099
9505105 9408099
9505123 9408099
9505135 9408099
9505150 9408099
9505162 9408099
9506075 9408099
9506077 9408099
9506084 9408099
9506110 9408099
9506112 9408099
9506144 9408099
9506148 9408099
9507008 9408099
9507011 9408099
9507018 9408099
9507032 9408099
9507113 9408099
9507115 9408099
9507144 9408099
9507169 9408099
9508043 9408099
9508064 9408099
9508163 9408099
9509066 9408099
9509106 9408099
9509130 9408099
9509160 9408099
9509161 9408099
9509175 9408099
9509176 9408099
9510079 9408099
9510129 9408099
9510142 9408099
9510148 9408099
9510182 9408099
9510183 9408099
9510186 9408099
9510204 9408099
9510222 9408099
9510224 9408099
9510228 9408099
9510234 9408099
9511017 9408099
9511019 9408099
9511052 9408099
9511126 9408099
9511171 9408099
9511180 9408099
9512005 9408099
9512017 9408099
9512043 9408099
9512046 9408099
9512053 9408099
9512060 9408099
9512063 9408099
9512129 9408099
9512139 9408099
9512140 9408099
9512161 9408099
9512173 9408099
9505052 9409021
9506106 9409021
9507022 9409021
9509050 9409021
9509108 9409021
9510097 9409021
9510134 9409021
9511053 9409021
9511064 9409021
9512031 9409021
9512089 9409021
9502072 9410167
9503228 9410167
9504027 9410167
9504047 9410167
9504081 9410167
9504095 9410167
9504147 9410167
9505025 9410167
9505045 9410167
9505054 9410167
9505073 9410167
9505105 9410167
9505150 9410167
9505162 9410167
9506024 9410167
9506048 9410167
9506057 9410167
9506065 9410167
9506075 9410167
9506076 9410167
9506086 9410167
9506113 9410167
9506126 9410167
9506150 9410167
9506160 9410167
9506194 9410167
9506200 9410167
9507012 9410167
9507022 9410167
9507027 9410167
9507048 9410167
9507050 9410167
9507090 9410167
9507113 9410167
9507151 9410167
9507158 9410167
9507160 9410167
9507168 9410167
9508044 9410167
9508046 9410167
9508056 9410167
9508058 9410167
9508064 9410167
9508091 9410167
9508094 9410167
9508096 9410167
9508132 9410167
9508143 9410167
9508144 9410167
9508154 9410167
9508155 9410167
9509009 9410167
9509070 9410167
9509106 9410167
9509132 9410167
9509145 9410167
9509148 9410167
9509160 9410167
9510017 9410167
9510023 9410167
9510079 9410167
9510086 9410167
9510093 9410167
9510097 9410167
9510098 9410167
9510135 9410167
9510142 9410167
9510161 9410167
9510182 9410167
9510183 9410167
9510190 9410167
9510200 9410167
9510207 9410167
9510225 9410167
9510229 9410167
9510234 9410167
9511026 9410167
9511043 9410167
9511053 9410167
9511064 9410167
9511088 9410167
9511098 9410167
9511108 9410167
9511115 9410167
9511159 9410167
9511164 9410167
9511171 9410167
9511173 9410167
9511213 9410167
9511228 9410167
9512017 9410167
9512031 9410167
9512053 9410167
9512059 9410167
9512060 9410167
9512061 9410167
9512062 9410167
9512077 9410167
9512089 9410167
9512121 9410167
9512129 9410167
9512145 9410167
9512152 9410167
9512155 9410167
9512177 9410167
9512181 9410167
9512196 9410167
9512203 9410167
9512226 9410167
9504027 9412184
9504047 9412184
9506057 9412184
9506065 9412184
9506086 9412184
9506126 9412184
9506160 9412184
9508091 9412184
9508094 9412184
9509050 9412184
9509070 9412184
9509106 9412184
9510086 9412184
9510134 9412184
9510135 9412184
9510161 9412184
9510169 9412184
9510209 9412184
9511030 9412184
9511098 9412184
9511159 9412184
9511162 9412184
9511213 9412184
9512031 9412184
9512152 9412184
9512181 9412184
9512203 9412184
9505162 9302103
9506110 9302103
9507115 9302103
9509042 9302103
9509146 9302103
9510234 9302103
9512046 9302103
9512129 9302103
9502072 9401139
9503124 9401139
9504006 9401139
9504034 9401139
9504081 9401139
9506126 9401139
9506156 9401139
9507090 9401139
9507113 9401139
9508058 9401139
9508143 9401139
9508154 9401139
9509009 9401139
9509106 9401139
9509145 9401139
9509148 9401139
9510079 9401139
9510098 9401139
9511098 9401139
9511159 9401139
9502077 9304055
9504129 9304055
9507051 9304055
9510009 9304055
9501068 9304154
9501068 9405124
9503228 9501068
9504027 9501068
9504047 9501068
9504081 9501068
9504095 9501068
9505025 9501068
9505045 9501068
9505162 9501068
9506126 9501068
9506144 9501068
9506150 9501068
9506194 9501068
9507027 9501068
9507048 9501068
9507158 9501068
9508058 9501068
9508064 9501068
9508143 9501068
9508154 9501068
9508155 9501068
9509070 9501068
9509106 9501068
9509132 9501068
9509145 9501068
9509148 9501068
9510086 9501068
9510135 9501068
9510209 9501068
9510229 9501068
9511079 9501068
9511098 9501068
9511159 9501068
9511162 9501068
9512062 9501068
9512181 9501068
9512196 9501068
9512203 9501068
9502072 9304154
9504006 9304154
9505073 9304154
9506075 9304154
9506194 9304154
9508064 9304154
9509132 9304154
9509160 9304154
9512129 9304154
9504147 9309145
9506200 9309145
9511064 9309145
9512031 9309145
9504027 9405124
9504095 9405124
9506126 9405124
9506160 9405124
9506194 9405124
9509050 9405124
9502077 9309140
9504129 9309140
9505023 9309140
9505162 9309140
9506110 9309140
9506122 9309140
9507115 9309140
9508155 9309140
9509042 9309140
9509132 9309140
9510182 9309140
9510234 9309140
9511164 9309140
9512046 9309140
9503124 9205027
9504147 9205027
9506113 9205027
9506200 9205027
9507022 9205027
9507090 9205027
9508094 9205027
9509070 9205027
9509102 9205027
9509108 9205027
9511064 9205027
9511115 9205027
9512127 9205027
9512177 9205027
9511222 9501096
9512078 9501096
9512121 9501096
9506106 9207016
9506200 9207016
9507022 9207016
9507090 9207016
9507160 9207016
9508058 9207016
9509102 9207016
9509108 9207016
9510134 9207016
9511053 9207016
9512031 9207016
9512127 9207016
9512188 9207016
9502013 9402044
9502013 9408013
9502013 9408155
9502013 9411048
9502013 9411057
9502013 9411149
9503179 9502013
9504113 9502013
9505067 9502013
9505088 9502013
9506077 9502013
9509066 9502013
9503086 9402044
9503115 9402044
9503121 9402044
9503179 9402044
9504080 9402044
9504113 9402044
9505004 9402044
9505006 9402044
9505062 9402044
9505067 9402044
9505088 9402044
9506077 9402044
9506139 9402044
9506196 9402044
9507013 9402044
9507018 9402044
9507169 9402044
9509066 9402044
9509130 9402044
9510222 9402044
9511065 9402044
9512004 9402044
9503121 9408013
9503163 9408013
9503179 9408013
9504080 9408013
9505062 9408013
9505067 9408013
9505075 9408013
9505088 9408013
9506077 9408013
9506139 9408013
9506148 9408013
9507018 9408013
9510148 9408013
9510228 9408013
9503086 9408155
9503115 9408155
9503179 9408155
9504080 9408155
9504113 9408155
9505004 9408155
9505062 9408155
9505067 9408155
9506077 9408155
9506084 9408155
9509066 9408155
9509130 9408155
9510129 9408155
9510222 9408155
9512140 9408155
9502072 9411048
9503163 9411048
9503179 9411048
9504006 9411048
9504034 9411048
9504102 9411048
9504113 9411048
9505062 9411048
9505075 9411048
9505088 9411048
9505100 9411048
9505105 9411048
9505135 9411048
9505150 9411048
9505162 9411048
9506075 9411048
9506077 9411048
9506091 9411048
9506102 9411048
9506110 9411048
9506112 9411048
9506144 9411048
9507008 9411048
9507011 9411048
9507032 9411048
9507113 9411048
9507144 9411048
9508043 9411048
9508155 9411048
9508163 9411048
9509066 9411048
9509130 9411048
9509132 9411048
9509160 9411048
9509161 9411048
9509162 9411048
9509175 9411048
9509176 9411048
9510079 9411048
9510101 9411048
9510129 9411048
9510183 9411048
9510224 9411048
9511048 9411048
9511126 9411048
9511171 9411048
9511180 9411048
9511228 9411048
9512005 9411048
9512043 9411048
9512129 9411048
9512139 9411048
9512161 9411048
9502072 9411057
9503163 9411057
9503179 9411057
9504006 9411057
9504034 9411057
9504102 9411057
9504113 9411057
9505035 9411057
9505062 9411057
9505075 9411057
9505088 9411057
9505100 9411057
9505105 9411057
9505150 9411057
9506077 9411057
9506102 9411057
9507008 9411057
9507011 9411057
9507032 9411057
9507113 9411057
9508043 9411057
9508155 9411057
9508163 9411057
9509066 9411057
9509132 9411057
9509161 9411057
9509175 9411057
9509176 9411057
9510079 9411057
9510101 9411057
9510129 9411057
9510182 9411057
9510183 9411057
9511048 9411057
9511126 9411057
9511180 9411057
9511228 9411057
9512005 9411057
9512161 9411057
9503086 9411149
9503115 9411149
9503121 9411149
9503163 9411149
9503179 9411149
9504113 9411149
9505004 9411149
9505006 9411149
9505051 9411149
9505062 9411149
9505067 9411149
9505075 9411149
9505088 9411149
9505098 9411149
9506077 9411149
9506084 9411149
9506148 9411149
9506196 9411149
9507013 9411149
9507018 9411149
9507169 9411149
9509066 9411149
9509130 9411149
9509176 9411149
9510148 9411149
9510222 9411149
9510228 9411149
9511065 9411149
9512004 9411149
9512024 9411149
9512063 9411149
9512140 9411149
9512173 9411149
9504147 9405117
9506106 9405117
9506200 9405117
9509108 9405117
9511053 9405117
9512031 9405117
9502099 9411187
9502119 9411187
9503082 9411187
9504027 9411187
9504147 9411187
9505045 9411187
9506106 9411187
9506200 9411187
9507090 9411187
9508045 9411187
9508058 9411187
9508094 9411187
9509102 9411187
9509108 9411187
9510134 9411187
9512031 9411187
9512089 9411187
9512127 9411187
9504027 9502057
9505054 9502057
9508064 9502057
9503124 9411178
9504027 9411178
9504047 9411178
9509132 9411178
9510200 9411178
9511173 9411178
9511213 9411178
9502072 9412158
9503163 9412158
9503179 9412158
9504006 9412158
9504034 9412158
9504102 9412158
9505062 9412158
9505075 9412158
9505135 9412158
9505150 9412158
9506075 9412158
9506077 9412158
9507008 9412158
9507113 9412158
9509066 9412158
9509175 9412158
9509176 9412158
9510129 9412158
9511048 9412158
9511180 9412158
9512005 9412158
9512043 9412158
9512139 9412158
9502072 9204035
9502072 9210068
9502072 9408036
9503022 9502072
9504006 9502072
9504034 9502072
9504047 9502072
9505023 9502072
9505025 9502072
9505073 9502072
9505097 9502072
9505123 9502072
9505135 9502072
9505150 9502072
9505162 9502072
9506024 9502072
9506075 9502072
9506091 9502072
9506110 9502072
9506112 9502072
9506144 9502072
9507113 9502072
9507115 9502072
9507158 9502072
9508155 9502072
9509009 9502072
9509160 9502072
9510079 9502072
9510186 9502072
9510234 9502072
9511017 9502072
9511019 9502072
9511048 9502072
9511058 9502072
9511108 9502072
9512043 9502072
9512129 9502072
9512139 9502072
9512181 9502072
9512192 9502072
9505097 9204035
9510186 9204035
9512139 9204035
9507090 9205051
9507160 9205051
9509108 9205051
9510097 9205051
9512127 9205051
9504027 9206016
9504047 9206016
9506160 9206016
9506194 9206016
9509050 9206016
9510134 9206016
9511053 9206016
9503022 9210068
9504006 9210068
9505097 9210068
9510186 9210068
9512139 9210068
9504006 9408036
9505097 9408036
9505123 9408036
9505135 9408036
9505150 9408036
9506024 9408036
9506075 9408036
9506102 9408036
9506110 9408036
9506112 9408036
9506144 9408036
9507144 9408036
9508155 9408036
9509160 9408036
9510023 9408036
9510183 9408036
9510186 9408036
9511126 9408036
9512043 9408036
9512139 9408036
9512161 9408036
9502077 9307171
9502077 9308083
9502077 9402005
9504006 9502077
9504129 9502077
9505046 9502077
9505105 9502077
9506110 9502077
9507051 9502077
9510009 9502077
9510182 9502077
9512046 9502077
9504129 9307171
9505018 9307171
9505046 9307171
9506178 9307171
9507051 9307171
9510009 9307171
9505105 9308083
9506024 9308083
9506075 9308083
9506110 9308083
9506112 9308083
9507050 9308083
9507115 9308083
9507151 9308083
9507153 9308083
9508155 9308083
9509009 9308083
9509042 9308083
9509146 9308083
9510079 9308083
9510182 9308083
9510234 9308083
9511017 9308083
9511058 9308083
9511108 9308083
9512017 9308083
9512129 9308083
9504006 9402005
9504129 9402005
9507051 9402005
9502099 9409119
9502119 9502099
9503082 9502099
9505045 9502099
9506106 9502099
9506200 9502099
9508058 9502099
9510098 9502099
9512031 9502099
9502119 9409119
9503082 9409119
9505045 9409119
9507090 9409119
9507160 9409119
9508058 9409119
9510097 9409119
9510098 9409119
9510017 9407031
9510135 9407031
9510161 9407031
9510200 9407031
9510229 9407031
9511043 9407031
9511173 9407031
9512042 9407031
9503082 9502119
9508058 9502119
9507090 9209125
9507160 9209125
9508058 9209125
9510098 9209125
9505097 9503022
9510186 9503022
9512139 9503022
9505052 9409060
9506106 9409060
9510097 9409060
9512031 9409060
9503029 9406009
9503029 9412162
9505073 9503029
9506113 9503029
9507160 9503029
9508058 9503029
9510097 9503029
9512188 9503029
9506113 9406009
9507160 9406009
9508058 9406009
9506106 9412162
9506113 9412162
9507022 9412162
9507160 9412162
9509108 9412162
9510080 9412162
9510097 9412162
9504027 9404151
9504034 9404151
9504047 9404151
9505025 9404151
9505162 9404151
9506126 9404151
9507012 9404151
9507050 9404151
9507168 9404151
9508094 9404151
9508144 9404151
9508154 9404151
9509106 9404151
9510142 9404151
9510182 9404151
9510234 9404151
9511157 9404151
9511171 9404151
9512046 9404151
9512145 9404151
9512152 9404151
9512181 9404151
9512226 9404151
9505045 9503082
9507090 9503082
9508058 9503082
9512031 9503082
9512127 9503082
9503086 9403198
9503179 9503086
9504080 9503086
9504113 9503086
9505004 9503086
9505062 9503086
9505067 9503086
9505075 9503086
9505088 9503086
9505098 9503086
9506077 9503086
9506139 9503086
9506148 9503086
9506196 9503086
9507013 9503086
9507018 9503086
9509066 9503086
9509130 9503086
9510148 9503086
9510222 9503086
9510228 9503086
9511065 9503086
9512004 9503086
9512063 9503086
9512140 9503086
9503115 9403198
9503121 9403198
9503179 9403198
9504080 9403198
9505004 9403198
9505006 9403198
9505067 9403198
9505088 9403198
9506077 9403198
9506084 9403198
9506196 9403198
9507013 9403198
9507018 9403198
9509066 9403198
9509130 9403198
9510228 9403198
9512004 9403198
9512140 9403198
9503115 9407106
9503179 9503115
9505075 9503115
9506077 9503115
9506084 9503115
9509066 9503115
9512004 9503115
9503179 9407106
9504080 9407106
9505006 9407106
9505067 9407106
9506077 9407106
9506084 9407106
9506139 9407106
9506196 9407106
9509066 9407106
9509130 9407106
9510228 9407106
9512004 9407106
9512140 9407106
9503179 9503121
9504113 9503121
9505051 9503121
9505067 9503121
9505088 9503121
9505100 9503121
9506077 9503121
9506148 9503121
9509066 9503121
9510228 9503121
9512063 9503121
9512173 9503121
9503228 9503124
9503237 9503124
9504027 9503124
9504047 9503124
9504081 9503124
9504095 9503124
9504147 9503124
9505023 9503124
9505025 9503124
9505045 9503124
9505053 9503124
9505054 9503124
9505073 9503124
9505105 9503124
9505150 9503124
9505162 9503124
9506024 9503124
9506048 9503124
9506057 9503124
9506075 9503124
9506076 9503124
9506126 9503124
9506144 9503124
9506150 9503124
9506156 9503124
9506160 9503124
9506194 9503124
9506200 9503124
9507011 9503124
9507012 9503124
9507027 9503124
9507048 9503124
9507050 9503124
9507090 9503124
9507113 9503124
9507121 9503124
9507151 9503124
9507158 9503124
9507160 9503124
9507168 9503124
9508044 9503124
9508046 9503124
9508056 9503124
9508058 9503124
9508064 9503124
9508094 9503124
9508096 9503124
9508132 9503124
9508143 9503124
9508144 9503124
9508154 9503124
9508155 9503124
9509009 9503124
9509042 9503124
9509070 9503124
9509106 9503124
9509132 9503124
9509145 9503124
9509146 9503124
9509148 9503124
9509160 9503124
9510017 9503124
9510023 9503124
9510079 9503124
9510086 9503124
9510093 9503124
9510097 9503124
9510098 9503124
9510135 9503124
9510142 9503124
9510161 9503124
9510173 9503124
9510182 9503124
9510183 9503124
9510190 9503124
9510200 9503124
9510207 9503124
9510209 9503124
9510225 9503124
9510229 9503124
9510234 9503124
9511030 9503124
9511043 9503124
9511053 9503124
9511064 9503124
9511079 9503124
9511080 9503124
9511098 9503124
9511108 9503124
9511115 9503124
9511157 9503124
9511159 9503124
9511164 9503124
9511171 9503124
9511173 9503124
9511178 9503124
9511213 9503124
9511222 9503124
9511228 9503124
9512017 9503124
9512031 9503124
9512046 9503124
9512053 9503124
9512059 9503124
9512061 9503124
9512062 9503124
9512077 9503124
9512078 9503124
9512081 9503124
9512121 9503124
9512129 9503124
9512138 9503124
9512145 9503124
9512152 9503124
9512155 9503124
9512177 9503124
9512181 9503124
9512196 9503124
9512203 9503124
9512219 9503124
9512226 9503124
9510143 9503157
9510204 9503157
9510224 9503157
9511052 9503157
9511126 9503157
9504102 9503163
9505035 9503163
9505062 9503163
9505075 9503163
9505088 9503163
9505105 9503163
9505150 9503163
9506077 9503163
9506102 9503163
9507008 9503163
9507011 9503163
9507144 9503163
9508043 9503163
9508155 9503163
9509066 9503163
9509132 9503163
9509175 9503163
9509176 9503163
9510101 9503163
9511180 9503163
9504080 9503179
9504102 9503179
9504113 9503179
9505004 9503179
9505051 9503179
9505062 9503179
9505067 9503179
9505088 9503179
9505098 9503179
9506077 9503179
9506084 9503179
9506139 9503179
9506148 9503179
9506196 9503179
9507013 9503179
9507018 9503179
9509066 9503179
9509130 9503179
9509175 9503179
9510129 9503179
9510148 9503179
9510222 9503179
9510228 9503179
9511065 9503179
9512004 9503179
9512063 9503179
9512140 9503179
9504027 9503228
9506126 9503228
9509106 9503228
9504027 9503237
9504095 9503237
9505045 9503237
9504006 9207091
9504006 9412200
9504129 9504006
9505105 9504006
9505123 9504006
9505162 9504006
9506024 9504006
9506075 9504006
9506110 9504006
9506112 9504006
9507051 9504006
9507113 9504006
9507115 9504006
9507151 9504006
9507153 9504006
9508064 9504006
9508155 9504006
9509009 9504006
9509042 9504006
9509146 9504006
9509160 9504006
9510079 9504006
9510182 9504006
9510186 9504006
9510234 9504006
9511017 9504006
9511019 9504006
9511048 9504006
9511108 9504006
9512043 9504006
9512046 9504006
9512129 9504006
9512139 9504006
9510182 9207091
9511108 9207091
9512129 9207091
9506075 9412200
9506112 9412200
9507113 9412200
9510182 9412200
9511048 9412200
9504047 9504027
9504095 9504027
9505023 9504027
9505025 9504027
9505045 9504027
9505053 9504027
9505054 9504027
9505105 9504027
9505162 9504027
9506024 9504027
9506057 9504027
9506126 9504027
9506150 9504027
9506160 9504027
9506194 9504027
9507012 9504027
9507027 9504027
9507090 9504027
9507160 9504027
9507168 9504027
9508044 9504027
9508056 9504027
9508058 9504027
9508064 9504027
9508091 9504027
9508094 9504027
9508096 9504027
9508132 9504027
9508144 9504027
9508155 9504027
9509050 9504027
9509070 9504027
9509106 9504027
9509132 9504027
9509148 9504027
9510023 9504027
9510086 9504027
9510093 9504027
9510134 9504027
9510178 9504027
9510183 9504027
9510200 9504027
9510234 9504027
9511030 9504027
9511053 9504027
9511098 9504027
9511157 9504027
9511213 9504027
9511228 9504027
9512017 9504027
9512031 9504027
9512060 9504027
9512145 9504027
9512152 9504027
9512181 9504027
9512226 9504027
9504129 9504034
9505105 9504034
9505123 9504034
9505162 9504034
9506024 9504034
9506075 9504034
9506110 9504034
9506112 9504034
9507113 9504034
9507115 9504034
9507151 9504034
9507153 9504034
9508064 9504034
9508155 9504034
9509009 9504034
9510079 9504034
9510182 9504034
9511017 9504034
9511019 9504034
9511048 9504034
9511058 9504034
9511108 9504034
9512043 9504034
9512046 9504034
9512129 9504034
9504095 9504047
9505023 9504047
9505025 9504047
9505045 9504047
9505053 9504047
9505054 9504047
9505105 9504047
9505162 9504047
9506024 9504047
9506048 9504047
9506057 9504047
9506075 9504047
9506126 9504047
9506150 9504047
9506160 9504047
9506194 9504047
9507012 9504047
9507027 9504047
9507090 9504047
9507113 9504047
9507158 9504047
9507160 9504047
9507168 9504047
9508044 9504047
9508046 9504047
9508056 9504047
9508058 9504047
9508064 9504047
9508091 9504047
9508094 9504047
9508096 9504047
9508143 9504047
9508144 9504047
9509050 9504047
9509070 9504047
9509106 9504047
9509132 9504047
9509148 9504047
9510017 9504047
9510023 9504047
9510086 9504047
9510093 9504047
9510134 9504047
9510178 9504047
9510183 9504047
9510200 9504047
9511030 9504047
9511053 9504047
9511098 9504047
9511157 9504047
9511171 9504047
9511173 9504047
9511213 9504047
9511228 9504047
9512017 9504047
9512031 9504047
9512043 9504047
9512059 9504047
9512060 9504047
9512145 9504047
9512152 9504047
9512181 9504047
9512196 9504047
9512226 9504047
9504113 9504080
9505075 9504080
9505088 9504080
9506077 9504080
9506139 9504080
9509066 9504080
9509130 9504080
9510129 9504080
9510222 9504080
9512140 9504080
9505073 9504081
9506156 9504081
9506194 9504081
9508091 9504081
9508143 9504081
9508154 9504081
9509145 9504081
9509148 9504081
9512181 9504081
9505025 9504090
9505105 9504090
9505123 9504090
9505150 9504090
9505162 9504090
9506075 9504090
9506091 9504090
9506112 9504090
9506113 9504090
9506122 9504090
9506150 9504090
9507011 9504090
9507012 9504090
9507022 9504090
9507050 9504090
9507113 9504090
9507115 9504090
9507121 9504090
9507158 9504090
9507160 9504090
9508044 9504090
9508058 9504090
9508071 9504090
9508143 9504090
9508155 9504090
9509009 9504090
9509106 9504090
9509132 9504090
9509148 9504090
9509160 9504090
9510017 9504090
9510023 9504090
9510055 9504090
9510079 9504090
9510086 9504090
9510135 9504090
9510142 9504090
9510161 9504090
9510182 9504090
9510183 9504090
9510207 9504090
9510225 9504090
9510229 9504090
9510233 9504090
9511017 9504090
9511030 9504090
9511043 9504090
9511058 9504090
9511108 9504090
9511115 9504090
9511126 9504090
9511157 9504090
9511164 9504090
9511178 9504090
9511222 9504090
9511228 9504090
9512017 9504090
9512043 9504090
9512059 9504090
9512077 9504090
9512129 9504090
9512161 9504090
9512181 9504090
9512226 9504090
9505045 9504095
9506126 9504095
9508094 9504095
9509070 9504095
9509106 9504095
9510086 9504095
9511098 9504095
9511159 9504095
9511213 9504095
9512062 9504095
9512181 9504095
9512196 9504095
9512203 9504095
9505150 9504102
9506077 9504102
9506102 9504102
9507008 9504102
9507011 9504102
9507144 9504102
9508043 9504102
9509066 9504102
9509161 9504102
9509175 9504102
9509176 9504102
9510101 9504102
9510129 9504102
9510183 9504102
9511126 9504102
9511180 9504102
9512005 9504102
9505051 9504113
9505075 9504113
9505088 9504113
9506077 9504113
9506139 9504113
9506148 9504113
9506196 9504113
9507013 9504113
9507018 9504113
9509066 9504113
9510148 9504113
9510222 9504113
9510228 9504113
9511065 9504113
9512024 9504113
9505105 9308122
9506024 9308122
9506110 9308122
9506112 9308122
9507115 9308122
9507151 9308122
9507153 9308122
9508155 9308122
9509009 9308122
9509106 9308122
9509146 9308122
9510079 9308122
9511017 9308122
9511108 9308122
9512017 9308122
9507051 9504129
9510009 9504129
9510182 9504129
9512046 9504129
9505023 9504145
9505053 9504145
9505105 9504145
9505162 9504145
9506075 9504145
9506091 9504145
9506144 9504145
9507050 9504145
9507113 9504145
9507158 9504145
9508154 9504145
9508155 9504145
9509106 9504145
9509132 9504145
9509160 9504145
9510023 9504145
9510055 9504145
9510086 9504145
9510093 9504145
9510142 9504145
9510182 9504145
9510207 9504145
9510234 9504145
9511017 9504145
9511058 9504145
9511108 9504145
9511171 9504145
9511228 9504145
9512043 9504145
9512181 9504145
9506106 9504147
9506200 9504147
9507090 9504147
9508045 9504147
9509070 9504147
9509108 9504147
9510134 9504147
9511053 9504147
9511064 9504147
9511218 9504147
9512031 9504147
9512089 9504147
9512127 9504147
9512157 9504147
9512188 9504147
9505051 9505004
9505062 9505004
9505067 9505004
9505075 9505004
9505088 9505004
9505098 9505004
9506077 9505004
9506139 9505004
9506148 9505004
9506196 9505004
9507013 9505004
9507018 9505004
9509066 9505004
9509130 9505004
9510148 9505004
9510222 9505004
9510228 9505004
9511065 9505004
9512004 9505004
9512024 9505004
9512063 9505004
9512173 9505004
9505051 9505006
9505067 9505006
9505088 9505006
9506077 9505006
9506139 9505006
9506148 9505006
9506196 9505006
9507013 9505006
9507018 9505006
9509066 9505006
9510148 9505006
9510228 9505006
9511065 9505006
9512173 9505006
9505018 9205094
9505046 9505018
9506178 9505018
9507051 9505018
9510009 9505018
9505046 9205094
9506178 9205094
9510009 9205094
9505053 9505023
9505105 9505023
9505162 9505023
9506091 9505023
9506122 9505023
9506150 9505023
9507113 9505023
9507115 9505023
9507121 9505023
9508155 9505023
9509132 9505023
9509160 9505023
9510182 9505023
9510207 9505023
9510225 9505023
9511164 9505023
9512129 9505023
9512181 9505023
9506126 9505025
9507012 9505025
9507121 9505025
9508154 9505025
9509106 9505025
9510142 9505025
9512060 9505025
9512152 9505025
9512155 9505025
9512181 9505025
9505075 9505035
9509161 9505035
9509175 9505035
9509176 9505035
9510183 9505035
9510204 9505035
9510224 9505035
9511052 9505035
9511126 9505035
9512017 9505035
9512161 9505035
9508058 9505045
9510098 9505045
9506178 9505046
9507051 9505046
9510009 9505046
9505088 9505051
9506077 9505051
9506139 9505051
9506148 9505051
9506196 9505051
9507013 9505051
9507018 9505051
9509066 9505051
9510148 9505051
9510222 9505051
9510228 9505051
9512024 9505051
9512173 9505051
9506106 9505052
9510097 9505052
9512031 9505052
9505105 9505053
9505162 9505053
9506057 9505053
9506126 9505053
9506150 9505053
9507027 9505053
9508064 9505053
9508096 9505053
9508132 9505053
9508155 9505053
9509070 9505053
9509106 9505053
9509132 9505053
9510017 9505053
9510023 9505053
9510086 9505053
9510182 9505053
9511157 9505053
9511222 9505053
9512078 9505053
9506048 9505054
9507027 9505054
9507050 9505054
9508064 9505054
9508144 9505054
9508154 9505054
9511157 9505054
9512226 9505054
9505075 9505062
9505088 9505062
9505105 9505062
9505150 9505062
9506077 9505062
9506084 9505062
9506102 9505062
9507008 9505062
9507011 9505062
9507144 9505062
9507169 9505062
9508043 9505062
9508155 9505062
9509066 9505062
9509130 9505062
9509161 9505062
9509175 9505062
9509176 9505062
9510222 9505062
9512140 9505062
9506077 9505067
9506139 9505067
9507013 9505067
9507018 9505067
9507169 9505067
9509066 9505067
9510148 9505067
9510222 9505067
9510228 9505067
9511065 9505067
9506057 9505073
9506075 9505073
9506194 9505073
9507022 9505073
9507027 9505073
9507090 9505073
9507113 9505073
9507160 9505073
9508046 9505073
9508058 9505073
9508064 9505073
9508155 9505073
9509070 9505073
9509132 9505073
9510023 9505073
9510097 9505073
9510098 9505073
9510190 9505073
9511115 9505073
9512181 9505073
9512188 9505073
9505100 9505075
9505150 9505075
9506077 9505075
9506148 9505075
9507008 9505075
9507011 9505075
9507032 9505075
9507144 9505075
9508043 9505075
9508163 9505075
9509066 9505075
9509130 9505075
9509161 9505075
9509175 9505075
9509176 9505075
9510101 9505075
9510129 9505075
9510183 9505075
9510204 9505075
9510222 9505075
9511126 9505075
9511180 9505075
9512005 9505075
9512161 9505075
9506077 9505088
9506139 9505088
9506148 9505088
9506196 9505088
9507013 9505088
9507018 9505088
9509066 9505088
9510148 9505088
9510222 9505088
9510228 9505088
9510186 9505097
9512139 9505097
9505150 9505100
9506077 9505100
9506148 9505100
9507008 9505100
9507011 9505100
9507032 9505100
9507144 9505100
9508043 9505100
9508163 9505100
9509066 9505100
9509130 9505100
9509161 9505100
9509175 9505100
9509176 9505100
9510101 9505100
9510129 9505100
9510183 9505100
9510204 9505100
9510222 9505100
9511180 9505100
9505150 9505105
9505162 9505105
9506024 9505105
9506075 9505105
9506091 9505105
9506110 9505105
9506112 9505105
9506144 9505105
9506150 9505105
9507011 9505105
9507027 9505105
9507050 9505105
9507113 9505105
9507115 9505105
9507153 9505105
9507158 9505105
9507168 9505105
9508044 9505105
9508046 9505105
9508064 9505105
9508071 9505105
9508096 9505105
9508154 9505105
9508155 9505105
9509009 9505105
9509042 9505105
9509106 9505105
9509132 9505105
9509146 9505105
9509160 9505105
9510023 9505105
9510055 9505105
9510079 9505105
9510086 9505105
9510093 9505105
9510142 9505105
9510182 9505105
9510183 9505105
9510207 9505105
9510225 9505105
9510234 9505105
9511017 9505105
9511030 9505105
9511048 9505105
9511058 9505105
9511108 9505105
9511171 9505105
9511178 9505105
9511213 9505105
9511228 9505105
9512017 9505105
9512043 9505105
9512046 9505105
9512053 9505105
9512060 9505105
9512121 9505105
9512129 9505105
9512138 9505105
9512139 9505105
9512155 9505105
9512161 9505105
9512181 9505105
9512226 9505105
9506075 9505123
9511017 9505123
9512043 9505123
9512139 9505123
9512192 9505123
9506024 9505135
9506075 9505135
9512017 9505135
9512043 9505135
9512139 9505135
9506075 9505150
9506091 9505150
9506102 9505150
9506181 9505150
9507011 9505150
9507113 9505150
9507144 9505150
9508043 9505150
9508155 9505150
9508163 9505150
9510079 9505150
9510129 9505150
9510182 9505150
9510183 9505150
9511048 9505150
9511126 9505150
9511180 9505150
9512005 9505150
9512043 9505150
9512129 9505150
9512161 9505150
9506048 9505162
9506075 9505162
9506076 9505162
9506091 9505162
9506110 9505162
9506112 9505162
9506144 9505162
9506150 9505162
9507011 9505162
9507027 9505162
9507050 9505162
9507113 9505162
9507151 9505162
9507158 9505162
9507168 9505162
9508046 9505162
9508064 9505162
9508071 9505162
9508096 9505162
9508144 9505162
9508154 9505162
9508155 9505162
9509009 9505162
9509042 9505162
9509106 9505162
9509132 9505162
9509146 9505162
9509160 9505162
9509161 9505162
9510055 9505162
9510079 9505162
9510086 9505162
9510093 9505162
9510142 9505162
9510182 9505162
9510183 9505162
9510207 9505162
9510234 9505162
9511017 9505162
9511048 9505162
9511058 9505162
9511171 9505162
9511228 9505162
9512043 9505162
9512046 9505162
9512053 9505162
9512060 9505162
9512121 9505162
9512129 9505162
9512138 9505162
9512139 9505162
9512155 9505162
9512226 9505162
9506075 9506024
9506144 9506024
9507113 9506024
9508155 9506024
9510023 9506024
9511048 9506024
9512017 9506024
9506076 9506048
9507027 9506048
9507050 9506048
9508064 9506048
9508144 9506048
9508154 9506048
9510142 9506048
9511157 9506048
9512155 9506048
9512226 9506048
9506057 9506065
9506086 9506057
9506126 9506057
9507090 9506057
9507160 9506057
9508058 9506057
9508091 9506057
9508094 9506057
9508132 9506057
9509106 9506057
9511162 9506057
9512012 9506057
9512031 9506057
9512152 9506057
9512177 9506057
9506086 9506065
9508091 9506065
9511213 9506065
9506112 9506075
9506144 9506075
9507113 9506075
9508155 9506075
9509160 9506075
9510023 9506075
9510079 9506075
9510142 9506075
9510234 9506075
9511017 9506075
9511048 9506075
9511058 9506075
9511178 9506075
9511228 9506075
9512017 9506075
9512043 9506075
9512138 9506075
9512139 9506075
9512192 9506075
9506084 9506077
9506148 9506077
9506196 9506077
9507018 9506077
9507050 9506077
9507169 9506077
9508155 9506077
9509066 9506077
9509132 9506077
9510148 9506077
9510222 9506077
9510228 9506077
9507018 9506084
9507169 9506084
9508155 9506084
9509066 9506084
9509130 9506084
9510148 9506084
9510222 9506084
9510228 9506084
9506112 9506091
9510093 9506091
9512138 9506091
9506181 9506102
9508155 9506102
9510129 9506102
9510183 9506102
9512161 9506102
9506200 9506106
9507022 9506106
9507160 9506106
9508058 9506106
9508072 9506106
9509102 9506106
9509108 9506106
9510097 9506106
9510134 9506106
9511053 9506106
9511115 9506106
9512012 9506106
9512031 9506106
9512089 9506106
9512127 9506106
9512153 9506106
9512188 9506106
9507027 9506110
9507050 9506110
9507113 9506110
9507115 9506110
9507151 9506110
9507153 9506110
9507168 9506110
9508046 9506110
9508064 9506110
9508155 9506110
9509009 9506110
9509042 9506110
9509106 9506110
9509132 9506110
9509146 9506110
9509160 9506110
9510079 9506110
9510093 9506110
9510142 9506110
9510182 9506110
9510234 9506110
9511017 9506110
9511048 9506110
9511058 9506110
9511108 9506110
9511228 9506110
9512046 9506110
9512060 9506110
9512129 9506110
9512138 9506110
9506112 9411234
9506144 9506112
9507027 9506112
9507050 9506112
9507113 9506112
9507115 9506112
9507151 9506112
9507153 9506112
9507168 9506112
9508046 9506112
9508064 9506112
9508155 9506112
9509009 9506112
9509042 9506112
9509106 9506112
9509132 9506112
9509146 9506112
9509160 9506112
9510079 9506112
9510086 9506112
9510093 9506112
9510142 9506112
9510182 9506112
9510225 9506112
9510234 9506112
9511017 9506112
9511048 9506112
9511058 9506112
9511108 9506112
9511171 9506112
9511228 9506112
9512046 9506112
9512060 9506112
9512129 9506112
9512138 9506112
9507050 9411234
9507151 9411234
9507153 9411234
9510182 9411234
9512226 9411234
9507022 9506113
9507160 9506113
9508058 9506113
9508072 9506113
9509102 9506113
9510097 9506113
9511115 9506113
9512127 9506113
9512188 9506113
9507115 9506122
9509132 9506122
9510182 9506122
9510225 9506122
9510233 9506122
9511164 9506122
9512046 9506122
9507090 9506126
9507158 9506126
9507160 9506126
9508058 9506126
9508094 9506126
9508132 9506126
9509106 9506126
9510086 9506126
9511053 9506126
9511157 9506126
9511162 9506126
9511213 9506126
9512196 9506126
9512203 9506126
9506196 9506139
9507018 9506139
9509066 9506139
9511065 9506139
9507158 9506144
9509106 9506144
9511108 9506144
9506196 9506148
9507013 9506148
9507018 9506148
9507169 9506148
9509066 9506148
9510148 9506148
9510228 9506148
9512024 9506148
9512173 9506148
9507158 9506150
9507168 9506150
9508064 9506150
9508154 9506150
9508155 9506150
9509106 9506150
9509132 9506150
9511108 9506150
9512196 9506150
9509145 9506156
9509148 9506156
9506194 9506160
9507050 9506160
9507113 9506160
9508064 9506160
9508091 9506160
9508096 9506160
9508143 9506160
9508155 9506160
9509050 9506160
9509070 9506160
9509106 9506160
9509132 9506160
9509145 9506160
9509148 9506160
9510169 9506160
9510173 9506160
9510209 9506160
9511030 9506160
9511053 9506160
9511157 9506160
9512081 9506160
9512145 9506160
9512181 9506160
9512196 9506160
9510009 9506178
9510129 9506181
9512161 9506181
9507048 9506194
9507050 9506194
9507113 9506194
9507158 9506194
9508064 9506194
9508091 9506194
9508096 9506194
9508132 9506194
9508143 9506194
9508155 9506194
9509050 9506194
9509070 9506194
9509132 9506194
9509145 9506194
9509148 9506194
9510086 9506194
9510169 9506194
9510173 9506194
9510209 9506194
9511030 9506194
9511053 9506194
9511098 9506194
9511157 9506194
9512081 9506194
9512145 9506194
9512181 9506194
9512196 9506194
9507018 9506196
9509066 9506196
9511065 9506196
9507090 9506200
9508045 9506200
9509070 9506200
9509108 9506200
9510134 9506200
9511064 9506200
9512031 9506200
9512188 9506200
9507011 9507008
9508043 9507008
9509161 9507008
9509175 9507008
9509176 9507008
9510101 9507008
9510129 9507008
9510183 9507008
9511126 9507008
9511180 9507008
9512005 9507011
9507121 9507012
9507168 9507012
9508046 9507012
9508058 9507012
9508144 9507012
9509132 9507012
9510142 9507012
9510169 9507012
9510225 9507012
9511108 9507012
9511164 9507012
9511171 9507012
9511213 9507012
9511228 9507012
9512046 9507012
9512060 9507012
9512145 9507012
9512226 9507012
9512004 9507013
9507169 9507018
9509066 9507018
9510148 9507018
9510228 9507018
9511065 9507018
9507160 9507022
9508058 9507022
9508072 9507022
9509102 9507022
9509108 9507022
9510080 9507022
9510097 9507022
9510134 9507022
9510190 9507022
9511053 9507022
9511115 9507022
9512012 9507022
9512127 9507022
9512153 9507022
9512188 9507022
9507050 9507027
9507113 9507027
9507168 9507027
9508046 9507027
9508064 9507027
9508096 9507027
9508144 9507027
9508154 9507027
9508155 9507027
9509106 9507027
9509132 9507027
9511157 9507027
9512060 9507027
9512226 9507027
9507144 9507032
9508043 9507032
9509175 9507032
9509176 9507032
9510129 9507032
9511180 9507032
9507158 9507048
9508091 9507048
9508143 9507048
9509070 9507048
9509145 9507048
9509148 9507048
9510086 9507048
9510209 9507048
9511079 9507048
9511098 9507048
9511159 9507048
9512062 9507048
9512181 9507048
9512196 9507048
9512203 9507048
9507113 9507050
9507151 9507050
9507153 9507050
9507168 9507050
9508046 9507050
9508064 9507050
9508071 9507050
9508096 9507050
9508144 9507050
9508154 9507050
9508155 9507050
9509106 9507050
9509132 9507050
9509160 9507050
9510017 9507050
9510093 9507050
9510142 9507050
9510182 9507050
9510234 9507050
9511058 9507050
9511157 9507050
9511171 9507050
9511213 9507050
9511228 9507050
9512046 9507050
9512060 9507050
9512138 9507050
9512155 9507050
9512226 9507050
9510009 9507051
9507160 9507090
9508058 9507090
9508094 9507090
9509108 9507090
9510097 9507090
9510098 9507090
9510178 9507090
9511064 9507090
9512031 9507090
9512089 9507090
9512127 9507090
9512129 9507090
9512177 9507090
9512188 9507090
9508155 9507113
9509009 9507113
9509160 9507113
9510079 9507113
9510142 9507113
9510234 9507113
9511019 9507113
9511228 9507113
9512017 9507113
9512129 9507113
9512138 9507113
9508044 9507115
9508064 9507115
9508155 9507115
9509009 9507115
9509042 9507115
9509106 9507115
9509132 9507115
9509146 9507115
9509160 9507115
9510079 9507115
9510093 9507115
9510182 9507115
9510225 9507115
9510233 9507115
9510234 9507115
9511017 9507115
9511048 9507115
9511058 9507115
9511164 9507115
9511228 9507115
9512046 9507115
9512129 9507115
9512138 9507115
9508064 9507121
9508144 9507121
9508155 9507121
9509132 9507121
9509160 9507121
9510142 9507121
9510169 9507121
9510225 9507121
9511164 9507121
9511171 9507121
9511228 9507121
9512059 9507121
9512060 9507121
9510183 9507144
9512161 9507144
9507153 9507151
9508155 9507151
9509146 9507151
9510234 9507151
9512060 9507151
9512129 9507151
9512226 9507151
9508155 9507153
9509146 9507153
9510182 9507153
9510234 9507153
9511108 9507153
9512060 9507153
9512129 9507153
9512226 9507153
9508143 9507158
9508155 9507158
9509070 9507158
9509106 9507158
9509132 9507158
9509148 9507158
9509160 9507158
9510086 9507158
9510093 9507158
9510161 9507158
9510207 9507158
9511053 9507158
9511108 9507158
9511162 9507158
9512059 9507158
9512121 9507158
9512196 9507158
9512203 9507158
9508058 9507160
9508072 9507160
9509108 9507160
9510080 9507160
9510097 9507160
9510098 9507160
9510190 9507160
9511115 9507160
9512012 9507160
9512031 9507160
9512127 9507160
9512153 9507160
9512188 9507160
9508046 9507168
9508064 9507168
9508071 9507168
9508096 9507168
9508144 9507168
9508154 9507168
9508155 9507168
9509106 9507168
9509132 9507168
9511228 9507168
9512060 9507168
9512155 9507168
9512226 9507168
9509066 9507169
9510148 9507169
9511065 9507169
9508155 9508044
9509070 9508045
9510134 9508045
9508154 9508046
9508094 9508056
9509106 9508056
9508091 9508058
9509102 9508058
9510097 9508058
9510098 9508058
9510190 9508058
9512031 9508058
9512127 9508058
9512129 9508058
9512153 9508058
9508091 9508064
9508132 9508064
9508144 9508064
9508154 9508064
9508155 9508064
9509132 9508064
9509145 9508064
9509160 9508064
9510234 9508064
9511098 9508064
9512060 9508064
9508155 9508071
9511115 9508072
9508143 9508091
9509145 9508091
9511159 9508091
9511213 9508091
9512152 9508091
9508154 9508094
9509106 9508094
9510178 9508094
9511162 9508094
9512012 9508094
9512031 9508094
9512089 9508094
9512127 9508094
9512129 9508094
9512152 9508094
9512155 9508094
9512177 9508094
9512188 9508094
9508155 9508096
9511228 9508096
9509106 9508132
9512152 9508132
9508154 9508143
9508155 9508143
9509050 9508143
9509106 9508143
9509145 9508143
9509148 9508143
9510086 9508143
9510135 9508143
9510161 9508143
9510209 9508143
9510225 9508143
9510229 9508143
9511053 9508143
9511088 9508143
9511098 9508143
9511159 9508143
9511162 9508143
9511173 9508143
9511222 9508143
9512053 9508143
9512155 9508143
9512181 9508143
9512196 9508143
9512203 9508143
9508154 9508144
9508155 9508144
9509106 9508144
9510142 9508144
9511157 9508144
9512060 9508144
9512155 9508144
9512226 9508144
9509106 9508154
9509145 9508154
9509148 9508154
9510086 9508154
9510142 9508154
9510209 9508154
9512060 9508154
9512155 9508154
9512181 9508154
9512196 9508154
9512203 9508154
9512226 9508154
9509009 9508155
9509042 9508155
9509132 9508155
9509146 9508155
9509160 9508155
9509161 9508155
9510023 9508155
9510055 9508155
9510079 9508155
9510093 9508155
9510129 9508155
9510142 9508155
9510183 9508155
9510234 9508155
9511017 9508155
9511048 9508155
9511058 9508155
9511126 9508155
9511171 9508155
9511228 9508155
9512017 9508155
9512046 9508155
9512060 9508155
9512129 9508155
9512138 9508155
9512161 9508155
9509042 9509009
9509132 9509009
9509146 9509009
9509160 9509009
9510079 9509009
9510093 9509009
9510142 9509009
9510234 9509009
9511017 9509009
9511048 9509009
9511108 9509009
9511228 9509009
9512046 9509009
9512129 9509009
9509146 9509042
9511048 9509042
9511058 9509042
9512129 9509042
9512138 9509042
9509070 9509050
9509145 9509050
9510134 9509050
9511053 9509050
9512031 9509050
9510148 9509066
9510222 9509066
9510228 9509066
9511065 9509066
9512004 9509066
9512063 9509066
9512140 9509066
9511159 9509070
9512203 9509070
9511115 9509102
9512127 9509102
9509160 9509106
9510079 9509106
9510209 9509106
9510080 9509108
9510097 9509108
9510134 9509108
9511053 9509108
9510129 9509130
9510222 9509130
9512140 9509130
9510200 9509132
9511043 9509132
9511157 9509132
9511048 9509146
9512129 9509146
9510086 9509148
9510135 9509148
9510209 9509148
9510229 9509148
9511088 9509148
9511098 9509148
9511159 9509148
9512181 9509148
9512196 9509148
9510079 9509160
9512129 9509160
9512139 9509160
9509175 9509161
9509176 9509161
9510101 9509161
9510183 9509161
9510204 9509161
9510224 9509161
9511052 9509161
9511126 9509161
9512017 9509161
9512161 9509161
9510183 9509162
9510204 9509162
9510224 9509162
9511052 9509162
9511126 9509162
9512161 9509162
9510101 9509175
9510129 9509175
9510183 9509175
9510204 9509175
9511180 9509175
9510101 9509176
9510129 9509176
9510183 9509176
9510204 9509176
9511180 9509176
9510086 9510017
9510135 9510017
9510161 9510017
9510169 9510017
9510182 9510017
9510200 9510017
9510209 9510017
9510229 9510017
9511026 9510017
9511030 9510017
9511043 9510017
9511079 9510017
9511080 9510017
9511088 9510017
9511098 9510017
9511157 9510017
9511159 9510017
9511164 9510017
9511173 9510017
9511222 9510017
9512042 9510017
9512053 9510017
9512059 9510017
9512061 9510017
9512062 9510017
9512077 9510017
9512078 9510017
9512121 9510017
9512145 9510017
9512203 9510017
9512219 9510017
9512226 9510017
9511108 9510079
9510161 9510086
9510183 9510086
9510209 9510086
9510229 9510086
9511079 9510086
9511088 9510086
9511098 9510086
9511159 9510086
9511162 9510086
9511213 9510086
9512053 9510086
9512061 9510086
9512062 9510086
9512181 9510086
9512196 9510086
9512226 9510086
9510142 9510093
9510182 9510093
9510234 9510093
9511058 9510093
9511171 9510093
9511228 9510093
9512046 9510093
9512060 9510093
9512129 9510093
9512138 9510093
9512226 9510093
9510134 9510097
9511064 9510097
9512031 9510097
9512127 9510097
9512129 9510098
9512177 9510098
9510204 9510101
9510224 9510101
9511052 9510101
9511126 9510101
9511180 9510101
9512017 9510101
9512161 9510101
9510183 9510129
9511126 9510129
9512161 9510129
9511053 9510134
9511064 9510134
9511218 9510134
9512031 9510134
9512089 9510134
9512157 9510134
9512188 9510134
9510161 9510135
9510225 9510135
9510229 9510135
9511026 9510135
9511030 9510135
9511043 9510135
9511088 9510135
9511098 9510135
9511157 9510135
9511159 9510135
9511173 9510135
9511222 9510135
9512042 9510135
9512059 9510135
9512062 9510135
9512077 9510135
9512078 9510135
9512121 9510135
9512145 9510135
9512181 9510135
9512203 9510135
9512219 9510135
9510225 9510142
9510234 9510142
9511058 9510142
9511108 9510142
9511171 9510142
9511228 9510142
9512060 9510142
9512226 9510142
9510204 9510143
9510224 9510143
9511052 9510143
9511126 9510143
9512161 9510143
9510228 9510148
9511065 9510148
9511026 9510161
9511159 9510161
9511173 9510161
9512042 9510161
9512059 9510161
9512077 9510161
9512078 9510161
9512203 9510161
9510173 9510169
9510209 9510169
9510225 9510169
9511030 9510169
9511053 9510169
9511157 9510169
9511164 9510169
9512059 9510169
9512077 9510169
9512081 9510169
9512145 9510169
9512181 9510169
9512196 9510169
9512203 9510169
9512226 9510169
9511030 9510173
9512081 9510173
9512152 9510178
9511048 9510182
9511108 9510182
9511171 9510182
9512046 9510182
9512053 9510182
9512129 9510182
9512138 9510182
9512226 9510182
9510224 9510183
9511126 9510183
9512005 9510183
9512161 9510183
9512139 9510186
9511115 9510190
9511043 9510200
9511173 9510200
9512042 9510200
9510224 9510204
9511052 9510204
9511126 9510204
9512161 9510204
9511053 9510209
9511079 9510209
9511157 9510209
9511162 9510209
9511213 9510209
9512053 9510209
9512061 9510209
9512077 9510209
9512081 9510209
9512181 9510209
9512196 9510209
9512203 9510209
9512226 9510209
9511065 9510222
9512024 9510222
9511052 9510224
9511126 9510224
9512161 9510224
9510233 9510225
9511026 9510225
9511088 9510225
9511108 9510225
9511157 9510225
9511159 9510225
9511164 9510225
9511171 9510225
9511222 9510225
9511228 9510225
9512046 9510225
9512059 9510225
9512060 9510225
9512078 9510225
9512145 9510225
9512203 9510225
9512226 9510225
9511026 9510229
9511043 9510229
9511088 9510229
9511157 9510229
9512059 9510229
9512078 9510229
9512121 9510229
9512203 9510229
9511058 9510234
9511157 9510234
9511171 9510234
9511228 9510234
9512046 9510234
9512060 9510234
9512129 9510234
9512138 9510234
9511088 9511026
9511098 9511026
9511157 9511026
9511159 9511026
9511222 9511026
9512042 9511026
9512059 9511026
9512078 9511026
9512121 9511026
9511157 9511030
9511171 9511030
9512053 9511030
9512059 9511030
9512077 9511030
9512078 9511030
9512145 9511030
9512203 9511030
9512226 9511030
9511157 9511043
9511173 9511043
9512042 9511043
9512059 9511043
9512061 9511043
9512077 9511043
9512078 9511043
9512203 9511043
9511126 9511052
9512161 9511052
9511218 9511053
9512031 9511053
9512089 9511053
9512157 9511053
9512188 9511053
9511228 9511058
9512138 9511058
9512031 9511064
9512127 9511064
9512188 9511064
9511080 9511079
9512062 9511079
9512181 9511079
9512062 9511080
9511222 9511088
9512059 9511088
9512078 9511088
9512121 9511088
9512203 9511088
9512226 9511088
9512196 9511098
9512129 9511108
9512188 9511115
9512161 9511126
9512145 9511157
9511213 9511159
9512196 9511159
9512203 9511159
9512177 9511162
9512196 9511162
9511222 9511164
9512059 9511164
9512226 9511164
9512046 9511171
9512060 9511171
9512138 9511171
9512042 9511173
9512059 9511173
9512062 9511173
9512078 9511173
9512203 9511173
9512005 9511180
9512152 9511213
9512196 9511213
9512203 9511213
9512157 9511218
9512059 9511222
9512078 9511222
9512121 9511222
9512226 9511222
9512138 9511228
9512089 9512012
9512153 9512012
9512177 9512012
9512161 9512017
9512127 9512031
9512188 9512031
9512077 9512042
9512078 9512059
9512203 9512059
9512226 9512060
9512078 9512061
9512203 9512061
9512078 9512062
9512196 9512062
9512203 9512062
9512219 9512062
9512078 9512077
9512203 9512077
9512121 9512078
9512177 9512089
9512153 9512127
9512188 9512127
9512188 9512129
9512203 9512181
9512203 9512196
12:
9504127 9201080
9506180 9504127
9510059 9504127
9512175 9504127
9506180 9201080
9510059 9201080
9512175 9201080
9510059 9506180
9512175 9506180
9512175 9510059
13:
9507046 9303112
9511028 9507046
9511072 9507046
9511166 9507046
9511028 9303112
9511072 9303112
9511166 9303112
9511072 9511028
9511166 9511028
9511166 9511072
14:
9501012 9412165
9505016 9501012
9510067 9501012
9510197 9501012
9511221 9501012
9512112 9501012
9505016 9412165
9510067 9412165
9510197 9412165
9511221 9412165
9512112 9412165
9511221 9505016
9512112 9505016
9511221 9510067
9512112 9510067
9511221 9510197
9512112 9510197
9512112 9511221
15:
9510017 9504090
9510074 9504090
9510227 9504090
9512006 9504090
9512180 9504090
9510074 9510017
9510227 9510017
9512180 9510017
9510227 9510074
9512006 9510074
9512180 9510074
9512006 9510227
9512180 9510227
9512180 9512006
16:
9502029 9407018
9502029 9407134
9503017 9502029
9505122 9502029
9508026 9502029
9503017 9407018
9505122 9407018
9508026 9407018
9503017 9407134
9505122 9407134
9508026 9407134
9505122 9503017
9508026 9503017
9508026 9505122
17:
9502122 9209076
9509095 9209076
9509123 9209076
9512040 9209076
9512124 9209076
9502122 9210021
9503045 9210021
9503226 9210021
9507014 9210021
9509095 9210021
9509123 9210021
9511024 9210021
9512025 9210021
9512040 9210021
9512124 9210021
9512126 9210021
9502122 9308112
9503045 9308112
9503226 9308112
9509095 9308112
9509123 9308112
9512040 9308112
9512124 9308112
9503045 9401139
9503226 9401139
9509095 9401139
9509123 9401139
9512040 9401139
9512124 9401139
9502122 9303038
9509095 9303038
9509123 9303038
9512025 9303038
9512040 9303038
9512124 9303038
9502122 9402031
9507014 9402031
9509095 9402031
9509123 9402031
9512040 9402031
9512124 9402031
9502122 9302033
9503045 9302033
9509095 9302033
9509123 9302033
9512040 9302033
9512124 9302033
9509123 9210015
9512025 9210015
9512040 9210015
9512124 9210015
9502122 9309039
9503045 9309039
9503226 9309039
9509095 9309039
9509123 9309039
9511024 9309039
9512040 9309039
9512124 9309039
9512126 9309039
9502122 9403155
9503045 9403155
9503226 9403155
9509095 9403155
9509123 9403155
9511024 9403155
9512025 9403155
9512040 9403155
9512124 9403155
9502122 9406206
9503045 9406206
9503226 9406206
9509095 9406206
9509123 9406206
9511024 9406206
9512040 9406206
9512124 9406206
9502122 9308154
9502122 9401006
9502122 9409011
9502122 9411003
9503045 9502122
9507014 9502122
9509095 9502122
9509123 9502122
9511024 9502122
9512025 9502122
9512040 9502122
9512124 9502122
9512126 9502122
9503045 9308154
9503226 9308154
9507014 9308154
9509095 9308154
9509123 9308154
9511024 9308154
9512025 9308154
9512040 9308154
9512124 9308154
9512126 9308154
9503045 9401006
9503226 9401006
9509095 9401006
9509123 9401006
9511024 9401006
9512040 9401006
9512124 9401006
9512126 9401006
9503045 9409011
9503226 9409011
9509095 9409011
9509123 9409011
9512040 9409011
9512124 9409011
9509095 9411003
9509123 9411003
9512040 9411003
9512124 9411003
9503226 9503045
9507014 9503045
9511024 9503045
9512040 9503045
9512124 9503045
9512126 9503045
9509095 9503226
9509123 9503226
9512040 9503226
9512124 9503226
9507014 9406082
9509095 9406082
9509123 9406082
9512040 9406082
9512124 9406082
9509095 9507014
9509123 9507014
9512025 9507014
9512124 9507014
9509123 9509095
9512040 9509095
9512124 9509095
9512025 9509123
9512040 9509123
9512124 9509123
9512040 9511024
9512126 9511024
9512040 9512025
9512124 9512025
9512124 9512040
18:
9502125 9309055
9508136 9502125
9510036 9502125
9511158 9502125
9512068 9502125
9512080 9502125
9508136 9309055
9510036 9309055
9511158 9309055
9512068 9309055
9512080 9309055
9510036 9508136
9511158 9508136
9512068 9508136
9512080 9508136
9511158 9510036
9512068 9510036
9512080 9510036
19:
9501113 9203051
9502141 9203051
9502143 9203051
9510213 9203051
9512102 9203051
9501113 9304046
9502141 9304046
9502143 9304046
9510213 9304046
9512102 9304046
9501113 9502141
9502143 9501113
9510213 9501113
9512102 9501113
9502143 9502141
9510213 9502141
9512102 9502141
9512102 9502143
9512102 9510213
20:
9502006 9401070
9502155 9401070
9503016 9401070
9504022 9401070
9504033 9401070
9506066 9401070
9506182 9401070
9506206 9401070
9512184 9401070
9502006 9303048
9502155 9303048
9503016 9303048
9504022 9303048
9504033 9303048
9506066 9303048
9506182 9303048
9506206 9303048
9512184 9303048
9502006 9401072
9502155 9401072
9503016 9401072
9504022 9401072
9504033 9401072
9506066 9401072
9506182 9401072
9506206 9401072
9512184 9401072
9502006 9401125
9502155 9401125
9503016 9401125
9504022 9401125
9504033 9401125
9506066 9401125
9506182 9401125
9506206 9401125
9512184 9401125
9502006 9407001
9503016 9407001
9504022 9407001
9506182 9407001
9506206 9407001
9512184 9407001
9502006 9408066
9504022 9502006
9506206 9502006
9512184 9502006
9503016 9408066
9504022 9408066
9506182 9408066
9506206 9408066
9512184 9408066
9506066 9502155
9506206 9502155
9512184 9502155
9504022 9503016
9504033 9503016
9506066 9503016
9506182 9503016
9506206 9503016
9512184 9503016
9504022 9412020
9506066 9504022
9506182 9504022
9506206 9504022
9512184 9504022
9506066 9412020
9506206 9412020
9512184 9412020
9506182 9504033
9512184 9504033
9506206 9506066
9512184 9506066
9512184 9506182
9512184 9506206
21:
9502011 9306002
9503088 9306002
9512011 9306002
9512085 9306002
9503088 9502011
9512011 9502011
9512085 9502011
9512011 9503088
9512085 9503088
9512085 9512011
22:
9503099 9407190
9503232 9503099
9508100 9503099
9512189 9503099
9503232 9407190
9508100 9407190
9512189 9407190
9508100 9503232
9512189 9503232
9512189 9508100
23:
9501055 9308112
9501055 9309023
9502007 9501055
9502136 9501055
9503142 9501055
9504057 9501055
9502007 9308112
9502136 9308112
9503142 9308112
9504057 9308112
9502007 9309023
9502136 9309023
9503142 9309023
9504057 9309023
9502136 9502007
9503142 9502007
9504057 9502007
9503142 9502136
9504057 9503142
24:
9503212 9301042
9506104 9301042
9509170 9301042
9510055 9301042
9503212 9309110
9506104 9309110
9509170 9309110
9510055 9309110
9510241 9309110
9503212 9406090
9506104 9406090
9509170 9406090
9510055 9406090
9506104 9503212
9509170 9503212
9510055 9503212
9510241 9503212
9509170 9506104
9510055 9506104
9510241 9506104
9510055 9509170
9510241 9509170
9510241 9510055
25:
9502001 9402032
9503057 9402032
9503127 9402032
9506076 9402032
9502001 9402002
9503057 9402002
9503078 9402002
9503124 9402002
9503127 9402002
9503154 9402002
9505170 9402002
9506037 9402002
9506076 9402002
9506192 9402002
9506205 9402002
9507005 9402002
9502001 9207053
9503057 9207053
9507005 9207053
9507164 9207053
9503057 9305185
9503154 9305185
9506037 9305185
9506076 9305185
9507005 9305185
9503057 9408083
9503078 9408083
9503124 9408083
9503127 9408083
9505170 9408083
9506037 9408083
9506076 9408083
9507005 9408083
9503057 9410167
9503078 9410167
9503127 9410167
9505170 9410167
9506037 9410167
9506076 9410167
9502001 9401139
9503057 9401139
9503078 9401139
9503127 9401139
9506076 9401139
9502001 9304154
9503057 9304154
9503154 9304154
9506037 9304154
9507005 9304154
9507164 9304154
9502001 9402016
9503057 9402016
9503078 9402016
9503127 9402016
9503154 9402016
9505170 9402016
9506037 9402016
9506076 9402016
9506205 9402016
9507005 9402016
9507164 9402016
9503057 9502001
9503078 9502001
9503127 9502001
9503154 9502001
9505170 9502001
9506037 9502001
9506076 9502001
9506205 9502001
9507005 9502001
9507164 9502001
9503078 9410104
9503127 9410104
9505170 9410104
9506037 9410104
9506076 9410104
9507005 9410104
9503127 9503057
9503154 9503057
9505170 9503057
9506037 9503057
9506076 9503057
9506192 9503057
9506205 9503057
9507005 9503057
9507164 9503057
9503078 9502002
9503127 9503078
9505170 9503078
9506037 9503078
9506076 9503078
9507005 9503078
9507164 9503078
9503127 9502002
9505170 9502002
9506037 9502002
9506076 9502002
9507005 9502002
9505170 9503124
9506037 9503124
9507005 9503124
9505170 9503127
9506037 9503127
9506076 9503127
9506037 9503154
9506076 9503154
9506192 9503154
9507005 9503154
9506037 9505170
9507005 9505170
9506076 9506037
9506192 9506037
9506205 9506037
9507005 9506037
9507164 9507005
26:
9505018 9205068
9505046 9205068
9510094 9205068
9510223 9205068
9510241 9205068
9505046 9410206
9510009 9410206
9510094 9410206
9510241 9410206
9505046 9505018
9510009 9505018
9510094 9505018
9510223 9505018
9510241 9505018
9510009 9505046
9510094 9505046
9510223 9505046
9510241 9505046
9510094 9510009
9510241 9510009
9510241 9510094
9510241 9510223
27:
9503030 9311185
9506071 9311185
9508068 9311185
9508078 9311185
9509043 9311185
9502038 9411099
9506071 9411099
9508068 9411099
9508078 9411099
9509043 9411099
9510041 9411099
9502038 9411198
9506071 9411198
9508068 9411198
9508078 9411198
9509043 9411198
9510041 9411198
9502038 9306048
9506071 9502038
9508068 9502038
9508078 9502038
9510041 9502038
9503030 9306048
9506071 9306048
9508078 9306048
9509043 9306048
9510041 9306048
9506071 9503030
9508068 9503030
9508078 9503030
9509043 9503030
9510041 9503030
9508068 9506071
9508078 9506071
9509043 9506071
9510041 9506071
9508068 9508078
9509043 9508068
9510041 9508068
9509043 9508078
9510041 9508078
28:
9502108 9406005
9503118 9502108
9503159 9502108
9510072 9502108
9503118 9406005
9503159 9406005
9510072 9406005
9503159 9503118
9510072 9503118
9510072 9503159
29:
9502107 9409111
9506101 9502107
9506147 9502107
9512117 9502107
9506101 9409111
9506147 9409111
9512117 9409111
9506147 9506101
9512117 9506101
9512117 9506147
30:
9505186 9407087
9507040 9407087
9508021 9407087
9512173 9407087
9505186 9408074
9507040 9408074
9508021 9408074
9512173 9408074
9507040 9505186
9508021 9505186
9512173 9505186
9508021 9507040
9512173 9507040
9512173 9508021
31:
9501022 9406128
9501022 9408074
9501096 9501022
9504047 9501022
9506011 9501022
9506137 9501022
9507064 9501022
9508159 9501022
9501096 9406128
9504047 9406128
9506011 9406128
9506137 9406128
9507064 9406128
9501096 9408074
9504047 9408074
9506011 9408074
9507064 9408074
9508159 9408074
9504047 9501096
9506011 9501096
9506137 9501096
9507064 9501096
9508159 9501096
9506011 9504047
9506137 9506011
9507064 9506011
9508159 9506011
9508159 9506137
32:
9505186 9407087
9506011 9407087
9506137 9407087
9508021 9407087
9505186 9401139
9506011 9401139
9506137 9401139
9508021 9401139
9508159 9401139
9506011 9505186
9506137 9505186
9508021 9505186
9508159 9505186
9506137 9506011
9508021 9506011
9508159 9506011
9508021 9506137
9508159 9506137
33:
9501098 9304141
9501098 9306002
9501098 9309142
9501098 9404108
9504018 9501098
9506031 9501098
9510071 9501098
9504018 9304141
9506031 9304141
9510071 9304141
9504018 9306002
9506031 9306002
9510071 9306002
9504018 9309142
9506031 9309142
9510071 9309142
9504018 9404108
9506031 9404108
9510071 9404108
9506031 9504018
9510071 9504018
9510071 9506031
34:
9502065 9401139
9504148 9401139
9506156 9401139
9507112 9401139
9510028 9401139
9510034 9401139
9510103 9401139
9502065 9302033
9504148 9302033
9507112 9302033
9510034 9302033
9510041 9302033
9502065 9410104
9504148 9410104
9506156 9410104
9507112 9410104
9510028 9410104
9510034 9410104
9510041 9410104
9510103 9410104
9512177 9410104
9502065 9406206
9502065 9410230
9504148 9502065
9506156 9502065
9507112 9502065
9510028 9502065
9510034 9502065
9510041 9502065
9510103 9502065
9512177 9502065
9504148 9406206
9507112 9406206
9510028 9406206
9510034 9406206
9510103 9406206
9504148 9410230
9506156 9410230
9507112 9410230
9510034 9410230
9510041 9410230
9510103 9410230
9512177 9410230
9506156 9504148
9507112 9504148
9510028 9504148
9510034 9504148
9510103 9504148
9512177 9504148
9507112 9506156
9512177 9506156
9510028 9507112
9510034 9507112
9510041 9507112
9510103 9507112
9510103 9510028
9512177 9510028
9510041 9510034
9510103 9510034
35:
9501022 9402002
9502057 9501022
9505054 9501022
9507064 9501022
9502057 9402002
9505054 9402002
9507064 9402002
9505054 9502057
9507064 9502057
9507064 9505054
36:
9501022 9408074
9502057 9501022
9507064 9501022
9512173 9501022
9502057 9408074
9507064 9408074
9512173 9408074
9507064 9502057
9512173 9502057
9512173 9507064
37:
9501075 9204083
9510154 9501075
9510155 9501075
9512009 9501075
9510154 9204083
9510155 9204083
9512009 9204083
9510154 9510155
9512009 9510154
9512009 9510155
38:
9506106 9411187
9509102 9411187
9511115 9411187
9512089 9411187
9509102 9506106
9511115 9506106
9512089 9506106
9511115 9509102
9512089 9509102
9512089 9511115
