# The directed cliques from /Users/bogna/dev/role-mining/datasets/enron/timeslots/1-2000.edges
# at no lower link weight threshold,
# and at no upper link weight threshold.
# Links were treated as directed.
# No time limit was set for the clique search.

0: 10208 3078 3647 
1: 106 10755 174 
2: 106 203 174 
3: 10761 110 89 
4: 10761 29655 89 
5: 3213 123 444 
6: 3213 123 7463 
7: 527 12521 954 
8: 1300 807 1310 
9: 1310 489 531 
10: 1310 489 572 
11: 1310 489 625 
12: 1310 674 722 
13: 641 1310 726 
14: 786 1310 762 
15: 663 1310 823 
16: 807 1310 857 
17: 641 1375 3722 
18: 786 1375 5240 
19: 786 1375 8619 
20: 151 7699 7838 
21: 151 7838 9952 
22: 558 1550 761 
23: 558 1552 10184 
24: 558 1552 334 
25: 15689 3605 787 
26: 15689 4252 787 
27: 3647 15689 4269 
28: 17234 7838 2958 
29: 17234 34408 5552 
30: 558 17286 825 
31: 174 10 4 
32: 174 171 4 
33: 174 178 4 
34: 174 179 4 
35: 3228 174 181 
36: 174 256 4 
37: 174 389 4 
38: 174 4 5033 
39: 174 547 723 
40: 174 4 76 
41: 174 4 78 
42: 174 4 9 
43: 174 89 92 
44: 3213 17973 10229 
45: 5459 17973 19578 
46: 3213 17973 20022 
47: 5459 17973 27365 
48: 17973 3218 33977 
49: 5459 17973 37321 
50: 17973 3218 40398 
51: 5459 17973 6871 
52: 17973 3218 69324 
53: 3213 17973 80465 
54: 3213 17973 80560 
55: 17973 33884 81884 
56: 36549 2105 463 
57: 36549 2105 471 
58: 1069 558 2249 
59: 2353 11691 493 
60: 2353 36591 493 
61: 2353 36642 493 
62: 2876 2934 6035 
63: 3213 14873 34899 
64: 3213 3669 7473 
65: 3213 15916 80337 
66: 3228 4 2024 
67: 3228 4 8336 
68: 3228 4 8351 
69: 3231 5549 4110 
70: 3351 3297 3026 
71: 5205 33027 79 
72: 3351 300 4110 
73: 3351 3460 47936 
74: 3351 3466 47936 
75: 3351 47939 47961 
76: 3351 47968 47971 
77: 3351 7838 7698 
78: 3351 4110 8355 
79: 151 33723 5336 
80: 7838 33860 5532 
81: 3647 46575 46574 
82: 3745 47971 47982 
83: 663 4224 4254 
84: 641 4558 3307 
85: 7838 4642 48944 
86: 3351 47962 47956 
87: 47971 5442 48150 
88: 3351 7707 48185 
89: 489 491 566 
90: 489 491 573 
91: 558 641 1062 
92: 558 641 1063 
93: 558 641 28199 
94: 558 641 5198 
95: 558 641 592 
96: 558 628 8173 
97: 787 6111 5299 
98: 641 628 10259 
99: 641 628 19985 
100: 641 628 3312 
101: 641 628 3948 
102: 63968 64039 64099 
103: 143 64037 64036 
104: 64037 64040 64083 
105: 64037 64040 64084 
106: 64039 64040 64045 
107: 64039 64040 64085 
108: 64039 64040 64086 
109: 64039 64040 64087 
110: 64039 64040 64088 
111: 641 663 1236 
112: 641 663 4215 
113: 663 905 4218 
114: 10208 1609 3647 
115: 1609 3647 787 
116: 10208 3647 4232 
117: 3647 4232 787 
118: 10208 3647 4429 
119: 3647 4429 787 
120: 5461 787 3559 
121: 1068 786 558 1310 
122: 1069 5467 558 
123: 5467 558 28229 
124: 786 1070 641 
125: 1070 641 663 
126: 10759 11679 2262 
127: 10759 11679 505 
128: 3050 5459 17973 
129: 11426 3228 6627 
130: 3213 123 138 
131: 3213 138 3412 
132: 3213 123 261 
133: 3213 261 3412 
134: 3213 123 437 
135: 3213 437 6018 
136: 151 123 450 
137: 3213 123 515 
138: 1246 663 775 
139: 663 775 1310 
140: 558 641 1310 1336 
141: 663 1310 1538 
142: 558 641 1310 1586 
143: 641 1310 600 
144: 1310 1492 600 
145: 663 1310 489 623 
146: 641 663 1310 985 
147: 786 1364 2100 
148: 1399 1608 5314 
149: 143 29018 3854 
150: 151 33219 29732 
151: 786 641 3382 
152: 489 491 453 
153: 3351 5510 3297 
154: 17234 5579 15612 
155: 15689 102 34425 
156: 15689 102 787 
157: 3647 15689 2259 34425 
158: 15689 29174 34425 
159: 15689 29174 787 
160: 15689 34425 5411 
161: 15689 5411 787 
162: 15689 5493 787 
163: 5493 787 3559 
164: 3213 5459 15724 
165: 17234 15741 29163 53919 
166: 17234 15741 34506 53919 
167: 3213 15916 37341 
168: 641 628 5293 
169: 641 628 6017 
170: 786 1541 17184 
171: 786 889 17184 
172: 17234 17235 33806 33808 
173: 17235 33806 33807 
174: 17235 33807 53919 
175: 17235 15741 33806 5596 
176: 3228 174 201 4 
177: 174 231 4 
178: 3228 174 4 8326 
179: 3228 174 4 8601 
180: 174 89 95 
181: 151 17714 33860 
182: 151 429 17714 
183: 3213 5459 17973 15953 
184: 3213 17973 17351 3218 
185: 3213 17973 19452 
186: 3213 19452 4988 
187: 3213 17973 3203 3218 
188: 5459 17973 49737 
189: 17973 3218 49737 
190: 3213 17973 667 
191: 3213 667 4988 
192: 6111 5301 2876 
193: 8612 151 19097 
194: 641 628 3923 
195: 2262 544 20689 
196: 3213 280 129 
197: 3213 129 4988 
198: 33768 2876 5327 4748 
199: 7838 2876 5529 4110 
200: 3213 498 447 
201: 498 491 447 
202: 3213 5551 4988 
203: 3213 5551 6018 
204: 151 5314 885 
205: 3351 7838 3990 
206: 7838 3231 3990 
207: 3351 3297 939 
208: 3351 939 4110 
209: 3351 18405 47962 
210: 3351 18405 4110 
211: 3351 33778 2986 
212: 3351 2986 47936 
213: 3351 3918 3868 7707 
214: 3351 3894 47962 
215: 3351 3894 4110 
216: 3351 7838 4110 5163 
217: 3351 47936 5300 7707 
218: 3351 7838 5381 
219: 3950 4642 34955 
220: 3950 33860 34955 
221: 3647 787 3559 46583 
222: 4250 505 604 
223: 786 641 17265 
224: 641 4558 17265 
225: 786 641 3298 
226: 641 4558 3298 
227: 47936 7707 48172 
228: 3351 47962 48148 
229: 3351 47966 48148 
230: 489 491 554 
231: 489 674 607 
232: 492 143 925 
233: 3647 787 5177 
234: 10208 3647 5177 
235: 527 663 905 125 
236: 63968 64039 64040 64041 
237: 63968 64039 64040 64062 
238: 63968 64039 64040 64082 
239: 64037 64039 64040 64043 
240: 64037 64039 64040 64046 
241: 64037 64039 64040 64058 
242: 64037 64039 64040 64074 
243: 786 641 3701 
244: 10208 3647 6607 7472 
245: 3647 6607 7472 787 
246: 10250 3592 33768 2876 
247: 10250 3468 3592 
248: 3468 3592 2876 
249: 106 3 744 
250: 10759 1246 20684 
251: 10759 2106 174 
252: 10759 2106 20676 
253: 786 509 1310 
254: 3213 123 148 
255: 3213 148 3412 
256: 4217 663 905 505 
257: 3213 498 448 
258: 498 1310 448 489 
259: 498 1310 835 
260: 786 641 1310 851 
261: 641 663 1310 851 
262: 5548 7838 4110 
263: 17234 17125 7838 
264: 151 17125 7838 
265: 17125 7838 2876 
266: 151 4163 7838 
267: 4163 7838 4110 
268: 786 498 28435 
269: 786 1550 28435 
270: 786 1550 28792 
271: 786 558 1550 889 
272: 15689 34425 563 
273: 15689 34425 564 
274: 15689 564 787 
275: 17234 48936 17235 17248 
276: 17234 17235 17248 33806 
277: 17234 3468 33766 
278: 17234 17235 33766 33806 
279: 641 628 17317 7644 
280: 558 641 17317 7644 
281: 558 641 628 7644 
282: 174 111 4 
283: 174 111 89 
284: 3228 174 112 4 
285: 174 29654 4 
286: 51 174 29654 
287: 51 29654 29732 
288: 174 5611 89 
289: 3213 17747 17973 4805 
290: 3213 4805 37340 
291: 3213 17973 3099 3218 
292: 5459 17973 35100 
293: 17973 34940 35100 
294: 34940 35100 4988 
295: 33768 18197 15817 
296: 33768 6111 15817 
297: 558 825 28229 
298: 825 2271 28229 
299: 3468 2876 5603 
300: 33768 2876 5603 
301: 2876 5603 4110 
302: 5205 33027 58384 
303: 3351 7838 17855 4110 
304: 663 489 491 645 
305: 663 505 645 
306: 63968 64037 64039 64040 64077 
307: 64037 64039 64040 64055 64042 
308: 64037 64039 64040 64055 64044 
309: 64037 64039 64040 64055 64047 
310: 64037 64039 64040 64055 64048 
311: 64037 64039 64040 64055 64050 
312: 64037 64039 64040 64055 64052 
313: 64037 64039 64040 64055 64059 
314: 64037 64039 64040 64055 64060 
315: 64037 64039 64040 64055 64061 
316: 64037 64039 64040 64055 64065 
317: 64037 64039 64040 64055 64066 
318: 64037 64039 64040 64055 64067 
319: 64037 64039 64040 64055 64068 
320: 64037 64039 64040 64055 64073 
321: 64037 64039 64040 64055 64075 
322: 3647 7472 787 3559 
323: 29755 151 33860 
324: 29755 151 7838 
325: 29755 7838 33860 
326: 5632 15689 34425 
327: 5632 15689 787 
328: 106 119 174 
329: 119 174 4 
330: 532 11671 15405 
331: 4696 7838 17263 
332: 4696 7838 4110 
333: 14474 17234 5292 
334: 17234 11297 5292 
335: 17234 5292 7838 
336: 17234 5292 17145 
337: 14474 9315 151 
338: 9315 151 7838 
339: 151 123 656 
340: 656 663 905 505 
341: 786 641 1310 1066 
342: 1310 1066 1492 
343: 498 1310 489 616 
344: 1310 489 616 674 
345: 3213 498 714 
346: 641 1310 714 
347: 498 1310 489 714 
348: 489 419 547 
349: 489 491 419 
350: 491 419 547 
351: 1492 3351 456 5313 
352: 3351 5313 47936 
353: 3351 456 5313 4110 
354: 3213 15126 17747 17973 
355: 3213 17747 17973 3669 
356: 3213 15126 52496 5459 17973 
357: 786 641 1541 
358: 786 1550 1541 20047 
359: 558 1550 599 927 
360: 498 491 599 
361: 3647 15689 1612 34425 
362: 3647 15689 1612 787 
363: 3647 1612 787 3559 
364: 15689 34425 581 
365: 15689 581 787 
366: 786 641 5380 
367: 7838 5380 17263 
368: 5578 3231 5291 
369: 3213 5459 17973 3669 
370: 492 1884 20684 
371: 492 1884 544 
372: 1884 544 948 
373: 3 36549 2105 
374: 3213 33884 37340 37341 
375: 3213 12376 37340 
376: 3213 5459 37341 
377: 3351 33778 3297 17292 
378: 3351 17292 47936 7707 
379: 17234 15741 33806 5311 
380: 17234 15805 33806 5311 
381: 17234 15741 5311 53919 
382: 17234 15805 5311 53919 
383: 663 491 765 
384: 663 905 505 765 
385: 663 4259 545 
386: 547 4259 545 
387: 786 491 545 
388: 663 491 545 
389: 491 547 545 
390: 3351 47936 7707 47966 
391: 63968 64037 64039 64040 64049 64055 
392: 63968 64037 64039 64040 64051 64055 
393: 63968 64037 64039 64040 64053 64055 
394: 63968 64037 64039 64040 64054 64055 
395: 63968 64037 64039 64040 64055 64056 
396: 63968 64037 64039 64040 64055 64057 
397: 63968 64037 64039 64040 64055 64063 
398: 63968 64037 64039 64040 64055 64064 
399: 63968 64037 64039 64040 64055 64069 
400: 63968 64037 64039 64040 64055 64070 
401: 63968 64037 64039 64040 64055 64071 
402: 63968 64037 64039 64040 64055 64072 
403: 63968 64037 64039 64040 64055 64076 
404: 63968 64037 64039 64040 64055 64078 
405: 63968 64037 64039 64040 64055 64079 
406: 63968 64037 64039 64040 64055 64080 
407: 63968 64037 64039 64040 64055 64081 
408: 10250 2878 2876 
409: 10250 17234 2878 3468 48936 
410: 2878 3468 2876 
411: 17234 2878 18197 
412: 14474 5604 33768 
413: 5604 33768 4748 
414: 3213 123 457 
415: 457 663 491 
416: 457 663 905 505 
417: 1230 429 280 
418: 786 558 641 1310 1548 854 
419: 786 558 1310 1548 489 854 
420: 786 558 641 1310 1552 
421: 807 1310 720 
422: 196 720 2353 
423: 51 720 2353 
424: 1492 519 3745 456 
425: 519 3745 456 47971 5442 
426: 786 641 5580 
427: 151 5580 7838 
428: 17234 17235 15612 33806 
429: 15757 17234 15612 33806 
430: 17234 15612 5559 
431: 17234 15774 5309 33806 
432: 17234 15774 5309 53919 
433: 17234 5309 17145 
434: 67642 17973 3218 
435: 67642 17973 33884 
436: 3213 17973 3233 
437: 3213 118 3233 
438: 3213 17973 33884 34940 
439: 3213 33884 34940 4988 
440: 10250 17247 48936 5315 
441: 10250 17234 48936 5315 5326 
442: 17234 5315 18197 
443: 17234 5315 6111 
444: 10250 14474 5328 33768 
445: 5328 7838 4110 
446: 106 196 174 
447: 106 196 2353 493 
448: 196 174 4 
449: 10761 174 89 
450: 3 10761 174 
451: 425 663 905 505 
452: 425 15689 34425 
453: 123 143 565 
454: 565 663 489 491 
455: 565 663 489 905 
456: 565 663 905 505 
457: 3213 1230 17973 
458: 3213 1230 280 
459: 3213 1230 4988 
460: 663 1310 489 674 
461: 1492 1061 3351 456 
462: 1061 3351 456 47971 5442 
463: 1061 3351 456 4110 
464: 1492 3351 3431 456 
465: 3351 3431 456 47971 5442 
466: 3351 3431 47936 7707 
467: 786 641 3191 
468: 786 142 3191 
469: 151 142 3191 
470: 663 489 491 764 
471: 663 489 905 764 
472: 663 905 764 505 
473: 15689 34425 764 
474: 17234 17235 3481 17145 34408 
475: 14474 17234 17235 34408 
476: 17234 5326 33768 5559 
477: 5326 33768 5559 10256 4748 
478: 17234 17235 33806 5599 
479: 15757 17234 33806 5599 
480: 15757 17234 33768 5599 
481: 17235 33768 10256 4748 
482: 17235 33806 10256 
483: 3351 17263 33778 3297 
484: 3351 7838 17263 33778 
485: 3351 7838 33778 4110 
486: 558 641 825 
487: 4250 505 30 
488: 663 491 30 
489: 663 905 505 30 
490: 2353 30 493 
491: 3351 47936 47962 7707 
492: 17234 15805 66558 
493: 10250 15757 17234 17247 48936 
494: 10250 17234 17247 3468 48936 
495: 17234 17247 48936 17235 
496: 17234 17247 17235 33806 
497: 15757 17234 17247 33806 
498: 786 641 1375 
499: 17234 17235 17145 4666 
500: 17234 17235 4666 4642 
501: 4666 4642 3231 5291 
502: 4666 4642 15813 
503: 4666 4642 5547 
504: 786 12376 1550 20047 
505: 3213 5459 3412 
506: 106 118 51 174 
507: 106 118 51 2353 493 
508: 51 174 89 
509: 51 89 29732 
510: 540 11695 2262 
511: 540 2262 544 
512: 540 544 20676 
513: 641 1310 928 
514: 1310 1492 928 
515: 1492 928 6111 
516: 17234 17235 15741 15774 33806 
517: 17234 17235 15741 15774 53919 
518: 17234 5326 33768 15805 
519: 17234 17235 33768 15805 
520: 17234 17235 15805 33806 
521: 17234 17235 15805 53919 
522: 5326 33768 15805 4748 
523: 17235 33768 15805 4748 
524: 519 3351 17263 3297 
525: 3351 17263 3918 3297 
526: 3351 7838 17263 3918 
527: 7838 17263 15813 
528: 3950 3481 4642 15813 
529: 3481 15813 4110 
530: 3481 15813 7712 
531: 7838 4642 15813 
532: 7838 15813 4110 
533: 452 491 547 
534: 452 174 547 
535: 10250 15757 17234 48936 5326 
536: 10250 15757 17234 5326 33768 
537: 10250 15757 5326 33768 4748 
538: 11695 2262 492 
539: 2262 492 544 
540: 492 544 20676 
541: 3213 12376 142 
542: 786 12376 142 1550 
543: 786 142 491 
544: 151 142 5314 
545: 786 641 518 
546: 786 489 518 
547: 1492 519 3351 456 
548: 519 3351 456 47971 5442 
549: 3351 3918 3297 5547 
550: 3351 3918 5547 47936 7707 
551: 3351 7838 3918 5547 4110 
552: 3950 3481 4642 3231 5291 
553: 3481 3231 5291 4110 
554: 3481 3231 5291 7712 
555: 7838 4642 3231 5291 
556: 7838 3231 5291 4110 
557: 3481 5547 7712 
558: 17234 48936 4110 
559: 106 118 3 174 
560: 106 118 3 2353 493 
561: 118 174 4 
562: 118 3 36478 
563: 106 3 36549 
564: 10759 4250 452 174 505 
565: 10759 4250 452 20676 
566: 4250 452 11671 
567: 4250 452 14890 
568: 3213 12376 17973 
569: 17234 15774 33768 
570: 17234 3468 18197 
571: 17234 3468 6111 
572: 17234 3468 36598 
573: 17234 11297 3950 
574: 17234 3950 3481 4642 
575: 3950 3481 4642 5547 
576: 10250 33768 2876 4748 
577: 10759 452 2262 
578: 17234 11297 6111 
579: 17234 11297 17235 
580: 11297 6111 2876 
581: 1310 1492 519 
582: 17234 17235 3481 4642 
583: 3481 5547 4110 
584: 17234 3481 4110 
585: 786 558 1550 927 
586: 786 558 489 927 
587: 786 489 519 927 
588: 17234 7838 4642 
589: 7838 4642 5547 
590: 3 10759 174 
591: 1310 489 491 611 
592: 558 628 1550 
593: 10250 14474 17234 33768 
594: 10250 14474 33768 2876 
595: 14474 17234 33768 6111 
596: 14474 17234 17235 33768 
597: 14474 33768 6111 2876 
598: 558 641 1310 628 
599: 558 1310 489 628 
600: 786 641 1310 519 
601: 786 498 1310 491 519 
602: 786 498 1310 489 519 
603: 641 663 1310 519 
604: 498 663 1310 491 519 
605: 498 663 1310 489 519 905 
606: 527 663 905 505 
607: 498 663 905 505 
608: 527 11695 2262 
609: 10759 527 2262 
610: 10759 527 174 505 
611: 527 663 491 
612: 143 63968 64037 64039 64040 64055 
613: 3213 123 498 
614: 17234 33768 18197 
615: 498 663 1310 489 491 
616: 17234 7838 4110 
