# The contained directed cliques in the directed communities at k=6
# from /Users/bogna/dev/role-mining/datasets/hepth/timeslots/cit-HepTh-2000.edges
# at no lower link weight threshold,
# and at no upper link weight threshold.
# Links were treated as directed.
# No time limit was set for the clique search.

0: 2265 2267 2268 2269 2948 5127 
1: 2296 3547 3549 3909 
2: 2526 2527 4355 6697 6701 7377 4319 4322 4356 4921 6016 6698 6702 7378 
3: 2601 3864 4076 4897 4980 4982 5562 6820 7459 8094 8110 13105 17192 18462 20447 20449 20451 20454 20457 20460 20462 20467 4898 4981 4983 6821 8111 13106 13107 13119 17193 18463 20448 20450 20452 20455 20458 20461 20463 20466 20468 13108 13109 13110 13111 13112 13113 20465 13114 13115 13116 15518 23112 7104 7112 13123 15448 15454 15459 15463 15478 15480 15487 15516 20693 21480 21481 23111 15447 15456 15474 7169 8477 8906 8908 8917 9027 9033 9506 13120 14908 15434 15437 15438 15439 15440 15441 15444 15445 15446 15449 15450 15451 15452 15453 15455 15457 15458 15461 15462 15464 15467 15469 15473 15475 15482 15483 15486 15489 15499 16939 16940 16942 16944 16945 16949 19954 20682 20683 20684 20685 20687 20691 20694 20698 7168 7170 7167 8485 8484 8488 8487 8479 15479 15481 9028 15476 15477 15485 15500 15502 15503 18603 18607 18610 9034 15466 18606 20696 20704 18602 18608 20702 18611 15490 20686 15488 8911 12918 14903 14905 14906 14907 14912 15433 15442 15484 15492 16947 20688 20697 25802 8912 8913 14913 15435 15436 15443 15468 16948 20689 20699 8907 8914 8909 8918 9510 14915 15465 15501 20690 20692 20695 20700 14914 14918 14911 8300 10161 14909 14916 22317 25808 8296 14904 7872 10160 7864 7866 7861 7867 10156 7868 12920 12921 7766 7759 7758 7761 13776 7767 13779 12919 15496 12913 15491 10159 12912 12914 12916 12915 12922 25801 12917 18492 28866 29038 18497 26671 26676 7282 7889 8510 8530 12121 12685 12694 14623 18319 18493 18494 18495 18496 18498 19751 24501 26723 27232 28512 28867 8511 10157 12696 13417 14624 24747 26724 27236 27677 29040 29042 14625 14626 18860 18861 7890 8531 18864 18865 18866 18862 24836 21580 21581 21591 21592 14917 21589 25810 25805 25804 29041 22316 25806 22314 22318 22321 22319 22322 26727 28890 29039 29043 26726 26728 26729 28516 8852 13420 18321 18501 18503 20831 20832 20833 20834 20844 24748 25227 26679 28654 28887 28888 28889 28891 28892 28894 8851 8857 8855 20843 18511 20842 20845 20854 20857 20866 28882 18324 18506 18508 18512 18322 18323 18320 18507 18499 12124 18509 18510 20863 12122 18502 26680 24749 20864 20871 26525 20862 20856 20858 20859 20860 20853 12626 12617 12624 12627 12625 11841 12628 12629 22396 11811 11832 11833 11842 11843 11844 11846 11847 11850 11855 12621 12622 12632 9073 9074 9084 11484 11486 11488 11810 11812 11813 11814 11815 11816 11817 11818 11826 11834 11835 11836 11839 11851 11856 12634 14405 14412 14418 14426 14428 14429 14430 14528 14535 9075 9077 9080 9082 14521 9079 9081 9078 11819 11840 12636 16166 17322 11838 11854 11857 11858 14536 17330 18736 11837 12631 11485 12623 11487 11489 14419 12635 12633 11852 11853 16165 11848 17328 11849 17321 17326 17327 14423 16843 17323 17325 17329 17334 21283 14406 14403 14407 14402 18730 21545 14411 14425 21525 16881 16882 17313 17315 21526 17307 17308 11828 16829 11807 11829 11805 16847 16839 16846 16849 16892 17339 22386 22393 11845 16836 16838 17324 16837 16841 16862 16842 22402 22397 22399 22400 22401 22395 22388 22380 22389 22784 22381 22382 22781 22782 28656 16686 28652 28885 28886 16682 16683 16684 16685 16687 16689 16720 16726 16727 16728 16729 16730 16733 16758 26521 13716 16681 16690 16691 16693 16695 16702 13709 13712 13713 13714 13715 13717 13721 13707 13708 13710 16718 16719 16724 16700 16722 16756 11437 15973 16701 16703 16704 16705 16706 16707 16710 16711 16712 16757 16761 16762 16770 16774 24760 24761 24762 11436 11438 11439 11443 11445 11446 15972 16736 16737 16738 16763 16764 16775 16779 11440 16732 11441 11450 26067 11442 11444 13718 13719 13720 16872 16867 23705 25220 16731 23706 23711 16734 16735 16744 16745 16746 16749 28822 16747 16725 16742 16748 16777 16721 16723 16740 16750 16754 11449 16739 16741 16743 16766 16688 16765 16767 16768 16769 16771 16776 16772 16773 16699 16778 16698 16694 16692 16714 16709 16713 16708 16751 21237 28823 28824 24759 26064 26513 26515 18539 26852 18540 18545 17287 18544 20709 10470 10474 17257 17259 17268 17270 17277 17286 17288 17290 17401 10471 10475 10476 10479 13646 13647 17255 17264 17271 17276 17280 17393 17867 27475 10480 27468 13655 17403 23239 13650 13653 13654 13658 27477 13649 13651 17266 17385 17396 17524 17525 17527 17872 24579 24581 24582 24602 26853 4168 5232 10990 10996 10997 12022 12023 13648 17256 17258 17265 17267 17269 17273 17278 17279 24603 4167 17272 17275 17281 19628 5231 17274 5229 5230 10984 10978 10980 10982 10985 17382 19629 19630 10992 17521 17522 17391 17526 21760 17387 17388 17390 17397 21445 24580 17389 21443 21455 21456 17392 21459 17394 17395 21447 17383 17384 17870 21444 21446 21448 21458 21457 4554 21449 21759 17386 10994 11791 11792 21453 11457 19634 13656 16010 13657 21470 21464 21469 21462 21463 27476 27487 23242 27486 16009 17402 17398 17399 24601 24600 26851 26850 20708 23248 16759 16760 21531 21532 21533 26510 26517 17483 17485 16792 16791 16793 16852 16851 16848 16860 17320 16891 16914 16887 16889 16894 23127 23119 23123 23120 23121 21281 23125 21297 23130 11859 11860 9067 9076 9083 16903 17340 18731 18735 14525 18734 22385 17332 16164 16163 16162 16172 16174 16171 16173 14529 9085 9088 14524 11823 14424 12616 20870 20874 20835 20865 20836 8858 18504 28952 26499 21577 21646 19899 19895 19896 19897 19898 12686 26211 12687 26672 27233 27492 27494 12689 26673 27234 27483 27485 12688 26675 27480 27482 26674 27490 27491 28791 28792 13398 15160 15162 15163 15168 18561 22724 22730 23520 27861 28535 28793 15161 15166 15170 19750 15165 15167 22737 15164 15169 15174 28544 15171 15172 15173 22723 23521 15137 22725 15123 15131 15134 15656 15667 9143 14777 15121 15666 9141 9145 14778 14770 14782 14769 14771 28526 14772 12327 14781 18616 12338 5412 10084 12332 12336 12339 12344 15139 15150 15153 18617 18622 27243 28530 28531 10079 10081 10083 10078 10080 15135 15152 18624 21562 21563 28529 12333 15133 19937 7741 15132 15141 15146 15151 15657 16278 16279 27239 7742 10134 15130 15138 15145 10133 10135 10137 10136 10141 15144 14200 15122 10138 15147 15148 27873 19939 14204 28532 15665 9816 6470 6468 6469 11465 19941 14780 28536 15644 14201 22732 22731 22726 9142 9146 16441 27863 27481 27471 27484 27238 27493 27237 12923 16946 20701 20703 23025 17559 23016 17558 17556 12881 13411 13414 12882 13412 15460 18599 18600 25394 4433 
4: 2658 9823 14707 14708 14709 15335 15339 8648 9824 9825 9826 9831 10251 10905 15341 15348 14716 16477 10250 14681 14683 16487 20203 14693 20202 10255 11746 21308 11745 10444 16102 20205 20206 10022 10020 10021 10023 10024 10028 10030 10031 10032 10033 10034 10035 10036 14467 15634 15635 15641 15786 15794 17587 17592 20199 20200 20374 20480 20482 24181 27334 27335 27346 8314 13205 14476 14478 15633 15640 15643 15785 15792 17586 17591 20373 23721 24189 26110 26111 27336 27337 27338 27349 28490 6400 8324 8327 22690 28591 6398 6407 6399 6404 9973 26113 27395 28578 28592 6406 16255 6402 6405 14496 16240 16241 16254 6401 16239 16250 6403 9981 21307 23813 25820 25834 27381 28577 28582 28593 8320 17582 27341 14466 14469 14470 14485 14489 14491 15778 15779 17584 20232 21303 24182 25812 27371 27372 28496 28497 28503 14468 14473 14475 14477 14486 14490 15636 15642 14479 14483 9878 13194 14480 14484 14494 15790 16246 28500 28501 9879 9881 16238 16985 24674 25815 28502 28504 9989 9990 9994 9975 9987 9992 16984 9976 9979 9967 9974 9980 16247 20216 9968 10118 10120 20214 13320 13322 13323 13327 19181 19767 20210 20211 20215 20217 20218 20219 24677 28491 28493 28494 28495 28640 28705 28928 28931 11279 11280 13321 13330 13338 13339 13340 19188 20208 20209 20212 20213 20220 20221 23800 24673 25817 25832 27396 28492 28645 28646 28707 29027 11273 11275 11276 11277 11278 11284 11288 13192 13341 14989 18132 18134 18135 18137 18138 18152 18158 18178 18179 18186 19173 19179 19187 19199 19205 22691 23785 23786 23790 23792 23793 23794 23795 23797 23799 23801 23802 23803 23814 24668 24669 24675 24676 24678 24992 25024 25149 25831 25839 25878 25901 25933 27161 27172 27174 27408 27604 28149 28150 28151 28152 28153 28154 28155 28159 28160 28251 28277 28278 28287 28290 28299 28300 28302 28303 28505 28706 28708 28709 29023 29032 18027 18028 18030 18052 18056 18060 18065 18069 18077 24947 24955 18024 18025 18026 18042 18064 18068 18076 19297 19358 19359 19364 19365 19372 19373 19376 19383 19384 19389 19390 24998 18021 18037 18058 18061 18062 19271 19272 19273 19274 19275 19276 19279 19280 19281 19293 19294 19304 19305 19306 19307 19308 19309 19310 19311 19312 19318 19319 19320 24259 25924 25938 28175 28184 28296 28391 28395 18006 18014 18023 18044 19206 19207 19212 19213 19214 19215 19216 19217 11056 11057 13071 13073 14285 15811 16404 17535 18004 18005 18008 18009 18010 18011 18012 18013 18016 18031 18033 18034 19495 19503 21127 21129 25147 26152 26154 26155 26159 26162 26163 26164 26166 26181 27980 27982 27987 27988 11044 11045 11046 11047 11049 11050 11051 11052 11053 11054 11055 11058 13060 13061 13062 13064 13065 13067 13068 13070 13072 14281 14282 14283 14286 14287 14294 14295 15801 15802 15805 15806 15810 19208 19209 19210 19211 19218 19219 19220 19221 19233 19234 19241 19242 19243 19244 19245 19246 19253 19254 19257 19258 19259 19493 19494 19496 19498 19500 19501 19502 19504 19505 19507 19508 19511 19518 19527 19528 19534 19536 20986 20987 20991 20992 20993 21014 21017 21018 21045 21095 21096 21101 21102 21106 21107 21128 21130 21132 21133 21134 23191 23192 23200 23210 23222 24244 24252 24253 24257 24260 24265 24267 24276 24277 24278 24279 24280 24281 24283 24958 24963 24965 25131 25133 25139 25142 25144 25146 25151 25154 25925 25934 25939 25954 25955 25966 25967 25968 26157 26158 26160 26161 26169 26172 26173 26180 26188 26619 26625 26629 26635 26636 26637 26642 26644 26655 27135 27136 27145 27146 27148 27151 27168 27170 27175 27176 27177 27178 27179 27180 27181 27959 27960 27963 27964 27966 27967 27968 27969 27977 27978 27984 27986 28017 28176 28185 28291 28297 28387 28570 11043 11048 13058 13059 13063 14278 14292 15795 15798 21044 21048 21093 21094 21099 21100 21104 21105 21117 21118 22632 23203 23235 23756 23759 23762 23765 23771 24235 24238 24248 24258 24268 24271 24272 24274 24287 25902 25906 25911 25912 25949 26052 26779 26783 26785 26786 26787 26788 26789 26790 26791 26792 26793 27140 27142 27149 27152 27167 27169 28015 28234 28235 28312 28314 28386 28904 29065 14276 15796 23186 23190 23204 23224 23227 23231 23233 23236 23237 14277 14279 14289 14291 14284 14288 28660 22641 24284 26055 4410 9448 9449 9451 9452 9455 12526 12527 12528 12531 12860 12861 12862 12863 12864 12865 12869 13663 13664 13666 13667 13668 13669 13670 13671 13672 13673 13674 13678 13682 13683 13696 16955 16956 16957 16958 16959 16960 16961 16962 16966 16967 16968 16970 16971 16972 16973 16974 16975 16977 16978 16979 16980 16981 16982 17617 17618 17619 17622 17625 19195 19266 19267 19298 19299 19300 19301 19332 19333 19334 19344 19345 19348 19349 19350 19351 19352 19353 19354 19355 19377 19378 19381 19382 19385 19386 19512 19513 19514 19515 19516 19517 19532 19533 19535 19543 19544 19545 19546 19547 19548 19556 19557 20025 20028 20029 20030 20279 20284 20290 20300 20327 20340 20341 20342 20344 20345 20352 20356 20357 20358 20359 20950 20951 20952 20953 20958 20959 20960 20961 20964 20965 20966 20967 20968 20969 20970 20971 20976 20977 20978 20979 20980 20981 20982 20983 20999 21000 21001 21002 21005 21006 21024 21025 21038 21039 21049 21051 21052 21053 21054 21056 21062 21067 21068 21072 21073 21074 21075 21078 21079 21119 21135 21136 21137 21142 21143 21144 21145 21146 21147 21151 21152 21162 21163 21166 21167 21168 21169 21173 21174 22577 22578 22579 22580 22583 22584 22585 22586 22587 22588 22589 22590 22592 22593 22594 22595 22597 22598 22600 22601 22602 22603 22604 22605 22606 22607 22608 22609 22610 22611 22614 22615 22616 22617 22618 22619 22620 22621 22622 22623 22624 22626 22627 22629 22630 22631 22633 22634 22635 22636 22637 22638 22639 22640 22642 22643 22644 22645 22646 22648 22920 22921 22922 22925 22941 23177 23184 23185 23187 23195 23220 23735 23736 23738 23763 23777 24204 24209 24210 24211 24212 24214 24217 24218 24220 24221 24225 24226 24227 24230 24236 24237 24240 24245 24255 24256 24269 24270 24273 24285 24286 24288 24289 24291 24292 24294 24315 24316 24318 24320 24321 24322 24854 24855 24933 24939 24942 24943 24978 24979 24980 24982 24983 24984 24985 25006 25007 25008 25009 25010 25025 25026 25027 25028 25029 25030 25034 25035 25036 25037 25123 25124 25145 25152 25852 25868 25870 25875 25884 25903 25904 25908 25935 25936 25950 25951 25952 25953 25974 25977 25978 25979 25992 26015 26030 26031 26038 26043 26053 26054 26458 26460 26548 26634 26654 26656 26657 27122 27123 27124 27125 27128 27129 27130 27131 27132 27141 27143 27147 27150 27153 27156 27157 27263 27265 27266 27267 27367 27660 27663 27666 27970 27971 28003 28005 28010 28016 28166 28167 28169 28170 28172 28173 28181 28191 28197 28206 28215 28220 28225 28230 28262 28263 28274 28275 28284 28285 28304 28323 28567 28569 28572 28642 28661 28662 28692 29018 7775 9450 9453 9454 9456 9457 9458 9459 21057 21148 22625 24222 24223 24298 24981 25872 25885 25994 7774 7776 7777 7779 7781 7996 9461 12868 17620 19283 19284 19285 19286 19302 19303 19315 19316 19321 19322 19326 19327 19328 19335 19336 19337 19338 19339 19340 19366 19367 19379 19380 20343 21046 21103 23199 23202 23757 23772 24246 24266 24999 25019 25905 25928 25929 25937 25944 9460 13661 17610 17611 19235 19236 19237 19287 19288 19329 19330 19331 21042 21097 24205 24231 24282 24957 24964 24994 25896 25897 27262 21059 21164 24303 26009 5539 7992 7997 12866 12870 13066 13069 15803 15807 16963 16965 17612 17626 19224 19225 19229 19231 19238 19239 19240 19248 19250 19251 19255 19256 19260 19264 19268 19269 19289 19291 19292 19295 19317 19323 19324 19341 19342 19343 19346 19347 19370 19497 19520 19529 19551 20954 20955 20956 20957 20962 20963 20972 20973 20974 20975 20984 21007 21008 21009 21011 21013 21019 21020 21028 21029 21030 21032 21033 21034 21040 21041 21043 21047 21050 21055 21058 21060 21061 21063 21064 21065 21066 21069 21080 21081 21086 21088 21092 21098 21108 21109 21112 21114 21115 21116 21120 21121 21122 21124 21125 21126 21138 21140 21149 21153 21154 21157 21159 21160 21161 21165 21170 21171 21172 21175 21176 21177 21179 21180 21181 22581 22612 23547 23553 23554 23561 23571 23581 23760 24206 24208 24232 24233 24234 24241 24249 24250 24251 24262 24275 24296 24299 24302 24304 24305 24306 24307 24308 24310 24311 24312 25913 25965 26003 26010 26012 26017 27259 27260 27261 28164 28194 28210 28213 28241 28244 28245 28246 28247 28248 5540 5542 24239 24242 24263 25946 25947 28205 28208 28211 28214 28216 19521 25879 25880 25887 25894 25900 25915 25922 25932 25948 19232 19252 19261 19263 19265 19270 19530 19539 19552 21026 21027 18022 19222 19223 19226 19227 19228 19230 19247 19249 19262 19357 19361 19371 19375 20308 20988 20989 20990 21015 21016 21031 21035 21314 21315 21317 21319 21320 21322 21323 21324 21326 23559 24962 26645 18032 16415 7058 7063 13814 13815 13818 13820 13821 13827 13828 13839 13851 13852 13855 13857 13858 13866 13867 13878 15002 15003 15006 15008 15009 15017 15018 15029 16398 16403 16407 16408 16409 16410 16411 16412 16413 16414 16416 16418 16421 17448 17450 17545 17547 18007 18015 20297 21318 21325 21327 26167 7060 7061 7064 7065 7059 7067 13817 13854 15005 17447 17534 13816 13819 13822 13823 13824 13825 13831 13832 13833 13834 13845 13846 13853 13859 13860 13861 13872 13873 15004 15010 15011 15012 15023 15024 17446 17451 17452 17453 17459 17460 17533 17554 20282 25137 25155 26153 26156 26170 13826 13856 15007 17449 25122 25148 8406 13829 13830 13835 13841 13842 13847 13865 13868 13869 14114 15016 15019 15020 16405 16406 16420 16425 17057 8405 8407 8408 8409 8410 8411 8412 9100 13840 13843 13844 13848 13879 13880 13881 13882 13886 14116 15030 15031 15032 15033 15037 16419 16422 16424 16426 16431 9099 16430 16435 17045 17464 9097 9101 9102 9103 9098 14112 14113 9104 9105 9106 14106 14107 27641 27648 27974 13849 13850 13887 13888 14117 15038 15039 17467 17469 17470 27621 14090 17603 14086 14088 14092 14095 14093 14096 14097 14103 27620 27632 27633 27636 27640 27652 14102 26175 27628 27637 27639 27643 27665 27973 28022 14100 14105 26658 27965 17051 20285 20295 21330 26174 26177 26638 26639 26640 26659 27983 13871 15022 17043 17048 7068 13836 13875 13876 13883 13884 15026 15034 15035 17041 17042 17044 17465 26651 13837 15027 17461 13838 26623 26633 26648 13877 15028 17462 13870 13863 13885 14115 15021 16395 16397 16417 16429 20304 13862 15014 16436 17455 13864 15013 15015 17454 17457 17458 19519 19537 19542 19549 19550 7062 8422 17456 19506 19531 8415 8419 8420 8427 8428 19558 20332 26183 8416 8418 8423 19525 19555 8417 8421 8424 19277 19356 19360 19362 19526 8425 19368 19374 8426 19278 19290 19313 19314 19363 19369 19387 19388 20346 20354 20994 20997 21003 21010 21021 21022 21036 21037 23569 23766 24207 24215 24928 24929 24930 24931 24932 24949 24950 24970 24973 24974 24975 24977 24986 24987 24989 24995 24996 25002 25003 25011 25013 25014 25016 25017 25018 25020 25021 25022 25023 25031 25032 25115 25140 25898 25921 25926 25930 25931 25940 25961 27158 27160 27171 28177 28186 28200 28203 28209 28212 28238 28240 28242 28243 14581 16259 19296 20347 20351 20996 20998 21004 21070 21071 21077 21111 21131 21141 21150 23194 24935 24976 24988 25134 25849 25865 25871 25873 25874 25882 25883 25891 25893 25899 25907 25909 25910 25917 25919 25920 25923 25927 25941 25956 25959 25960 25962 25963 25984 25987 25989 25990 25993 25995 26002 26005 26006 26007 26008 26011 26014 26016 26018 26182 26624 27133 27137 27155 27163 27164 28009 28013 28163 28174 28183 28189 28193 28195 28198 28286 28293 28298 14568 14573 14579 14569 14571 14575 25116 25117 25957 26178 27139 28281 11283 14576 14584 14586 25120 25121 25892 25895 26013 26179 27121 27134 27144 28283 14572 14574 14585 24330 26168 26171 27994 27998 28000 28002 28004 28289 14580 14588 19510 20278 20280 20281 20283 20289 20301 20326 20328 20329 25127 25130 25958 26176 27993 27999 28410 19541 26186 27962 28571 19538 19553 19554 20294 20296 20306 24936 24937 25850 25988 26650 27961 28179 28188 28568 19490 19522 19523 21076 23196 24961 26641 28217 28218 28224 28229 19491 25918 27975 28232 28236 28237 25890 25964 17605 21113 21123 22628 23550 23552 23560 23562 23563 23574 23578 23579 24969 25861 25862 25863 25866 25876 25889 25972 28221 28222 28226 28227 28231 28233 29064 12525 17606 17627 12529 12872 17613 21012 21089 23544 23551 23567 27264 22929 22913 22928 22930 22931 22932 24858 26780 22914 22915 22916 22923 22942 22944 23543 25113 25114 23557 23566 23570 23575 23577 23580 25118 25119 25125 25126 25135 25136 13665 21023 22582 22591 22613 23549 23558 23565 23568 24997 7991 7993 7994 7995 12871 12873 12874 13662 13675 13677 13680 13695 13697 17614 20348 20349 22596 22599 23546 23556 23573 23583 23755 23774 24243 27165 28199 28201 28204 28257 28258 28259 3756 7990 7998 20985 23584 3758 9462 7999 12876 23743 23745 28389 28397 12877 28007 27997 28006 26473 27996 28019 28282 26471 26472 26457 26470 25153 26455 26456 26461 27405 20995 25000 25128 25129 25141 18041 24940 24941 25001 25012 25132 25851 25869 25991 18039 18075 18035 18040 18066 18036 18057 18038 18059 18063 26184 26189 27138 27166 28388 28390 28393 19172 19182 19186 19194 19196 19198 19204 20224 20225 23758 23764 24247 24261 24991 25942 25943 27126 27127 27162 27902 28250 28271 28273 28276 28280 28288 28292 28294 28295 28301 28309 28311 28318 28816 28819 13328 19168 19169 19170 19171 19174 19175 19176 19178 19180 19183 19184 22688 22692 24946 25853 25854 25855 27154 27159 28414 28641 28643 13317 13324 13326 13331 13334 18181 19189 25813 27362 27373 29025 13318 15793 15791 24667 13325 13336 13337 20227 20228 23788 13335 18770 13329 13332 18768 18769 18771 18772 18773 18774 28261 28266 28268 28316 28710 16969 19200 19201 19203 23775 23778 24213 24219 24934 28156 28178 28180 28187 28196 28260 28264 28267 28307 28310 28315 28317 28392 28404 28993 16964 16976 19185 19190 19197 20314 23178 24216 24224 24228 24295 24300 24944 28157 28158 28162 28165 28168 28171 28190 28192 28252 25856 28182 21087 24951 24953 24956 25857 25858 21082 21083 21085 21091 21084 21090 21110 21155 21156 23769 27905 28228 21158 28644 21178 25985 26480 26020 27915 25997 26004 26019 18154 25986 25996 25999 18147 18153 18174 11285 18129 18130 18144 18146 18150 18165 18167 22682 25867 18127 24972 25864 28985 14982 18136 18159 20324 24332 25835 27602 29030 14970 14973 14974 14976 14977 14978 14979 14981 14986 14991 27375 27376 14969 14975 20336 20337 20338 14971 14972 20321 20322 20320 20325 20319 20330 20339 28269 28279 20350 28202 28219 20022 26024 12524 12530 17599 20024 26025 28671 20026 20032 28207 28254 28305 28306 28319 28320 28255 28308 28313 28324 18781 23776 23779 23784 23789 25423 25425 27625 27901 28256 28265 28744 28749 28750 28990 14111 18782 27657 10922 14098 14104 10927 14099 27634 18775 18777 18779 28746 13333 25421 28747 23796 25428 23811 25419 25433 28745 23809 16331 10926 16326 10925 10920 10924 16327 16334 16335 19744 18792 25416 28991 29063 25430 23780 23582 23742 23744 23767 23768 28818 19789 19791 23746 23747 23748 23749 23750 23753 23761 23770 23782 24254 24264 27906 27907 27908 28344 28394 19790 19796 19800 19809 23783 19797 19801 23734 23740 19806 19805 24290 26044 24297 24309 24317 24301 27910 27911 27912 24229 24313 27913 27914 27904 27903 26479 20031 22647 24314 24319 27925 28321 28322 23201 24293 15800 23197 23208 23218 23221 26782 23193 23219 13694 14293 18048 23179 23181 23182 23226 23206 23207 18020 23205 26621 27979 27981 27985 27990 28343 18019 25143 26165 26631 17546 17542 17543 21316 17544 21321 20309 21313 21312 26620 26630 26646 28345 28346 28339 28340 28396 23751 28012 28337 28817 23188 23730 23752 23731 27995 28011 27649 24143 28331 28338 24141 24144 28270 24142 28249 28253 13190 13196 18133 25830 26061 28405 28988 13191 13195 13197 13200 19766 13198 13202 13204 13211 13213 21246 21247 13210 21249 21250 13193 21245 13206 16245 13207 13214 13218 13215 27603 28596 27601 19090 27184 19089 19091 19093 19092 14041 14042 14043 14044 14045 14046 14047 14048 14049 14062 14063 14065 14070 14073 14077 14080 15706 15716 15718 19094 19095 24687 14039 15705 15707 15709 15715 15717 19582 24688 14040 15708 15710 15724 14074 15725 15727 14081 19110 19099 19106 19108 19109 19111 19114 19096 19097 19098 19100 19102 14051 14055 14068 14053 14066 14071 14078 19101 19103 19113 19115 23866 23867 25265 28675 28676 28677 22964 28678 28679 22952 22961 22963 22953 22954 22962 27348 20375 27351 27353 25269 27352 27354 24191 24184 24192 24186 24187 24183 27347 24190 13956 13963 20386 27350 20385 14482 22960 22958 28680 28681 14075 19083 19397 19577 19578 19579 19581 19583 19584 19585 19593 19599 19600 19601 8190 18223 19396 19398 19399 19400 19402 19403 19411 19432 19445 8191 8192 8193 8195 18222 19401 19404 19406 19408 19416 19446 19598 19602 18215 18216 18224 18217 18218 19410 19412 19414 19481 24681 18219 18225 18220 18228 18226 18231 18234 18235 19426 19431 19442 19425 19427 19443 13040 19424 19428 19429 19430 19433 19435 19436 19437 19438 19439 19440 19441 19444 19448 19449 19450 19453 19456 19462 19464 19466 19467 19470 19475 19484 19576 19586 19587 19588 19589 19591 19596 19603 21338 13036 13038 19423 19451 19452 19454 19455 19477 19479 19615 7115 13033 13037 7114 7116 19447 13016 13035 20626 20627 20628 13014 13015 20630 20632 13013 20596 20598 20600 13017 20581 20582 20583 20611 20612 20613 13019 13020 25454 25529 25554 26692 26954 26966 26968 26972 13018 13022 25455 25530 25555 26693 26955 26967 26969 26973 13021 13029 21378 21672 25445 25520 25544 26687 27687 27688 27689 27690 27715 27716 13031 21384 21396 26690 27695 27696 27697 27744 27745 27746 27756 21405 21411 26700 27889 27891 27892 27894 28034 28083 28085 28087 28088 15930 17772 17773 17774 17775 17776 21370 21372 21374 21375 21380 21385 21386 21390 21397 21401 21402 21403 21406 21407 21410 21412 21684 22062 22063 22064 22207 22208 22209 22218 22219 22220 22221 22222 22223 22224 22284 22285 22286 22287 22288 22289 22538 22540 22542 25462 25537 25562 26286 26287 26288 26289 26290 26317 26702 26909 26912 26915 26921 26924 27274 27276 27279 27281 27284 27285 27286 27287 27288 27289 27290 27698 27699 27700 27701 27883 27884 27885 27886 27887 27890 27893 27895 27896 28039 28084 28089 28090 28091 28094 28098 28628 28765 28766 15935 15936 15942 15954 16605 22066 22067 22068 22211 22212 22213 22291 22292 22293 22294 22295 22296 26294 26295 26296 26297 26298 11377 11387 11390 11391 11393 11396 11406 11678 11692 11696 11698 11699 11700 15938 15939 15952 15953 15955 20721 20722 20723 21395 21683 22282 22283 22297 22554 22555 23415 23954 23957 23974 23975 23976 23977 23978 23992 24006 24007 24008 25461 25507 25509 25538 25551 25561 25571 25590 25603 25756 25757 25758 25759 25760 25761 25762 25763 25764 25765 25766 25767 25768 25769 25770 25771 25772 25775 25783 25784 25785 25786 26237 26243 26244 26245 26246 26247 26266 26272 26273 26274 26275 26276 26277 26278 26279 26280 26281 26282 26283 26384 26691 27273 27275 27277 27278 27280 27282 27283 28760 28761 28843 28845 11373 11374 11375 11378 11379 11380 11381 11383 11384 11389 11394 11397 11400 11408 16017 16071 16082 16087 20736 20739 20743 21685 21695 21707 22279 22537 22541 22545 22546 22550 22561 22562 22567 22568 22569 22571 22572 22573 22575 23375 23388 23390 23391 23396 23398 23818 23820 23821 23826 23827 23828 23830 23831 23832 23833 23955 23956 23961 23962 23963 23964 23982 23983 24000 24017 24018 24718 24728 24731 25174 25178 25179 25440 25448 25451 25452 25453 25460 25463 25469 25470 25471 25472 25473 25474 25475 25487 25488 25489 25490 25491 25492 25493 25563 25569 25572 25573 25574 25588 25591 25592 25593 25741 25742 25743 25749 25750 25773 25774 25790 25791 25792 25793 27525 27526 27527 27528 27529 27530 27531 27538 27539 27742 28071 28072 28095 28096 28099 28100 28361 28364 28365 28366 28367 28368 28369 28697 28758 28841 28844 28846 28917 11376 22535 22543 22570 22574 23377 23952 24704 24705 24707 24708 27518 27519 28092 28840 28842 28916 11407 21698 21699 21700 22549 23378 23399 23919 23936 23953 23958 23965 23969 23979 23984 23999 24019 24021 11395 11405 17779 21722 21726 21727 21728 23924 23944 23960 23967 23973 23980 23981 23986 23993 24009 24015 25206 25515 25601 25604 25605 27291 27316 28101 28632 11382 11386 11388 11392 11398 21702 22106 22122 22251 22264 25196 25496 25503 25549 25575 25576 25577 25581 26101 26229 26234 26931 27292 27294 27296 27308 27310 27311 27314 27315 27317 27319 27767 27774 11385 25176 25476 25477 26096 27773 27785 25447 25450 27734 27738 11672 11673 11674 11675 11677 11682 11691 19038 20785 21368 21656 21657 21658 21659 21661 21665 21670 21674 21675 21676 21677 21678 21679 21701 21708 21710 21718 22046 22080 22081 22088 22089 22090 22103 22104 22105 22107 22108 22109 22110 22111 22112 22113 22114 22115 22116 22117 22124 22131 22132 22133 22145 22146 22147 22148 22150 22151 22159 22177 22178 22179 22225 22248 22249 22250 22259 22280 22343 22344 22345 22346 22347 22369 23920 23921 23922 23923 23927 23930 23931 23933 23940 23941 23942 23943 23947 23959 23966 23985 24002 25437 25438 25439 25441 25443 25444 25446 25449 25456 25459 25465 25466 25467 25480 25494 25495 25497 25498 25499 25500 25502 25504 25506 25512 25513 25514 25518 25522 25523 25524 25525 25526 25527 25528 25540 25542 25543 25546 25547 25548 25550 25552 25553 25559 25564 25570 25587 25589 25594 25598 25599 25600 25602 25746 25748 25754 26212 26213 26214 26215 26216 26222 26223 26224 26225 26226 26227 26228 26235 26236 26264 26265 26334 26365 26372 26373 26689 27307 27309 27703 27704 27720 27721 27722 27723 27724 27728 27729 27730 27731 27732 27733 27735 27736 27737 27739 27740 27741 27743 27750 27751 27752 27753 27754 27755 27766 27768 27769 27770 27775 27776 27780 27781 27782 27783 28062 28067 28073 28074 28075 28076 28082 28362 11671 11680 11681 11685 11686 11687 11704 25519 25535 26684 27705 27706 27712 22091 22092 22093 22094 22095 26685 26697 27707 27708 27709 27710 27792 27793 27795 27797 27798 27808 27809 27812 20775 20776 20778 22043 22044 22045 22082 22083 22084 22085 22086 22087 22096 22097 22098 22099 22100 22101 22102 22118 22119 22120 22121 22123 22125 22126 22127 22128 22129 22130 22135 22139 22140 22141 22142 22143 22153 22154 22155 22156 22157 22158 22161 22168 22175 22176 22180 22185 22198 22227 22228 22229 22230 22231 22232 22234 22235 22236 22237 22238 22239 22240 22243 22244 22245 22246 22247 22253 22254 22255 22256 22257 22258 22261 22274 22356 22357 22358 22359 22360 22362 26218 26219 26220 26221 26231 26239 26253 26254 26255 26256 26259 26268 27725 27726 27727 27777 27778 27779 9794 11688 15933 20754 20755 20756 20758 20772 20774 20777 20779 20780 20781 20782 20786 20788 20798 20805 20806 20807 20808 22241 22242 26260 26261 26262 26263 26698 28106 9797 9799 9795 9801 20797 20799 20801 9800 22260 22262 22263 22265 11693 21373 21666 22047 22048 22049 22050 22134 22160 22162 22163 22164 22165 22167 22181 22214 22252 22266 22267 22268 22269 22270 22271 22272 22273 22275 22276 22277 22304 22361 25505 26230 26232 26233 26267 26269 26270 26271 11676 11679 11683 11690 11695 11697 11701 11706 11707 11709 11710 21369 26381 21371 21381 21382 21392 21422 26238 26240 26241 26242 25501 26315 21662 22149 22166 22171 22173 22182 22290 25442 25508 25510 25516 25517 25521 25532 25541 26385 27748 11684 11893 17832 20804 21660 21663 21664 21668 21669 21671 21673 21682 21686 21687 21692 21693 21696 21697 21703 21709 21711 21712 21719 21723 21724 22152 22170 22183 25545 25557 11711 11712 20726 20727 20728 20731 11703 11705 11708 20766 20767 11702 20783 20789 11694 20763 11689 23926 23994 24003 23970 23995 16020 22281 22551 22576 23945 23946 23948 23968 23971 23972 23990 23996 23997 24004 24005 24011 24020 24430 25560 25566 26217 26252 26257 26258 26302 26308 26330 26367 28032 28080 28081 28103 28107 28108 28111 28120 28121 28122 28123 28124 28125 28127 28128 16021 16022 16024 16023 16025 16018 25568 27540 28061 28912 16019 16073 16074 16083 16088 16095 16098 18988 19042 20732 20790 20823 20825 20828 20829 21342 21361 23932 25198 25199 25511 25567 25583 25584 25585 25747 25752 26379 27293 27541 27542 28038 28059 28069 28360 28363 28373 28911 28913 28914 28915 28965 16066 16067 16069 16070 16075 16077 16078 16079 16086 16089 16091 16092 16097 16100 18989 19032 19034 19039 19040 19043 19044 19048 20725 20760 20803 23385 23419 23459 23460 24010 25734 25753 25782 26369 26374 26375 26382 27295 27749 28070 28077 28093 28102 28370 28372 28375 28376 28633 28634 28636 28666 28667 28753 28754 28755 28756 28757 28759 28762 28763 28847 28848 16080 16093 26313 26391 28063 28850 16081 16084 16085 16090 16094 22544 22547 22548 22552 22560 22564 24680 24715 22553 23815 24683 22539 22556 22557 22558 22559 22563 22565 22566 23402 23404 23412 23416 23424 23429 18986 18987 19465 19476 19478 20813 20815 20816 20818 22536 23835 23836 25182 25185 25188 25192 25194 27747 15951 18974 18976 18978 18979 18980 18982 18984 18985 26368 27304 27765 28043 28057 28058 15948 15956 15960 28060 28371 15949 15950 28079 15934 28105 15931 24428 26305 26364 28037 28086 28097 28109 28377 24424 24426 17807 24419 24422 26699 26705 17806 17808 17809 17810 17812 17816 17762 17763 17765 17766 17811 17813 28104 28113 28114 28115 8166 11327 17764 17767 17768 17769 17770 17771 17778 17780 17782 17783 17815 17824 21715 25596 26936 26950 26959 26971 26975 28035 28112 28131 9380 11313 11328 11330 11332 9378 9375 5792 9381 9425 9435 11314 5793 5794 9436 11317 9437 11310 11309 11311 11316 11321 11322 11324 11325 11323 17777 17781 17785 27692 28118 17787 17788 17790 17825 17826 26913 17784 17786 17789 17791 17795 17831 22069 17829 17830 22065 22072 22210 17823 17833 17827 17814 17828 26688 21379 23448 25468 25597 26404 26410 26686 27691 27693 27694 27717 27718 27719 28036 21377 21387 27702 21376 21383 26403 27683 27684 27685 27686 21400 27804 27805 27807 27811 26958 25478 25479 25578 25606 26918 26938 26939 26944 26960 26961 26962 26970 26974 26976 27790 27818 14870 21690 21713 25482 25483 25579 25580 25607 25608 7651 7652 14874 14880 7645 7646 7647 14871 14881 7648 14883 21691 25565 21714 21716 21720 21721 21725 21729 25595 21681 21694 21704 21717 21734 21735 21737 26425 27799 27801 27821 21667 27794 21688 21689 22202 22303 22308 22310 22311 21680 21705 25464 25586 16115 21706 25195 25457 25533 25558 16114 24026 25481 25485 22190 25162 27059 20608 22053 22054 22055 22056 22057 22061 22144 22184 22186 22187 22188 22189 22191 22192 22200 22201 20576 20606 20607 20609 20577 20578 20579 20589 20590 20591 20592 20623 20624 20622 19614 20621 21360 19394 19405 19407 19422 19459 19468 19568 19572 19573 19574 19575 19590 19595 19608 19616 19617 19618 21339 21341 23456 25197 28698 19392 19393 19395 19420 19460 19570 25191 25201 19421 19457 19571 25177 19458 19485 19569 19461 19463 19488 21340 25210 25214 19027 19473 21333 21334 21336 23439 23442 23446 23449 23451 23462 18977 18981 19028 19029 19030 19031 19033 19036 21747 23433 27800 28700 28701 18975 21350 25169 27302 27813 18983 25167 21427 25163 25164 25165 25166 25168 25183 25186 25189 25202 26722 27044 21423 27042 16136 21352 22307 26905 27814 16133 16135 16137 16134 16145 16129 16146 27041 21346 26889 19606 21345 21356 19604 19605 19609 19611 21359 19607 19613 19619 20638 20639 20640 20636 13284 13288 13305 19592 24706 19580 19594 21344 21343 21358 19471 21357 25652 19415 24689 24693 5152 23877 24684 24690 24691 24720 23875 23876 23874 24692 24694 24682 19413 24719 19417 24729 19418 19419 19487 19483 24725 19482 24686 25638 24697 25661 25633 25636 25651 23452 21332 21347 21351 21355 21362 26888 26900 26901 26902 26910 26937 28055 23432 23437 23438 26941 21744 25484 25486 25614 26086 26940 26963 27055 28851 21741 21743 26431 21736 21739 21740 21745 21746 25733 25781 26427 28066 28696 28852 21730 21738 26945 28133 28134 28135 21732 24402 24408 21733 24431 21220 24420 24432 21199 21214 21216 21235 21187 21188 21195 7017 9539 9542 13507 17798 17799 17800 17801 17839 17840 19000 21182 21183 21189 21191 21192 21201 21212 21215 7015 7016 4780 7012 7013 7014 4781 7011 9534 9537 9532 9531 9535 9536 9937 13502 9533 9541 9538 9540 18992 19018 18993 19001 19002 19019 19041 23297 25104 21202 21200 21208 21222 21225 21221 21223 9545 27944 27945 6998 9544 27585 6999 11229 11230 11233 11234 11235 13769 18843 18846 18848 19635 19637 19649 19655 19660 19661 19682 19684 20132 22414 22442 23295 23625 23627 23629 23829 25380 25383 26594 26598 26600 26602 26611 26985 26986 27591 27596 18835 18837 20092 22415 22432 22528 26603 13803 13804 14515 14516 18814 18815 18816 18817 18818 18819 18820 18824 18831 18832 18833 18834 18836 18838 18839 18841 18842 18844 18845 18847 19133 19134 19135 19136 19137 19138 19139 19140 19142 19147 19156 19157 19158 19159 19160 19161 19162 19164 19165 19167 19638 19683 19685 19690 19691 19692 19693 19694 19695 19696 19697 19704 19705 19710 19711 19712 19713 19714 19715 20041 20042 20043 20044 20047 20048 20049 20050 20053 20054 20063 20064 20065 20066 20067 20068 20069 20070 20071 20072 20073 20074 20075 20076 20077 20078 20079 20080 20082 20093 20094 20095 20096 20097 20098 20099 20114 20115 20128 20129 20130 20131 20139 20140 20141 20142 20143 20144 20145 20146 22416 22417 22418 22419 22420 22421 22422 22423 22424 22425 22426 22427 22428 22429 22430 22431 22433 22434 22435 22436 22437 22438 22439 22440 22441 22443 22444 22445 22446 22447 22448 22449 22450 22453 22454 22457 22461 22462 22463 22470 22471 22473 22474 22475 22482 22483 22484 22485 22486 22487 22488 22489 22490 22491 22493 22494 22495 22502 22503 22505 22506 22507 22514 22515 22516 22517 22518 22519 22520 22521 22522 22523 22524 22525 22526 22527 22529 22530 22531 22532 22533 25342 26595 26604 26605 26606 26608 26987 13801 13802 20057 20058 20103 20108 20119 20124 13795 20101 20106 20110 20111 20117 20122 20126 20127 20148 20151 22451 22455 22466 22478 22498 22510 13796 22841 13797 23603 13800 25370 23482 23484 20055 20056 23483 23689 12641 12650 12651 12654 19125 19130 19131 19132 19141 19143 19144 19145 19148 19149 19150 19152 19155 19163 19166 19706 20045 20046 20051 20052 20059 20060 20061 20062 20081 20083 20088 20100 20102 20104 20107 20109 20112 20113 20118 20120 20123 20125 20136 20147 20149 20152 20153 20154 20155 20156 20157 20158 20159 20160 20161 20162 20163 20165 20166 20167 20168 20170 20171 20172 20176 20177 20178 20179 20181 20184 20186 22452 22456 22460 22464 22465 22467 22468 22469 22476 22477 22479 22480 22481 22496 22497 22499 22500 22501 22509 22512 22513 22834 23590 23686 23691 25343 25348 25351 25354 25356 25357 25358 25361 25363 25364 25365 25367 26607 27433 12642 19154 20169 12643 12655 20085 20173 20932 12653 16358 7132 12652 12656 12657 16359 16360 16362 20086 20174 20933 7133 7134 7135 7136 7138 16355 16361 19126 19718 20087 20089 20175 20182 20934 7704 7705 9440 9441 9442 9446 19127 19128 18821 18822 18825 18840 19124 19129 19153 19641 19650 19651 19652 19653 19654 19656 19657 19686 19688 19689 19698 19699 19702 19703 19707 19708 19709 20084 20091 20133 20134 20137 20138 25344 25345 25350 25366 25368 18827 18823 18826 18828 18829 25346 25347 25355 23596 23597 26988 26989 17009 17175 19639 19640 19642 19643 19645 19646 19663 22827 22828 22829 22831 23588 23589 23591 23592 23593 23598 23599 23607 23608 23624 23626 23628 23630 25045 25349 25352 25362 17010 17012 17014 17031 17032 17171 17170 17173 12646 14514 17172 17174 17176 12647 12645 12658 12659 2947 3537 10234 12644 12649 16388 14501 14517 14499 14498 14500 14508 14509 14510 22845 27434 27436 27581 27418 22846 23595 23621 27417 27421 27435 27580 27582 20164 20180 22504 22508 22835 22852 23687 28140 19146 20105 20116 20121 20150 20185 22472 22492 22511 23617 23635 20135 22844 23604 23605 23639 23640 20183 25392 25393 26140 26148 27939 28625 23613 26142 26144 26146 26596 26599 26601 26610 26612 22830 23609 23610 23612 23614 23616 23618 23631 19687 22832 19636 19644 19662 19664 19671 19677 19678 19701 13766 18889 26143 13754 13765 13751 13753 13750 13757 13752 13773 13764 13768 26597 26609 14518 25063 14511 7137 14505 14503 14504 16356 14502 14507 19719 14506 14512 19700 19716 14513 19658 19659 19666 19717 16354 19647 19667 27420 19648 27413 27415 27416 27414 28715 22851 27423 28714 22853 22833 28716 22825 22826 23611 23615 25359 19665 25353 25360 22849 22842 23619 23622 23632 23638 19673 19680 16357 16363 25046 25053 25062 25039 25042 25038 25041 25055 27579 25050 18849 18830 19668 19672 19679 23602 25369 25371 19669 19674 23636 19675 25381 25384 25382 25385 23637 23688 23690 23694 22837 23695 23698 22836 22838 25372 25040 19681 23600 23594 23601 23634 23620 23485 27938 27940 28141 23701 11364 23693 9780 11362 11363 11361 20090 20936 20931 18850 18851 23819 23296 23285 23286 7018 11231 11963 11962 21186 21198 21207 25084 25095 17793 24012 25101 25103 13504 17792 17794 17796 17836 8171 13501 13503 13505 13514 17804 8169 17797 17803 17802 17841 17842 22077 22076 22078 22079 22051 22070 22074 22052 22058 22059 22060 22071 22136 22169 22172 22215 25190 26916 26919 27048 27050 27786 22137 22216 26925 27052 22138 22196 22197 22193 22194 22195 22199 22299 22298 22300 22301 22302 22217 22309 22278 22305 22306 26929 26932 13023 26696 26914 26917 26926 26927 26928 26935 26694 26695 25531 25556 26719 26933 26956 25534 25611 25458 26957 27057 25175 26406 27046 27060 26405 26422 26421 13307 26420 26430 27061 13285 13299 13310 13286 13282 13300 13311 26920 26923 26897 26898 26899 26922 26978 27051 22354 22366 26715 26891 26903 26930 27299 27763 27764 28041 22352 22353 22355 22363 22367 22368 27762 20749 21418 21419 26337 26707 26713 26714 27297 27771 27772 28056 20748 20750 20751 20752 20792 20719 20734 20753 20759 20761 20762 20764 20770 20773 20795 20796 20802 20822 27305 28078 15962 20717 20718 20720 20724 20729 20730 20735 20737 25779 15961 15963 20794 25780 25738 21421 25735 25736 25737 25739 25740 21391 21425 25744 25745 25751 19035 25787 25788 25789 26250 26433 19037 26429 28065 28068 22349 23925 26428 27312 23949 23989 23991 23405 23987 26424 23403 23401 23988 26319 26417 26418 25258 26251 26301 26303 26309 26312 26314 26351 26352 26353 26354 26355 26393 23858 25255 25256 25262 26340 26341 26342 26343 26344 26356 26357 26358 26359 26360 23857 23861 26335 26336 26345 26346 26376 25254 26321 26322 26325 26326 26248 26323 26324 26328 26329 26331 26338 26339 26366 27796 22350 26249 26307 26407 22351 26408 26416 26415 26423 26409 27711 27713 27714 27784 28702 27820 14895 27816 27819 14887 14897 14877 14885 14888 28040 14873 14878 23435 18111 22348 25204 25755 27787 28129 28703 18102 18109 18112 18103 18090 22226 22233 22364 22365 22370 22371 20809 25536 20810 20811 20733 20787 20800 20827 20738 20740 20741 20742 20744 20745 20747 20769 20791 20814 20826 20746 20765 20820 20784 20824 20768 24001 23998 24022 24023 26291 27520 27548 26318 26292 26293 26316 26284 26285 26299 26300 26306 26701 27547 26304 22372 26371 26370 26377 26380 26390 13261 25261 26389 13260 13262 13263 26392 26394 26383 28064 28132 27791 26706 27802 27803 28117 26704 26708 27810 28042 26333 28126 26332 26363 26362 26361 26710 26942 26946 26943 26947 26894 26895 26896 26906 26721 26892 26907 27298 26717 26720 26716 26718 26904 20793 27301 27303 16620 16607 27300 27306 27313 21426 21749 21742 21748 21750 26893 25778 25777 26908 26378 26395 26386 26387 28966 28110 28374 26388 26310 27524 27553 27523 27552 25776 20817 20819 20812 20821 20757 20771 28033 25205 25207 25208 26105 27789 25180 25193 25200 21233 25209 27062 26981 26979 26980 25612 25613 26977 14872 25609 26934 14884 14882 25610 25582 26951 26098 26106 26097 26102 23392 24421 26094 23389 23400 23397 26099 24403 15101 15100 26084 27788 26426 23823 26412 24434 11403 9805 26089 26085 27049 27045 27047 27053 20615 21404 13026 20616 22174 15957 24016 22073 22075 23916 24013 24014 23915 23917 23918 23937 23928 23929 23938 23939 23950 23951 21236 9543 17805 9546 9550 21211 21213 28116 28130 21348 19472 19474 8454 8453 8452 10543 10556 11894 27806 26079 17834 17818 17817 16099 25796 21398 16284 16283 16286 16288 16285 16287 19469 19434 19597 19104 19087 28590 28583 28584 28589 22678 15627 26123 14492 15628 15629 22693 14487 9880 14493 14495 25838 27407 14488 22681 25823 25814 27384 27382 27385 27369 27383 27370 27377 27378 20334 9977 28575 9978 9982 9985 9988 9991 9993 9986 9983 16262 20230 27368 21267 21256 21260 21251 21252 8491 25816 14033 27182 16237 18185 18183 18172 18182 18171 24938 28161 18160 19177 24948 24952 19191 19202 20315 20305 20303 20276 20286 20271 20277 20267 20268 20270 20274 20269 20272 20275 24333 15036 17463 17466 20287 17468 20298 20273 20288 20292 24335 24336 24337 24342 24346 20360 24339 25150 20333 20331 20355 26185 27374 20353 27642 27668 27624 27629 21302 27627 27630 27667 16265 27662 16263 16266 16257 16264 24905 16258 24900 16260 24899 24901 24906 24857 22924 23043 24850 26549 22903 22936 22943 24856 22904 22906 22937 26545 26778 23040 26036 29020 26037 25971 26039 24967 24966 24968 24971 26463 23548 26040 26464 23555 23572 23564 21139 23576 26459 13611 26462 26482 13610 25982 28239 25859 26000 25860 28272 25877 25888 24945 25914 22687 24993 25033 25015 25916 25945 19325 28398 19391 24851 23542 23545 22939 17621 27268 27270 27269 12867 15797 21998 26547 15804 27387 14985 26047 27400 14988 14990 28223 14966 25975 26046 14967 14968 25157 26187 25138 8402 8413 24331 16428 13074 14296 15812 20223 16983 20226 26060 26058 23741 28402 28403 28408 26661 26660 13685 20291 28327 28814 17552 17549 17551 17553 17532 17550 17555 27992 27991 26800 27989 23228 26796 26799 28383 27917 27918 27919 28020 28021 27972 18073 18074 23234 15808 23198 23737 23739 23781 28672 23754 29019 26626 28014 26618 26652 20302 20299 28001 26784 13676 23773 27644 23042 18776 23045 18778 25881 26023 26022 25969 27363 27364 14997 18166 18164 18173 24954 19192 13681 28409 18050 18049 18054 18051 18053 18055 28508 28507 18787 18790 27173 28008 18043 18067 18046 26628 27664 27661 27654 23189 17623 13693 16402 14589 19499 13874 15025 17054 17055 17056 27646 3616 7066 7780 28673 24614 24611 19282 23798 16249 16986 15638 14474 10261 11753 13156 14704 15632 10259 10258 13150 13151 13152 13157 23725 13158 14701 15631 10026 10027 10025 10029 15781 20484 20487 16104 20204 15337 20198 15338 15343 15336 15346 14710 15350 5454 5455 15347 15349 15344 15345 15352 15351 15342 15340 
5: 2905 5623 7611 
6: 3190 3191 17183 22742 22743 17186 26081 26082 
7: 3245 9162 9764 5888 9163 9765 17477 5889 3992 5890 9766 10346 11906 9171 10340 10345 11904 11905 11907 9173 5892 9170 10341 11910 10338 10581 8518 10333 10337 10339 10580 10332 10336 10585 10578 10334 12107 22761 17478 12429 12431 11903 11902 12434 11909 12435 10579 
8: 3589 3590 6389 6390 
9: 3598 3599 3600 12819 19626 3601 10633 10634 10630 10631 19625 12818 12813 3741 5884 9912 12811 12812 15822 19620 19621 19624 22660 3740 19622 9910 9911 11218 15823 19623 20470 9913 9915 9916 11219 7929 11220 11221 15820 15821 12820 20469 5883 
10: 3877 3880 4440 6846 8713 9320 10424 11021 12040 4439 8710 9318 10422 11019 12041 8711 9319 10423 11020 12048 12050 12052 12054 
11: 4262 4263 5955 8577 9213 13441 14191 5947 5956 5961 6612 7324 8578 8584 9214 9220 13442 13447 14192 18419 18872 5950 8589 17720 8587 10509 8580 10508 8579 6616 8581 9221 10803 13448 18420 9222 13449 18421 9219 5960 13446 18418 12788 
12: 4335 
13: 4367 6054 6734 7429 9284 10880 12229 12965 13914 13915 13916 13917 
14: 4373 4374 4942 5021 9786 9787 9788 9789 4375 4943 5022 10934 12277 13535 13536 13537 4944 5023 10935 12037 12039 
15: 4446 4447 4453 7519 8042 8559 4454 7520 7910 8043 8560 8041 
16: 4788 18333 19928 18335 18350 22658 17679 18401 22654 17154 17678 17684 18406 19868 22651 22653 17150 17153 17155 17161 19863 22650 17125 17140 17151 17680 18402 26201 12725 14806 17110 17111 17112 17114 17126 17127 17146 17635 17650 17652 17654 18361 18376 18378 23663 24130 24815 24816 24817 12715 12726 12727 12729 12734 12745 12747 12752 24116 24132 24140 24472 24831 12716 12717 12723 12741 24464 12718 12719 12721 12728 12730 12742 17119 17134 17636 17637 17644 17651 18362 18363 18370 18377 18386 23658 23659 24447 24449 24465 24467 24473 24477 24811 24818 24819 24820 24821 24829 24830 25238 25300 11600 12720 12722 12731 12732 12743 17120 17122 17645 17647 18371 18373 24450 24451 24469 24474 25239 25240 25243 25294 25301 25302 11605 11608 11612 17123 17142 17648 17672 18374 18396 20411 20425 24448 24452 25241 25244 25295 25303 11615 12733 12750 20417 20431 24453 24832 25246 25297 11614 12556 12746 12755 12756 12763 17163 17698 18414 20407 20415 20419 20420 20421 20429 20433 20434 20435 24460 26203 12751 20406 20418 20432 12753 12758 12760 24124 24125 24126 24486 12754 12768 24497 25251 26994 12762 24459 24496 25250 26995 12764 17157 17685 18407 19857 22709 23655 23656 12561 12562 12563 12564 12565 12748 12759 12769 12990 17158 17686 18408 19858 22710 23660 23661 23662 12542 12543 12544 12545 12546 12547 12548 12550 12551 12552 12553 12555 12557 12558 12559 12560 12566 12567 12568 12569 12572 12573 12574 17690 19862 19865 22715 22720 23680 12549 12554 19866 22721 24825 25248 12570 24498 24833 25252 25619 24495 24485 24494 6227 24133 24137 24138 24476 24481 24483 24487 6228 17692 23841 24115 24117 24118 24119 24121 24122 24131 17693 17695 17697 17660 17668 17696 14811 17639 24135 24136 14805 14808 14809 14810 14812 14813 14829 14804 14807 13141 13142 13144 13133 13145 13135 13136 13137 12791 13132 13143 14826 24470 14827 14828 14830 14831 24468 23668 24918 24919 12737 17115 17129 17130 17132 17159 17640 17656 17657 17659 17687 18366 18380 18381 18383 18409 23664 23665 23666 23669 23671 23674 23675 23681 23682 24920 25234 25235 25237 12738 12739 12767 12766 17164 17699 18415 20422 20436 22711 19859 22649 22707 22708 22712 23672 19861 17689 18411 17681 18403 27220 17682 17152 17688 18404 25247 17160 17116 18410 23673 17113 17118 17121 17141 17641 17643 18365 18367 18369 26069 26070 26072 17128 17135 17638 17653 18364 18379 18387 23670 24466 24812 24824 17139 17144 24478 17138 17148 18393 24913 17149 17669 18390 18392 19847 24454 24479 24909 24911 17145 17156 24914 24814 22706 24808 24813 24828 22700 22703 22705 22699 22702 24916 22701 24807 24809 26205 17674 18398 24810 17663 17666 18385 17667 18391 22670 18343 18344 18348 18349 18400 18405 17683 19867 26202 19870 19871 25615 23840 23839 23843 25618 27219 17670 18394 18395 24922 17646 19848 24482 24923 17673 18372 24921 12744 17143 18397 20402 20412 20426 20401 20400 20405 17137 17665 18389 20399 20404 20410 20424 17136 17147 17676 18399 20416 20430 17664 18388 20409 20423 17675 17677 17694 20413 20427 17655 17700 20414 20428 17701 24120 24114 23842 24455 21989 21988 21979 21978 24488 24484 24489 15076 24457 24490 24493 24827 15081 15079 24910 10200 15080 10199 24915 25616 22652 20403 18347 18338 25296 24475 25245 25617 24912 9186 9181 22704 22713 19860 19850 19851 23657 12571 22714 23667 12575 22717 12991 22716 24826 24834 9184 9183 19927 19926 
17: 4909 7837 9152 12667 13042 15200 19886 23035 24533 27072 27074 27076 27100 27101 27102 27103 7836 7841 7840 9151 12666 13041 19885 24532 27066 27068 27070 27096 27097 27098 27099 7845 9155 12669 13046 24535 24537 26813 26814 26815 26816 26817 26818 26819 27067 27069 27071 9161 12671 13057 24541 24543 26807 26808 26809 26810 26811 26812 27063 27064 27065 12670 12959 13053 24540 27078 27079 27080 27201 9156 12951 13047 15205 24536 24538 26820 26821 26822 26823 26824 26825 26826 27073 27075 27077 28693 12948 12950 12947 26834 12957 26833 26832 28617 28425 28616 28426 13044 21791 24534 27081 27082 27083 27199 27211 16503 19888 26438 27085 27087 27089 27107 27108 27109 27111 16493 16504 15199 16494 24531 26435 27026 27027 27028 27029 27030 27031 16495 21798 21807 21810 16498 17423 17424 16497 17422 10893 12851 17417 17418 17421 21799 7553 21785 21811 7557 13567 13568 21781 21787 16508 10737 10713 10717 10725 10730 10739 10714 10718 10726 10731 10743 26827 26828 26829 8968 26830 26831 8966 8967 8970 8977 8965 8975 8969 8974 27084 8978 27088 8971 8976 8979 8980 8981 19887 26437 27086 19889 27114 26442 27104 27105 27106 21840 21830 21838 21828 26747 12954 13049 18656 24539 26748 26749 26750 13048 18657 18658 18659 15903 15902 15904 15905 15906 15907 
18: 4956 9596 9600 9601 
19: 5156 6955 6956 
20: 5372 5920 5927 6774 
21: 5706 5708 6903 6911 7579 8388 6905 6913 7581 8389 
22: 5777 5778 5780 5782 12462 5783 12463 5784 11113 12392 12397 12399 12400 12401 12402 12461 12464 12465 12466 12467 12468 12513 12515 12518 12519 12520 17978 11105 11108 11111 11116 11102 11104 12511 17977 12390 12391 12393 12512 12514 9893 12395 9887 9899 11115 12398 11360 12396 12517 11352 6558 15254 17979 8356 12387 8349 8358 8352 12388 12389 
23: 6477 6479 6480 6481 12046 16268 16270 10971 10972 7445 10967 16267 7442 7446 7443 7444 10968 10969 14566 16312 16313 16314 16315 18938 7441 10966 16269 16273 8382 16271 18960 18964 18951 21778 21776 21777 18937 15506 6478 9602 
24: 6503 
25: 6655 
26: 6742 6869 8062 9359 12970 
27: 6939 17876 17877 17875 
28: 7545 11035 13358 14600 14603 14605 14610 16640 11031 20252 23338 23339 16632 23342 16629 16633 16630 23353 23366 16634 21941 16643 21942 16641 16642 21945 13359 16653 20441 23340 23341 23344 23345 24348 16656 23343 20442 12593 21849 12594 12599 25160 21850 21847 21846 22992 21844 21845 22991 22984 22981 22982 22986 22988 24357 24355 15288 20443 24347 24350 16628 24354 14601 14604 14606 14612 20253 20256 14611 18214 13360 11476 11475 11482 20254 20255 20257 20258 14608 14182 
29: 7613 7614 7618 7619 11334 
30: 7815 7816 10617 11236 
31: 7865 
32: 8011 8012 16213 16214 16215 16218 16219 16220 23885 9482 23886 23887 23888 25067 9483 9485 9487 9486 9488 9489 25068 25065 25066 25069 25070 25071 
33: 8355 
34: 8615 11479 11478 
35: 8807 
36: 9011 9012 
37: 9466 9467 9468 9469 9470 9471 9474 9475 9477 9479 9478 9476 
38: 9566 9567 9569 9573 9579 9585 9591 9570 9581 9586 9588 9587 9590 9589 9592 9594 
39: 9580 
40: 9748 9749 
41: 9827 
42: 9925 9933 11069 9929 9930 9932 11073 11070 11071 11072 
43: 9945 9946 
44: 10691 10692 10702 10703 
45: 11567 
46: 11806 
47: 11930 11931 11932 
48: 12137 12138 
49: 12212 13477 15302 
50: 12213 12217 13462 13478 15303 12218 13466 13483 13469 13486 15307 15311 
51: 12372 12373 25728 
52: 12714 17109 17634 18360 24463 24604 24605 
53: 12775 12776 12780 17347 12781 15756 15759 
54: 13252 
55: 14785 
56: 15741 
57: 18556 20710 23709 
58: 19945 19949 19948 
59: 21513 21515 21516 
60: 22980 22983 22985 22987 
61: 24722 
62: 25311 
