# The directed communities at k=6
# from /Users/bogna/dev/role-mining/datasets/hepth/timeslots/cit-HepTh-2000.edges
# at no lower link weight threshold,
# and at no upper link weight threshold.
# Links were treated as directed.
# No time limit was set for the clique search.

0: 9706119 0005044 0005086 9512143 9612203 9805152 9805199 9811180 0009133 0010155 0012096 
1: 9403112 0005232 0005233 0005234 0005235 0005237 9202053 9412073 9601105 
2: 9212088 9401059 9609174 9711110 9802174 9811212 9904199 0001137 9711023 9801042 0001188 0003009 0005077 0004119 0006111 
3: 0001002 9803235 9807051 9905012 9905210 9906064 9907209 9908076 9908116 9908186 9909001 9909053 9909058 9909134 9910149 9910219 9912118 9912132 0001003 9912242 9711200 9909130 9909205 9911055 9802109 9802150 9912018 9911043 9911218 9912135 9510017 9612128 9510209 9603142 0001033 0001071 9906182 9909070 9910081 9910093 9911083 9911104 9912001 9912060 9912160 9912233 9912287 9910021 9912027 9809147 9602070 0001092 9603133 9805157 9905137 9806051 0001107 9903225 9912156 9611213 0001159 0001113 9803076 9803214 0001192 0001197 0001206 0001209 0001211 0002076 9804110 9806008 9806044 9806091 9806143 9808048 9811193 9812163 0002040 0002091 0002054 0002072 0002121 0002130 0002132 0002147 0002160 0002161 0002190 0002164 0002174 0002228 0003002 0003020 0003045 0003052 0003054 0003067 0003074 0003076 0004028 0005016 0008151 0003086 0003117 0003148 0003197 0003237 0004097 0004125 0004126 0005032 0005139 0005239 0005248 0006044 0006069 0006139 0006232 0007044 0007064 0007120 0007177 0007239 0008102 0008188 0009010 0009056 0009059 0009087 0009127 0009132 0009160 0009167 0009184 0009199 0009212 0009247 0010063 0010093 0003162 0003236 0003269 0004022 9804184 0004056 0004057 0004067 0004093 0004103 0004111 0004114 0004124 0004133 0004160 0004165 0004166 0004206 0005001 0005025 0005066 0005127 0005167 0005206 0005217 0005230 0006007 0006030 0007018 0006046 0006059 0006115 0006146 0006158 0006191 0006192 0006215 0006226 0007233 0007002 0007029 0007053 0007197 0007205 0007209 0008041 0008050 0008054 0008074 0008112 0008128 0008130 0010232 0009022 0009032 0009117 0010004 0009176 0010071 0010121 0010133 0012044 0010141 0010142 0010171 0010205 0010208 0010215 0011006 0011225 0011111 0011115 0011118 0011138 0011141 0011152 0011156 0011167 0011245 0011254 0011269 0012029 0012049 0012073 0012102 0012105 0012110 0012116 0012129 0012143 0012165 0012221 0012231 0012249 0012265 0101003 0101007 
4: 9810188 9610043 9612115 9711162 9711200 9903205 9908142 9909176 9811237 0001027 9802068 9903077 9903107 9903187 9908141 9910004 9911041 9911098 9912072 9912075 9912094 9912167 9806155 9808141 9812135 9901159 9902105 9904207 9911116 9912249 9805019 9809111 9812031 9704089 9705221 9805170 9909062 9909202 9910135 9910196 9703030 0001084 9503099 9912120 9912121 9711165 9803031 9907166 9908056 9908134 9909215 9708147 9812219 9906192 9911206 9911245 9905157 0001135 9905162 0001143 0001167 0001182 0001201 9605088 9705038 9910053 0001203 9810072 9911169 9912140 0001215 9912153 0002020 9710181 0002067 9804001 9812180 9903239 0002075 0002084 0002090 9912019 9912047 0002117 9402113 9404008 9406125 0002119 0002143 0002171 0002158 0002186 0002198 0002210 0002211 0002223 0002236 0002237 0003007 0003031 0003099 0003101 0003110 0003113 0003122 9909214 0003124 0003137 0003145 9909059 0003160 0004147 0003176 0003180 0003187 0003215 0003216 0003220 0003221 0003227 0003231 0003278 0004013 0004038 0004015 0004024 0004071 9711112 0004074 0004080 0004085 0004104 0004106 0004112 0004115 0004131 0004159 0004183 0004187 0005006 0005007 0005015 0005129 0005021 9605016 9710014 0005026 0005123 0005031 0005036 0005040 0005046 0005047 0005048 0005059 0005073 0005085 0005101 0005114 0005153 0005178 0005204 0005208 0009148 0005253 0005272 0006013 0006014 0006023 0006052 0006056 0006062 0006112 0006225 0006071 0006085 0006087 0006091 0006114 0006119 9208027 0006160 0006193 0006236 0006202 0006209 0006210 0006219 0006235 0009158 0006240 0007043 0007050 0007052 0007055 0007078 0007089 0007106 0007107 0007131 0007140 0007147 0007153 0007156 0007158 0007168 0007175 0007181 0007204 0007215 0007217 0007226 0007235 0007247 0007255 0008002 0008013 0008023 0008030 0008033 0008042 0008053 0008057 0008064 0008073 0008075 0008083 0008089 0008090 0008092 0010006 0010017 0008101 0008108 0008118 0008119 0008120 0008127 0008132 0008144 0008172 0008199 0008204 0008205 0008213 0008214 0008227 0008231 0008242 0008252 0009002 0009017 0009025 0009030 0009037 0009038 0009061 0009082 0009090 0009095 0009098 0009101 0009103 9210065 9303143 9311177 0009105 0009140 0009141 0009142 0009147 9303067 0009181 0009182 0009189 0009191 0009196 0009213 0009224 0009233 0009246 0009252 0010003 0010016 0010021 0010026 0010027 0010028 0010034 0010045 0010058 0010060 0010072 0010090 0010101 0010108 0010113 0010119 0010143 0010169 0010175 0010177 0010181 0010190 0010204 0010218 0010221 0010240 0010244 0010247 0010251 0010256 0010275 0011002 0011003 0011009 0011019 0011029 0011033 0011037 0011038 0011054 0011057 0012054 0011088 0011090 0011094 0011095 0011099 0011108 0011117 0011119 0011125 0011131 0011140 0011147 0011170 0011205 0011218 0011223 0011226 0011233 0011238 0011241 0011244 0011282 0011283 0012007 0012009 0012024 0012065 0012080 0012081 0012089 0012093 0012142 0012150 0012170 0012171 0012175 0012179 0012183 0012198 0012210 0012217 0012218 0012222 0012239 0012251 0012259 0012262 0012266 0101001 0101002 
5: 9902208 0004009 9902210 9903038 0005246 0007018 0007109 0012194 
6: 9711200 9802109 9806074 9906051 0002170 0003096 0003203 0005182 0009106 0010137 
7: 9904145 9908036 9908040 9909030 9909163 9812193 0001199 9901122 0003037 9609112 0003057 0003173 0003187 0004141 0005052 0005148 0005244 0006117 0006145 0007096 0007100 0007154 0007171 0008038 0010110 0010170 0012164 0012234 
8: 9909108 9909120 9903031 9409188 0008154 0008170 0008184 0008191 0010023 0011192 
9: 9603167 9909108 9711200 9802150 9903031 9807235 0001055 9409188 9503121 9909107 0001200 0002103 0005087 0006168 0008091 0008154 0008173 0008230 0009042 0009045 0009209 0010023 0011060 0011192 0012050 
10: 9711200 9802109 9802150 9805028 9808020 9808038 9808088 0002008 9805217 9806095 9906217 9908114 9912284 0007036 0009171 0010104 0011112 0011191 0012026 
11: 9506136 0001053 9503205 9712256 9806024 9806194 9812046 9812073 9903219 9903224 9906215 9907087 9909110 9909149 0001063 9908189 0005065 0005152 0006070 0005183 0009096 0009107 0009242 0012117 
12: 9910218 0004089 0008044 0008208 0010262 0010287 
13: 9711200 9802109 9802150 9806074 9807098 0001138 9811047 9811172 9905020 9908160 9910011 9910016 9910197 0003096 0003203 0009106 0010005 
14: 9711200 9802109 9806074 9804058 9808006 9903196 9905049 0002025 9811152 9911222 0002039 0002154 0002170 0005182 0010137 0011040 
15: 9905075 9911238 9903214 9906168 9910252 0002056 9906221 0003103 0003286 0004201 0005137 0005172 0007109 
16: 9311042 9603167 0001025 9301042 9606112 9609017 9712186 9906200 9910170 0001037 9808080 9903031 9907131 9910172 9912147 9912151 9912188 9511164 9909110 9906242 0001132 9704151 0002004 0002037 9211097 0002222 0003166 0003242 0003263 0003298 0005049 0005247 0006047 0006100 0006189 0006224 0006247 0007069 0007075 0007145 0007243 0008194 0009072 0009112 0010002 0010196 0010217 0010222 0010223 0010269 0011017 0011091 0011101 0011107 0011148 0012079 0012179 
17: 9408099 9812035 9902125 9902155 9904017 9906194 9909041 9711200 9802109 9802150 9810126 9809022 9905104 9905111 9706109 9909047 0001103 9408074 9510101 9810206 9903026 9906011 9906224 9911040 9906201 9911161 0002066 0002160 9901041 0002172 0002192 0002226 0003116 0003136 0004063 0004148 0006008 0006048 0006066 0007067 0007125 0007082 0007250 0008076 0008081 0008141 0009156 0009159 0010048 0011041 0011166 0012097 
18: 9905012 9910174 9903225 0001183 9908047 0004155 0009175 0010014 0011024 0011290 
19: 9610043 9612115 0003208 9811220 0003223 0005147 0007022 0012061 
20: 9803051 9803053 9803077 0001178 9912168 0003051 0005151 0006103 0007058 
21: 9812034 0002256 9809027 9810251 9902040 9910065 0004077 0005179 0008084 0009185 0010263 
22: 9906064 0001033 9909048 9909199 9910093 9910132 0008087 0008190 9911015 0003300 0004014 0005162 0005167 0006093 0006203 0006251 0008012 0008055 0008111 0008133 0008134 0009074 0009172 0011153 
23: 9711200 9902059 9907145 9910053 9804085 0003075 0003136 0003173 0004072 0005268 0006239 0007011 0007067 0007125 0007170 0008015 0008016 0008088 0008141 0008186 0008203 0009019 0010122 0010165 0010191 0010206 0010237 0011290 0012025 0012137 
24: 9908142 0001032 0001203 0006246 0009163 0011221 
25: 9611072 0003075 0003173 0004072 0005268 0006024 
26: 9907085 9908160 9912210 9910150 9912250 0003038 0003218 0004102 0006103 0008048 
27: 9906064 0006232 0008190 0009122 0010093 0004005 0004124 0008074 0009022 
28: 9904017 9906194 9711200 9802109 9802150 9810126 9807080 9810201 9612126 9909047 9810206 9911161 9808075 0002159 9805131 9911096 0003136 0007170 0007191 0007250 0008001 0008076 0008081 0008142 0009211 0010010 0010088 0010282 0011023 0011041 0011077 0012035 0011114 0011146 0011166 0011193 0011279 0012011 0012034 0012169 0012193 0012194 
29: 9711200 9902210 0005246 0007018 0006060 0009047 0011190 0012195 0011288 0012194 
30: 9908142 0001032 0001203 0005005 0006246 0007160 0008027 0010204 0012225 
31: 0001003 9912242 0001107 0001166 0001211 0009117 
32: 9904017 9912012 9711200 9802109 9802150 9806087 9912018 0001122 0003147 9810008 0005054 0005197 0007062 0009015 0010054 0011182 0011115 
33: 0008190 0004005 0004124 0008074 0009172 0011153 
34: 9906064 9605053 0003136 0003236 0009211 0010010 0010282 0011114 
35: 0003117 0007044 0009083 0004093 0007209 0012158 
36: 0001053 9806194 9903219 0002104 0009242 0011046 0012117 
37: 9711200 9910053 0003136 0004142 0005163 0004151 0006102 0007082 0007250 0008141 0010122 0011146 0012137 
38: 9711162 9908142 9903077 9912072 0002067 0002075 0006160 0008083 0010160 0011037 0011119 0011252 
39: 9912072 0002075 0003137 0009067 0010160 0011037 
40: 9702008 0005026 0006062 0006112 0007052 0008247 0009082 
41: 9908142 0002090 0003231 0005101 0007015 0007160 
42: 9511164 9909110 9808149 9907178 0002100 0003053 0007069 0009240 0010002 0011091 0011148 
43: 9903205 9908142 0003024 0007024 0010198 0011057 0011283 
44: 9906064 9912001 0002091 0003052 0003237 0007064 0010141 0011230 
45: 0001013 9911055 0002132 0004114 0007053 0007063 
46: 9910219 0003086 0008188 0008192 0009010 0009056 
47: 9906064 9802150 9912001 0003052 0003237 0009087 0007041 0010141 
48: 9908142 9909176 0001032 0001203 0002138 0004002 0007160 
49: 9908072 9909172 9911081 0005029 0005067 0006033 0009135 0009224 
50: 9908023 9908072 9909172 9911081 0005067 0006033 0007024 0007090 0010279 0011073 0011269 0012156 
51: 9911161 0002159 0002160 0002244 0003136 0003251 0004068 0007170 
52: 9606112 9712186 9906200 0001037 9907131 9910172 9912147 9912188 0001132 0003110 0003187 0008194 
53: 9806155 9904207 9707068 0003033 0003226 0005242 0007097 0007158 0010045 0012211 
54: 9911161 0002244 0004068 0007170 0011008 0011166 
55: 9912001 0002091 0003052 0003237 0009184 0011167 
56: 9911161 0007170 0008081 0011077 0012042 0012180 
57: 9906064 0002147 0003067 0004125 0005127 0007029 0007205 0010004 
58: 9906064 9909058 0001071 0001159 0003197 0005185 0005217 0006215 
59: 9711200 9802109 9802150 0001206 0002160 0004003 0003136 0005230 
60: 9904017 9810126 9909047 9810206 0002159 0003183 0011077 0012035 0012169 
61: 9908142 0005040 0005073 0008042 0008075 0011233 
62: 9812135 0002211 0003122 0003221 0005242 0009112 
