# The graph of directed at k=6
# from /Users/bogna/dev/role-mining/datasets/hepth/timeslots/cit-HepTh-2000.edges
# at no lower link weight threshold,
# and at no upper link weight threshold.
# Links were treated as directed.
# No time limit was set for the clique search.

3 4 1
3 5 1
3 6 2
3 9 2
3 10 3
3 13 3
3 14 2
3 17 4
3 18 2
3 22 4
3 23 1
3 27 6
3 28 3
3 29 2
3 31 5
3 32 5
3 33 2
3 34 2
3 35 4
3 37 1
3 44 7
3 45 4
3 46 5
3 47 7
3 50 1
3 51 1
3 55 6
3 57 8
3 58 7
3 59 6
4 6 1
4 7 1
4 9 1
4 10 1
4 13 1
4 14 1
4 16 1
4 17 1
4 19 2
4 23 2
4 24 2
4 28 1
4 29 1
4 30 3
4 32 1
4 37 2
4 38 10
4 39 4
4 40 5
4 41 4
4 43 4
4 48 3
4 49 1
4 52 2
4 53 4
4 59 1
4 61 6
4 62 4
5 15 1
5 28 1
5 29 4
6 9 1
6 10 2
6 13 6
6 14 6
6 17 2
6 23 1
6 28 2
6 29 1
6 32 2
6 37 1
6 59 2
7 23 1
7 25 1
7 52 1
8 9 6
8 16 1
9 10 2
9 13 2
9 14 1
9 16 2
9 17 2
9 23 1
9 28 2
9 29 1
9 32 2
9 37 1
9 47 1
9 59 2
10 13 3
10 14 2
10 17 3
10 23 1
10 28 3
10 29 1
10 32 3
10 37 1
10 47 1
10 59 3
11 16 1
11 36 5
11 42 1
13 14 3
13 17 3
13 23 1
13 26 1
13 28 3
13 29 1
13 32 3
13 37 1
13 47 1
13 59 3
14 17 2
14 23 1
14 28 2
14 29 1
14 32 2
14 37 1
14 59 2
16 42 6
16 52 10
16 62 1
17 23 5
17 28 15
17 29 1
17 32 4
17 34 1
17 37 5
17 47 1
17 51 3
17 54 2
17 56 2
17 59 5
17 60 4
18 23 1
20 26 1
22 27 2
22 33 3
22 34 1
22 44 1
22 47 1
22 57 1
22 58 1
23 25 4
23 28 3
23 29 1
23 32 1
23 34 1
23 37 6
23 51 2
23 54 1
23 56 1
23 59 2
24 30 4
24 38 1
24 41 1
24 43 1
24 48 3
24 61 1
27 33 4
27 34 1
27 44 1
27 47 1
27 57 1
27 58 1
28 29 2
28 32 4
28 34 5
28 37 4
28 47 1
28 51 4
28 54 3
28 56 4
28 59 4
28 60 8
29 32 1
29 37 1
29 59 1
30 38 1
30 41 2
30 43 1
30 48 4
30 61 1
32 37 1
32 47 1
32 59 3
32 60 1
34 37 1
34 44 1
34 47 1
34 51 1
34 57 1
34 58 1
34 59 1
37 51 1
37 59 2
38 39 4
38 41 1
38 43 1
38 48 1
38 61 1
41 43 1
41 48 2
41 61 1
43 48 1
43 50 1
43 61 1
44 47 5
44 55 4
44 57 1
44 58 1
47 55 3
47 57 1
47 58 1
47 59 1
48 61 1
49 50 5
51 54 4
51 56 2
51 59 2
51 60 1
53 62 1
54 56 2
56 60 1
57 58 1
