# The directed cliques from /Users/bogna/dev/role-mining/datasets/enron/timeslots/10-filtered3.edges
# at no lower link weight threshold,
# and at no upper link weight threshold.
# Links were treated as directed.
# No time limit was set for the clique search.

0: 00086 00133 00149 
1: 00149 00131 00135 
2: 00092 00024 00113 
3: 00024 00113 00122 
4: 00031 00039 00082 
5: 00096 00101 00128 00114 
6: 00007 00011 00012 00025 
7: 00007 00011 00012 00075 
8: 00017 00040 00042 00061 
9: 00025 00017 00040 
10: 00025 00017 00056 
11: 00017 00056 00061 
12: 00025 00056 00122 
13: 00027 00065 00052 
14: 00027 00092 00052 
15: 00065 00075 00052 
16: 00127 00031 00122 
17: 00031 00039 00122 
18: 00076 00057 00098 
19: 00057 00122 00098 
20: 00084 00122 00098 
21: 00123 00109 00122 
22: 00109 00078 00122 
23: 00017 00038 00021 00118 
24: 00017 00061 00118 
25: 00025 00017 00021 00118 
26: 00027 00092 00113 00079 
27: 00113 00122 00079 
28: 00092 00039 00079 
29: 00039 00122 00079 
30: 00002 00018 00020 00028 00070 
31: 00018 00020 00028 00070 00032 
32: 00020 00028 00070 00072 
33: 00006 00009 00013 00048 00050 00067 
34: 00009 00013 00048 00050 00067 00057 
35: 00025 00021 00122 
36: 00017 00021 00084 
37: 00021 00084 00122 
38: 00127 00051 00069 
39: 00023 00107 00051 00069 00073 
40: 00023 00107 00069 00092 
41: 00033 00044 00104 
42: 00044 00104 00100 00111 00122 
43: 00044 00104 00120 00122 
44: 00048 00044 00091 
45: 00044 00091 00100 00111 00122 
46: 00044 00084 00091 00122 
47: 00103 00120 00122 00058 
48: 00127 00122 00058 
49: 00103 00125 00122 00058 
50: 00006 00016 00065 00014 00107 
51: 00016 00065 00014 00074 
52: 00016 00074 00051 
53: 00016 00107 00051 
54: 00006 00013 00048 00050 00076 
55: 00013 00048 00050 00076 00057 
56: 00067 00057 00033 
57: 00017 00042 00061 00125 
58: 00017 00044 00103 00126 
59: 00017 00103 00125 
60: 00044 00103 00126 00122 
61: 00044 00103 00120 00122 
62: 00042 00125 00105 00122 
63: 00107 00123 00036 00122 00151 
64: 00065 00107 00036 00122 00151 
65: 00107 00044 00036 00122 
66: 00127 00123 00036 00122 00151 
67: 00107 00044 00078 00122 
68: 00006 00107 00078 
69: 00044 00078 00100 00111 00122 
70: 00105 00100 00122 00128 
71: 00096 00120 00122 00128 
72: 00002 00004 00020 00137 00141 
73: 00004 00020 00137 00141 00032 
74: 00004 00020 00141 00019 00032 
75: 00004 00020 00141 00019 00072 
76: 00004 00020 00141 00019 00073 
77: 00002 00018 00020 00137 
78: 00018 00020 00137 00032 
79: 00018 00020 00070 00019 00032 
80: 00018 00137 00029 00032 
81: 00003 00020 00070 00141 00019 00072 
82: 00003 00020 00141 00068 00072 
83: 00006 00013 00027 
84: 00006 00027 00065 00014 
85: 00011 00012 00075 00038 
86: 00011 00012 00075 00057 
87: 00012 00075 00038 00033 
88: 00012 00075 00057 00033 
89: 00023 00014 00107 00073 
90: 00042 00126 00105 00122 
91: 00084 00126 00105 00122 
92: 00044 00096 00120 00122 
93: 00107 00044 00120 00122 
94: 00123 00092 00079 
95: 00123 00122 00079 
96: 00084 00122 00079 
97: 00100 00122 00079 
98: 00002 00003 00020 00070 00141 
99: 00002 00003 00020 00137 00141 
100: 00003 00020 00070 00141 00019 00032 
101: 00003 00137 00141 00029 00032 00068 
102: 00137 00141 00029 00032 00068 00066 
103: 00137 00141 00029 00074 00066 
104: 00013 00076 00075 00057 
105: 00076 00011 00075 00038 
106: 00076 00011 00075 00057 
107: 00011 00017 00038 
108: 00011 00025 00017 
109: 00017 00042 00096 00126 
110: 00057 00042 00126 00122 
111: 00042 00096 00126 00122 
112: 00017 00044 00096 00126 
113: 00044 00096 00126 00122 
114: 00017 00044 00084 00126 
115: 00044 00084 00126 00122 
116: 00065 00074 00122 00151 
117: 00127 00074 00051 00066 00122 00151 
118: 00127 00123 00051 00122 00151 
119: 00107 00123 00051 00122 00151 
120: 00003 00020 00137 00141 00032 00068 
121: 00032 00068 00051 00066 
122: 00068 00051 00066 00122 
123: 00076 00075 00057 00033 
124: 00076 00075 00038 00033 
125: 00137 00065 00014 00074 
126: 00014 00107 00123 
127: 00107 00123 00092 
128: 00017 00038 00033 
129: 00017 00033 00044 
130: 00107 00044 00084 00122 
131: 00038 00107 00073 
132: 00057 00107 00122 
