# The directed cliques from /Users/bogna/dev/role-mining/datasets/hepth/timeslots/cit-HepTh-1994.edges
# at no lower link weight threshold,
# and at no upper link weight threshold.
# Links were treated as directed.
# No time limit was set for the clique search.

0: 9401006 9210060 9407044 
1: 9401019 9208007 9406129 
2: 9401036 9304022 9407130 
3: 9401039 9203067 9407119 
4: 9401056 9306023 9412149 
5: 9401058 9201024 9407112 
6: 9401058 9302125 9407112 
7: 9204083 9401061 9412075 
8: 9401115 9209027 9410053 
9: 9401135 9306063 9405052 
10: 9401139 9204040 9405002 
11: 9401139 9212089 9405002 
12: 9401164 9210134 9403185 
13: 9402010 9306014 9412155 
14: 9402010 9311115 9412155 
15: 9402059 9309151 9411116 
16: 9402079 9207066 9403061 
17: 9402089 9210123 9411170 
18: 9402096 9308045 9404104 
19: 9402107 9202008 9411210 
20: 9402107 9210045 9411210 
21: 9402107 9212148 9411210 
22: 9402107 9306110 9411210 
23: 9302049 9402118 9403150 
24: 9402136 9304037 9411020 
25: 9402149 9306001 9406126 
26: 9403073 9304150 9404116 
27: 9403073 9307056 9412030 
28: 9403085 9204066 9404133 
29: 9403085 9205019 9404133 
30: 9403085 9206104 9404133 
31: 9206007 9403117 9406034 
32: 9403121 9312003 9411163 
33: 9403126 9206010 9406068 
34: 9403133 9212057 9406016 
35: 9403133 9305116 9406016 
36: 9403133 9305117 9406016 
37: 9403133 9311148 9406016 
38: 9403143 9206097 9412228 
39: 9403143 9305087 9412228 
40: 9210103 9403156 9407048 
41: 9403179 9309023 9406216 
42: 9403187 9304034 9406008 
43: 9403069 9310043 9403188 
44: 9403192 9311122 9404063 
45: 9404006 9306085 9404035 
46: 9304142 9404028 9410044 
47: 9303005 9404061 9404120 
48: 9404063 9311187 9407005 
49: 9404065 9304080 9408092 
50: 9404092 9311080 9407005 
51: 9404114 9304098 9407005 
52: 9404116 9305024 9412030 
53: 9404123 9301067 9412016 
54: 9404130 9309123 9405182 
55: 9404135 9307140 9408039 
56: 9404157 9309157 9405052 
57: 9404157 9310046 9405052 
58: 9212085 9403040 9404166 
59: 9404172 9310157 9411020 
60: 9404176 9305103 9412033 
61: 9404180 9203061 9412051 
62: 9404185 9301127 9408119 
63: 9404190 9308128 9410239 
64: 9405002 9209101 9412209 
65: 9405002 9310184 9412209 
66: 9405011 9312212 9409190 
67: 9405015 9307033 9411105 
68: 9209044 9405022 9410088 
69: 9405030 9207015 9405200 
70: 9405049 9311137 9409069 
71: 9405057 9309083 9411082 
72: 9405067 9309034 9412167 
73: 9405067 9311147 9412167 
74: 9405074 9312168 9411055 
75: 9402138 9405108 9406173 
76: 9405112 9205018 9412228 
77: 9405130 9201071 9411014 
78: 9405130 9208064 9411014 
79: 9405130 9209112 9411014 
80: 9405130 9309094 9411014 
81: 9405130 9311047 9411014 
82: 9405136 9208075 9412176 
83: 9405143 9308106 9408066 
84: 9405157 9403103 9409169 
85: 9405161 9209060 9406186 
86: 9403033 9205003 9405180 
87: 9209044 9406013 9411075 
88: 9406022 9309141 9411165 
89: 9406033 9404181 9411238 
90: 9406059 9210050 9411187 
91: 9406076 9305072 9411209 
92: 9406076 9309087 9411209 
93: 9406076 9312050 9411209 
94: 9406101 9211059 9412242 
95: 9203026 9406103 9412023 
96: 9406131 9207078 9410233 
97: 9410016 9406177 9311170 
98: 9406180 9310060 9408135 
99: 9306147 9404170 9407006 
100: 9407013 9306118 9407186 
101: 9402044 9407106 9411149 
102: 9407111 9305068 9408083 
103: 9407112 9312144 9408104 
104: 9407154 9211003 9412207 
105: 9407157 9309112 9409189 
106: 9311069 9407162 9411123 
107: 9407164 9202050 9408005 
108: 9407195 9306030 9411006 
109: 9408024 9309052 9410099 
110: 9211032 9408059 9411039 
111: 9408092 9308086 9412127 
112: 9408096 9306098 9412174 
113: 9401149 9408114 9412069 
114: 9403031 9309045 9408164 
115: 9409009 9307054 9409157 
116: 9201026 9409024 9412078 
117: 9409074 9209031 9411166 
118: 9409074 9209102 9411166 
119: 9403013 9308125 9409088 
120: 9306002 9408004 9409097 
121: 9409098 9308135 9411210 
122: 9409149 9409148 9409150 
123: 9409160 9209120 9410147 
124: 9409160 9212155 9410147 
125: 9409160 9306163 9410147 
126: 9311114 9409161 9411200 
127: 9409165 9308145 9411077 
128: 9410041 9203050 9411153 
129: 9402138 9406173 9410137 
130: 9410164 9205059 9411028 
131: 9204064 9410208 9411112 
132: 9308009 9405009 9410225 
133: 9406007 9306119 9410242 
134: 9206007 9406034 9411030 
135: 9411031 9303155 9412053 
136: 9309030 9410202 9411063 
137: 9308153 9411067 9411159 
138: 9308153 9403080 9411069 
139: 9308153 9403080 9411071 
140: 9411099 9209032 9412074 
141: 9411119 9204063 9411185 
142: 9310032 9405190 9411122 
143: 9305131 9406010 9411146 
144: 9411182 9212056 9412164 
145: 9411184 9303071 9412078 
146: 9411184 9312093 9412078 
147: 9411202 9407129 9412141 
148: 9308122 9406055 9411234 
149: 9210037 9409016 9412005 
150: 9401002 9212068 9412107 
151: 9403141 9204088 9412123 
152: 9410016 9407193 9412129 
153: 9403031 9309045 9412151 
154: 9407190 9412179 9412242 
155: 9401099 9302008 9412185 
156: 9401007 9209111 9404170 
157: 9401027 9205099 9406177 
158: 9401027 9206082 9406177 
159: 9401027 9207039 9406177 
160: 9401030 9302027 9406056 
161: 9401042 9407013 9407186 
162: 9401045 9208041 9409030 
163: 9401045 9208041 9409031 
164: 9401058 9307147 9407112 
165: 9305048 9410135 9412029 
166: 9401112 9208006 9410241 
167: 9401112 9210141 9410241 
168: 9301042 9401130 9411210 
169: 9401134 9302104 9412155 
170: 9209122 9404157 9405052 
171: 9307185 9404157 9405052 
172: 9302044 9407045 9407179 
173: 9402031 9202002 9410158 
174: 9202002 9402120 9410158 
175: 9402041 9212126 9407033 
176: 9402068 9306101 9405109 
177: 9402077 9301114 9410138 
178: 9402079 9303076 9403061 
179: 9402083 9207096 9403129 
180: 9402083 9301017 9403129 
181: 9402089 9201007 9409119 
182: 9402089 9201007 9411170 
183: 9305010 9402097 9403119 
184: 9305010 9402097 9407042 
185: 9402107 9311072 9411210 
186: 9311072 9404175 9411210 
187: 9402114 9303158 9412117 
188: 9402114 9307145 9412033 
189: 9203039 9412062 9412127 
190: 9402133 9308114 9403185 9410005 
191: 9402144 9206003 9409076 
192: 9402148 9306096 9403047 
193: 9306096 9403047 9412187 
194: 9402153 9306162 9407013 
195: 9402156 9204084 9409168 9411028 
196: 9403013 9308125 9410088 
197: 9403032 9204097 9403124 
198: 9403033 9205003 9407195 
199: 9205102 9411184 9412078 
200: 9212085 9403040 9407031 
201: 9403069 9310043 9409183 
202: 9403073 9302001 9412030 
203: 9205015 9403077 9412061 
204: 9308019 9403077 9412061 
205: 9403113 9305107 9406053 
206: 9403121 9308002 9411163 
207: 9303131 9403127 9404182 
208: 9403133 9203012 9406016 
209: 9203012 9405196 9406016 
210: 9403133 9205107 9406016 
211: 9205107 9405196 9406016 
212: 9403133 9206077 9406016 
213: 9206077 9405196 9406016 
214: 9403133 9209013 9406016 
215: 9209013 9405196 9406016 
216: 9403141 9204088 9410084 
217: 9305023 9409179 9412224 
218: 9403143 9303027 9412228 
219: 9303027 9405112 9412228 
220: 9403143 9303136 9412228 
221: 9303136 9405112 9412228 
222: 9201058 9403146 9411220 
223: 9212068 9403146 9411220 
224: 9403147 9306132 9412145 
225: 9311112 9404068 9406205 
226: 9403168 9312101 9407047 
227: 9211096 9405112 9412228 
228: 9309011 9405112 9412228 
229: 9403181 9206026 9406164 
230: 9403181 9307195 9406164 
231: 9403197 9312108 9408130 
232: 9404001 9403172 9410238 
233: 9204083 9404009 9411210 
234: 9204083 9403195 9404009 
235: 9404011 9311089 9405004 
236: 9311089 9405004 9407141 
237: 9404030 9305154 9405034 9411176 
238: 9404061 9202013 9405051 
239: 9404063 9309042 9407099 
240: 9205015 9404064 9408101 
241: 9205015 9404064 9412061 
242: 9401099 9302008 9404075 
243: 9404080 9303044 9412064 
244: 9404092 9201009 9407005 
245: 9410016 9404093 9406177 
246: 9404093 9210069 9406177 
247: 9404096 9208002 9408029 
248: 9306071 9410135 9412029 
249: 9404108 9202069 9407148 
250: 9404113 9307170 9406203 9410013 
251: 9404113 9307190 9406203 
252: 9312169 9408136 9411009 
253: 9310118 9410073 9410167 
254: 9404139 9309067 9407136 
255: 9311130 9407176 9409098 
256: 9404157 9306141 9405052 
257: 9404188 9404118 9409076 
258: 9404188 9404118 9412169 
259: 9405011 9306010 9409093 
260: 9405030 9310183 9408006 
261: 9210007 9408086 9412030 
262: 9405049 9302039 9410170 
263: 9302039 9408082 9410170 
264: 9405049 9304038 9410170 
265: 9304038 9408082 9410170 
266: 9303005 9404061 9405051 
267: 9211135 9409179 9412224 
268: 9405089 9210125 9409122 9409170 
269: 9405089 9304083 9409122 9409170 
270: 9405107 9310173 9409014 
271: 9405112 9309027 9412228 
272: 9210032 9405126 9408097 
273: 9405161 9309036 9406186 
274: 9405161 9309036 9411121 
275: 9309137 9405201 9408135 
276: 9405201 9312060 9406180 9408135 
277: 9405143 9302078 9406002 
278: 9210010 9406005 9411168 
279: 9406015 9307013 9406176 
280: 9406017 9312005 9409041 
281: 9312005 9409041 9409185 
282: 9312171 9410041 9411153 
283: 9403019 9405095 9406054 
284: 9406063 9406150 9408060 
285: 9406068 9203026 9412023 
286: 9406076 9207071 9411209 
287: 9406076 9312094 9411209 
288: 9206099 9409009 9409157 
289: 9304090 9409009 9409157 
290: 9401105 9403173 9406154 
291: 9410016 9406177 9304114 
292: 9410016 9304114 9407193 
293: 9401070 9406210 9411128 
294: 9401070 9406210 9412027 
295: 9309050 9407064 9408066 
296: 9407017 9301053 9408035 
297: 9304067 9408047 9411164 
298: 9407039 9204002 9408137 
299: 9407047 9311132 9410228 
300: 9407047 9401017 9410228 
301: 9407047 9401021 9410228 
302: 9312013 9407052 9411028 
303: 9401153 9302119 9407056 
304: 9208031 9407096 9410157 
305: 9401036 9303112 9407130 
306: 9407157 9311090 9408021 
307: 9407157 9311090 9409189 
308: 9407164 9204061 9408005 
309: 9204061 9408005 9410012 
310: 9312179 9408031 9411039 
311: 9408019 9211113 9412078 
312: 9408024 9307010 9410099 
313: 9310155 9409179 9412224 
314: 9201048 9408047 9411164 
315: 9408077 9401043 9409200 
316: 9408077 9401043 9410174 
317: 9306027 9408079 9408091 9411062 
318: 9211072 9404025 9408094 
319: 9404025 9310026 9408094 
320: 9408096 9301054 9412174 
321: 9408096 9309090 9412174 
322: 9402044 9408155 9411149 
323: 9409004 9305052 9411081 
324: 9409004 9305052 9412042 
325: 9409009 9307154 9409157 
326: 9409016 9208058 9410203 
327: 9205081 9409037 9410230 
328: 9405035 9402147 9409063 
329: 9409074 9212078 9411166 
330: 9403179 9406216 9409121 
331: 9401036 9303112 9409139 
332: 9401036 9303112 9409140 
333: 9312095 9409166 9412135 
334: 9301042 9409188 9412115 
335: 9401099 9302008 9409193 
336: 9206084 9408116 9410011 
337: 9207094 9408116 9410011 
338: 9407167 9303093 9410015 
339: 9202046 9401139 9405120 9410018 
340: 9403173 9410035 9411142 
341: 9212113 9411119 9411185 
342: 9309030 9407179 9410202 
343: 9306018 9407018 9410209 
344: 9309016 9406029 9410219 
345: 9308151 9411029 9411188 
346: 9405107 9411033 9412114 
347: 9405107 9212065 9411033 
348: 9401153 9302119 9411037 
349: 9406101 9411101 9412242 
350: 9402061 9203076 9411103 
351: 9401084 9309154 9411138 
352: 9310170 9405144 9411150 
353: 9401075 9406022 9411165 
354: 9406033 9307186 9411201 
355: 9404109 9405174 9411206 
356: 9405030 9405138 9408006 9411241 
357: 9309013 9409004 9412042 
358: 9303040 9405002 9412071 
359: 9212048 9408119 9412126 
360: 9206056 9412138 9412159 
361: 9306131 9403147 9412145 
362: 9405124 9307049 9412163 
363: 9401002 9201058 9411220 
364: 9401002 9212068 9411220 
365: 9207065 9404058 9411204 
366: 9205068 9401069 9409099 
367: 9401075 9206084 9406022 
368: 9211011 9407173 9412159 
369: 9401105 9207114 9407022 
370: 9212149 9401107 9408140 
371: 9301068 9401107 9408140 
372: 9303046 9401107 9408140 
373: 9401121 9211108 9403183 
374: 9211108 9403183 9409069 
375: 9211108 9405049 9409069 
376: 9401137 9303149 9405134 
377: 9401139 9207049 9403096 
378: 9401139 9210015 9410237 
379: 9210015 9402120 9406067 
380: 9401139 9304155 9404063 
381: 9210010 9401167 9403197 9408130 
382: 9402031 9201039 9406067 
383: 9210141 9402037 9411006 
384: 9402057 9312161 9403104 
385: 9402057 9312161 9404146 
386: 9402089 9204031 9409119 
387: 9402089 9204031 9411170 
388: 9402089 9304062 9411170 
389: 9207006 9409179 9412224 
390: 9301119 9405015 9411105 
391: 9402107 9304146 9411210 
392: 9304146 9404180 9412051 
393: 9402107 9307085 9406100 9411210 
394: 9307085 9404175 9411210 
395: 9206027 9402128 9405141 
396: 9307168 9402136 9411020 9412138 
397: 9402148 9306157 9403047 
398: 9306157 9403047 9407009 9412187 
399: 9402153 9407013 9407186 
400: 9303172 9404162 9407190 
401: 9206098 9408019 9412078 
402: 9206098 9411184 9412078 
403: 9403050 9309028 9407026 
404: 9403050 9309028 9411213 
405: 9403058 9204012 9410205 
406: 9403058 9212045 9409099 
407: 9212045 9405188 9409095 
408: 9212045 9405188 9409099 
409: 9403070 9205084 9406035 
410: 9403070 9205084 9407163 
411: 9205084 9406007 9406035 
412: 9403073 9304056 9412030 9412108 
413: 9403073 9304056 9412108 9412199 
414: 9302083 9403097 9405016 
415: 9403097 9310197 9405016 
416: 9403097 9310197 9407163 
417: 9402057 9204056 9403104 
418: 9402057 9306117 9403104 
419: 9403121 9211054 9411163 
420: 9403121 9405110 9411163 
421: 9403126 9311110 9406068 
422: 9311110 9406068 9412023 
423: 9403133 9207103 9406016 
424: 9207103 9405196 9406016 
425: 9206055 9411020 9412138 
426: 9403143 9309085 9412228 
427: 9309085 9407023 9410162 
428: 9311096 9404068 9406205 
429: 9403179 9308023 9406216 9410136 
430: 9403181 9209115 9406164 
431: 9403192 9210160 9404063 
432: 9210160 9404063 9408112 
433: 9206024 9408031 9411039 
434: 9404008 9311092 9406125 
435: 9404008 9311092 9409138 
436: 9404008 9402113 9405084 
437: 9404008 9402113 9406125 
438: 9404065 9307175 9408092 
439: 9404065 9307175 9412213 
440: 9404096 9206015 9408029 
441: 9307035 9405034 9409035 
442: 9307035 9405034 9411176 
443: 9404109 9211121 9405175 
444: 9404113 9207019 9406203 
445: 9404113 9212104 9406203 9410013 
446: 9404113 9212104 9408082 
447: 9404113 9302124 9406203 9410013 
448: 9404113 9312049 9406203 9410013 
449: 9204003 9405089 9409122 9409170 
450: 9209044 9404138 9410124 
451: 9209044 9404138 9411075 
452: 9211114 9401118 9404141 
453: 9401118 9206047 9404141 
454: 9402057 9307178 9404146 
455: 9201017 9407167 9409064 
456: 9404157 9204052 9405052 
457: 9404162 9308129 9407190 
458: 9308129 9405039 9407190 
459: 9308129 9405144 9407190 
460: 9404171 9303041 9411179 
461: 9404174 9305041 9405134 
462: 9404174 9305041 9411179 
463: 9404180 9212075 9407163 
464: 9404180 9212075 9412051 
465: 9404185 9306145 9408119 
466: 9404192 9405008 9411053 
467: 9405011 9303101 9409190 
468: 9405011 9312213 9409093 9409190 
469: 9405011 9312213 9409190 9412176 
470: 9203065 9405023 9409130 
471: 9401118 9203065 9405023 
472: 9302048 9405071 9411056 
473: 9405074 9303156 9411055 
474: 9405107 9212065 9409014 
475: 9405111 9208013 9408049 
476: 9405111 9208013 9410165 
477: 9405112 9210115 9412228 
478: 9203051 9403181 9405113 
479: 9403181 9307039 9405113 
480: 9405124 9307049 9410073 
481: 9405030 9405138 9411176 
482: 9405143 9302078 9408066 
483: 9206084 9405172 9407136 
484: 9402073 9405172 9407136 
485: 9404139 9405172 9407136 
486: 9404109 9208029 9405175 
487: 9404109 9306080 9405175 
488: 9206034 9406180 9408135 
489: 9406007 9306119 9406035 
490: 9406033 9307186 9411238 
491: 9406049 9408061 9411124 
492: 9406049 9205115 9408061 
493: 9406067 9212029 9412184 
494: 9305083 9406079 9408040 
495: 9303048 9401125 9403108 9406085 
496: 9406086 9306027 9411062 
497: 9309110 9406091 9408083 
498: 9308153 9405121 9406109 9409164 
499: 9312192 9405121 9406109 9409164 
500: 9404107 9406123 9410090 9412215 
501: 9309123 9406123 9410090 9412215 
502: 9307116 9406153 9409009 
503: 9307116 9409009 9409157 
504: 9405143 9406144 9408066 
505: 9401139 9406150 9408060 
506: 9211053 9406155 9409076 
507: 9310130 9406155 9409076 
508: 9211053 9406155 9412166 
509: 9406204 9407157 9408021 
510: 9406204 9407157 9409189 
511: 9309013 9409004 9411081 
512: 9210021 9401105 9403173 9407078 
513: 9407167 9303093 9409064 
514: 9306069 9407169 9411020 
515: 9401139 9210121 9407198 
516: 9408024 9207089 9410099 
517: 9207089 9409160 9410147 
518: 9206084 9408053 9412106 
519: 9408146 9408176 9409200 
520: 9408146 9408176 9410174 
521: 9312062 9408146 9409200 
522: 9312062 9408146 9410174 
523: 9408077 9408176 9409200 
524: 9408077 9408176 9410174 
525: 9311114 9409093 9411200 
526: 9210141 9409058 9411006 
527: 9409110 9311042 9412115 
528: 9202011 9409166 9412135 
529: 9306002 9409176 9412229 
530: 9306002 9406125 9409176 
531: 9206029 9410135 9412029 
532: 9404025 9310026 9410143 
533: 9403168 9407047 9411004 
534: 9207004 9411119 9411185 
535: 9405035 9402147 9411135 
536: 9209049 9404058 9411204 
537: 9207011 9403050 9411213 
538: 9212060 9405153 9412118 
539: 9405153 9210040 9412118 
540: 9310112 9407099 9412157 
541: 9407087 9408099 9412158 9412200 
542: 9403195 9407087 9411102 9412206 
543: 9407087 9408099 9411102 9412206 
544: 9407087 9408099 9412222 
545: 9409098 9411021 9412241 
546: 9401029 9202039 9406008 
547: 9401029 9202039 9412033 
548: 9202039 9402114 9406008 
549: 9202039 9402114 9412033 
550: 9401030 9301070 9403190 9404056 
551: 9401030 9301070 9403190 9405096 
552: 9202047 9402138 9405099 
553: 9401058 9209006 9405095 
554: 9401058 9209006 9407017 
555: 9401058 9209006 9407112 
556: 9209006 9407017 9408104 
557: 9209006 9407112 9408104 
558: 9211015 9410068 9412014 
559: 9401078 9408092 9411176 
560: 9205064 9401078 9412166 
561: 9207061 9404065 9408092 
562: 9207061 9408092 9412127 
563: 9401099 9302008 9410201 
564: 9207034 9409179 9412224 
565: 9210107 9402156 9411028 
566: 9210120 9402156 9411028 
567: 9303046 9401115 9411210 
568: 9302104 9402010 9412155 
569: 9302104 9403082 9412155 
570: 9401137 9307120 9405134 
571: 9401137 9307120 9411179 
572: 9307120 9404174 9405134 
573: 9307120 9404174 9411179 
574: 9401139 9207111 9405002 9412209 
575: 9207111 9405002 9410206 
576: 9401139 9301005 9404063 
577: 9401139 9301005 9408060 
578: 9301005 9402031 9404063 
579: 9401145 9209044 9410088 
580: 9401145 9209044 9410201 
581: 9401161 9310080 9412228 
582: 9310080 9405109 9405194 9407061 
583: 9310080 9405109 9412228 
584: 9402002 9302038 9408083 
585: 9402002 9302038 9412184 
586: 9302038 9406128 9408083 
587: 9302038 9408083 9410167 
588: 9402007 9203071 9412086 
589: 9402007 9203071 9412112 
590: 9402020 9305011 9404094 
591: 9402020 9305011 9405163 
592: 9402020 9305011 9406212 
593: 9402027 9205072 9404185 
594: 9402027 9209043 9404185 
595: 9402027 9212048 9404185 
596: 9402031 9206048 9406067 
597: 9302026 9403045 9403121 
598: 9302026 9403121 9411163 
599: 9402051 9205039 9412237 
600: 9402051 9209054 9412237 
601: 9306101 9405109 9405194 9412141 
602: 9306101 9405109 9412228 
603: 9303014 9409179 9412224 
604: 9402107 9310144 9403119 
605: 9402107 9310144 9411210 
606: 9301099 9402133 9403185 9410005 
607: 9402144 9312121 9409076 
608: 9402154 9212140 9412061 
609: 9212140 9404020 9410191 
610: 9212140 9404020 9412061 
611: 9403032 9209105 9403124 
612: 9403032 9209105 9403163 
613: 9403049 9309142 9407148 9409076 
614: 9309142 9404188 9409076 
615: 9309142 9407148 9412213 
616: 9403073 9301018 9412108 
617: 9301018 9407191 9412108 
618: 9301018 9408086 9412108 
619: 9208026 9403089 9407167 9409064 9412227 
620: 9204064 9403094 9412128 
621: 9403094 9211066 9412128 
622: 9403094 9305100 9412128 
623: 9210062 9405086 9409110 
624: 9210062 9405086 9412077 
625: 9403108 9312194 9403137 9404135 9408039 
626: 9403108 9312194 9403137 9407001 
627: 9312104 9409166 9412135 
628: 9302133 9403122 9406207 
629: 9206084 9403122 9412035 
630: 9403137 9303103 9408039 
631: 9303103 9408039 9411020 
632: 9403137 9304027 9412159 
633: 9304027 9407173 9412159 
634: 9304027 9410187 9412159 
635: 9304027 9412138 9412159 
636: 9403168 9407047 9410228 
637: 9201004 9403181 9406164 
638: 9403181 9304046 9406164 
639: 9304046 9405074 9411055 
640: 9403183 9302086 9409069 
641: 9302086 9405049 9409069 
642: 9403186 9304068 9410068 
643: 9304068 9410041 9411153 
644: 9304068 9410068 9411153 
645: 9403187 9308005 9406055 
646: 9403187 9308005 9411131 
647: 9403187 9308005 9412115 
648: 9403187 9308005 9412117 
649: 9301088 9409166 9412135 
650: 9310112 9404018 9404132 9407005 
651: 9209023 9404018 9404132 
652: 9404025 9310026 9411178 
653: 9304149 9404065 9412213 
654: 9304149 9407148 9412213 
655: 9302023 9404039 9406084 
656: 9404041 9312208 9406111 9411053 
657: 9312208 9405093 9406111 9411053 
658: 9312208 9405121 9406111 9411053 
659: 9312058 9406069 9408040 
660: 9312058 9406069 9409060 
661: 9404065 9209024 9408092 
662: 9404065 9209024 9412213 
663: 9209024 9407148 9412213 
664: 9209024 9408092 9411176 
665: 9209024 9411176 9412213 
666: 9201016 9408031 9411039 
667: 9404109 9306080 9411049 
668: 9306080 9411049 9411205 
669: 9404113 9304125 9406203 
670: 9401139 9404184 9409072 
671: 9401139 9404184 9411028 
672: 9401139 9302033 9404184 
673: 9404188 9310188 9412169 
674: 9310188 9406125 9412169 
675: 9405002 9309133 9412209 
676: 9405035 9402147 9411210 9412236 
677: 9405049 9312185 9409069 
678: 9302035 9405136 9408076 
679: 9302035 9405136 9412176 
680: 9204064 9405058 9409079 
681: 9204064 9405058 9412128 
682: 9211066 9405058 9412128 
683: 9401161 9204065 9405088 
684: 9401161 9301122 9405088 
685: 9204065 9403143 9405088 
686: 9301122 9403143 9405088 
687: 9304152 9405111 9410156 
688: 9304152 9405111 9410165 
689: 9405109 9304057 9405194 9407061 
690: 9405109 9304057 9405194 9409104 
691: 9405109 9304057 9412228 
692: 9405109 9310025 9411202 
693: 9405124 9410073 9410167 
694: 9201026 9405146 9408019 9412078 
695: 9201026 9405146 9411184 9412078 
696: 9405194 9312206 9407061 
697: 9405194 9312206 9412141 
698: 9302120 9409015 9412106 
699: 9406067 9305066 9408040 
700: 9406067 9305066 9412162 
701: 9305066 9409021 9412162 
702: 9406086 9408061 9411124 
703: 9406101 9302091 9412242 
704: 9202014 9406126 9412076 
705: 9202014 9402149 9406126 
706: 9402149 9210119 9406126 
707: 9303090 9406153 9409009 
708: 9303090 9409009 9409157 
709: 9406175 9410167 9411178 
710: 9305139 9404010 9406175 
711: 9210021 9401139 9406178 
712: 9210021 9401105 9403173 9407022 
713: 9210021 9403155 9407022 
714: 9407023 9411049 9411205 
715: 9407038 9408104 9410156 
716: 9407038 9408104 9410203 
717: 9305005 9407038 9408104 
718: 9309030 9407045 9407179 
719: 9302133 9407058 9411232 
720: 9307045 9407058 9411232 
721: 9312047 9407058 9411232 
722: 9401159 9407064 9408066 
723: 9407067 9312062 9408067 
724: 9407067 9312062 9408077 9409200 
725: 9407067 9312062 9408077 9410174 
726: 9211114 9407089 9411112 
727: 9206047 9407089 9411112 
728: 9310170 9408007 9411028 
729: 9312013 9408007 9411028 
730: 9310197 9405016 9408034 
731: 9204056 9408061 9411124 
732: 9205034 9403026 9405136 9408076 
733: 9403026 9305043 9405136 9408076 
734: 9204102 9408133 9409166 
735: 9206084 9409015 9412106 
736: 9307088 9409015 9412106 
737: 9208006 9405161 9409172 
738: 9212007 9405161 9409172 
739: 9209054 9405161 9409172 
740: 9211114 9410042 9411112 
741: 9405096 9410063 9411192 
742: 9401025 9212030 9410069 9410230 
743: 9208078 9410069 9410230 
744: 9205015 9404020 9410191 
745: 9404020 9302047 9410191 
746: 9402002 9304154 9403058 9410205 
747: 9402002 9408074 9410205 
748: 9305185 9407155 9410217 
749: 9210141 9407195 9411006 
750: 9202057 9404050 9411017 
751: 9404050 9406020 9411017 
752: 9411021 9411025 9411232 
753: 9409098 9411021 9411025 9412203 
754: 9206007 9408079 9411062 
755: 9204056 9410065 9411124 
756: 9212149 9406100 9411143 
757: 9301003 9406100 9411143 
758: 9301068 9406100 9411143 
759: 9303046 9406100 9411143 
760: 9210021 9401139 9411242 
761: 9210021 9403155 9411242 
762: 9403186 9410068 9412014 
763: 9401070 9303048 9412020 
764: 9405143 9408066 9412020 
765: 9309106 9404180 9412051 
766: 9401139 9201047 9412079 
767: 9205009 9402007 9412079 
768: 9401096 9302133 9406207 9412120 
769: 9401096 9307045 9406207 9412120 
770: 9406207 9312047 9412120 
771: 9401008 9403049 9409076 
772: 9401008 9404188 9409076 
773: 9401008 9404188 9412169 
774: 9208059 9405133 9408030 
775: 9401029 9406008 9412117 
776: 9401029 9305037 9406008 
777: 9401030 9201005 9403190 
778: 9401030 9201005 9404157 
779: 9201005 9404157 9405052 
780: 9201005 9405130 9411014 
781: 9401041 9309044 9411210 
782: 9309044 9407176 9411210 
783: 9202012 9405057 9411082 
784: 9401096 9302133 9406207 9411232 
785: 9401096 9307045 9406207 9411232 
786: 9401096 9302133 9409101 
787: 9401096 9307045 9409101 
788: 9206051 9401139 9411198 
789: 9401137 9303146 9405134 
790: 9401137 9303146 9411179 
791: 9303146 9402052 9405134 
792: 9303146 9402052 9411179 
793: 9401139 9201047 9409095 
794: 9401139 9201047 9412209 
795: 9401139 9308042 9404063 9407099 
796: 9401139 9308042 9411198 
797: 9308042 9404063 9406067 9407099 
798: 9308042 9406067 9411198 
799: 9208007 9401152 9411087 
800: 9206029 9401152 9411087 
801: 9401152 9207084 9411087 
802: 9401152 9208037 9411087 
803: 9401154 9404050 9406020 9412108 9412199 
804: 9206107 9403133 9406016 
805: 9206107 9405196 9406016 
806: 9401161 9204065 9412228 
807: 9401161 9301122 9412228 
808: 9401161 9306147 9412228 
809: 9206035 9406153 9409009 
810: 9206035 9409009 9409157 
811: 9207011 9403050 9407026 
812: 9207011 9403119 9409098 
813: 9402002 9205008 9408083 
814: 9205008 9402032 9408083 9410167 
815: 9205008 9406128 9408083 
816: 9205008 9407111 9408083 
817: 9208006 9402024 9403154 
818: 9211093 9402024 9403154 
819: 9302090 9402024 9403154 
820: 9402024 9212007 9403154 
821: 9205072 9405153 9410010 
822: 9209043 9402074 9404185 
823: 9207084 9402033 9408031 9411039 
824: 9206029 9402033 9408031 
825: 9205103 9402033 9411039 
826: 9204083 9402041 9407033 
827: 9402041 9206033 9407033 
828: 9204083 9402041 9411210 
829: 9206033 9403126 9406068 
830: 9402057 9307178 9406213 
831: 9208006 9402067 9410241 
832: 9210141 9402067 9410241 
833: 9209054 9402067 9410241 
834: 9212048 9402074 9404185 9408119 
835: 9302033 9402080 9404092 9407005 
836: 9304102 9402080 9404092 9407005 
837: 9304102 9402080 9404114 9407005 
838: 9302033 9402080 9407004 
839: 9304102 9402080 9407004 
840: 9402107 9312018 9411210 
841: 9312018 9405156 9411078 9412044 
842: 9312018 9405156 9411217 9412044 
843: 9402114 9211047 9406008 
844: 9402114 9211047 9412033 
845: 9402119 9406008 9412236 
846: 9402119 9203084 9406008 
847: 9402119 9205041 9406008 
848: 9204035 9402119 9406055 
849: 9402119 9203084 9406055 
850: 9402119 9205041 9406055 
851: 9402031 9203056 9402132 
852: 9309110 9403054 9406090 
853: 9309110 9406090 9408083 
854: 9205015 9402154 9408101 
855: 9402154 9308019 9408101 
856: 9205015 9402154 9412061 
857: 9402154 9308019 9412061 
858: 9203056 9403045 9403121 
859: 9203056 9403045 9411153 
860: 9402045 9403049 9409076 
861: 9403049 9306002 9409076 
862: 9301042 9403054 9406090 
863: 9304026 9403054 9406090 
864: 9403073 9301086 9412030 
865: 9403073 9301086 9412154 
866: 9301086 9408086 9412030 
867: 9304045 9404186 9409110 
868: 9304045 9405086 9409110 
869: 9304045 9405086 9412077 
870: 9310197 9405016 9411190 
871: 9310197 9407163 9411190 
872: 9301042 9403123 9406032 9412236 
873: 9301042 9403123 9412115 
874: 9301043 9403123 9412115 
875: 9204083 9403126 9411210 
876: 9403143 9205088 9412228 
877: 9205088 9405112 9412228 
878: 9403143 9301103 9412228 
879: 9301103 9405109 9412228 
880: 9301103 9405112 9412228 
881: 9403150 9311157 9405144 9411156 
882: 9311157 9404131 9405144 
883: 9212149 9403175 9404149 
884: 9301068 9403175 9404149 
885: 9303046 9403175 9404149 
886: 9402107 9403175 9404149 
887: 9204071 9403181 9406164 
888: 9204071 9405074 9411055 
889: 9403181 9208035 9406164 
890: 9208035 9404162 9407190 
891: 9404030 9304065 9411176 
892: 9304065 9404108 9407148 9412213 
893: 9304065 9411176 9412213 
894: 9301042 9404060 9409110 9412115 
895: 9301043 9404060 9409110 9412115 
896: 9309097 9404060 9409110 9412115 
897: 9308083 9404060 9412115 
898: 9401127 9206029 9404068 9406205 
899: 9401127 9211093 9404068 9406205 
900: 9212090 9404136 9410004 
901: 9305047 9404136 9410004 
902: 9404162 9303122 9407190 
903: 9301042 9404186 9409110 
904: 9208027 9405112 9412228 
905: 9405070 9410142 9410230 
906: 9405070 9410142 9411195 
907: 9312045 9409126 9411046 
908: 9405133 9206106 9408030 
909: 9405133 9206106 9409046 
910: 9405133 9206106 9409081 
911: 9405133 9302136 9408030 
912: 9405133 9302136 9409046 
913: 9405133 9302136 9409081 
914: 9405133 9305148 9408030 
915: 9405133 9305148 9409081 
916: 9209003 9405057 9405141 
917: 9206027 9405057 9405141 
918: 9211071 9405057 9405141 
919: 9302103 9405174 9407190 
920: 9404109 9405174 9407190 
921: 9302103 9405174 9411049 
922: 9404109 9405174 9411049 
923: 9302048 9404109 9405174 
924: 9406008 9311014 9412117 
925: 9406008 9311014 9412236 
926: 9401139 9207016 9406189 
927: 9401139 9305185 9406189 
928: 9406207 9312047 9411232 
929: 9406207 9312118 9411232 
930: 9209012 9407002 9412189 
931: 9206070 9407002 9412189 
932: 9207095 9407002 9412189 
933: 9407008 9310101 9410187 
934: 9310101 9407173 9412159 
935: 9310101 9410187 9412159 
936: 9310101 9412138 9412159 
937: 9307040 9403047 9407009 9412187 
938: 9305037 9403047 9407009 
939: 9208026 9407014 9407167 9409064 9412227 
940: 9206088 9407014 9407167 9409064 9412227 
941: 9407014 9205014 9407167 9409064 9412227 
942: 9407061 9310123 9410162 
943: 9401062 9407026 9408018 
944: 9401062 9407114 9408018 
945: 9403050 9407026 9408018 
946: 9408035 9210037 9409016 9410203 
947: 9210037 9409126 9411046 
948: 9204019 9405111 9408049 
949: 9206096 9405111 9408049 
950: 9209041 9405111 9408049 
951: 9306035 9405111 9408049 
952: 9205046 9404092 9404191 9408063 
953: 9206078 9404092 9404191 9408063 
954: 9205034 9403026 9408069 
955: 9403026 9305043 9408069 
956: 9301042 9408121 9412187 
957: 9304026 9408121 9412187 
958: 9403186 9406069 9409061 
959: 9403186 9305083 9409061 
960: 9406059 9406069 9409061 
961: 9207053 9406059 9406069 9409177 9410142 
962: 9207053 9407155 9409177 9410142 
963: 9403192 9406059 9406069 9409177 
964: 9207050 9403181 9410014 
965: 9306069 9410074 9412189 
966: 9401070 9306069 9410074 
967: 9306069 9402125 9410074 
968: 9301068 9403050 9410105 
969: 9303046 9403050 9410105 
970: 9403050 9305047 9410105 
971: 9211021 9406216 9410136 
972: 9203033 9403179 9406216 9410136 
973: 9202046 9405002 9410206 
974: 9205068 9405002 9410206 
975: 9408098 9410215 9412003 
976: 9409158 9410215 9412003 
977: 9401070 9408098 9410215 
978: 9401072 9408098 9410215 
979: 9401072 9409158 9410215 
980: 9309145 9408098 9410215 
981: 9401030 9404056 9410233 
982: 9312189 9404056 9410233 
983: 9208026 9401137 9411013 
984: 9208026 9402052 9407167 9411013 
985: 9401137 9206088 9411013 
986: 9206088 9407167 9411013 
987: 9205014 9407167 9411013 
988: 9407087 9411048 9411102 9411205 
989: 9411048 9411102 9411210 
990: 9407087 9411048 9411102 9412200 
991: 9407087 9408036 9411048 9412200 
992: 9407087 9411057 9411102 9411205 
993: 9407087 9408099 9411057 9411102 9412200 
994: 9407087 9408099 9411057 9411178 9412200 
995: 9210010 9409016 9411125 
996: 9207102 9409016 9411125 
997: 9309106 9407163 9411190 
998: 9405109 9405194 9411202 9412141 
999: 9209012 9403137 9412161 
1000: 9206070 9403137 9412161 
1001: 9401007 9205034 9412168 
1002: 9301099 9401164 9403185 
1003: 9401025 9210031 9409021 9411099 9412162 
1004: 9401025 9210031 9410008 
1005: 9305037 9402148 9403047 
1006: 9401041 9305097 9407114 9411210 
1007: 9305097 9402107 9406100 9411210 
1008: 9305097 9402107 9407114 9411210 
1009: 9305097 9402107 9408115 9411210 
1010: 9305097 9404175 9408115 9411210 
1011: 9401041 9309119 9407114 9411210 
1012: 9309119 9404004 9404175 9408115 9411210 
1013: 9401058 9212070 9407017 
1014: 9401058 9212070 9407112 
1015: 9212070 9405004 9407141 
1016: 9212070 9407017 9408104 
1017: 9212070 9407112 9408104 
1018: 9212070 9407141 9412006 
1019: 9212149 9401073 9404149 
1020: 9301068 9401073 9404149 
1021: 9303046 9401073 9404149 
1022: 9301068 9401073 9409098 9411210 
1023: 9303046 9401073 9409098 9411210 
1024: 9401073 9212090 9409098 
1025: 9212149 9401073 9411210 
1026: 9212090 9408046 9410004 
1027: 9211071 9405057 9411082 9412053 
1028: 9209037 9405049 9409069 
1029: 9402002 9205051 9408074 
1030: 9402002 9205051 9412184 
1031: 9402002 9205051 9412200 
1032: 9402002 9208055 9408074 
1033: 9402002 9208055 9410051 
1034: 9402002 9208055 9412184 
1035: 9208055 9407021 9410051 
1036: 9402031 9302083 9405016 
1037: 9402031 9302083 9406067 9407099 
1038: 9302083 9402120 9405016 
1039: 9302083 9402120 9406067 9407099 
1040: 9402045 9404188 9409076 
1041: 9402045 9404188 9412169 
1042: 9402045 9406125 9412169 
1043: 9206047 9402045 9411112 
1044: 9402057 9204056 9410065 
1045: 9402057 9302116 9406213 
1046: 9402057 9302116 9410065 
1047: 9402107 9303159 9407114 9411210 
1048: 9402107 9303159 9407176 9411210 
1049: 9203084 9403187 9406008 
1050: 9203084 9403187 9406055 
1051: 9205041 9403187 9406008 
1052: 9205041 9403187 9406055 
1053: 9402148 9307040 9403047 
1054: 9205034 9403026 9405136 9412176 
1055: 9403026 9305043 9405136 9412176 
1056: 9403073 9303013 9404116 
1057: 9403073 9303013 9405089 
1058: 9403073 9303013 9411009 
1059: 9403073 9303013 9412108 
1060: 9303013 9404050 9412108 
1061: 9203051 9403181 9406164 
1062: 9203051 9405074 9411055 
1063: 9403181 9307039 9406164 
1064: 9307039 9405074 9411055 
1065: 9403187 9308122 9406008 9412117 
1066: 9403187 9308122 9406055 
1067: 9403187 9308122 9412115 
1068: 9308122 9406008 9412236 
1069: 9403198 9402044 9407087 9408013 9411149 
1070: 9403198 9402044 9407087 9408099 9411149 
1071: 9403198 9402044 9407109 
1072: 9403198 9408013 9412236 
1073: 9205027 9404006 9404035 9406059 
1074: 9208078 9404006 9404035 9406059 
1075: 9404006 9406059 9412162 
1076: 9302047 9405133 9408030 
1077: 9311181 9404180 9407163 
1078: 9304055 9410056 9412209 
1079: 9308112 9406082 9406206 9410237 
1080: 9308112 9409011 9410237 
1081: 9404109 9208029 9411049 
1082: 9208029 9411049 9411205 
1083: 9211040 9404131 9405144 
1084: 9310170 9404131 9405144 
1085: 9310200 9404131 9405144 
1086: 9311139 9404131 9405144 
1087: 9306147 9404170 9412228 
1088: 9401007 9201056 9404170 
1089: 9404185 9212060 9408119 
1090: 9212060 9405153 9410010 
1091: 9404188 9304141 9409076 
1092: 9304141 9407148 9409076 
1093: 9304141 9407148 9412213 
1094: 9304141 9409138 9411112 
1095: 9211040 9405039 9407190 
1096: 9302049 9405039 9407190 
1097: 9310170 9405039 9407190 
1098: 9312187 9405039 9407190 
1099: 9208007 9402060 9405067 
1100: 9405143 9408066 9412144 
1101: 9303048 9401072 9405185 
1102: 9303048 9401125 9405185 
1103: 9306069 9404172 9405185 
1104: 9308100 9404172 9405185 
1105: 9212149 9406046 9411210 
1106: 9301068 9406046 9411210 
1107: 9303046 9406046 9411210 
1108: 9211097 9407087 9408099 
1109: 9211097 9409166 9412135 
1110: 9401030 9404056 9406171 
1111: 9401135 9404056 9406171 
1112: 9312189 9404056 9406171 
1113: 9208006 9405161 9406186 
1114: 9210141 9405161 9406186 
1115: 9212007 9405161 9406186 
1116: 9209054 9405161 9406186 
1117: 9401070 9303048 9406201 
1118: 9303048 9401072 9406201 
1119: 9303048 9401125 9406201 
1120: 9305005 9407017 9408035 
1121: 9305005 9407017 9408104 
1122: 9401058 9305005 9407017 
1123: 9401131 9205027 9407118 
1124: 9401131 9302109 9407118 
1125: 9212149 9403050 9407128 
1126: 9301068 9403050 9407128 
1127: 9303046 9403050 9407128 
1128: 9304011 9408005 9411028 
1129: 9401070 9303048 9408089 
1130: 9303048 9401072 9403108 9408089 
1131: 9303048 9401125 9403108 9408089 
1132: 9403108 9309145 9408089 
1133: 9403108 9401159 9408089 
1134: 9403073 9301046 9408136 9411009 9412030 
1135: 9403073 9305114 9408136 9411009 9412030 
1136: 9211102 9408136 9411009 9412030 
1137: 9401041 9212149 9408140 
1138: 9401041 9301003 9408140 
1139: 9401041 9301068 9408140 
1140: 9401041 9303046 9408140 
1141: 9205046 9408169 9412065 
1142: 9210021 9401139 9409011 9410237 
1143: 9308154 9409011 9410237 
1144: 9309039 9409011 9410237 
1145: 9409089 9411020 9412159 
1146: 9402125 9409089 9411020 
1147: 9308139 9409089 9411020 
1148: 9402125 9409089 9411028 
1149: 9308139 9409089 9412131 
1150: 9405109 9405194 9409104 9412141 
1151: 9204099 9403186 9410068 
1152: 9204019 9409126 9411046 
1153: 9206096 9409126 9411046 
1154: 9404192 9411051 9411053 
1155: 9406192 9411051 9411053 
1156: 9404050 9406020 9411051 9412108 
1157: 9302048 9403183 9409069 9411056 
1158: 9401070 9306069 9411097 
1159: 9306069 9402125 9411097 
1160: 9307168 9402125 9411097 
1161: 9407087 9408013 9411097 
1162: 9211034 9408113 9411203 
1163: 9205037 9405156 9411217 9412044 
1164: 9206006 9405156 9411217 9412044 
1165: 9203060 9402156 9412043 
1166: 9205015 9404020 9412061 
1167: 9204030 9402007 9412086 
1168: 9205009 9402007 9412086 
1169: 9211040 9403183 9412198 
1170: 9207004 9403183 9412198 
1171: 9310170 9403150 9412198 
1172: 9401027 9410016 9406177 
1173: 9307045 9406207 9411028 
1174: 9401102 9203052 9411020 
1175: 9203052 9409179 9412224 
1176: 9206047 9409138 9411112 
1177: 9401127 9205103 9403154 
1178: 9401127 9206029 9403154 
1179: 9401127 9211093 9403154 
1180: 9401127 9302090 9403154 
1181: 9401127 9205103 9404110 
1182: 9401127 9206029 9404110 
1183: 9401127 9211093 9404110 
1184: 9401127 9302090 9404110 
1185: 9401127 9205103 9406205 
1186: 9401127 9302090 9406205 
1187: 9302090 9402060 9403154 
1188: 9204065 9403143 9412228 
1189: 9204065 9405109 9412228 
1190: 9402004 9406209 9412003 
1191: 9303048 9402004 9406209 
1192: 9303048 9402004 9412027 
1193: 9303048 9402004 9412144 
1194: 9204099 9402004 9412144 
1195: 9402005 9303040 9409095 
1196: 9402005 9303040 9411022 
1197: 9303040 9405002 9409095 
1198: 9303040 9405188 9409095 
1199: 9204030 9402007 9412112 
1200: 9205009 9402007 9412112 
1201: 9402042 9403086 9403150 9411156 
1202: 9402042 9403150 9405144 9411156 
1203: 9402042 9302049 9403150 9405144 
1204: 9402042 9403150 9407109 
1205: 9402042 9406101 9412242 
1206: 9402042 9302049 9406101 
1207: 9212049 9403058 9409099 
1208: 9212049 9405188 9409099 
1209: 9402107 9305139 9411210 
1210: 9402114 9201014 9406008 9412117 
1211: 9402114 9201014 9412033 
1212: 9201014 9406008 9412236 
1213: 9402114 9204060 9406008 9412117 
1214: 9402114 9204060 9412033 
1215: 9204060 9405086 9412077 
1216: 9306069 9402125 9411020 
1217: 9307168 9402125 9411020 
1218: 9402125 9308100 9411020 
1219: 9307168 9402125 9411028 
1220: 9402148 9204041 9403047 
1221: 9204041 9403047 9409069 9412187 
1222: 9204041 9403183 9409069 9412187 
1223: 9208047 9405133 9408030 
1224: 9208047 9405133 9409081 
1225: 9403073 9305114 9412054 
1226: 9403073 9305114 9412154 
1227: 9305114 9408086 9412030 
1228: 9305114 9408113 9411009 9412030 
1229: 9305114 9408113 9412054 
1230: 9311007 9405084 9410187 
1231: 9311007 9405084 9412138 
1232: 9311007 9410187 9411020 
1233: 9311007 9411020 9412138 
1234: 9403119 9306077 9409098 
1235: 9306077 9409098 9411021 
1236: 9306077 9410054 9411021 
1237: 9403191 9311012 9404063 9404114 9406136 
1238: 9403191 9311012 9404063 9404114 9407005 
1239: 9403191 9311012 9404063 9406136 9407099 
1240: 9403191 9311012 9404114 9404132 9407005 
1241: 9309106 9404180 9407163 
1242: 9404041 9312192 9406111 9411053 
1243: 9312192 9405093 9406111 9411053 
1244: 9312192 9405121 9406111 9411053 
1245: 9312192 9408158 9411053 
1246: 9404050 9312043 9406020 9412108 9412199 
1247: 9312043 9408086 9412030 9412108 
1248: 9312043 9408113 9412030 9412108 
1249: 9312043 9408113 9412108 9412199 
1250: 9201061 9401131 9404076 
1251: 9211030 9401131 9404076 
1252: 9401131 9202004 9404076 
1253: 9401131 9202014 9404076 
1254: 9312172 9407173 9412159 
1255: 9312172 9410187 9412159 
1256: 9312172 9412138 9412159 
1257: 9404114 9308124 9406136 
1258: 9404114 9308124 9407005 
1259: 9404114 9308124 9411095 
1260: 9308124 9410104 9411095 
1261: 9309140 9404151 9406032 
1262: 9309140 9404151 9407190 
1263: 9404151 9409110 9412115 
1264: 9309140 9404151 9412115 
1265: 9204046 9405117 9406105 9410046 
1266: 9405117 9406105 9410167 9411187 
1267: 9204046 9405117 9406105 9411187 
1268: 9203083 9405117 9411187 
1269: 9208026 9401137 9405134 
1270: 9208026 9402052 9405134 
1271: 9401007 9205034 9405136 9412176 
1272: 9205037 9405156 9411078 9412044 
1273: 9206006 9405156 9411078 9412044 
1274: 9401025 9212030 9406009 9406059 9406093 
1275: 9406059 9406069 9406093 
1276: 9308153 9402001 9404041 9406111 9411053 
1277: 9308153 9402001 9405093 9406111 9411053 
1278: 9308153 9402001 9405121 9406111 9411053 
1279: 9406128 9407087 9408083 
1280: 9406128 9407087 9412200 
1281: 9305185 9406128 9408083 
1282: 9303057 9406128 9408083 
1283: 9304154 9406128 9408083 
1284: 9305185 9406128 9412200 
1285: 9304154 9406128 9412200 
1286: 9303105 9406153 9409009 
1287: 9208030 9404174 9406153 
1288: 9303105 9402052 9406153 
1289: 9303105 9404174 9406153 
1290: 9209003 9406192 9411053 
1291: 9206027 9406192 9411053 
1292: 9402057 9306117 9406213 
1293: 9403179 9406216 9408137 
1294: 9211034 9407191 9411009 9412030 
1295: 9301046 9407191 9411009 9412030 
1296: 9211102 9407191 9411009 9412030 
1297: 9301046 9407191 9412030 9412108 
1298: 9211102 9407191 9412030 9412108 
1299: 9303048 9401072 9408068 9412027 
1300: 9303048 9401125 9408068 9412027 
1301: 9303048 9401072 9408068 9412144 
1302: 9303048 9401072 9403108 9408068 
1303: 9303048 9401125 9403108 9408068 
1304: 9403108 9401159 9408068 
1305: 9206029 9402070 9408179 
1306: 9207084 9402070 9408179 
1307: 9302126 9401139 9409072 
1308: 9301042 9401139 9409072 
1309: 9401139 9301043 9409072 
1310: 9211114 9409138 9411112 
1311: 9404108 9409138 9411112 
1312: 9201056 9409168 9411028 
1313: 9203060 9402156 9409168 9411028 
1314: 9305109 9409168 9411028 
1315: 9402156 9304011 9409168 9411028 
1316: 9202046 9410056 9412209 
1317: 9205068 9410056 9412209 
1318: 9204030 9410056 9412209 
1319: 9205009 9410056 9412209 
1320: 9303017 9410056 9412209 
1321: 9402057 9306117 9410065 
1322: 9407087 9408099 9410099 
1323: 9301122 9405109 9407061 9410162 
1324: 9306147 9407061 9410162 
1325: 9204019 9405111 9410165 
1326: 9206096 9405111 9410165 
1327: 9209041 9405111 9410165 
1328: 9306035 9405111 9410165 
1329: 9205068 9410212 9412196 
1330: 9205068 9410212 9412209 
1331: 9204030 9410212 9412209 
1332: 9205068 9404092 9410212 
1333: 9402073 9304102 9404092 9410212 
1334: 9204083 9403121 9411163 
1335: 9308139 9406209 9412003 
1336: 9203060 9402156 9412035 
1337: 9206084 9402156 9412035 
1338: 9311010 9404063 9412065 
1339: 9205046 9404063 9412065 
1340: 9206006 9404063 9412065 
1341: 9404063 9310159 9412065 
1342: 9401030 9203060 9404056 9406056 
1343: 9401030 9203060 9404056 9407141 
1344: 9401030 9301083 9404056 9406056 
1345: 9401030 9301083 9404157 
1346: 9301083 9404056 9410034 
1347: 9301083 9404157 9410034 
1348: 9401030 9304121 9403190 9404056 9407141 
1349: 9401030 9304121 9403190 9405096 
1350: 9401030 9304121 9404011 
1351: 9304121 9401135 9403190 9404056 
1352: 9304121 9407141 9412006 
1353: 9208030 9401137 9411179 
1354: 9208030 9404174 9411179 
1355: 9401102 9203042 9411020 
1356: 9203042 9403137 9412159 
1357: 9203042 9409179 9412224 
1358: 9203042 9411020 9412159 
1359: 9401102 9302080 9411020 
1360: 9302080 9403137 9412159 
1361: 9302080 9407173 9412159 
1362: 9302080 9410187 9411020 9412159 
1363: 9302080 9411020 9412138 9412159 
1364: 9401102 9304148 9411020 
1365: 9304148 9409179 9412224 
1366: 9304148 9411020 9412138 
1367: 9401121 9207004 9403183 
1368: 9202004 9410187 9411020 9412159 
1369: 9302109 9404035 9406059 
1370: 9302109 9410167 9412200 
1371: 9401135 9403190 9404056 9410034 
1372: 9305109 9401135 9405052 
1373: 9401137 9206088 9409064 
1374: 9401137 9206088 9411179 
1375: 9206088 9408129 9409064 
1376: 9401139 9210121 9404063 
1377: 9401139 9210121 9408060 
1378: 9401139 9210121 9411198 
1379: 9210121 9404063 9407005 
1380: 9210121 9404092 9407005 
1381: 9301122 9403143 9412228 
1382: 9301122 9405109 9412228 
1383: 9308153 9402001 9404113 
1384: 9308153 9402001 9408158 9411053 
1385: 9402016 9203083 9411187 
1386: 9203083 9407155 9411187 
1387: 9302049 9403150 9405144 9407190 
1388: 9302049 9404162 9407190 
1389: 9203076 9405030 9411176 
1390: 9203076 9405034 9409035 
1391: 9203076 9405034 9411176 
1392: 9203076 9411176 9412213 
1393: 9206029 9402070 9406205 
1394: 9211093 9402070 9406205 
1395: 9402073 9304102 9404092 9407005 
1396: 9402073 9304102 9404114 9407005 
1397: 9402073 9304102 9404114 9411095 
1398: 9402073 9304102 9407004 
1399: 9304128 9403137 9408039 
1400: 9402107 9311156 9404149 
1401: 9402107 9311156 9407114 9411210 
1402: 9402107 9311156 9407176 9409098 9411210 
1403: 9402107 9311156 9408115 9411210 
1404: 9311156 9404175 9408115 9411210 
1405: 9311156 9404175 9409098 9411210 
1406: 9402114 9205004 9406008 9412117 
1407: 9402114 9205004 9412033 
1408: 9205004 9405086 9412077 
1409: 9308100 9404172 9411020 
1410: 9308100 9411020 9412138 
1411: 9308100 9411020 9412189 
1412: 9402148 9304026 9403047 
1413: 9304026 9403047 9409069 9412187 
1414: 9403041 9312182 9403191 9404114 9404132 9407005 
1415: 9403041 9312182 9403191 9404114 9406136 
1416: 9312182 9403191 9404063 9404114 9406136 
1417: 9312182 9403191 9404063 9404114 9407005 
1418: 9312182 9403191 9404063 9406136 9407099 
1419: 9403086 9310170 9403150 9411028 
1420: 9403086 9312013 9403150 9411028 
1421: 9403086 9310170 9403150 9411156 
1422: 9403086 9310200 9403150 9411156 
1423: 9403086 9311139 9403150 9411156 
1424: 9403086 9312013 9403150 9411156 
1425: 9403086 9312187 9403150 9411156 
1426: 9311139 9403150 9405144 9407190 
1427: 9311139 9403150 9405144 9411156 
1428: 9312013 9403150 9407190 
1429: 9312013 9409186 9411156 
1430: 9403137 9204072 9408039 
1431: 9204072 9408039 9411020 
1432: 9204072 9411020 9412138 
1433: 9204072 9411020 9412189 
1434: 9305160 9404030 9405034 9411176 
1435: 9305160 9405034 9409035 
1436: 9305160 9408092 9411176 9412127 
1437: 9305160 9411176 9412213 
1438: 9207050 9403181 9406164 
1439: 9207050 9404162 9407190 
1440: 9207050 9405074 9411055 
1441: 9403195 9407087 9408013 9411102 
1442: 9404030 9208057 9405034 9411176 
1443: 9208057 9404065 9408092 
1444: 9208057 9404065 9412213 
1445: 9208057 9405034 9409035 
1446: 9208057 9408092 9411176 
1447: 9208057 9411176 9412213 
1448: 9308154 9406082 9406206 9410237 
1449: 9306069 9404172 9411020 
1450: 9307168 9404172 9411020 
1451: 9308139 9404172 9411020 
1452: 9401070 9306069 9404172 
1453: 9212086 9405034 9409035 
1454: 9212086 9404030 9405034 9411176 
1455: 9204019 9405111 9410156 
1456: 9206096 9405111 9410156 
1457: 9209041 9405111 9410156 
1458: 9306035 9405111 9410156 
1459: 9205027 9406009 9406059 9408040 
1460: 9401025 9212030 9406009 9406059 9412162 
1461: 9401025 9212030 9406009 9409060 
1462: 9205027 9406009 9409060 
1463: 9403073 9406020 9412054 9412108 
1464: 9404050 9406020 9412054 9412108 
1465: 9403073 9406020 9412108 9412199 
1466: 9302103 9406032 9412236 
1467: 9309140 9406032 9412236 
1468: 9309097 9406032 9412236 
1469: 9308083 9406032 9412236 
1470: 9302103 9403187 9406032 
1471: 9309097 9403187 9406032 
1472: 9403187 9308083 9406032 
1473: 9401070 9303048 9406209 
1474: 9303048 9401072 9406209 
1475: 9303048 9401125 9406209 
1476: 9209012 9407008 9410187 9411020 
1477: 9206070 9407008 9410187 9411020 
1478: 9211030 9407008 9410187 9411020 
1479: 9306069 9407008 9411020 
1480: 9302022 9407008 9411020 
1481: 9306069 9407008 9412131 
1482: 9302022 9407008 9412131 
1483: 9211030 9407008 9412131 
1484: 9209012 9401102 9407015 
1485: 9302022 9401102 9407015 
1486: 9401102 9205069 9407015 
1487: 9401102 9205089 9407015 
1488: 9401102 9206020 9407015 
1489: 9401102 9206070 9407015 
1490: 9401102 9207095 9407015 
1491: 9205028 9407039 9408137 
1492: 9206070 9407039 9408137 
1493: 9207095 9407039 9408137 
1494: 9201021 9407039 9408137 
1495: 9407087 9204102 9408099 
1496: 9204102 9409166 9412135 
1497: 9401139 9302033 9408060 
1498: 9405093 9406203 9410013 
1499: 9405121 9406203 9410013 
1500: 9208031 9403190 9404056 9410034 9410157 
1501: 9403050 9407026 9410053 
1502: 9401030 9403190 9404056 9406056 9410157 
1503: 9401030 9403190 9404056 9407141 9410157 
1504: 9208031 9403190 9404056 9406056 9410157 
1505: 9208031 9403190 9404056 9407141 9410157 
1506: 9312189 9403190 9404056 9406056 9410157 
1507: 9312189 9403190 9404056 9407141 9410157 
1508: 9210010 9408035 9409016 9410203 
1509: 9206027 9405057 9411082 9412053 
1510: 9303030 9405057 9411082 9412053 
1511: 9209003 9405057 9411082 
1512: 9310181 9405057 9411082 
1513: 9210141 9405161 9411121 
1514: 9212007 9405161 9411121 
1515: 9209054 9405161 9411121 
1516: 9209041 9407141 9412006 
1517: 9305005 9408035 9412006 
1518: 9401070 9303048 9412144 
1519: 9202046 9405002 9412196 
1520: 9205068 9405002 9412196 
1521: 9403073 9301046 9412108 9412199 
1522: 9301046 9408113 9412108 9412199 
1523: 9401025 9206016 9409021 
1524: 9401025 9206016 9410008 
1525: 9206016 9407021 9410051 
1526: 9206016 9408036 9412200 
1527: 9401058 9305005 9405095 
1528: 9401058 9305005 9407112 
1529: 9305005 9407112 9408104 
1530: 9401102 9209008 9411020 
1531: 9209008 9409179 9412224 
1532: 9209008 9411020 9412138 
1533: 9211093 9402060 9403154 
1534: 9401139 9208076 9404063 9407099 
1535: 9401139 9208076 9404191 
1536: 9208076 9402120 9404063 9407099 
1537: 9208076 9404063 9407005 
1538: 9208076 9404092 9404191 9407005 
1539: 9401139 9209052 9404063 
1540: 9401139 9209052 9404191 
1541: 9209052 9402031 9404063 9407005 
1542: 9209052 9404092 9404191 9407005 
1543: 9306147 9403143 9412228 
1544: 9402002 9305069 9410046 
1545: 9402002 9305069 9410051 
1546: 9402002 9305069 9412184 
1547: 9305069 9407021 9410051 
1548: 9402005 9205009 9409095 
1549: 9402005 9205009 9412209 
1550: 9402016 9205037 9411095 
1551: 9205037 9402031 9407099 
1552: 9205037 9402120 9407099 
1553: 9211061 9402031 9403041 9404114 9406136 
1554: 9211061 9402031 9404063 9404114 9406136 
1555: 9211061 9402031 9404063 9406136 9407099 
1556: 9211061 9402120 9404063 9404114 
1557: 9211061 9402120 9404063 9407099 
1558: 9211061 9403041 9404114 9404132 
1559: 9402031 9203056 9404063 
1560: 9208026 9402052 9407167 9409064 
1561: 9208026 9402052 9411179 
1562: 9201067 9404030 9411176 
1563: 9201067 9404065 9412213 
1564: 9201067 9411176 9412213 
1565: 9202014 9402089 9409119 
1566: 9205027 9402089 9409119 
1567: 9205027 9402089 9411170 
1568: 9201021 9409179 9412224 
1569: 9403108 9401159 9403137 9407001 
1570: 9401159 9403137 9408098 
1571: 9208031 9403190 9404056 9405004 9406056 
1572: 9208031 9403190 9404056 9405004 9407141 
1573: 9210021 9401139 9403173 9410237 
1574: 9404063 9310159 9406067 9407099 
1575: 9404063 9310159 9408112 
1576: 9404063 9310159 9411078 9412044 
1577: 9310159 9406067 9411198 
1578: 9212086 9404065 9408092 
1579: 9212086 9404065 9412213 
1580: 9404108 9404188 9409076 
1581: 9404108 9407148 9409076 
1582: 9403073 9301046 9405089 
1583: 9207016 9407021 9410051 
1584: 9305185 9407021 9410051 
1585: 9208078 9407021 9410051 
1586: 9209016 9407021 9410051 
1587: 9303057 9407021 9410051 
1588: 9407087 9408013 9411102 9411205 
1589: 9402005 9407087 9408013 9411149 
1590: 9204083 9408046 9410004 
1591: 9212149 9408046 9410004 
1592: 9301068 9408046 9410004 
1593: 9303046 9408046 9410004 
1594: 9305047 9408046 9410004 
1595: 9301068 9401062 9408046 
1596: 9303046 9401062 9408046 
1597: 9301046 9408086 9412030 9412108 
1598: 9211102 9408086 9412030 9412108 
1599: 9211034 9408086 9412030 
1600: 9205068 9402005 9409099 
1601: 9205068 9405002 9409099 
1602: 9205068 9405188 9409099 
1603: 9402005 9204030 9409099 
1604: 9204030 9405002 9409099 
1605: 9204030 9405188 9409099 
1606: 9303048 9401072 9409158 9412131 
1607: 9303048 9401125 9409158 9412131 
1608: 9306069 9409158 9412131 
1609: 9204083 9407114 9410004 
1610: 9212149 9407114 9410004 
1611: 9301068 9407114 9410004 
1612: 9303046 9407114 9410004 
1613: 9305047 9407114 9410004 
1614: 9207016 9402002 9410051 
1615: 9305185 9402002 9410051 
1616: 9402002 9208078 9410051 
1617: 9402002 9209016 9410051 
1618: 9402002 9303057 9410051 
1619: 9212149 9410054 9411021 
1620: 9301068 9410054 9411021 
1621: 9204083 9410054 9411210 
1622: 9212149 9410054 9411210 
1623: 9301068 9410054 9411210 
1624: 9303153 9410054 9411210 
1625: 9305047 9410054 9411210 
1626: 9401070 9303048 9412027 
1627: 9303048 9401072 9407001 9412027 
1628: 9303048 9401125 9407001 9412027 
1629: 9403073 9301046 9412054 9412108 
1630: 9301046 9408113 9412054 9412108 
1631: 9211102 9408113 9412054 9412108 
1632: 9304154 9402032 9412235 
1633: 9207067 9401121 9403183 
1634: 9207067 9403183 9409069 
1635: 9207067 9405049 9409069 
1636: 9207067 9409186 9411156 
1637: 9401058 9204019 9405095 
1638: 9401058 9204019 9407112 
1639: 9401058 9209041 9407112 
1640: 9209041 9405004 9407141 
1641: 9401058 9306035 9405095 
1642: 9401058 9306035 9407112 
1643: 9306035 9407112 9408104 
1644: 9306035 9408104 9410156 
1645: 9301068 9401062 9404041 
1646: 9301068 9401062 9405093 
1647: 9301068 9401062 9406100 
1648: 9303046 9401062 9406100 
1649: 9301068 9401062 9407026 
1650: 9303046 9401062 9407026 
1651: 9301068 9401062 9407114 
1652: 9303046 9401062 9407114 
1653: 9301068 9401062 9408158 
1654: 9301047 9402031 9405016 
1655: 9301047 9402031 9406067 9407099 
1656: 9301047 9402031 9408112 
1657: 9301047 9402120 9405016 
1658: 9301047 9402120 9406067 9407099 
1659: 9301047 9411078 9412044 
1660: 9205103 9402060 9403154 
1661: 9401139 9204035 9403096 
1662: 9401139 9204035 9408036 9412200 
1663: 9204035 9403187 9406055 
1664: 9301015 9402031 9403155 
1665: 9301015 9402031 9406067 9407099 
1666: 9301015 9411078 9412044 
1667: 9402005 9204030 9411022 
1668: 9402005 9204030 9412209 
1669: 9204030 9405002 9412209 
1670: 9402005 9303017 9411022 
1671: 9402005 9303017 9412209 
1672: 9303017 9405002 9412209 
1673: 9212007 9402060 9403154 
1674: 9402120 9303007 9406067 9407099 
1675: 9303007 9406067 9408040 
1676: 9210119 9406059 9406069 9410142 9411187 
1677: 9210119 9406067 9407099 
1678: 9210119 9407099 9410142 
1679: 9203054 9409179 9412224 
1680: 9203054 9411020 9412159 
1681: 9203054 9411020 9412189 
1682: 9305185 9402002 9403058 9408083 
1683: 9402002 9304154 9403058 9408083 
1684: 9402002 9403058 9412074 
1685: 9403073 9211034 9404116 9412030 
1686: 9403073 9211034 9411009 9412030 
1687: 9211034 9408113 9411009 9412030 
1688: 9302006 9404113 9406203 
1689: 9312187 9403150 9405144 9407190 
1690: 9312187 9403150 9405144 9411156 
1691: 9312187 9403150 9407109 
1692: 9312187 9404162 9407190 
1693: 9312187 9406101 9412242 
1694: 9312187 9407190 9412242 
1695: 9208006 9402060 9403154 
1696: 9206029 9402060 9403154 
1697: 9403187 9308083 9406008 9412117 
1698: 9403187 9308083 9406055 
1699: 9403187 9308083 9411131 
1700: 9403187 9308083 9412115 
1701: 9308083 9406008 9412236 
1702: 9404041 9310181 9411053 
1703: 9310181 9405093 9411053 
1704: 9310181 9405121 9411053 
1705: 9310181 9408158 9411053 
1706: 9305142 9406105 9410046 
1707: 9305142 9408036 9408083 
1708: 9305142 9408036 9412200 
1709: 9402156 9407031 9411028 
1710: 9212086 9407148 9412213 
1711: 9305185 9408036 9408083 
1712: 9209016 9408036 9408083 
1713: 9304154 9408036 9408083 
1714: 9407087 9408036 9408083 
1715: 9401139 9407087 9408036 9412200 
1716: 9401139 9305185 9408036 9412200 
1717: 9209016 9408036 9412200 
1718: 9304154 9408036 9412200 
1719: 9401070 9408098 9411178 
1720: 9401070 9303048 9403137 9408098 
1721: 9303048 9401072 9403137 9408098 
1722: 9303048 9401125 9403137 9408098 
1723: 9309145 9403137 9408098 
1724: 9208026 9408129 9409064 
1725: 9209003 9408158 9411053 
1726: 9206027 9408158 9411053 
1727: 9301042 9405086 9409110 
1728: 9301043 9405086 9409110 
1729: 9206096 9408104 9410156 
1730: 9212149 9404004 9411021 
1731: 9301068 9404004 9409098 9411021 
1732: 9303046 9404004 9409098 9411021 
1733: 9202046 9401139 9411022 
1734: 9309097 9403187 9411131 
1735: 9402002 9407087 9408099 9411149 
1736: 9402002 9408074 9411149 
1737: 9402005 9407087 9408099 9411149 
1738: 9402032 9408074 9411149 
1739: 9310170 9406101 9412242 
1740: 9310170 9407190 9412242 
1741: 9310200 9406101 9412242 
1742: 9310200 9407190 9412242 
1743: 9401041 9212149 9404149 
1744: 9401041 9301003 9404149 
1745: 9401041 9301068 9404149 
1746: 9401041 9303046 9404149 
1747: 9401041 9303153 9404149 
1748: 9401041 9212149 9407114 9411210 
1749: 9401041 9301003 9407114 9411210 
1750: 9401041 9301068 9407114 9411210 
1751: 9401041 9303046 9407114 9411210 
1752: 9401041 9303153 9411210 
1753: 9301003 9402107 9404149 
1754: 9301003 9402107 9406100 9411210 
1755: 9301003 9402107 9407114 9411210 
1756: 9301003 9402107 9407176 9411210 
1757: 9301003 9402107 9408115 9411210 
1758: 9301003 9404175 9408115 9411210 
1759: 9401072 9307168 9403137 
1760: 9401072 9307168 9412131 
1761: 9307168 9403137 9404135 
1762: 9307168 9404135 9411020 
1763: 9307168 9411020 9412189 
1764: 9212086 9408092 9411176 9412127 
1765: 9212086 9411176 9412213 
1766: 9401102 9201074 9411020 
1767: 9201074 9409179 9412224 
1768: 9201074 9411020 9412138 
1769: 9201074 9411020 9412189 
1770: 9401102 9205028 9405084 
1771: 9401102 9205028 9411020 
1772: 9205028 9409179 9412224 
1773: 9401102 9211030 9411020 
1774: 9211030 9403137 9412159 
1775: 9211030 9410187 9411020 9412159 
1776: 9211030 9411020 9412138 9412159 
1777: 9305109 9404157 9405052 
1778: 9305109 9409179 9412224 
1779: 9208026 9401137 9409064 
1780: 9208026 9401137 9411179 
1781: 9211021 9402073 9404092 9407005 
1782: 9211021 9402073 9407004 
1783: 9402002 9211056 9408074 9408083 
1784: 9402002 9211056 9408074 9410046 
1785: 9402002 9211056 9408074 9411178 
1786: 9402002 9211056 9412184 
1787: 9211056 9407111 9408083 
1788: 9211056 9407111 9410046 
1789: 9211056 9407111 9411178 
1790: 9211056 9408074 9408083 9410167 
1791: 9211056 9408074 9410167 9411178 
1792: 9211056 9409060 9410230 
1793: 9211056 9410167 9410230 
1794: 9402031 9310202 9403041 9403191 9404114 9406136 
1795: 9402031 9310202 9403191 9404063 9404114 9406136 
1796: 9402031 9310202 9403191 9404063 9406067 9407099 
1797: 9402031 9310202 9403191 9404063 9406136 9407099 
1798: 9402031 9310202 9404063 9408112 
1799: 9310202 9402073 9404114 
1800: 9310202 9403041 9403191 9404114 9404132 
1801: 9301042 9402114 9406008 9412117 
1802: 9311093 9403041 9403191 9404114 9404132 9407005 
1803: 9311093 9403041 9403191 9404114 9406136 
1804: 9311093 9403041 9405016 
1805: 9311093 9403191 9404063 9404114 9406136 
1806: 9311093 9403191 9404063 9404114 9407005 
1807: 9311093 9404063 9408112 
1808: 9311093 9404063 9411078 9412044 
1809: 9310200 9403150 9405144 9407190 
1810: 9310200 9403150 9405144 9411156 
1811: 9310200 9403185 9410005 
1812: 9401139 9301043 9403096 
1813: 9312189 9403190 9404056 9405004 9406056 
1814: 9312189 9403190 9404056 9405004 9407141 
1815: 9312189 9404011 9405004 
1816: 9403137 9308139 9404135 9408039 
1817: 9308139 9404135 9408039 9411020 
1818: 9308139 9411020 9412138 
1819: 9308139 9411020 9412189 
1820: 9212149 9404004 9404175 9408115 9411210 
1821: 9301068 9404004 9404175 9408115 9411210 
1822: 9303046 9404004 9404175 9408115 9411210 
1823: 9305047 9404004 9404175 9408115 9411210 
1824: 9301068 9404004 9404175 9409098 9411210 
1825: 9303046 9404004 9404175 9409098 9411210 
1826: 9305047 9404004 9404175 9409098 9411210 
1827: 9204083 9404004 9409098 9411210 
1828: 9209003 9404041 9411053 
1829: 9206027 9404041 9411053 
1830: 9403073 9301046 9404116 9412030 
1831: 9404116 9211102 9412030 
1832: 9211102 9408113 9411009 9412030 
1833: 9211102 9408113 9412030 9412108 
1834: 9201056 9404157 9405052 
1835: 9212149 9406100 9411210 
1836: 9301068 9406100 9411210 
1837: 9303046 9406100 9411210 
1838: 9304011 9405004 9407091 
1839: 9207053 9407155 9410142 9411187 
1840: 9204046 9407155 9411187 
1841: 9207016 9407155 9411187 
1842: 9206096 9407112 9408104 
1843: 9210021 9402031 9406082 9410158 
1844: 9302033 9402031 9406082 9410158 
1845: 9402031 9303016 9406082 9410158 
1846: 9309039 9406082 9410158 
1847: 9301046 9408113 9411009 9412030 
1848: 9403073 9301046 9412154 
1849: 9401025 9212030 9409021 9409060 
1850: 9401025 9212030 9409021 9411099 9412162 
1851: 9401025 9212030 9409060 9410230 
1852: 9401025 9212030 9410008 
1853: 9212030 9404063 9407099 
1854: 9303153 9403119 9409098 
1855: 9303153 9407176 9409098 9411210 
1856: 9401058 9206096 9405095 
1857: 9401058 9206096 9407112 
1858: 9401102 9207095 9405084 
1859: 9401102 9207095 9411020 
1860: 9207095 9405084 9405162 
1861: 9207095 9409179 9412224 
1862: 9207095 9411020 9412189 
1863: 9204046 9402016 9411187 
1864: 9204046 9406059 9411187 9412162 
1865: 9204046 9410046 9412162 
1866: 9402107 9309140 9407176 9411210 
1867: 9309140 9411210 9412236 
1868: 9402120 9311081 9404063 9404114 
1869: 9402120 9311081 9404063 9406067 9407099 
1870: 9311081 9403041 9403191 9404114 9404132 9407005 
1871: 9311081 9403041 9403191 9404114 9406136 
1872: 9311081 9403191 9404063 9404114 9406136 
1873: 9311081 9403191 9404063 9404114 9407005 
1874: 9311081 9403191 9404063 9406067 9407005 
1875: 9311081 9403191 9404063 9406067 9407099 
1876: 9311081 9403191 9404063 9406136 9407099 
1877: 9311081 9403191 9404114 9411099 
1878: 9311081 9403191 9406067 9411099 
1879: 9311081 9404063 9408112 
1880: 9304011 9405004 9407141 
1881: 9306002 9404188 9409076 
1882: 9210021 9402031 9403155 9404063 
1883: 9210021 9403155 9406082 9406206 9410237 
1884: 9210021 9402031 9403155 9406082 
1885: 9210021 9403155 9406206 9410237 9411195 
1886: 9403186 9305083 9404063 
1887: 9403186 9305083 9411198 
1888: 9306069 9404135 9408039 9411020 
1889: 9209012 9404135 9408039 9411020 
1890: 9302022 9404135 9408039 9411020 
1891: 9206070 9404135 9408039 9411020 
1892: 9306069 9403137 9404135 9408039 
1893: 9209012 9403137 9404135 9408039 
1894: 9302022 9403137 9404135 9408039 
1895: 9206070 9403137 9404135 9408039 
1896: 9303048 9403108 9403137 9404135 
1897: 9310170 9404162 9407190 
1898: 9401030 9403190 9404056 9405004 9406056 
1899: 9401030 9403190 9404056 9405004 9407141 
1900: 9401030 9404011 9405004 
1901: 9402031 9403041 9405016 
1902: 9209003 9405093 9411053 
1903: 9206027 9405093 9411053 
1904: 9401030 9302048 9403190 9405096 
1905: 9305185 9402002 9406105 9410046 
1906: 9309145 9406105 9410046 
1907: 9406105 9311120 9410046 
1908: 9205027 9406105 9410167 9411187 
1909: 9309145 9406105 9410167 9411187 
1910: 9406105 9311120 9410167 9411187 
1911: 9202014 9406105 9410167 
1912: 9305185 9406105 9410167 
1913: 9402002 9406105 9411187 
1914: 9202014 9406105 9412224 
1915: 9406105 9311120 9412224 
1916: 9207053 9407111 9408083 9411187 
1917: 9303057 9407111 9408083 9411187 
1918: 9304154 9407111 9408083 9411187 
1919: 9209016 9407111 9408083 
1920: 9207053 9407111 9411178 
1921: 9401070 9407173 9412159 
1922: 9212149 9403050 9407194 
1923: 9301068 9403050 9407194 
1924: 9303046 9403050 9407194 
1925: 9410104 9410142 9410230 
1926: 9410104 9410142 9411187 
1927: 9205081 9410104 9410230 
1928: 9305185 9410104 9411095 
1929: 9303016 9410104 9411095 
1930: 9303016 9404092 9410104 
1931: 9206006 9404063 9411078 9412044 
1932: 9310112 9404063 9411078 9412044 
1933: 9310112 9409021 9411078 9412044 
1934: 9408040 9411078 9412044 
1935: 9302022 9401102 9405084 9408039 
1936: 9302022 9401102 9408039 9411020 
1937: 9302022 9409179 9412224 
1938: 9302022 9411020 9412189 
1939: 9401102 9205069 9405084 
1940: 9401102 9205069 9411020 
1941: 9205069 9403137 9405162 
1942: 9205069 9405084 9405162 
1943: 9205069 9405084 9412138 
1944: 9205069 9409179 9412224 
1945: 9205069 9411020 9412138 
1946: 9205069 9411020 9412189 
1947: 9401102 9206020 9405084 
1948: 9401102 9206020 9411020 
1949: 9206020 9403137 9405162 
1950: 9206020 9405084 9405162 
1951: 9206020 9405084 9412138 
1952: 9206020 9409179 9412224 
1953: 9206020 9411020 9412138 
1954: 9206020 9411020 9412189 
1955: 9303048 9401125 9403108 9403137 9407001 
1956: 9402002 9205081 9408074 9410046 
1957: 9205081 9409060 9410230 
1958: 9402016 9206006 9411095 
1959: 9206006 9402031 9404063 9406067 9407099 
1960: 9206006 9402120 9404063 9406067 9407099 
1961: 9402032 9408074 9408083 9410167 9411187 
1962: 9402032 9408074 9409095 
1963: 9402032 9408074 9410167 9411178 
1964: 9402032 9408074 9411028 
1965: 9402032 9408074 9411095 
1966: 9304154 9402032 9408083 9410167 9411187 
1967: 9305185 9402032 9408083 9410167 
1968: 9305185 9402032 9409095 
1969: 9304154 9402032 9409095 
1970: 9305185 9402032 9411095 
1971: 9304154 9402032 9411095 
1972: 9310112 9403041 9403191 9404114 9404132 9407005 
1973: 9402031 9310112 9403041 9403191 9404114 9406136 
1974: 9402031 9310112 9403041 9403191 9404114 9407005 
1975: 9209023 9403041 9404114 9404132 
1976: 9209023 9402031 9403041 9404114 9406136 
1977: 9212149 9403050 9407026 
1978: 9301068 9403050 9407026 
1979: 9303046 9403050 9407026 
1980: 9403050 9305047 9407026 
1981: 9212149 9403050 9411210 
1982: 9301068 9403050 9411210 
1983: 9303046 9403050 9411210 
1984: 9403050 9305047 9411210 
1985: 9303048 9401072 9403108 9403137 9407001 
1986: 9403108 9309145 9403137 9407001 
1987: 9211040 9403183 9409069 
1988: 9211040 9401121 9403183 
1989: 9302048 9401121 9403183 
1990: 9206078 9403192 9404063 
1991: 9305083 9403192 9404063 
1992: 9403192 9406059 9406069 9408040 
1993: 9305083 9403192 9408040 
1994: 9305083 9403192 9411099 
1995: 9401030 9302048 9404011 
1996: 9404063 9309039 9407005 
1997: 9309039 9404092 9407005 
1998: 9309039 9406082 9406206 9410237 
1999: 9309039 9406082 9407004 
2000: 9309039 9406082 9407005 
2001: 9309039 9406206 9410237 9411195 
2002: 9210010 9404113 9406203 
2003: 9301046 9408113 9412030 9412108 
2004: 9205027 9409060 9410230 
2005: 9401025 9406067 9409060 
2006: 9205027 9409021 9409060 
2007: 9310170 9403150 9405144 9411156 
2008: 9301042 9401139 9412074 
2009: 9401139 9407087 9412074 
2010: 9402002 9407087 9412074 
2011: 9305083 9411099 9412074 
2012: 9301043 9403187 9412115 
2013: 9309097 9403187 9412115 
2014: 9401139 9205046 9404063 9407099 
2015: 9401139 9205046 9404191 
2016: 9205046 9402016 9411095 
2017: 9205046 9402031 9404063 9407005 
2018: 9205046 9402031 9404063 9407099 
2019: 9205046 9402031 9404063 9408112 
2020: 9205046 9402073 9404092 9407005 
2021: 9205046 9402073 9411095 
2022: 9205046 9402120 9404063 9407099 
2023: 9205046 9404092 9404191 9407005 
2024: 9402002 9209016 9408083 
2025: 9402002 9209016 9412184 
2026: 9402002 9209016 9412200 
2027: 9402002 9303057 9408083 9411187 
2028: 9402002 9303057 9412184 
2029: 9303057 9408083 9410167 9411187 
2030: 9402005 9407087 9408099 9409095 
2031: 9205068 9402005 9409095 
2032: 9205068 9402005 9412209 
2033: 9401025 9404035 9406059 
2034: 9207053 9404035 9406059 
2035: 9311010 9403191 9404114 9404132 9407005 
2036: 9211040 9405144 9407190 
2037: 9310170 9403150 9405144 9407190 
2038: 9205068 9405188 9407004 
2039: 9202046 9405188 9409095 
2040: 9205068 9405188 9409095 
2041: 9305185 9405188 9409095 
2042: 9304154 9405188 9409095 
2043: 9207053 9406059 9406069 9410142 9411187 
2044: 9406059 9406069 9411187 9412162 
2045: 9311120 9408083 9410167 9411187 
2046: 9406206 9410142 9411195 
2047: 9302033 9403191 9406082 9406206 9410237 
2048: 9403191 9406206 9411099 
2049: 9303016 9406206 9411195 
2050: 9303016 9403191 9406082 9406206 
2051: 9206070 9403137 9405162 9407001 
2052: 9301068 9407176 9409098 9411210 
2053: 9303046 9407176 9409098 9411210 
2054: 9305047 9407176 9409098 9411210 
2055: 9212149 9407176 9411210 
2056: 9205027 9410167 9410230 
2057: 9207016 9410167 9410230 
2058: 9401025 9406067 9411099 9412162 
2059: 9401025 9406067 9411195 
2060: 9401025 9409021 9411195 
2061: 9401139 9202092 9404063 9407099 
2062: 9401139 9202092 9404191 
2063: 9401139 9202092 9407099 9410142 
2064: 9401139 9202092 9410142 9411195 
2065: 9401139 9202092 9410237 9411195 
2066: 9202092 9402120 9404063 9406067 9407099 
2067: 9202092 9404063 9406136 9407099 
2068: 9202092 9404063 9408112 
2069: 9202092 9406067 9411195 
2070: 9302103 9403187 9406008 
2071: 9302103 9403187 9406055 
2072: 9302103 9406008 9412236 
2073: 9206084 9402156 9411028 
2074: 9403073 9301046 9412030 9412108 
2075: 9310170 9403150 9407109 
2076: 9301043 9404191 9407004 
2077: 9303016 9404191 9407004 
2078: 9309097 9404191 9407004 
2079: 9206078 9404092 9404191 9407005 
2080: 9301043 9404092 9404191 9407005 
2081: 9303016 9404092 9404191 9407005 
2082: 9309097 9404092 9404191 9407005 
2083: 9401139 9206078 9404191 
2084: 9401139 9301043 9404191 
2085: 9210010 9405121 9406203 
2086: 9209003 9405121 9411053 
2087: 9206027 9405121 9411053 
2088: 9301043 9403187 9406055 
2089: 9309097 9403187 9406055 
2090: 9302033 9406082 9407004 
2091: 9303016 9406082 9407004 
2092: 9302033 9402031 9403191 9406082 9407005 
2093: 9402031 9303016 9403191 9406082 9407005 
2094: 9311010 9404063 9408112 
2095: 9206078 9402031 9404063 9408112 
2096: 9402031 9310112 9404063 9408112 
2097: 9207053 9408083 9410142 9411187 
2098: 9209012 9405084 9410187 
2099: 9206070 9405084 9410187 
2100: 9207016 9409021 9412162 
2101: 9207016 9411187 9412162 
2102: 9404114 9411099 9412162 
2103: 9311010 9402073 9404114 9407005 
2104: 9311010 9403191 9404063 9404114 9406136 
2105: 9311010 9403191 9404063 9404114 9407005 
2106: 9311010 9403191 9404063 9406067 9407005 
2107: 9311010 9403191 9404063 9406067 9407099 
2108: 9311010 9403191 9404063 9406136 9407099 
2109: 9311010 9403191 9404114 9411099 
2110: 9311010 9403191 9406067 9411099 
2111: 9311010 9406067 9411198 
2112: 9401139 9206078 9404063 9407099 
2113: 9206078 9402016 9411095 
2114: 9206078 9402031 9404063 9407005 
2115: 9206078 9402031 9404063 9407099 
2116: 9206078 9402073 9404092 9407005 
2117: 9206078 9402073 9411095 
2118: 9206078 9402120 9404063 9407099 
2119: 9402016 9209023 9411095 
2120: 9209023 9402031 9404063 9404114 9406136 
2121: 9209023 9402031 9404063 9406067 9407099 
2122: 9209023 9402031 9404063 9406136 9407099 
2123: 9209023 9402031 9404114 9411099 
2124: 9209023 9402031 9406067 9411099 
2125: 9209023 9402120 9404063 9404114 
2126: 9209023 9402120 9404063 9406067 9407099 
2127: 9209023 9402120 9409021 
2128: 9209023 9404114 9411095 
2129: 9209023 9409021 9411099 
2130: 9305047 9403119 9409098 
2131: 9305047 9407114 9411210 
2132: 9305083 9404063 9406067 
2133: 9305083 9406067 9408040 9411195 
2134: 9305083 9406067 9411099 
2135: 9305083 9406067 9411198 
2136: 9305083 9406067 9412184 
2137: 9305083 9409021 9411099 
2138: 9305083 9409021 9411195 
2139: 9301043 9403187 9406008 
2140: 9309097 9403187 9406008 
2141: 9209012 9405084 9405162 
2142: 9205089 9405084 9405162 
2143: 9206070 9405084 9405162 
2144: 9209012 9401102 9405084 9408039 
2145: 9401102 9205089 9405084 9408039 
2146: 9401102 9206070 9405084 9408039 
2147: 9205089 9405084 9412138 
2148: 9306069 9403137 9405162 
2149: 9209012 9403137 9405162 
2150: 9205089 9403137 9405162 
2151: 9302033 9402073 9407004 
2152: 9303016 9402073 9407004 
2153: 9401139 9302033 9411198 
2154: 9303016 9406067 9411198 
2155: 9310112 9406067 9411198 
2156: 9209012 9401102 9408039 9411020 
2157: 9209012 9411020 9412189 
2158: 9210021 9401139 9404063 
2159: 9210021 9401139 9410237 9411195 
2160: 9401102 9201061 9411020 
2161: 9201061 9403137 9412159 
2162: 9201061 9409179 9412224 
2163: 9201061 9411020 9412159 
2164: 9401102 9205089 9408039 9411020 
2165: 9205089 9403137 9408039 
2166: 9205089 9409179 9412224 
2167: 9205089 9411020 9412138 
2168: 9205089 9411020 9412189 
2169: 9301068 9403119 9409098 
2170: 9303046 9403119 9409098 
2171: 9402107 9403119 9409098 
2172: 9206084 9403143 9412228 
2173: 9211040 9405049 9409069 
2174: 9204083 9407114 9411210 
2175: 9401139 9407087 9411178 9412200 
2176: 9401139 9410167 9411178 9412200 
2177: 9402002 9407087 9408099 9411178 9412200 
2178: 9402002 9207053 9411178 
2179: 9207053 9410167 9411178 
2180: 9202046 9401139 9405002 9412209 
2181: 9205068 9401139 9405002 9412209 
2182: 9202046 9401139 9405002 9409095 
2183: 9402031 9310112 9403191 9404063 9406136 9407099 
2184: 9302033 9402031 9403191 9404063 9406136 
2185: 9402031 9310112 9403191 9404063 9404114 9406136 
2186: 9402031 9303016 9403191 9404063 9406136 
2187: 9302126 9406067 9408040 
2188: 9402002 9407087 9408099 9411028 
2189: 9205068 9401139 9405002 9409095 
2190: 9401139 9407087 9409095 
2191: 9401139 9305185 9409095 
2192: 9302126 9401139 9410237 
2193: 9401139 9302033 9403191 9410237 
2194: 9306069 9411020 9412189 
2195: 9206070 9411020 9412189 
2196: 9301042 9406008 9412236 
2197: 9301042 9411210 9412236 
2198: 9309097 9406008 9412236 
2199: 9302126 9401139 9407099 
2200: 9302126 9402120 9406067 9407099 
2201: 9402031 9303016 9403191 9404063 9406067 9407005 
2202: 9303016 9402073 9404092 9407005 
2203: 9303016 9402073 9411095 
2204: 9303016 9406067 9411195 
2205: 9207016 9409021 9411195 
2206: 9310112 9409021 9411195 
2207: 9310112 9402120 9409021 
2208: 9401139 9207016 9411195 
2209: 9310112 9406067 9411195 
2210: 9401070 9303048 9412131 
2211: 9205027 9406059 9411187 
2212: 9205027 9410167 9412200 
2213: 9401139 9302033 9403191 9404063 
2214: 9302033 9402031 9403191 9404063 9407005 
2215: 9302033 9402073 9404092 9407005 
2216: 9207016 9402016 9411187 
2217: 9402031 9310112 9403191 9404063 9404114 9407005 
2218: 9402031 9310112 9403191 9404063 9406067 9407005 
2219: 9402031 9310112 9403191 9404063 9406067 9407099 
2220: 9310112 9402120 9404063 9404114 
2221: 9310112 9402120 9404063 9406067 9407099 
2222: 9310112 9404114 9411095 
2223: 9402002 9408074 9408083 9411187 
2224: 9402002 9408074 9411028 
2225: 9402002 9408074 9411176 
2226: 9402107 9408074 9411210 
2227: 9402002 9207053 9408083 9411187 
2228: 9402002 9207053 9412184 
2229: 9207053 9408083 9410167 9411187 
2230: 9402031 9403191 9404114 9411099 
2231: 9402031 9403191 9406067 9411099 
2232: 9401070 9306069 9403137 9412159 
2233: 9306069 9411020 9412138 9412159 
2234: 9401070 9306069 9412131 
2235: 9401139 9403191 9404063 9407099 
2236: 9401139 9305185 9410167 9412200 
2237: 9305185 9402002 9412200 
2238: 9402002 9304154 9412200 
2239: 9304154 9410167 9412200 
2240: 9401139 9207016 9410167 
2241: 9207016 9402002 9408083 9411187 
2242: 9207016 9402002 9412184 
2243: 9207016 9404092 9407005 
2244: 9207016 9408083 9410167 9411187 
2245: 9205068 9404092 9407005 
2246: 9301042 9404092 9407005 
2247: 9401102 9206070 9408039 9411020 
2248: 9206070 9409179 9412224 
2249: 9301068 9409098 9410228 
2250: 9303046 9409098 9410228 
2251: 9402002 9304154 9408083 9411187 
2252: 9402002 9304154 9412184 
2253: 9305185 9402002 9412184 
2254: 9402120 9406067 9412184 
2255: 9402002 9407087 9408083 
2256: 9401139 9407087 9411028 
2257: 9402002 9407087 9412184 
2258: 9401139 9407099 9411028 
