# The links inside the directed communities at k=12
# from /Users/bogna/dev/role-mining/datasets/enron/timeslots/8-2001.edges
# at no lower link weight threshold,
# and at no upper link weight threshold.
# Links were treated as directed.
# No time limit was set for the clique search.

0:
628 994
1311 628
628 1336
1340 628
628 610
141 628
628 1279
628 1307
628 1313
628 1323
628 1331
628 1335
628 2385
628 558
628 641
628 825
628 974
994 1311
994 1336
994 1340
994 610
994 141
994 1279
994 1307
994 1313
994 1323
994 1331
994 1335
994 2385
994 558
994 641
994 825
994 974
1311 1336
1311 1340
610 1311
141 1311
1311 1279
1311 1307
1311 1313
1311 1323
1311 1331
1311 1335
1311 2385
1311 558
1311 641
1311 825
1311 974
1340 1336
610 1336
141 1336
1336 1279
1336 1307
1313 1336
1336 1323
1331 1336
1336 1335
1336 2385
1336 558
1336 641
1336 825
1336 974
1340 610
141 1340
1340 1279
1340 1307
1340 1313
1340 1323
1340 1335
1340 2385
1340 558
1340 641
1340 825
1340 974
610 141
610 1279
610 1307
610 1313
610 1323
610 1331
610 1335
610 2385
610 558
610 641
610 825
610 974
141 1279
141 1307
141 1313
141 1323
141 1331
141 1335
141 2385
141 558
141 641
141 825
141 974
1307 1279
1313 1279
1323 1279
1331 1279
558 1279
1307 1313
1307 1323
1307 1331
1307 1335
1307 2385
1307 558
1307 641
1307 825
1307 974
1313 1323
1313 1331
1313 1335
1313 2385
1313 558
1313 641
1313 825
1313 974
1323 1331
1323 1335
1323 2385
1323 558
1323 641
1323 825
1323 974
1331 1335
1331 2385
1331 558
1331 641
1331 825
1331 974
558 1335
558 2385
558 641
558 825
558 974
