# The links from /Users/bogna/dev/role-mining/datasets/enron/timeslots/05-filtered2.edges
# at no lower link weight threshold,
# and at no upper link weight threshold.
# Links were treated as directed.
# No time limit was set for the clique search.
# (self-links were removed)

00007 00011
00007 00075
00007 00076
00009 00013
00009 00048
00009 00050
00009 00057
00009 00067
00009 00147
00011 00017
00011 00038
00011 00075
00013 00009
00013 00048
00013 00050
00013 00067
00017 00033
00017 00038
00017 00059
00018 00032
00020 00070
00027 00048
00027 00147
00028 00018
00028 00032
00032 00107
00033 00038
00033 00044
00033 00075
00033 00142
00035 00124
00038 00033
00038 00075
00042 00126
00044 00033
00044 00091
00044 00100
00044 00102
00048 00009
00048 00013
00048 00044
00048 00050
00048 00067
00048 00091
00048 00147
00050 00009
00050 00048
00050 00057
00050 00067
00050 00147
00052 00027
00052 00076
00052 00135
00053 00017
00053 00038
00053 00042
00053 00044
00053 00058
00053 00059
00053 00061
00053 00063
00053 00078
00053 00092
00053 00095
00053 00096
00053 00102
00053 00107
00053 00114
00053 00118
00053 00123
00053 00124
00053 00125
00053 00126
00053 00135
00057 00044
00057 00067
00057 00076
00057 00096
00057 00142
00059 00017
00059 00091
00059 00118
00061 00017
00061 00125
00063 00091
00063 00096
00063 00114
00066 00020
00066 00032
00067 00009
00067 00013
00067 00048
00067 00050
00067 00057
00067 00147
00069 00066
00069 00073
00069 00107
00069 00123
00070 00020
00071 00080
00073 00020
00073 00032
00073 00038
00073 00069
00073 00151
00075 00011
00075 00027
00075 00033
00075 00038
00075 00076
00076 00007
00076 00011
00076 00033
00076 00052
00076 00057
00076 00075
00076 00096
00076 00142
00078 00038
00078 00044
00078 00096
00078 00107
00078 00126
00078 00150
00080 00071
00080 00091
00091 00080
00091 00100
00095 00125
00096 00063
00096 00128
00100 00044
00100 00091
00100 00102
00107 00027
00107 00052
00107 00078
00114 00063
00114 00096
00114 00128
00117 00125
00118 00038
00118 00059
00124 00035
00125 00058
00125 00095
00125 00117
00126 00096
00128 00096
00135 00052
00142 00011
00142 00033
00142 00076
00147 00009
00147 00027
00147 00048
00147 00050
00147 00067
00150 00069
00150 00107
00151 00069
00151 00073
