# The contained directed cliques in the directed communities at k=8
# from /Users/bogna/dev/role-mining/datasets/enron/timeslots/10-2000.edges
# at no lower link weight threshold,
# and at no upper link weight threshold.
# Links were treated as directed.
# No time limit was set for the clique search.

0: 2103 3843 3997 4074 4075 4159 4217 4218 4290 4291 4352 3184 3337 3350 3471 3474 3637 3639 3744 3746 3747 3807 3840 3844 4082 4165 4186 4227 4266 4285 4405 4419 4449 4585 2885 3343 3645 3756 4168 4252 4403 4406 4407 4416 4418 4423 4424 4486 4546 4586 4601 2886 2606 3096 3099 3495 3532 3856 4134 4150 4379 4464 4572 3092 4605 2833 3473 3486 3738 3951 4001 4133 4149 4167 4238 4378 4463 4571 2831 2329 2560 3017 3294 3480 3813 3829 3999 4231 4452 4555 3750 3850 4219 4232 4233 4314 4369 4417 4453 4456 3019 2336 4292 4353 4498 4251 4307 4315 4248 4250 4249 4306 3470 4002 4360 3493 4361 4370 4380 3740 3953 4240 4466 3739 3952 4239 3954 3224 3222 4187 3090 4181 4182 4183 4184 4188 4189 4190 4254 4255 4257 4402 4404 3088 4084 4180 4268 4085 4256 4484 4185 4253 4485 4401 3406 3007 3407 4457 4465 3100 4564 3832 3818 3356 3538 4086 4196 3916 3917 4241 4381 4382 4383 4547 4487 3938 3868 4420 4421 4166 
1: 2518 2519 2522 2524 2526 2528 2530 2532 2536 2538 2540 2751 2753 2756 2758 2761 2764 2767 2770 2773 2776 2930 2933 2936 2939 2942 2945 2948 2951 2954 2957 2960 2963 3162 2523 2525 2527 2529 2531 2533 2537 2539 2541 2752 2754 2757 2759 2762 2765 2768 2771 2774 2777 2931 2934 2937 2940 2943 2946 2949 2952 2955 2958 2961 2964 3163 2535 2929 2520 2932 2935 2938 2941 2944 2947 2950 2953 2956 2959 2962 3161 2521 
2: 2838 
3: 3048 
4: 3299 3300 3301 4100 3303 3304 4101 
5: 3448 3449 3450 3454 3894 4045 3452 3455 3895 4046 3451 3456 3457 3458 3897 3898 4011 4012 4047 3896 4042 
6: 3592 3594 3595 4272 4273 4275 4276 4346 3593 3730 3731 3984 4277 4278 4327 4328 4347 4348 4274 3791 3792 4399 3789 3790 3793 4520 3987 3986 3983 3985 3981 3982 4269 4270 4279 4281 4282 4283 4400 3970 4340 3838 
7: 3679 3680 
