# The links inside the directed communities at k=8
# from /Users/bogna/dev/role-mining/datasets/enron/timeslots/10-2000.edges
# at no lower link weight threshold,
# and at no upper link weight threshold.
# Links were treated as directed.
# No time limit was set for the clique search.

0:
1070 786
1070 641
1300 1070
1310 1070
508 1070
625 1070
713 1070
642 1070
756 1070
2398 1070
1589 1070
807 786
786 1062
786 1336
786 558
786 641
786 1323
1593 786
928 786
1310 786
786 1331
786 1335
1077 786
786 1552
786 508
625 786
713 786
786 825
786 714
786 489
786 1329
786 498
642 786
786 663
756 786
786 851
786 1540
1528 786
2398 786
1589 786
786 607
28948 786
842 786
730 641
730 1066
730 1079
1323 730
730 1076
730 1310
730 1548
508 730
625 730
730 713
730 914
730 1325
730 1334
730 448
730 642
730 720
730 733
756 730
730 835
1589 730
1079 807
1076 807
807 1300
1310 807
508 807
625 807
713 807
1492 807
807 720
807 733
756 807
807 835
1589 807
1062 1336
1062 558
1062 641
1331 1062
1335 1062
825 1062
558 1336
641 1336
1323 1336
1593 1336
1068 1336
1310 1336
1331 1336
1335 1336
1552 1336
508 1336
625 1336
713 1336
7644 1336
825 1336
1329 1336
756 1336
851 1336
2398 1336
1589 1336
28948 1336
558 641
558 1323
1593 558
1310 558
558 1331
558 1335
1548 558
558 1552
508 558
625 558
713 558
558 7644
558 825
558 501
714 558
558 1329
756 558
558 802
558 851
558 854
1528 558
2398 558
1589 558
558 607
28948 558
842 558
641 1066
641 1323
641 1593
641 519
928 641
641 1067
1068 641
1300 641
1310 641
641 1331
641 1335
641 1077
641 1548
641 1552
641 508
625 641
713 641
641 7644
641 825
641 714
641 1315
641 1329
641 1334
641 448
641 509
641 600
641 642
756 641
641 851
641 854
641 864
641 1364
641 1540
2398 641
1589 641
641 607
28948 641
1079 1066
1066 928
1310 1066
508 1066
625 1066
713 1066
1492 1066
733 1066
756 1066
1589 1066
1079 519
1079 928
1079 1067
1079 1068
1310 1079
1079 936
1079 1548
1079 1552
1079 508
1079 625
1079 713
1079 914
1492 1079
733 1079
756 1079
1589 1079
1593 1323
1323 1331
1335 1323
1548 1323
1323 1552
508 1323
625 1323
1323 713
1323 7644
1323 825
1323 714
1323 726
1323 1329
1323 1334
1323 448
756 1323
851 1323
1323 854
1528 1323
2398 1323
1589 1323
28948 1323
842 1323
1593 1331
1593 1335
1593 713
1593 854
928 519
1310 519
508 519
625 519
713 519
501 519
519 489
491 519
498 519
519 720
733 519
756 519
1589 519
1310 928
928 1552
508 928
928 625
713 928
928 489
928 1492
491 928
928 509
928 538
928 600
928 720
928 733
756 928
928 835
1589 928
1068 1067
1310 1067
508 1067
625 1067
713 1067
663 1067
756 1067
1589 1067
1068 1071
1068 1076
1068 1078
1068 1300
1068 1310
1068 1318
1068 1331
1068 1335
1068 1360
1068 531
1068 708
1068 936
508 1068
625 1068
713 1068
756 1068
1589 1068
1310 1071
508 1071
625 1071
713 1071
501 1071
756 1071
1589 1071
1310 1076
1076 603
1076 817
1076 823
508 1076
625 1076
713 1076
501 1076
756 1076
1589 1076
1310 1078
1552 1078
508 1078
625 1078
713 1078
733 1078
756 1078
1589 1078
1310 1300
508 1300
625 1300
713 1300
501 1300
663 1300
756 1300
1589 1300
1310 1318
1310 1331
1310 1335
1310 1360
1310 531
1310 708
1310 936
1310 603
1310 817
1310 823
1310 1077
1310 1548
1310 1552
1310 508
1310 625
1310 713
1310 914
1310 634
188 1310
1310 501
1310 714
1310 616
1310 617
1310 674
1310 726
1310 1306
1310 489
1310 1315
1310 1317
1310 1325
1310 1329
1310 1334
1310 1492
1310 448
1310 491
1310 498
1310 509
1310 538
1310 572
1310 600
1310 611
1310 624
1310 642
1310 663
1310 673
1310 686
1310 720
1310 733
1310 756
1310 762
1310 802
1310 835
1310 851
1310 854
1310 864
1310 877
1310 905
1310 985
2398 1310
1589 1310
508 1318
625 1318
713 1318
756 1318
1589 1318
1331 1335
508 1331
625 1331
713 1331
1331 7644
1331 825
1331 1329
756 1331
851 1331
1331 854
1589 1331
28948 1331
625 1335
713 1335
1335 7644
1335 825
1335 1329
756 1335
851 1335
1335 854
1589 1335
28948 1335
508 1360
625 1360
713 1360
756 1360
1589 1360
508 531
625 531
713 531
489 531
756 531
1589 531
508 708
625 708
713 708
756 708
1589 708
508 936
625 936
713 936
756 936
1589 936
508 603
625 603
713 603
501 603
756 603
1589 603
508 817
625 817
713 817
498 817
756 817
1589 817
508 823
625 823
713 823
501 823
756 823
1589 823
508 1077
625 1077
713 1077
714 1077
756 1077
1589 1077
508 1548
625 1548
713 1548
1548 825
1548 663
756 1548
2398 1548
1589 1548
508 1552
625 1552
713 1552
1329 1552
733 1552
1589 1552
508 625
508 713
508 914
508 825
508 634
508 501
508 714
508 616
508 617
508 674
508 726
508 1306
508 489
508 1315
508 1317
508 1325
508 1329
508 1334
508 1492
508 448
508 491
508 498
508 509
508 538
508 572
508 600
508 611
508 624
508 642
508 663
508 673
508 686
508 720
508 733
508 756
508 762
508 802
508 835
508 851
508 854
508 864
508 877
508 905
508 985
508 1364
508 1540
508 1589
508 607
625 713
625 914
625 825
625 634
625 501
625 714
625 616
625 617
625 674
625 726
625 1306
625 489
625 1315
625 1317
625 1325
625 1329
625 1334
625 1492
625 448
625 491
625 498
625 509
625 538
625 572
625 600
625 611
625 624
625 642
625 663
625 673
625 686
625 720
625 733
625 756
625 762
625 802
625 835
625 851
625 854
625 864
625 877
625 905
625 985
625 1364
625 1540
2398 625
625 1589
625 607
713 914
713 825
188 713
713 501
713 714
713 616
713 617
713 674
713 726
713 1306
713 489
713 1315
713 1317
713 1325
713 1329
713 1334
713 1492
713 448
713 491
713 498
713 509
713 538
713 572
713 600
713 611
713 624
713 642
713 663
713 673
713 686
713 720
733 713
713 756
713 762
713 802
713 835
713 851
713 854
713 864
713 877
713 905
713 985
1528 713
2398 713
713 1589
842 713
1589 914
28948 7644
714 825
825 1329
825 498
756 825
825 851
1528 825
2398 825
1589 825
28948 825
842 825
634 501
634 616
634 674
756 634
1589 634
188 489
188 498
188 663
188 835
188 2398
501 616
501 617
501 674
501 489
1492 501
501 572
501 611
501 624
501 642
501 663
733 501
756 501
501 835
2398 501
501 1589
489 714
714 1315
714 1329
714 498
714 509
714 600
714 686
756 714
714 864
714 1364
714 1540
1528 714
2398 714
1589 714
842 714
498 616
756 616
1589 616
489 617
1492 617
617 663
733 617
756 617
1589 617
489 674
1492 674
663 674
733 674
756 674
2398 674
1589 674
1329 726
854 726
1589 726
611 1306
756 1306
1589 1306
489 448
489 491
489 498
489 538
489 572
489 600
489 611
489 663
756 489
489 835
2398 489
1589 489
756 1315
1589 1315
498 1317
756 1317
1589 1317
756 1325
1589 1325
1329 498
756 1329
1329 851
1329 854
1329 905
1528 1329
1589 1329
28948 1329
842 1329
1492 1334
1334 720
733 1334
756 1334
1589 1334
1492 624
1492 720
1589 1492
498 448
756 448
1589 448
491 498
611 491
491 877
1589 491
498 509
538 498
572 498
611 498
498 642
498 663
498 673
756 498
498 802
498 835
498 877
2398 498
1589 498
756 509
1589 509
756 538
1589 538
756 572
1589 572
642 600
756 600
1589 600
756 611
1589 611
733 624
756 624
851 624
1589 624
756 642
2398 642
1589 642
756 663
663 762
663 835
663 854
663 985
2398 663
1589 663
756 673
1589 673
756 686
1589 686
733 720
756 720
1589 720
733 835
733 851
733 905
1589 733
756 762
756 802
756 835
756 854
756 864
756 877
756 985
756 1364
756 1540
1589 756
756 607
1589 762
1589 802
2398 835
1589 835
851 854
905 851
2398 851
1589 851
2398 854
1589 854
1589 864
1589 877
1589 905
1589 985
1364 1540
1589 1364
1589 1540
1589 607
1:
68245 68307
68245 14634
68245 68262
68245 68354
68245 68384
68245 68687
68245 68693
68245 68694
68245 68741
68245 68746
68245 68753
68245 68756
68245 68922
68245 68927
68245 69112
68245 69351
68245 69355
68245 69380
68245 69383
68245 69398
68245 69410
68245 69418
68245 69895
68245 69906
68245 70027
68245 70189
68245 70216
68245 70247
68245 70289
68245 70290
68245 70291
68245 70292
68245 70293
68245 70295
68245 70296
68245 70297
68245 70298
68245 70299
68245 70300
68245 70303
68245 70304
68245 70307
68245 70310
69139 68245
70452 68245
68307 14634
68307 68262
68307 68384
68307 68687
68693 68307
68307 68694
68307 68741
68307 68746
68307 68753
68307 68756
68307 68927
68307 69112
68307 69351
68307 69380
69895 68307
68307 70189
70216 68307
68307 70289
68307 70292
68307 70293
68307 70297
68307 70298
68307 70300
68307 70307
68307 70310
68307 69139
70452 68307
68262 14634
68693 14634
68753 14634
69895 14634
70216 14634
70292 14634
70310 14634
69139 14634
70452 14634
68693 68262
68753 68262
69895 68262
70216 68262
70292 68262
70310 68262
69139 68262
70452 68262
68753 68354
69895 68354
70216 68354
70292 68354
70310 68354
69139 68354
70452 68354
68693 68384
68753 68384
69895 68384
70216 68384
70292 68384
70310 68384
69139 68384
70452 68384
68693 68687
68753 68687
69895 68687
70216 68687
70292 68687
70310 68687
69139 68687
70452 68687
68693 68694
68693 68746
68693 68753
68693 68927
68693 69112
68693 69380
68693 69895
68693 70189
68693 70289
68693 70292
68693 70293
68693 70298
68693 70300
68693 70307
68693 70310
68753 68694
69895 68694
70216 68694
70292 68694
70310 68694
69139 68694
70452 68694
68753 68741
69895 68741
70216 68741
70292 68741
70310 68741
69139 68741
70452 68741
68753 68746
69895 68746
70292 68746
70310 68746
69139 68746
68753 68756
68753 68922
68753 68927
68753 69112
68753 69351
68753 69355
68753 69380
68753 69383
68753 69398
68753 69410
68753 69418
68753 69895
68753 69906
68753 70027
68753 70189
68753 70216
68753 70247
68753 70289
68753 70290
68753 70291
68753 70292
68753 70293
68753 70295
68753 70296
68753 70298
68753 70299
68753 70300
68753 70303
68753 70304
68753 70307
68753 70310
68753 69139
70452 68753
69895 68756
70216 68756
70292 68756
70310 68756
69139 68756
70452 68756
69895 68922
70216 68922
70292 68922
70310 68922
69139 68922
70452 68922
69895 68927
70216 68927
70292 68927
70310 68927
69139 68927
70452 68927
69895 69112
70216 69112
70292 69112
70310 69112
69139 69112
70452 69112
69895 69351
70216 69351
70292 69351
70310 69351
69139 69351
70452 69351
69895 69355
70216 69355
70292 69355
70310 69355
69139 69355
70452 69355
69895 69380
70216 69380
70292 69380
70310 69380
69139 69380
70452 69380
69895 69383
70216 69383
70292 69383
70310 69383
69139 69383
70452 69383
69895 69398
70216 69398
70292 69398
70310 69398
69139 69398
70452 69398
69895 69410
70216 69410
70292 69410
70310 69410
69139 69410
70452 69410
69895 69418
70216 69418
70292 69418
70310 69418
69139 69418
70452 69418
69895 69906
69895 70027
69895 70189
69895 70216
69895 70247
69895 70289
69895 70290
69895 70291
69895 70292
69895 70293
69895 70295
69895 70296
69895 70297
69895 70298
69895 70299
69895 70300
69895 70303
69895 70304
69895 70307
69895 70310
69895 69139
70452 69895
70216 69906
70292 69906
70310 69906
69139 69906
70452 69906
70216 70027
70292 70027
70310 70027
69139 70027
70452 70027
70216 70189
70292 70189
70310 70189
69139 70189
70452 70189
70216 70247
70216 70289
70216 70290
70216 70291
70216 70292
70216 70293
70216 70295
70216 70296
70216 70297
70216 70298
70216 70299
70216 70300
70216 70303
70216 70304
70216 70307
70216 70310
69139 70216
70452 70216
70292 70247
70310 70247
69139 70247
70452 70247
70292 70289
70310 70289
69139 70289
70452 70289
70292 70290
70310 70290
69139 70290
70452 70290
70292 70291
70310 70291
69139 70291
70452 70291
70292 70293
70292 70295
70292 70296
70292 70297
70292 70298
70292 70299
70292 70300
70292 70303
70292 70304
70292 70307
70292 70310
70292 69139
70452 70292
70310 70293
69139 70293
70452 70293
70310 70295
69139 70295
70452 70295
70310 70296
69139 70296
70452 70296
70310 70297
70452 70297
70310 70298
69139 70298
70452 70298
70310 70299
69139 70299
70452 70299
70310 70300
69139 70300
70452 70300
70310 70303
69139 70303
70452 70303
70310 70304
69139 70304
70452 70304
70310 70307
69139 70307
70452 70307
69139 70310
70452 70310
2:
11669 11678
11678 11685
11678 155
11706 11678
11732 11678
14334 11678
812 11678
11669 11685
11669 155
11706 11669
11732 11669
14334 11669
812 11669
155 11685
11706 11685
11732 11685
14334 11685
812 11685
11706 155
11732 155
14334 155
812 155
11706 11732
11706 14334
812 11706
11732 14334
812 11732
812 14334
3:
4 8326
216 4
4 3228
9045 4
401 4
4 181
174 4
8326 216
8326 3228
9045 8326
401 8326
8326 181
174 8326
216 3228
216 9045
401 216
216 181
174 216
9045 3228
3228 401
3228 181
174 3228
9045 401
9045 181
174 9045
401 181
174 401
174 181
4:
11669 527
527 11684
527 127
527 144
527 425
11706 527
11732 527
14323 527
14334 527
3117 527
812 527
11669 11684
11669 127
11669 144
11669 425
11706 11669
11732 11669
14334 11669
812 11669
144 11684
425 11684
11706 11684
11732 11684
14323 11684
14334 11684
3117 11684
812 11684
425 127
11706 127
11732 127
14334 127
3117 127
812 127
11706 144
11732 144
14323 144
14334 144
144 3117
812 144
11706 425
11732 425
14334 425
3117 425
812 425
11706 11732
11706 14323
11706 14334
11706 3117
812 11706
11732 14323
11732 14334
11732 3117
812 11732
14334 14323
812 14323
14334 3117
812 14334
812 3117
5:
216 4
4 3228
9045 4
4 2024
401 4
4 8351
174 4
216 112
3228 112
9045 112
10354 112
277 112
401 112
8351 112
276 112
174 112
68 112
272 112
288 112
216 3228
216 9045
10354 216
216 2024
216 277
401 216
216 8336
216 8349
216 8351
216 251
276 216
174 216
68 216
272 216
288 216
9045 3228
3228 2024
3228 277
3228 401
3228 8336
3228 8349
3228 8351
174 3228
288 3228
9045 10354
9045 2024
9045 277
9045 401
9045 8336
9045 8349
9045 8351
9045 251
9045 276
174 9045
9045 68
9045 272
9045 288
10354 2024
10354 277
10354 401
10354 8336
10354 8349
10354 8351
276 10354
68 10354
272 10354
277 2024
401 2024
8351 2024
251 2024
276 2024
174 2024
68 2024
272 2024
288 2024
277 401
277 8336
277 8349
277 8351
277 251
276 277
174 277
68 277
272 277
277 288
401 8336
401 8349
401 8351
251 401
276 401
174 401
68 401
272 401
288 401
8351 8336
251 8336
276 8336
174 8336
68 8336
272 8336
288 8336
8351 8349
251 8349
276 8349
174 8349
68 8349
272 8349
288 8349
251 8351
276 8351
174 8351
68 8351
272 8351
288 8351
276 251
174 251
68 251
272 251
288 251
174 276
276 68
276 272
276 288
68 272
68 288
272 288
6:
118 540
118 452
118 527
118 505
118 547
118 723
118 30
118 604
174 118
540 544
540 125
540 452
540 527
540 532
540 419
540 505
540 547
540 1411
540 550
540 723
11680 540
540 4250
954 540
540 30
540 604
1199 540
540 804
1246 540
540 1412
540 1527
174 540
540 4508
540 2022
20668 540
890 540
2092 540
731 540
9931 540
544 125
544 452
544 527
544 532
544 419
544 547
544 1411
544 550
544 723
544 4250
544 954
544 30
544 604
544 1199
544 804
1246 544
544 1412
1527 544
544 2022
544 20668
544 890
2092 544
544 731
9931 544
452 125
125 527
125 532
547 125
723 125
804 125
20668 125
731 125
9931 125
452 527
452 532
505 452
452 547
452 723
11680 452
452 4250
954 452
452 30
452 604
1199 452
452 804
1246 452
452 1527
174 452
2022 452
20668 452
890 452
9931 452
527 532
527 419
527 505
527 547
527 550
527 723
527 11680
527 4250
527 954
527 30
604 527
527 804
1246 527
1527 527
174 527
4508 527
2022 527
20668 527
890 527
9931 527
723 532
1246 532
20668 532
9931 532
419 547
419 723
954 419
804 419
419 1412
890 419
731 419
547 505
505 30
505 604
505 1527
174 505
4508 505
2022 505
20668 505
890 505
2092 505
547 1411
547 550
547 723
954 547
547 30
547 604
547 1199
547 804
547 1412
547 1527
174 547
2022 547
20668 547
890 547
2092 547
731 547
723 1411
954 1411
604 1411
1199 1411
804 1411
1527 1411
2022 1411
20668 1411
890 1411
731 1411
550 723
954 550
550 804
2022 550
20668 550
890 550
731 550
9931 550
954 723
723 30
723 604
723 1199
723 804
1246 723
723 1412
1527 723
174 723
2022 723
20668 723
890 723
2092 723
731 723
9931 723
11680 4250
2022 11680
20668 11680
890 11680
2022 4250
20668 4250
890 4250
954 30
954 804
20668 954
890 954
604 30
30 804
1527 30
174 30
4508 30
2022 30
20668 30
890 30
2092 30
30 731
9931 30
604 804
1527 604
174 604
4508 604
2022 604
20668 604
890 604
2092 604
804 1199
20668 1199
890 1199
1246 804
1527 804
174 804
20668 804
804 890
2092 804
731 804
9931 804
20668 1246
890 1412
731 1412
174 1527
890 1527
2092 1527
2022 4508
20668 4508
890 4508
2092 4508
20668 2022
890 2022
2092 2022
20668 890
20668 2092
20668 731
20668 9931
890 2092
890 731
7:
133 527
11669 133
155 133
11706 133
11732 133
14334 133
3117 133
812 133
11669 527
155 527
11706 527
11732 527
14334 527
3117 527
812 527
11669 155
11706 11669
11732 11669
14334 11669
812 11669
11706 155
11732 155
14334 155
3117 155
812 155
11706 11732
11706 14334
11706 3117
812 11706
11732 14334
11732 3117
812 11732
14334 3117
812 14334
812 3117
