# The directed communities at k=8
# from /Users/bogna/dev/role-mining/datasets/enron/timeslots/10-2000.edges
# at no lower link weight threshold,
# and at no upper link weight threshold.
# Links were treated as directed.
# No time limit was set for the clique search.

0: 1070 786 730 807 1062 1336 558 641 1066 1079 1323 1593 519 928 1067 1068 1071 1076 1078 1300 1310 1318 1331 1335 1360 531 708 936 603 817 823 1077 1548 1552 508 625 713 914 7644 825 634 188 501 714 616 617 674 726 1306 489 1315 1317 1325 1329 1334 1492 448 491 498 509 538 572 600 611 624 642 663 673 686 720 733 756 762 802 835 851 854 864 877 905 985 1364 1540 1528 2398 1589 607 28948 842 
1: 68245 68307 14634 68262 68354 68384 68687 68693 68694 68741 68746 68753 68756 68922 68927 69112 69351 69355 69380 69383 69398 69410 69418 69895 69906 70027 70189 70216 70247 70289 70290 70291 70292 70293 70295 70296 70297 70298 70299 70300 70303 70304 70307 70310 69139 70452 
2: 11678 11669 11685 155 11706 11732 14334 812 
3: 4 8326 216 3228 9045 401 181 174 
4: 527 11669 11684 127 144 425 11706 11732 14323 14334 3117 812 
5: 4 112 216 3228 9045 10354 2024 277 401 8336 8349 8351 251 276 174 68 272 288 
6: 118 540 544 125 452 527 532 419 505 547 1411 550 723 11680 4250 954 30 604 1199 804 1246 1412 1527 174 4508 2022 20668 890 2092 731 9931 
7: 133 527 11669 155 11706 11732 14334 3117 812 
