# The contained directed cliques in the directed communities at k=11
# from /Users/bogna/dev/role-mining/datasets/hepth/timeslots/cit-HepTh-1998.edges
# at no lower link weight threshold,
# and at no upper link weight threshold.
# Links were treated as directed.
# No time limit was set for the clique search.

0: 9857 9860 9865 9877 13304 9859 9867 9880 13306 9866 9879 13305 9886 9885 9887 9888 13199 13202 13205 13198 13201 13204 13195 13197 13200 13209 13212 13214 13215 13217 14111 14113 14117 14119 14121 14122 14123 14124 13196 13203 13206 13208 14109 14110 14112 14114 14115 14120 13207 13213 13216 13602 13603 13604 13607 13605 13608 13606 14116 14118 13609 14151 14152 11738 9881 11734 11739 11753 11754 14145 14149 14146 14147 14148 14150 13211 13307 13308 
1: 10016 10017 10638 10664 10695 11272 12903 10021 10639 10665 10696 11273 12904 10645 10671 10702 11279 12911 
2: 10027 10651 10677 10708 11285 12917 14994 
3: 11099 
4: 12484 12485 12486 12488 12489 12490 12491 12498 12500 12513 12547 12548 12551 12553 18188 12487 12499 12501 12514 12552 12554 18190 12493 12550 12492 12495 12556 12494 12502 12555 12496 12504 12557 12497 12505 12559 12560 12532 12558 12522 12526 12530 12531 12520 12521 12516 12519 12515 12518 12528 17892 12517 12527 12549 17886 12523 12524 12525 12533 12534 12561 17893 17896 17909 17933 17964 12563 12564 12562 17900 17906 17908 18160 18164 18228 17907 12529 17894 17895 17941 18245 17936 17946 17956 17959 17961 18199 17938 17950 17953 18155 17954 17962 18203 18187 18198 18201 18202 18238 23634 18189 18209 18210 18227 18239 18244 18247 18254 18268 20045 20233 20234 20237 20244 20245 20617 21197 23925 23957 18211 18229 20618 20651 18212 18266 20626 20654 17965 18267 20628 20653 17951 17957 17934 18230 18255 20644 20657 20633 20656 18450 20246 20296 20496 20497 20502 20518 20558 20559 20590 20619 20620 20630 20631 20632 20636 20639 20642 20643 20649 20652 20655 23347 18448 18449 18451 18444 18446 18447 18436 18437 18442 18443 18445 18464 18469 20295 20298 20301 20319 20343 20353 20359 20360 20365 20370 20371 20397 15608 15609 18242 18393 18421 18438 18439 18440 18441 18452 18454 18455 18456 18457 18459 18460 18463 18467 18513 18534 18567 20037 20038 20039 20040 20041 20047 20054 20071 20073 20074 20075 20077 20080 20081 20082 20083 20084 20085 20087 20088 20090 20094 20099 20101 20102 20104 20108 20113 20116 20118 20183 20203 20249 20250 20252 20254 20262 20272 20299 20355 20363 20384 20401 20499 22911 23095 23106 15592 15606 15607 15610 15611 15612 15613 15616 15617 15618 15619 15621 15622 15624 15625 15626 15629 15635 15664 15717 15735 20048 20055 20064 20067 20069 20076 20078 20086 20089 20093 20095 20096 20100 20103 20105 20107 20109 20110 20117 20124 20180 20187 20188 20189 20194 20215 20364 20366 20378 20383 20385 20386 20392 20472 20563 23002 23096 23107 15590 15591 15593 15601 15602 15628 15638 15728 15729 15731 15733 18387 20976 20985 20987 20988 20994 21001 21013 21023 21034 21036 21037 21042 21049 21062 21135 21485 21537 23003 15600 15627 20920 20929 20938 20950 15620 15636 21391 21399 21407 21418 15666 20049 20056 20065 20315 20318 20320 20324 20326 20327 20332 20335 20337 20338 20361 20372 20379 20393 20412 20448 20454 22323 15662 15667 15668 15681 20310 15663 20309 15665 15676 15682 20341 20342 20349 15642 15672 17555 17638 20292 20293 20294 15587 15639 15644 15646 15658 15683 15755 15781 19892 19903 22289 15581 15584 15777 19893 15578 15773 19859 15771 19852 15743 15775 19853 15706 15742 15744 22913 15597 15630 15699 15704 15707 15715 15737 15745 21368 22041 22101 22102 22104 22209 15568 15598 15599 15603 15650 15652 19218 21290 21291 21292 21295 21296 21322 21323 21324 21327 21328 21329 21331 21338 21340 21341 21342 21350 21612 21699 22039 22040 22071 22473 15540 19156 19157 19158 19161 19165 19167 19173 20780 23385 19590 20777 22656 22658 23350 23352 23383 23384 23391 23401 23407 23408 23411 23414 18516 19492 19557 19581 19589 19591 19593 19594 19595 19597 19601 19606 19609 19610 19611 19612 19697 22078 22079 22080 22082 18461 18517 18396 18403 18425 18426 18427 18428 18434 18453 18458 18462 18465 18466 18468 18470 18472 18479 18485 18487 18530 18533 18537 18538 18549 18570 22059 22072 22083 22089 22103 22225 22226 22231 22386 22501 22681 22998 23353 18389 18392 18394 18397 18398 18508 18575 18576 18578 18579 19891 21470 21481 21494 21506 21534 22124 22134 22143 22183 22202 22211 22212 22217 22224 22227 22228 22229 22230 22235 22237 22238 22242 22250 22251 22255 22380 22385 22394 22406 22426 22549 22986 22997 23013 23027 18388 18390 18422 18545 18574 20973 20983 20998 21010 21387 21396 21404 21439 21451 21469 21474 21482 21484 21486 21491 21493 21497 21505 21509 21518 21531 21533 21546 21666 18395 18424 18581 21216 21222 21225 21231 21238 21252 18506 18583 19873 20251 23512 23513 23514 23516 23962 18504 18507 19441 18505 18515 19440 18535 19575 18528 18529 18536 18541 18547 18582 21227 23005 23633 23654 23655 23942 18531 18544 18548 20909 20971 20984 20990 20991 20992 21487 23097 18532 18539 18540 18546 21834 18432 18542 21941 18417 18433 18481 18483 21726 21904 21905 21985 23351 20809 20795 20804 20793 20794 21614 23393 20797 20803 20822 19163 20813 20824 21616 23395 19169 19174 19232 19166 19168 19171 19227 19235 19236 19237 19238 19243 19250 20807 23413 19176 19216 19224 19240 20778 21879 23405 19245 20828 21880 21352 21733 21877 23320 21300 21303 21304 21318 21349 21351 21353 21354 21355 21578 21582 22002 22054 22480 22481 22483 21297 21298 21299 21301 21302 21306 21308 21310 21321 21325 21429 21600 21707 22046 22047 22048 22050 22073 20311 20913 21309 21317 21320 21336 21348 21385 21415 21596 21704 22045 22049 22062 22069 17691 20043 20044 20059 20062 20151 20241 20300 20304 20312 20313 20314 20317 20323 20325 20330 20331 20333 20334 20336 20352 20354 20375 20377 20391 20396 20404 20440 20441 20444 20447 20452 20457 20510 20511 20530 20551 22311 22321 22917 17554 17588 17690 17692 17695 17728 17729 17730 17552 17557 17558 17562 17571 17576 17587 17632 17634 17637 17639 17641 20291 20303 20340 20351 20356 20387 20403 20545 17569 17584 17687 21362 21449 21466 17570 17663 21450 17664 22195 17616 17642 17660 17665 17591 17592 17603 17606 17612 17615 17617 17757 17593 17604 17724 17733 17734 22093 22113 22265 17585 17589 17643 17736 17611 17635 17725 17613 17659 17752 17661 17754 22368 15767 21454 22366 22369 15657 15739 15762 15763 15765 15766 22365 22414 15655 15656 15680 21424 21452 21375 21379 22304 21457 22111 22308 22197 22371 22171 15679 22347 15637 15764 15632 15634 15730 15732 15736 15738 22184 22185 22270 15631 15674 22175 22188 15633 22053 22055 22056 22057 22058 22061 22063 22488 22489 15623 22128 22137 22146 22157 22925 22936 22947 22960 20046 20919 22126 22129 22216 22711 22908 22920 22921 22922 22923 22924 22926 22928 22929 22934 22935 22937 22945 22946 22948 22952 22955 22959 22961 22988 22989 22990 23017 23031 23045 23071 23176 23702 19259 20050 20051 20052 20053 20058 20060 20063 20066 20079 20092 20122 20123 20125 20155 20160 20166 20167 20168 20169 20172 20198 20235 20316 20322 20357 20358 20369 20376 20409 20513 20514 20515 20517 20522 20528 20557 20585 20916 20918 20928 20937 20949 20975 21389 22315 22320 23064 23065 23066 23068 23069 23072 23075 23078 23089 23092 23105 19189 19252 19260 19261 19262 19269 19270 19271 19273 19278 19287 20173 20174 20199 20200 20586 19191 19192 19200 21104 21105 19202 19226 21108 21109 19201 19203 19288 19323 21168 21169 19184 19207 19322 21164 21165 15594 19182 19183 19254 19313 20907 15724 15700 15726 19335 19333 19334 19341 21746 19311 19340 21365 21366 21743 21744 19312 19314 19321 19349 20906 19350 19253 19351 19133 19255 19274 20149 20150 20201 20584 19132 19134 19976 19135 19142 19974 19975 19145 19150 19978 19979 19146 19272 20007 20008 19148 19149 20009 19143 19275 20011 19144 20001 20004 19997 20005 20006 20014 20205 19998 19999 20000 20019 20020 20589 20678 20868 23803 20002 20556 19977 19990 20003 20012 20561 20635 19986 19989 19991 19992 20186 20470 19984 19987 19988 20178 20461 19137 19985 20017 20175 19138 19264 19265 19196 19256 19266 19268 19277 19355 20176 20184 20185 20467 20468 19195 19231 19317 21128 21129 19186 19209 19229 19316 21112 21113 19193 19220 21084 21085 19228 20945 20946 19244 19175 19219 19239 19159 19160 19170 20826 20827 20783 20784 20818 21702 23386 20820 20886 21990 21991 19616 21244 21902 21970 21982 21983 21984 21986 21987 21992 21993 21998 22001 22020 22470 23348 23360 23361 23363 23364 19536 19600 19615 19617 19618 19515 19525 19537 23362 19516 22471 19496 19602 22476 19493 19495 19519 19528 22091 22075 22044 22051 22065 22067 22068 22076 22088 22090 22178 22196 22506 22042 22043 22066 22077 22085 22092 22094 22302 23371 19596 19698 20302 20501 20910 21370 21371 21521 22064 22070 22086 22087 22100 22105 22106 22107 22154 22213 22264 22266 22267 22268 22269 22273 22275 22300 22468 22469 22475 22482 22485 22496 22497 22499 22500 22503 22657 22659 22660 22673 22675 22914 22915 22916 22978 23040 23043 23339 23367 23369 23370 23456 19494 19565 19578 19592 19599 19605 19613 19701 19707 19526 23372 23342 23341 23325 23343 23344 21892 21971 21972 21973 22667 22668 22669 22670 23145 23323 23324 23326 23327 23328 23329 23332 23333 23337 23340 23346 23349 23354 23355 23356 23358 23379 23455 23703 23704 23705 21697 21710 21711 21712 21713 21893 21894 21895 21896 21900 21903 21906 21907 21913 21916 19217 20904 21698 21703 21722 21727 21728 21732 21742 21822 21876 22682 22683 22692 19225 19241 20779 23314 21878 23315 19172 19242 19230 19234 19346 23318 19328 19344 19347 19326 19329 19366 21185 21186 19205 19325 19364 21178 21179 19204 19208 21176 21177 19185 21021 21022 20097 20106 20257 20258 20911 20912 20948 20966 20974 20978 20986 20999 21011 21024 21025 21026 21027 21028 21029 21031 21035 21040 21047 21048 21052 21057 21058 21059 21061 21072 21115 21214 21217 21245 21246 21247 21253 21260 21266 21471 21522 21523 21524 21526 21527 21535 21547 21563 21858 22417 22958 22987 23044 23050 23119 23120 23462 23480 19542 20042 20061 20072 20098 20111 20112 20114 20115 20121 20142 20177 20243 20248 20259 20260 20264 20268 20269 20271 20297 20380 20381 20394 20399 20503 23042 19539 19540 19541 19543 19544 19545 19546 19547 19548 19550 19551 19558 19562 19649 19659 19692 20261 20265 20266 20270 23474 23487 19549 19556 19574 19585 19646 19691 20247 20253 23961 15721 19552 19647 23061 15722 15718 19657 19660 18521 19656 19658 18509 18514 18520 19685 19686 19688 22296 19687 20400 22301 19559 19560 19563 19566 19564 20382 19561 19661 20389 20368 20191 20328 20345 20346 20373 20374 20390 20408 20450 20475 20476 20477 20521 20565 20566 20567 20638 21405 21483 21495 21507 21508 21513 22144 22239 22252 22253 22259 22319 22381 22390 22395 22396 22397 22402 22405 22408 22409 22433 23028 23104 23116 18224 20154 20159 20161 20179 20192 20193 20195 20196 20217 21148 23223 23287 18185 18216 18221 18225 18262 18183 18217 18151 18222 18220 18240 18258 23276 21131 22630 23087 23205 23277 23280 20969 21132 21133 21139 20915 20954 20970 21063 21223 21468 21723 22375 22981 22982 22984 23088 20941 22919 23063 20927 20936 20942 21210 22951 23077 20925 20930 21000 21004 21202 21207 21232 21388 21397 21398 21767 22135 22933 22944 23014 23070 23928 20917 20926 20931 20934 20935 20972 20997 21009 21200 21386 21395 21403 21766 22133 22317 22931 22932 22942 23012 23067 23102 20922 21032 21068 21196 22316 22943 23076 23090 20921 20940 20951 20977 21393 20905 20939 20947 21199 21392 22927 20908 21002 21014 21219 21364 21367 22909 22912 20989 21038 21064 21226 21745 21003 21015 21039 23004 21499 23020 23110 21401 21475 21496 21498 21511 22244 22401 21400 21409 22140 22325 21408 22139 22324 21510 22148 21550 22256 21050 21538 21551 21051 21262 21045 21046 20957 21012 21033 21053 21146 21258 21530 21545 21548 22430 23026 23114 23122 23124 23129 23130 20958 20960 21438 22969 23081 22970 23082 22359 23103 23115 23123 23125 22358 22421 22431 22182 22379 22393 22420 22425 20362 21472 22123 22214 22326 22382 22455 22870 22985 23094 20091 20321 20329 20339 20347 20348 20367 20388 20395 20413 20560 22218 20057 20070 20197 20256 20570 23034 20164 20236 20238 20240 20525 22949 23073 20153 20165 20455 20152 20158 20443 20460 21086 23154 20156 20157 20163 20181 20242 20442 20459 23153 20162 20445 20453 20464 20531 23157 19257 20451 20478 20524 23167 20446 20456 20462 20471 20479 21634 22522 22594 20458 20463 20529 21627 22514 19690 20398 20405 20465 20552 21610 22486 22623 19568 19553 19569 19554 17731 20120 20402 20406 21413 21561 21564 22152 22272 22419 22445 22446 22447 23041 23134 19279 20119 20222 20275 20276 21069 23140 20221 20277 20278 20407 20411 20579 20659 21070 23141 20209 20220 20593 19276 20206 20208 20210 20212 20214 20216 20218 20219 19367 20207 19362 23309 23310 19324 19359 19360 19361 23302 23303 19343 21174 21175 19342 21016 21017 21160 21166 21170 21172 21189 23259 20979 20993 21005 21018 21153 21220 21228 21235 21239 21242 21263 21476 21489 21501 21512 21514 21553 21852 22992 23007 23021 23035 23036 23091 23099 23111 23117 23131 23952 23969 20963 20980 21006 21041 21079 21477 21478 21479 21490 21502 21827 22220 22993 22995 23008 23022 23051 23093 23100 23112 20962 21446 22975 23085 20956 20959 21445 22974 23084 21433 22968 23080 21430 21432 21447 21465 21517 21793 22176 22179 22181 22349 22351 21332 21440 21442 21790 22074 21473 21618 21729 21988 22060 22407 21390 21417 21567 21824 21884 22009 22127 22215 22221 22383 21406 21416 21763 21882 22005 22125 22156 21410 21773 22136 22142 22145 22147 22150 22329 22138 22158 22240 22241 22248 22318 22322 22399 23018 22155 22159 22278 22516 22956 23046 22276 22513 22728 21528 22191 22219 22222 22234 22247 22260 22274 22277 22418 22448 22544 22815 23053 21054 21060 21248 21337 21372 21503 21515 21525 21532 21542 21543 21549 21554 21555 21565 21566 21589 21663 22384 22429 22436 23121 21155 21190 21264 23038 23118 23128 23132 23133 21123 21143 21150 21154 21693 23233 23289 21117 21119 21122 23198 23273 21089 21116 21655 23191 21088 21097 21628 23158 21087 21096 21626 23156 21095 21625 23155 21633 23164 21599 21685 22521 19221 21601 21603 21602 22490 21597 22491 21609 21623 20790 21613 21650 21651 21652 21658 20791 23388 23389 23418 23387 23417 23392 21604 21667 21668 21670 21676 21344 21605 21293 21334 21345 21453 21356 21357 21361 15787 21363 21455 22290 15713 21360 22099 21358 22095 21359 22097 22098 22194 22688 19879 17631 19880 19881 19907 19894 19860 22297 22233 22295 22376 22388 22389 22391 22392 22427 22451 22822 23060 21541 22210 22232 22245 22246 22258 22284 22563 22788 23000 21256 21467 21536 21540 21552 21571 21679 22428 23126 21224 21257 21274 22021 23963 23972 23974 21271 21938 23635 23706 23934 23939 23944 23949 23965 21270 21272 22000 23709 20273 21254 21265 21273 23528 20255 20263 20267 20274 23546 20239 21240 23527 23530 23543 21208 23511 23523 23529 21198 21203 21206 21211 21218 23521 21212 21213 21268 21277 21980 21981 23457 23458 21267 21269 21278 23459 23461 21279 21562 23460 21071 21575 21414 21381 21419 21624 22153 22957 20305 20306 20307 20308 22309 22114 22310 22112 22121 22108 22118 22110 22120 18982 17512 18964 18981 18984 17505 17513 17506 17575 18965 17577 17578 17607 17601 22293 22449 17600 17602 19506 19499 17652 17744 17746 19505 19631 19763 19767 22367 22292 18983 22096 22336 22423 22422 22435 22432 22511 22533 22551 23187 20469 22282 23204 20474 20480 20190 20466 20473 20481 20182 20449 21672 22556 22629 22631 22638 21669 21671 21681 21687 21678 22552 21140 21488 21677 21680 22562 22635 21142 23215 23281 21134 21141 23217 23283 21126 21149 23208 21127 21665 23200 23274 21147 23201 23275 21094 21684 23222 23286 21093 21632 23163 23263 21631 23162 23262 21683 22519 21686 22567 22639 21653 21692 22570 21654 21661 22535 21662 22536 21659 21660 22545 22626 21657 22542 21675 22540 22621 21137 21570 22559 22632 21065 21138 23212 23278 21066 23058 23136 23059 23137 23049 23055 23213 23954 22910 22980 23048 23062 23135 23194 23471 23473 23479 19580 23937 19582 23535 23816 23936 23947 23967 24014 21221 23524 23536 23537 23538 23540 21229 21236 21243 23541 23101 23542 23544 15734 18577 22404 22410 23006 23010 23024 23098 23108 23113 23127 23284 23296 18550 18552 18559 22387 18477 18551 22878 18399 18430 18474 18476 22876 22874 20562 21829 22780 22881 22890 20202 20541 20564 20568 20572 21832 22783 22880 22883 20204 23243 23295 23297 23245 23299 23237 23244 23248 23251 23257 21159 23177 23235 23236 23242 21158 21161 21173 21167 21171 23292 23254 23301 23253 23260 23241 23247 23249 23300 23240 23291 21886 22779 23238 23239 23290 21828 21885 21826 21864 21936 22873 21836 21844 21862 21935 22777 22871 21831 21837 21942 22879 21839 21847 22782 21840 21944 22791 22882 21768 21823 21838 21845 21848 22792 21762 22716 22835 21760 21761 21779 22709 21771 21821 22707 22832 21846 22720 22840 22799 22771 22790 22801 22773 22772 22774 22775 22778 22810 22708 22800 22809 24076 22710 22715 22721 22727 24067 22729 23178 23804 21780 22674 22811 23465 21719 21778 21860 21927 21705 21718 21901 21709 21721 22662 21708 21715 21725 22666 21706 21714 22665 22663 22661 22664 22677 22679 22676 22680 22740 23368 22678 22684 22741 22770 22868 23402 21820 22769 22786 22869 21819 22695 22693 22796 22805 24015 22698 22821 23811 21750 22697 22816 22826 21749 22825 22820 22899 20571 22814 22900 22901 23482 20527 20573 20574 20576 20625 20641 20516 20532 20533 20627 20519 20523 20623 22836 20498 20520 20621 20492 20500 20569 20634 22691 20493 20494 20495 20546 20554 20539 20555 20542 20543 22850 22851 22744 22743 21792 21789 21724 20553 20512 19924 20637 22694 20640 20624 20622 21923 24056 24073 21772 21920 21949 24070 24082 24018 24062 24079 24085 21947 22797 24016 24017 24020 24023 21946 21952 21843 21933 21940 21951 22014 21500 21851 21330 21305 21307 21311 21326 21333 21339 21343 22081 22084 21319 22472 20432 22474 22477 22484 20141 20420 20426 20433 20434 20436 20131 20135 20143 20145 23052 20127 22963 20129 20416 20139 20418 22953 20137 20430 23037 20428 23009 18568 18569 22994 23023 22940 23016 23015 23019 23030 23250 23707 23708 23711 22972 22999 23001 23029 23032 22971 22965 23083 22966 23079 22360 22361 22189 22363 22364 22403 22434 22192 22186 22398 22889 22254 22885 22257 22261 22571 22802 22149 22131 22950 22130 22939 22938 23074 23929 21204 23926 23932 23945 23958 21209 21234 21241 23950 23033 23935 23940 19869 23953 19868 19874 19858 23938 19865 19904 23933 23943 23948 21215 23506 23924 23960 21195 21230 21237 21249 21205 23955 23930 23959 23505 23927 23931 23503 23504 23508 23509 23510 21201 23956 23964 23968 23973 23517 23970 23971 21259 23515 21250 21261 21251 23507 23522 23526 21233 23525 23632 23057 22983 22208 22979 22205 17694 21463 22122 20967 20914 22918 23966 23109 22400 22243 23710 23716 23717 22884 22579 22546 22565 22572 22578 22646 22538 22627 22532 22537 22510 22550 23186 22281 23203 21568 22283 23056 22450 23202 23210 23152 23185 23207 23209 23225 23166 23188 23190 22534 23189 23195 22512 22543 22553 22569 22541 22577 22624 22560 22622 22558 22561 22633 21674 22575 21690 21691 22643 22636 22644 22634 22637 23282 22564 22625 22554 22548 22555 22628 23272 23196 23271 23288 23231 23224 23230 23165 23221 23226 23227 23168 22524 21635 22520 22523 22568 22595 22640 22327 22515 23285 23216 23214 21121 23270 21120 19354 23269 23279 19368 19330 19352 19363 23193 23206 23219 22723 22784 22793 22717 22722 22837 18475 22781 21830 22787 21835 22789 22798 22807 21853 22806 22893 22892 22888 24024 24021 24022 23813 23484 23812 23817 21961 23483 23486 21958 21960 22031 21912 21931 21957 22029 23466 21911 21999 22004 22030 22003 23382 23381 23380 23378 21914 22907 23377 22906 23475 23476 23485 23470 20658 23469 23807 20660 20410 20647 20578 20592 22462 20577 20581 20580 21588 22459 22460 22461 21585 21586 21587 21583 21584 21076 21574 22457 21077 21080 21281 21078 21282 21283 23142 21280 23978 23977 23547 23472 23143 23144 22463 21074 21073 21579 21067 21577 21572 23138 21573 22456 23139 21576 22458 21581 20646 20648 22008 23806 23805 21917 21930 21926 23464 23463 23481 22012 22011 21934 22010 23815 22013 22015 23941 23946 23951 24019 24013 22022 19706 23657 22877 23637 23656 22875 22872 23255 23182 23256 23995 24052 21110 23175 23179 23183 23184 21111 23180 23181 23266 23146 23267 23147 23148 23149 23150 23151 22504 23316 23718 21617 22502 22505 22507 21615 22493 22498 21619 22487 22492 22494 22508 23319 20679 23712 23808 20282 19282 20281 20286 19284 19283 20284 19214 20283 20285 21288 23713 23714 23719 24051 23410 23268 23298 19576 19577 18248 18263 18257 21529 21030 22834 20645 20629 22696 21748 20526 20534 20575 22812 22730 21863 21859 18471 22672 23357 18429 18473 18480 18482 18488 18486 18435 23359 23334 21975 23331 21897 21974 21908 23330 22671 23338 22754 21720 22714 22833 23304 23305 23307 23308 21188 21184 21187 21183 18554 18558 22411 22263 23545 23539 20968 22206 23086 21464 22373 22374 22207 23373 19614 19579 23975 22605 21640 22412 21569 21130 21114 22962 23047 22271 22991 21255 18241 21441 21539 22166 22168 22685 21519 17756 17758 17760 17762 17761 17735 17753 17696 17726 22328 22330 22312 15705 20211 19693 19689 19567 18269 17970 20068 20344 20350 20126 12503 19993 20016 20013 20015 19651 19648 19650 20887 20811 21881 23374 19527 23375 23365 19699 19700 19607 19704 19608 19497 22052 19162 19258 19267 19263 15615 20018 20591 20587 20588 20170 15555 19899 15677 15782 18595 15779 15756 15784 
5: 12618 12629 12627 12621 12625 
6: 14042 
