# The directed communities at k=11
# from /Users/bogna/dev/role-mining/datasets/hepth/timeslots/cit-HepTh-1998.edges
# at no lower link weight threshold,
# and at no upper link weight threshold.
# Links were treated as directed.
# No time limit was set for the clique search.

0: 9711200 9802109 9802150 9803251 9804035 9804058 9804083 9804170 9805105 9805145 9805162 9806074 9806216 9807097 9807098 9808006 9808037 9808184 9809009 9809193 9810151 9811057 9811106 9811152 9812194 9812238 
1: 9605049 9606169 9705163 9706051 9708040 9704059 9803141 9803214 9804026 9804092 9804110 9804184 9806008 9806044 9806091 9806143 9808019 9808048 
2: 9510017 9605049 9606169 9705163 9706051 9708040 9704059 9804026 9804092 9804110 9805157 9806008 9806044 9806143 9809147 9811193 9812163 
3: 9711200 9805028 9805217 9809213 9808020 9808038 9808088 9809045 9810024 9810136 9812062 
4: 9711138 9711200 9711161 9712073 9712239 9801076 9801206 9802042 9802047 9802109 9703040 9708005 9802116 9802126 9802150 9802183 9802195 9802198 9802203 9803001 9803131 9803135 9803263 9803002 9803013 9803015 9803023 9803028 9803039 9803051 9803053 9803060 9803061 9803068 9803076 9803077 9803082 9803085 9803090 9803109 9803111 9803119 9803137 9803138 9803167 9803171 9803174 9803193 9803214 9803220 9803231 9803251 9804006 9804058 9804060 9804093 9804182 9805131 9806041 9811010 9808143 9808182 9810244 
5: 9711200 9802042 9802109 9802150 9803001 9803131 9803135 9803263 9805129 9803002 9803111 9804175 9806125 9806158 9811042 
6: 9802183 9803015 9803076 9803214 9803249 9804184 9805096 9806008 9806091 9808019 9808048 
