# The links inside the directed communities at k=4
# from /Users/bogna/dev/role-mining/datasets/enron/timeslots/08-filtered3.edges
# at no lower link weight threshold,
# and at no upper link weight threshold.
# Links were treated as directed.
# No time limit was set for the clique search.

0:
00002 00019
00002 00020
00002 00070
00002 00141
00028 00002
00019 00020
00019 00070
00019 00141
00019 00018
00019 00028
00020 00070
00020 00141
00020 00028
00070 00141
00028 00070
00018 00141
00028 00141
00018 00028
1:
00127 00092
00092 00083
00092 00039
00127 00083
00127 00039
00083 00039
2:
00006 00013
00006 00065
00006 00067
00065 00013
00013 00067
00065 00067
3:
00065 00014
00023 00065
00065 00027
00014 00023
00027 00014
00023 00027
4:
00107 00065
00023 00065
00065 00051
00065 00054
00127 00065
00151 00065
00023 00107
00107 00073
00109 00107
00051 00107
00054 00107
00092 00107
00127 00107
00151 00107
00023 00073
00023 00051
00023 00054
00023 00069
00127 00023
00073 00051
00073 00054
00073 00069
00073 00151
00109 00051
00109 00054
00109 00092
00127 00109
00051 00054
00051 00069
00051 00092
00051 00066
00051 00127
00051 00151
00066 00054
00127 00054
00151 00054
00127 00069
00127 00092
00066 00127
00151 00066
00127 00151
