# The directed communities at k=6
# from /Users/bogna/dev/role-mining/datasets/enron/timeslots/1-2002.edges
# at no lower link weight threshold,
# and at no upper link weight threshold.
# Links were treated as directed.
# No time limit was set for the clique search.

0: 8627 10437 10438 41405 42694 7675 
1: 2879 2965 2930 123 2896 2906 
2: 1002 142 2879 2913 2965 3121 3697 3871 4064 10257 2844 2912 2930 2936 2956 2966 2988 2998 10260 1233 151 17164 19097 2935 2969 3077 3381 3724 3848 3860 3967 3968 3971 3987 4011 4035 4036 4058 4072 5024 5596 7991 938 2876 1061 1888 2050 2100 2710 2883 2884 2938 2939 2960 2972 2986 3020 3026 3046 3117 3128 3395 3481 3655 3918 874 2265 663 134 2103 3997 611 744 1070 2701 994 1077 1811 3015 3600 969 3148 3050 3406 1415 1815 4071 11529 1213 1414 1521 1526 3118 3163 3839 419 4212 4213 422 799 3533 3699 4853 1522 1523 3158 4820 3160 3974 3167 11543 24246 141 457 1178 1494 1524 1525 1794 1814 2161 544 972 123 1010 1343 1406 143 19121 2049 2516 2517 2518 2606 2608 2839 2846 2848 2849 2862 2864 2872 2873 2874 2875 2878 2891 2895 2896 2898 2900 2901 2905 2907 2915 2919 2921 2927 2934 2937 2944 2947 2950 2953 2954 2957 2962 2973 2975 2977 2983 2990 2991 2994 2999 3006 3011 3012 3013 3017 3018 3021 3028 3030 3031 3032 3033 3034 3035 3036 3037 3038 3040 3041 3042 3043 3044 3045 3047 3048 3049 3051 3052 3053 3054 3055 3056 3057 3058 3059 3060 3135 3138 3140 3141 3145 3146 3147 3149 3153 3154 3155 3156 3157 3161 3385 3387 3539 3561 3566 3570 3576 3583 3585 3609 3648 3666 3692 3701 3709 3728 3729 3730 3837 3840 3842 3873 3878 3880 3885 3886 3892 3899 3904 3905 3911 3912 3927 3928 3932 3935 3941 3944 3945 3948 3955 3956 3957 3962 3965 3969 3972 3975 3983 3985 3986 3991 3992 3995 3996 3998 4004 4006 4010 4012 4015 4016 4019 4024 4028 4029 4031 4033 4034 4038 4039 4041 4065 4067 4116 4143 418 4215 446 5560 5640 604 605 766 8052 1311 5604 159 2827 3066 3412 4278 1323 978 1335 3123 3691 3734 3735 9203 2909 20629 3081 4050 8634 4073 17169 3863 17334 2964 6592 18266 8214 8216 19115 15523 17124 17250 17251 18249 19114 19136 19137 19138 2871 2924 2979 3283 3866 3894 3916 3939 4046 4781 4863 7934 3665 17162 4862 2859 2893 2942 4053 22222 6210 3016 2422 3947 2852 2951 3727 6110 2882 2952 2992 2928 3151 3159 3645 2920 2958 32629 3405 3408 3433 3753 3868 3891 3910 3934 6158 3134 10246 3286 6735 4839 35531 7696 5373 70930 70953 
3: 1 193 2024 234 247 251 5 100 11368 121 188 197 207 278 476 478 479 95 118 10345 10388 112 17781 277 288 322 401 8336 8349 10354 11381 172 173 29768 29772 29776 29785 29786 29790 29791 29793 29794 29796 29802 29805 29806 29810 29811 29813 29814 29821 29943 312 321 32864 32873 32874 32879 32902 32907 32920 32923 32927 32935 32937 7659 7674 8346 8361 8595 8596 8608 8627 9940 9947 10364 164 165 10437 279 42231 5205 71 7675 8319 10459 10360 32894 36461 408 70 29780 202 407 15495 204 212 235 29 29798 29822 7813 27446 29424 29769 29779 32926 2619 29702 210 41798 8695 9972 29800 33008 8632 306 29921 181 32900 183 29841 8327 8347 9969 32961 32981 20505 20517 20523 307 33017 41565 45928 9045 35011 41793 43050 32889 33031 41792 63118 63186 75611 
4: 10437 41405 42207 42693 42694 7675 
5: 8627 10437 279 42204 42694 7675 
6: 2965 2883 3039 123 2896 2937 3143 3152 3886 
7: 2965 2162 2907 2937 446 3180 5423 3862 7968 8023 3176 287 3131 3132 3168 3174 3175 3177 3178 3179 3323 8007 3854 3858 949 8031 
8: 2850 2839 2846 2937 2842 3002 
9: 142 9982 151 19097 3724 4703 9313 152 744 153 385 1311 3562 3695 8634 4073 
10: 3469 450 674 807 2422 5410 
11: 558 3704 3722 17976 444 1329 
12: 3163 634 4278 4430 1341 2316 4428 
13: 100 10756 197 476 118 32907 33035 408 
14: 2879 2965 123 2896 4019 5560 
15: 2965 123 2896 2907 2919 2978 3018 
16: 129 11667 128 135 140 149 
17: 2965 2912 2969 2896 3412 2920 
