# The links inside the directed communities at k=14
# from /Users/bogna/dev/role-mining/datasets/hepth/timeslots/cit-HepTh-1998.edges
# at no lower link weight threshold,
# and at no upper link weight threshold.
# Links were treated as directed.
# No time limit was set for the clique search.

0:
9802150 9802109
9803251 9802109
9804035 9802109
9804058 9802109
9804083 9802109
9805162 9802109
9806074 9802109
9806216 9802109
9807097 9802109
9808006 9802109
9808184 9802109
9809009 9802109
9809193 9802109
9811057 9802109
9803251 9802150
9804035 9802150
9804058 9802150
9804083 9802150
9805162 9802150
9806074 9802150
9806216 9802150
9807097 9802150
9808006 9802150
9808184 9802150
9809009 9802150
9809193 9802150
9811057 9802150
9804035 9803251
9804058 9803251
9804083 9803251
9805162 9803251
9806074 9803251
9806216 9803251
9807097 9803251
9808006 9803251
9808184 9803251
9809009 9803251
9809193 9803251
9811057 9803251
9804083 9804035
9805162 9804035
9806074 9804035
9806216 9804035
9807097 9804035
9808006 9804035
9808184 9804035
9809009 9804035
9809193 9804035
9811057 9804035
9804083 9804058
9805162 9804058
9806074 9804058
9806216 9804058
9807097 9804058
9808006 9804058
9808184 9804058
9809009 9804058
9809193 9804058
9811057 9804058
9805162 9804083
9806074 9804083
9806216 9804083
9807097 9804083
9808006 9804083
9808184 9804083
9809009 9804083
9809193 9804083
9811057 9804083
9806074 9805162
9806216 9805162
9807097 9805162
9808006 9805162
9808184 9805162
9809009 9805162
9809193 9805162
9811057 9805162
9806216 9806074
9807097 9806074
9808006 9806074
9808184 9806074
9809009 9806074
9809193 9806074
9811057 9806074
9807097 9806216
9808006 9806216
9808184 9806216
9809009 9806216
9809193 9806216
9811057 9806216
9808006 9807097
9808184 9807097
9809009 9807097
9809193 9807097
9811057 9807097
9808184 9808006
9809009 9808006
9809193 9808006
9811057 9808006
9809009 9808184
9809193 9808184
9811057 9808184
9809193 9809009
9811057 9809009
9811057 9809193
1:
9802109 9711138
9802150 9711138
9802183 9711138
9802195 9711138
9802203 9711138
9803131 9711138
9803013 9711138
9803028 9711138
9803051 9711138
9803077 9711138
9803109 9711138
9803119 9711138
9803167 9711138
9803174 9711138
9803220 9711138
9803231 9711138
9803251 9711138
9804006 9711138
9804058 9711138
9804182 9711138
9802109 9711200
9802183 9711200
9802195 9711200
9803001 9711200
9803131 9711200
9803002 9711200
9803028 9711200
9803039 9711200
9803051 9711200
9803077 9711200
9803109 9711200
9803119 9711200
9803167 9711200
9803220 9711200
9803231 9711200
9804006 9711200
9804058 9711200
9804182 9711200
9802150 9802047
9802203 9802047
9803131 9802047
9803028 9802047
9803051 9802047
9803077 9802047
9803109 9802047
9803167 9802047
9803220 9802047
9803231 9802047
9804006 9802047
9804058 9802047
9804182 9802047
9802150 9802109
9802183 9802109
9802203 9802109
9803001 9802109
9803131 9802109
9803002 9802109
9803028 9802109
9803051 9802109
9803077 9802109
9803109 9802109
9803119 9802109
9803167 9802109
9803174 9802109
9803220 9802109
9803231 9802109
9803251 9802109
9804006 9802109
9804058 9802109
9804182 9802109
9802183 9802150
9802195 9802150
9802203 9802150
9803001 9802150
9803131 9802150
9803002 9802150
9803013 9802150
9803028 9802150
9803039 9802150
9803051 9802150
9803077 9802150
9803109 9802150
9803119 9802150
9803167 9802150
9803174 9802150
9803220 9802150
9803231 9802150
9803251 9802150
9804006 9802150
9804058 9802150
9804182 9802150
9802195 9802183
9803131 9802183
9803028 9802183
9803039 9802183
9803051 9802183
9803077 9802183
9803109 9802183
9803119 9802183
9803167 9802183
9803174 9802183
9803220 9802183
9803231 9802183
9803251 9802183
9804006 9802183
9804058 9802183
9804182 9802183
9803131 9802195
9803039 9802195
9803051 9802195
9803077 9802195
9803109 9802195
9803119 9802195
9803167 9802195
9803220 9802195
9803231 9802195
9804006 9802195
9804058 9802195
9804182 9802195
9803131 9802203
9803013 9802203
9803028 9802203
9803051 9802203
9803077 9802203
9803109 9802203
9803167 9802203
9803174 9802203
9803220 9802203
9803231 9802203
9803251 9802203
9804006 9802203
9804058 9802203
9804182 9802203
9803001 9803131
9803028 9803001
9803051 9803001
9803077 9803001
9803109 9803001
9803167 9803001
9803220 9803001
9803231 9803001
9804006 9803001
9804058 9803001
9804182 9803001
9803131 9803002
9803131 9803013
9803131 9803028
9803131 9803039
9803131 9803051
9803131 9803077
9803131 9803109
9803131 9803119
9803167 9803131
9803174 9803131
9803220 9803131
9803231 9803131
9803251 9803131
9804006 9803131
9804058 9803131
9804182 9803131
9803028 9803002
9803051 9803002
9803077 9803002
9803109 9803002
9803167 9803002
9803220 9803002
9803231 9803002
9804006 9803002
9804058 9803002
9804182 9803002
9803028 9803013
9803051 9803013
9803077 9803013
9803167 9803013
9803220 9803013
9803231 9803013
9804006 9803013
9804058 9803013
9804182 9803013
9803051 9803028
9803077 9803028
9803109 9803028
9803119 9803028
9803167 9803028
9803174 9803028
9803220 9803028
9803231 9803028
9803251 9803028
9804006 9803028
9804058 9803028
9804182 9803028
9803051 9803039
9803077 9803039
9803109 9803039
9803119 9803039
9803167 9803039
9803220 9803039
9803231 9803039
9804006 9803039
9804058 9803039
9804182 9803039
9803077 9803051
9803109 9803051
9803119 9803051
9803167 9803051
9803174 9803051
9803220 9803051
9803231 9803051
9803251 9803051
9804006 9803051
9804058 9803051
9804182 9803051
9803109 9803077
9803119 9803077
9803167 9803077
9803220 9803077
9803231 9803077
9803251 9803077
9804006 9803077
9804058 9803077
9804182 9803077
9803167 9803109
9803174 9803109
9803220 9803109
9803231 9803109
9803251 9803109
9804006 9803109
9804058 9803109
9804182 9803109
9803167 9803119
9803174 9803119
9803220 9803119
9803231 9803119
9803251 9803119
9804006 9803119
9804058 9803119
9804182 9803119
9803174 9803167
9803220 9803167
9803231 9803167
9803251 9803167
9804006 9803167
9804058 9803167
9804182 9803167
9803220 9803174
9803231 9803174
9804006 9803174
9804182 9803174
9803231 9803220
9803251 9803220
9804006 9803220
9804058 9803220
9804182 9803220
9804006 9803231
9804058 9803231
9804182 9803231
9804058 9803251
9804182 9803251
9804058 9804006
9804182 9804006
9804182 9804058
2:
9802109 9711138
9802150 9711138
9802183 9711138
9802195 9711138
9802203 9711138
9803131 9711138
9803051 9711138
9803077 9711138
9803109 9711138
9803119 9711138
9803167 9711138
9803193 9711138
9803214 9711138
9803220 9711138
9803231 9711138
9804006 9711138
9804060 9711138
9802183 9711200
9802195 9711200
9803131 9711200
9803039 9711200
9803051 9711200
9803077 9711200
9803109 9711200
9803119 9711200
9803167 9711200
9803193 9711200
9803214 9711200
9803220 9711200
9803231 9711200
9804006 9711200
9804060 9711200
9805131 9711200
9802150 9802109
9802183 9802109
9802203 9802109
9803131 9802109
9803051 9802109
9803077 9802109
9803109 9802109
9803119 9802109
9803167 9802109
9803193 9802109
9803214 9802109
9803220 9802109
9803231 9802109
9804006 9802109
9804060 9802109
9802150 9802116
9802183 9802116
9802195 9802116
9803131 9802116
9803051 9802116
9803076 9802116
9803077 9802116
9803085 9802116
9803109 9802116
9803111 9802116
9803167 9802116
9803193 9802116
9803214 9802116
9803220 9802116
9803231 9802116
9804006 9802116
9804060 9802116
9805131 9802116
9802183 9802150
9802195 9802150
9802203 9802150
9803131 9802150
9803039 9802150
9803051 9802150
9803076 9802150
9803077 9802150
9803085 9802150
9803109 9802150
9803111 9802150
9803119 9802150
9803167 9802150
9803193 9802150
9803214 9802150
9803220 9802150
9803231 9802150
9804006 9802150
9804060 9802150
9805131 9802150
9802195 9802183
9803131 9802183
9803039 9802183
9803051 9802183
9803076 9802183
9803077 9802183
9803085 9802183
9803109 9802183
9803111 9802183
9803119 9802183
9803167 9802183
9803193 9802183
9803214 9802183
9803220 9802183
9803231 9802183
9804006 9802183
9804060 9802183
9805131 9802183
9803131 9802195
9803039 9802195
9803051 9802195
9803076 9802195
9803077 9802195
9803085 9802195
9803109 9802195
9803111 9802195
9803119 9802195
9803167 9802195
9803193 9802195
9803214 9802195
9803220 9802195
9803231 9802195
9804006 9802195
9804060 9802195
9805131 9802195
9803131 9802203
9803051 9802203
9803077 9802203
9803109 9802203
9803167 9802203
9803193 9802203
9803214 9802203
9803220 9802203
9803231 9802203
9804006 9802203
9804060 9802203
9803131 9803039
9803131 9803051
9803131 9803076
9803131 9803077
9803131 9803085
9803131 9803109
9803131 9803111
9803131 9803119
9803167 9803131
9803193 9803131
9803214 9803131
9803220 9803131
9803231 9803131
9804006 9803131
9804060 9803131
9805131 9803131
9803051 9803039
9803077 9803039
9803109 9803039
9803119 9803039
9803167 9803039
9803193 9803039
9803214 9803039
9803220 9803039
9803231 9803039
9804006 9803039
9804060 9803039
9805131 9803039
9803076 9803051
9803077 9803051
9803085 9803051
9803109 9803051
9803111 9803051
9803119 9803051
9803167 9803051
9803193 9803051
9803214 9803051
9803220 9803051
9803231 9803051
9804006 9803051
9804060 9803051
9805131 9803051
9803109 9803076
9803111 9803076
9803167 9803076
9803193 9803076
9803214 9803076
9803220 9803076
9803231 9803076
9804006 9803076
9804060 9803076
9805131 9803076
9803109 9803077
9803111 9803077
9803119 9803077
9803167 9803077
9803193 9803077
9803214 9803077
9803220 9803077
9803231 9803077
9804006 9803077
9804060 9803077
9805131 9803077
9803111 9803085
9803167 9803085
9803193 9803085
9803214 9803085
9803220 9803085
9803231 9803085
9804006 9803085
9804060 9803085
9803167 9803109
9803193 9803109
9803214 9803109
9803220 9803109
9803231 9803109
9804006 9803109
9804060 9803109
9805131 9803109
9803167 9803111
9803193 9803111
9803214 9803111
9803220 9803111
9803231 9803111
9804006 9803111
9804060 9803111
9803167 9803119
9803193 9803119
9803220 9803119
9803231 9803119
9804006 9803119
9804060 9803119
9803193 9803167
9803214 9803167
9803220 9803167
9803231 9803167
9804006 9803167
9804060 9803167
9805131 9803167
9803214 9803193
9803220 9803193
9803231 9803193
9804006 9803193
9804060 9803193
9805131 9803193
9803220 9803214
9804006 9803214
9804060 9803214
9805131 9803214
9803231 9803220
9804006 9803220
9804060 9803220
9804006 9803231
9804060 9803231
9804060 9804006
9805131 9804006
9805131 9804060
