# The links from /Users/bogna/dev/role-mining/datasets/enron/timeslots/01-filtered2.edges
# at no lower link weight threshold,
# and at no upper link weight threshold.
# Links were treated as directed.
# No time limit was set for the clique search.
# (self-links were removed)

00002 00070
00009 00048
00009 00057
00009 00067
00017 00011
00017 00037
00017 00040
00017 00049
00017 00061
00032 00069
00032 00073
00040 00017
00040 00061
00044 00054
00044 00100
00048 00009
00048 00044
00048 00057
00048 00067
00048 00107
00048 00136
00049 00002
00049 00032
00049 00070
00049 00073
00049 00100
00054 00044
00057 00076
00057 00142
00061 00017
00061 00040
00061 00049
00061 00125
00067 00009
00067 00048
00067 00057
00069 00073
00070 00002
00073 00032
00073 00049
00073 00069
00073 00139
00076 00057
00076 00142
00086 00139
00086 00149
00096 00017
00096 00044
00100 00044
00100 00049
00107 00122
00122 00107
00123 00054
00123 00122
00125 00061
00136 00142
00137 00002
00137 00011
00137 00032
00137 00049
00137 00070
00139 00017
00139 00032
00139 00054
00139 00069
00139 00073
00139 00123
00142 00040
00142 00057
00142 00076
00142 00136
00145 00049
00145 00100
00149 00086
