# The directed communities at k=3
# from /Users/bogna/dev/role-mining/datasets/hepth/timeslots/cit-HepTh-1996.edges
# at no lower link weight threshold,
# and at no upper link weight threshold.
# Links were treated as directed.
# No time limit was set for the clique search.

0: 9601030 9205043 9608072 
1: 9601040 9209130 9306044 9307196 9501006 9501059 9601113 9211053 9308057 9310130 9405014 9410117 9501029 9507010 9306028 9603011 9312169 9403084 9604174 9605065 9205084 9606072 9312207 9511209 9607046 9607154 9609080 9610003 9612039 9612133 9612154 
2: 9601062 9308116 9409152 9604150 
3: 9601003 9402002 9410167 9503124 9504027 9504047 9504090 9508143 9510017 9510086 9510135 9510161 9510209 9511173 9512062 9512077 9601004 9205027 9205081 9211056 9406059 9409021 9507090 9507160 9509108 9510134 9511053 9601007 9402032 9407087 9408099 9411048 9411057 9504102 9505150 9507008 9508089 9508155 9509175 9510023 9510207 9511157 9511180 9601010 9207016 9212030 9311120 9401025 9406105 9407118 9408040 9409060 9410230 9411187 9505073 9506106 9506113 9506200 9507022 9509102 9512031 9601011 9204102 9211097 9305068 9408074 9411149 9502057 9503121 9505062 9505075 9505100 9505187 9507032 9508117 9508156 9509176 9510101 9511154 9208029 9211121 9306080 9601014 9302103 9308083 9308122 9309140 9311042 9406055 9504145 9505105 9505162 9506091 9506110 9506112 9507050 9507115 9507158 9510093 9510142 9510225 9510234 9511058 9512138 9601016 9302033 9309039 9403155 9410237 9201020 9601023 9503086 9505004 9506116 9507170 9509066 9509140 9510222 9511065 9601026 9201080 9204095 9407151 9503209 9504082 9411102 9601029 9302080 9307049 9308139 9309145 9401070 9407008 9411219 9504147 9508072 9510180 9510182 9510229 9511026 9511064 9511088 9511222 9512078 9512121 9601036 9210127 9305142 9306052 9404151 9406198 9412184 9501030 9506126 9507012 9507121 9508094 9509106 9512053 9512129 9512219 9601037 9203071 9204030 9205068 9205094 9212045 9303017 9304102 9307158 9307171 9308124 9407049 9412209 9501020 9502077 9504006 9504034 9505018 9505046 9506178 9510009 9510094 9510223 9601038 0208020 9509080 9511030 9402083 9209055 9502074 9506138 9204035 9210068 9502072 9512143 9601050 9309110 9506104 9509009 9510055 9511171 9507070 9601053 9601056 9204097 9207032 9308037 9311180 9601057 9306069 9403040 9405117 9407031 9411178 9509132 9510169 9510200 9511043 9512028 9512059 9601059 9503115 9505035 9509161 9509162 9510204 9511052 9511126 9307168 9411028 9510156 9601067 9507027 9508064 9508144 9512060 9512196 9407025 9501068 9506150 9201059 9601075 9601077 9401139 9508154 9509148 9512203 9406206 9503226 9511024 9512025 9601083 9501053 9601085 9401133 9406128 9501022 9501096 9512116 9601087 9502065 9601089 9506057 9508042 9508177 9511203 9512012 9512153 9512178 9601091 9210021 9401006 9407044 9503045 9601096 9307030 9407113 9502122 9502126 9504148 9507112 9510034 9510103 9601097 9506052 9601098 9511194 9301068 9601102 9601108 9301042 9309097 9412236 9505023 9505025 9511164 9512016 9512017 9512145 9601109 9504081 9510106 9601115 9503012 9507135 9508043 9601117 9503127 9601118 9512127 9512157 9410104 9205070 9412200 9507113 9601148 9601150 9507048 9510227 9511080 9601151 9212049 9403058 9405024 9406132 9409089 9503114 9601152 9202014 9305066 9508045 9511218 9601154 9303048 9401072 9405162 9407001 9408068 9412020 9501127 9504022 9506206 9512184 9601158 9303016 9402016 9402073 9404092 9601162 9304135 9505186 9506011 9601163 9307183 9309105 9402039 9406203 9601164 9407111 9503228 9504095 9506194 9510173 9511098 9601167 9512042 9601168 9408036 9506102 9506181 9507144 9510129 9510183 9510224 9512161 9601171 9406067 9407099 9505052 9509145 9601175 9506101 9507168 9601177 9203070 9403186 9508058 9509050 9510097 9510178 9512061 9512089 9512152 9601179 9309124 9506122 9602005 9303100 9412158 9602010 9505054 9506048 9602014 9302109 9303106 9505045 9510098 9512177 9602021 9602022 9409111 9505053 9505183 9512181 9207103 9602030 9602031 9402044 9503179 9505082 9506148 9507018 9507169 9510148 9510228 9602032 9202046 9304104 9410206 9505080 9508033 9508073 9602035 9403198 9506098 9512139 9602043 9508151 9512148 9602045 9203025 9204012 9208024 9209020 9303040 9304055 9307002 9309133 9410212 9412196 9503030 9504129 9505098 9506006 9507051 9508068 9508178 9509017 9510041 9510241 9512155 9512156 9606169 9607229 9602049 9305139 9401003 9410052 9601125 9602051 9410073 9602052 9201054 9203031 9506160 9511159 9602054 9602057 9406210 9411128 9509090 9602059 9602060 9602061 9602064 9206026 9211059 9304154 9305185 9506035 9508091 9509141 9602065 9602067 9208078 9511115 9602070 9405124 9602071 9510053 9602073 9503163 9602077 9602082 9504120 9505190 9205046 9211021 9602085 9309034 9311147 9405067 9412167 9510144 9602087 9309023 9506027 9509074 9510117 9602089 9210013 9602096 9602097 9205009 9305069 9207042 9411101 9209076 9602102 9506144 9509146 9511108 9506037 9602105 9209113 9403137 9406144 9412161 9602108 9505058 9602111 9602112 9602114 9602118 9409188 9602119 9510177 9602120 9307108 9206070 9209012 9602126 9309075 9312172 9504019 9407064 9310008 9602135 9304159 9602136 9201029 9209116 9211015 9509160 9602140 9602144 9602145 9411099 9506071 9602147 9203084 9205041 9402147 9602153 9509070 9602154 9510079 9512046 9308060 9309154 9401021 9511070 9602162 9210015 9303038 9308154 9402031 9406082 9411003 9507014 9509095 9509123 9510092 9512040 9512124 9207004 9512079 9602167 9509075 9602172 9312194 9409158 9503016 9211040 9602174 9306150 9506075 9506077 9512005 9512043 9602179 9308112 9411242 9512075 9602180 9505006 9603002 9603003 9603004 9510074 9512006 9603037 9603009 9603010 9206002 9603015 9205089 9206020 9603028 9603031 9603033 9603034 9505051 9505067 9505088 9509130 9603042 9603051 9407106 9408155 9504080 9504033 9603059 9511204 9511228 9511230 9603060 9603061 9603069 9408066 9603073 9603074 9209016 9402007 9403096 9405188 9501065 9503170 9504143 9505171 9506207 9511131 9512034 9603075 9603078 9603081 9603082 9603085 9405002 9502144 9603086 9603087 9603088 9403032 9603089 9603090 9207091 9505116 9603093 9409107 9603094 9208055 9307050 9309143 9310035 9603096 9603097 9311183 9503207 9506014 9603099 9206016 9210031 9508078 9603100 9408083 9603104 9603106 9308106 9309050 9502006 9505061 9508104 9603108 9403187 9509042 9603109 9301052 9404071 9508021 9603113 9603115 9603116 9312150 9406101 9509151 9603123 9603126 9501062 9603127 9603133 9603134 9508124 9603136 9310122 9603140 9311037 9404173 9503133 9603142 9603147 9603150 9404060 9603156 9303160 9503072 9512210 9603158 9603161 9603167 9411205 9603170 9204060 9205004 9412117 9506024 9603175 9506066 9603176 9603178 9305160 9603181 9205037 9603183 9603184 9603186 9603187 9304046 9308129 9310170 9402042 9404162 9405095 9405144 9407190 9501113 9502141 9510220 9511049 9604195 9603188 9502013 9508140 9603191 9603194 9603195 9603200 9212021 9212145 9509023 9512022 9503186 9507013 9508002 9604003 9604004 9604007 9503005 9507166 9509166 9511134 9605151 9606130 9604013 9512126 9604014 9504108 9204083 9604026 9510149 9604030 9503212 9604034 9604035 9604037 9604041 9209032 9604042 9604043 9604045 9604047 9604051 9604052 9604058 9604055 9604056 9604057 9604059 9504083 9604062 9512180 9503057 9604065 9604068 9604070 9604071 9407155 9507164 9203051 9604077 9604078 9604084 9501066 9507017 9604089 9604090 9201007 9204031 9206004 9212020 9604091 9509171 9511045 9604096 9604097 9604101 9604103 9604105 9310076 9310200 9312187 9408033 9412198 9512189 9604107 9604110 9604112 9604118 9302078 9405143 9604119 9604120 9604123 9208035 9604127 9604129 9604133 9604134 9604136 9604139 9504140 9604140 9307038 9402148 9406090 9501111 9604141 9503232 9405096 9404138 9604147 9408014 9604155 9406175 9604156 9604157 9212019 9604159 9604162 9507056 9508025 9511210 9604164 9604166 9604168 9203033 9604171 9604175 9604176 9201079 9209105 9306034 9309014 9604177 9512188 9604178 9604179 9604183 9604189 9604193 9306095 9310121 9312085 9512030 9604196 9604198 9604199 9604200 9605009 9605010 9605011 9402005 9410056 9509043 9605012 9605016 9605017 9605023 9605028 9404113 9605032 9505097 9505123 9605033 9605036 9605042 9605046 9305116 9305117 9401124 9404180 9503162 9605047 9605049 9605050 9605051 9605053 9605054 9605058 9605059 9507005 9605062 9509137 9605152 9605069 9605070 9409011 9605073 9605077 9605082 9605085 9605087 9212057 9605090 9606199 9605091 9605096 9605101 9605108 9605112 9605113 9605118 9605119 9605131 9605134 9310067 9512041 9605135 9605136 9605143 9605146 9605149 9605150 9203069 9207019 9302124 9312097 9605153 9406002 9605154 9605159 9605168 9605170 9202059 9605173 9305025 9308023 9403179 9406216 9605174 9502106 9605176 9510109 9605178 9605180 9605182 9501069 9605184 9605192 9605199 9605200 9605201 9605208 9203074 9605209 9605211 9403133 9605212 9605215 9605216 9605220 9206054 9206063 9302060 9304122 9407057 9504127 9605221 9605222 9409110 9502012 9605223 9605224 9605229 9605232 9605234 9605236 9606008 9606009 9207060 9606015 9606016 9606017 9506007 9606031 9410215 9606032 9606033 9606035 9606036 9310151 9512081 9606040 9606043 9606044 9606047 9606049 9503142 9606050 9606052 9308090 9408149 9412125 9606057 9606058 9606061 9606063 9606066 9212086 9404030 9606070 9606073 9606077 9606080 9206019 9606082 9304060 9305095 9511185 9606086 9606087 9509115 9606091 9606093 9606096 9606102 9606106 9606107 9606109 9606111 9606112 9606113 9606118 9606119 9606122 9212010 9212015 9301030 9310056 9505111 9507165 9508040 9606133 9606135 9606136 9606138 9606139 9606142 9606143 9303050 9606146 9606147 9606148 9606154 9606156 9606165 9606168 9609066 9606173 9606176 9606184 9606185 9606187 9606189 9606190 9606191 9606192 9606193 9606196 9607001 9607002 9607011 9607015 9607019 9607020 9607021 9607026 9306096 9607027 9507092 9607029 9607032 9607036 9607038 9607041 9607043 9607049 9607050 9607051 9406063 9506137 9607052 9607054 9607057 9607058 9607060 9607066 9607067 9607070 9506109 9607076 9607077 9607078 9607082 9607089 9607090 9607091 9607092 9304026 9607102 9401131 9607104 9607105 9607106 9607107 9607108 9607109 9607111 9607112 9607113 9607121 9607125 9607126 9607129 9310004 9407180 9506180 9510059 9512175 9607131 9607137 9607138 9607139 9411234 9607144 9607145 9607146 9607148 9607149 9607151 9607157 9607159 9607163 9607164 9607166 9607169 9607171 9607172 9607178 9607180 9607184 9607185 9607187 9607190 9607193 9607200 9607201 9607202 9607203 9607207 9607210 9607216 9512165 9607219 9605191 9607223 9607227 9204071 9303156 9312168 9607235 9607236 9607238 9607239 9607243 9608005 9608010 9608012 9608014 9608015 9511162 9608017 9608018 9608019 9608023 9608024 9608026 9506020 9608032 9608034 9608036 9608039 9608041 9502007 9608044 9608045 9410136 9608046 9608047 9608053 9608054 9608059 9608060 9608061 9608064 9608073 9608075 9510186 9608077 9608078 9608079 9608084 9608085 9608086 9608089 9608090 9608093 9405113 9510213 9510216 9512103 9608094 9608095 9608096 9608099 9608104 9608105 9608106 9608108 9608109 9608111 9608113 9608114 9608116 9402119 9608117 9608118 9608121 9608125 9608126 9608127 9608129 9608130 9608135 9608136 9608137 9608140 9608145 9608147 9608154 9608156 9608157 9608162 9608163 9608167 9608169 9608170 9608171 9608173 9608177 9406217 9608183 9608185 9608186 9608189 9608194 9608195 9608196 9608197 9609003 9609004 9609005 9609006 9609015 9609016 9609017 9609021 9609026 9609027 9609041 9506139 9511101 9609043 9609046 9609048 9609051 9609052 9609053 9507141 9610182 9609056 9609059 9506196 9609062 9609065 9609069 9609070 9609071 9609073 9609075 9609076 9609082 9609084 9606026 9609085 9609086 9512082 9609087 9609092 9609094 9609095 9609101 9609102 9609104 9609111 9609112 9609113 9609115 9609116 9508163 9609122 9609123 9609126 9609130 9609145 9609151 9609152 9609157 9609159 9609161 9609163 9609165 9609167 9210062 9401029 9405086 9609173 9609176 9609181 9609183 9609190 9609198 9609204 9609207 9402118 9504099 9609209 9609211 9609212 9609217 9609219 9609225 9609230 9609234 9609238 9609239 9610001 9610005 9610011 9610016 9610018 9610021 9610022 9610024 9610026 9610031 9610038 9610041 9610042 9610043 9610045 9610046 9610049 9610053 9610059 9610062 9610065 9610066 9401042 9610068 9610074 9610076 9610077 9610082 9610084 9302049 9512092 9610085 9610086 9610089 9610098 9610102 9610103 9610105 9610106 9610107 9610110 9610111 9610112 9610119 9610120 9610125 9610134 9610138 9610139 9410203 9610140 9610142 9610148 9401027 9610151 9610154 9610155 9610156 9610157 9610159 9610162 9610166 9610167 9610168 9610170 9610171 9610172 9610174 9610176 9610179 9610180 9610181 9610186 9610187 9610195 9610204 9610205 9610208 9610211 9610216 9610222 9610226 9610229 9610230 9610232 9610234 9610235 9610236 9610237 9610238 9610242 9612213 9610249 9610250 9610251 9610252 9611007 9611008 9611009 9611012 9611014 9611016 9611017 9611018 9611020 9611025 9611026 9611029 9611036 9611039 9611040 9611042 9611047 9611050 9611051 9611052 9611060 9611061 9312077 9611063 9611065 9611066 9611072 9611074 9611075 9611076 9611079 9611088 9611090 9611093 9611094 9611095 9611097 9611099 9611100 9611101 9611103 9611104 9611106 9611110 9611111 9611112 9611118 9611119 9611122 9611123 9611125 9611127 9611130 9611134 9611135 9611136 9611137 9611140 9611146 9611149 9611151 9611152 9611159 9611160 9611161 9611162 9611163 9611164 9611165 9611172 9611173 9611174 9611175 9611176 9611182 9611184 9611186 9611188 9611189 9611190 9611195 9611196 9611197 9611199 9611201 9611202 9611203 9611204 9611205 9611209 9611210 9611214 9611215 9611218 9611222 9611223 9611230 9611233 9611237 9612003 9612004 9612005 9612008 9612014 9612015 9612022 9612023 9612027 9612029 9612034 9612043 9612051 9612052 9612054 9612056 9612061 9612062 9612064 9612066 9612067 9612076 9612077 9612080 9612082 9612084 9612085 9612086 9612087 9612089 9612095 9612096 9612098 9612102 9612103 9612104 9612105 9612108 9612115 9612119 9612120 9612121 9612126 9612127 9612130 9612131 9612134 9612139 9612141 9612142 9612143 9612144 9612146 9612148 9612153 9612157 9612162 9612164 9612167 9612170 9612171 9612172 9612174 9612178 9612179 9612181 9612188 9612191 9612192 9612195 9612198 9612200 9612202 9612203 9612204 9612207 9612210 9612215 9612216 9612218 9612220 9612222 9612223 9612224 9612229 9612231 9612232 9612233 9612234 9612236 9612238 9612239 9612240 9612241 9612243 9612245 9612248 9612249 9612251 
4: 9601070 9312050 9501144 9606025 9610081 
5: 9601071 9512159 9606085 
6: 9509105 9601078 9307107 9506135 9611092 9611124 9506186 9610192 9611194 9612060 9612093 
7: 9601082 9509142 9602075 
8: 9601084 9410231 9610181 
9: 9601103 9508051 9610116 
10: 9601111 9408065 9502145 9511118 9609030 
11: 9601034 9205034 9302035 9305043 9403026 9405136 9512125 9601081 9402077 9412195 9601112 9301114 9307174 9310032 9310042 9312114 9403111 9403171 9405190 9406199 9410138 9410141 9411122 9501137 9503225 9506019 9508017 9511046 9511128 9512073 9601128 9310198 9411226 9602012 9208030 9310136 9402052 9602156 9305023 9604124 9604125 9604131 9408076 9503198 9604192 9605030 9305172 9501042 9605037 9605039 9204088 9308134 9501019 9605105 9606151 9609008 9205014 9206088 9208026 9501058 9609019 9609040 9609079 9610012 9610037 9610143 9611038 9612019 9612117 9612158 
12: 9601120 9310148 9401048 9506041 9601169 
13: 9601155 9307039 9610014 
14: 9412138 9601166 9209008 9310047 9310174 9407100 9509076 9611178 
15: 9602009 9301060 9512216 9605080 
16: 9602015 9303112 9401036 9407130 9409139 9610097 
17: 9602022 9206101 9602099 
18: 9602023 9202092 9301047 9603008 
19: 9602026 9207103 9302003 9404128 9410152 9411015 9503040 9508135 9608022 9611013 
20: 9602028 9208030 9305041 9307120 9310136 9401137 9401143 9404174 9502036 9607136 
21: 9509136 9502113 9602029 9302072 9307051 9309128 9510090 9511104 9511110 9606129 9606167 9608123 9608176 
22: 9602038 9504007 9508139 9512139 9608131 
23: 9602058 9501061 9510235 9606027 
24: 9303139 9602068 9206096 9210155 9305005 9311067 9312015 9401058 9407112 9502091 9503211 9301024 9510033 9604165 9204019 9403019 9501018 9504084 9504138 9510185 9607234 9608107 9608166 9609191 9305078 9611033 9611108 9307161 9611148 
25: 9602072 9410150 9606109 
26: 9602075 9509174 9511223 9605145 
27: 9602093 9502162 9612042 
28: 9602094 9310145 9312125 9501143 9612145 
29: 9602130 9311113 9602142 9602143 
30: 9602169 9406047 9503132 9509075 9509079 9604160 
31: 9602044 9612197 9603014 
32: 9603019 9309130 9605122 
33: 9407087 9408099 9601027 9411102 9507140 9508162 9602088 9403195 9412208 9603023 9503105 9504005 9511037 9511038 9603035 9411205 9603188 9605018 9204044 9502110 9505027 9607044 9607049 9610090 9611015 9611120 
34: 9408065 9603040 9509045 9609125 
35: 9512215 9601169 9304023 9401099 9603045 9304005 9402047 9402048 9510038 9512171 9606114 9607069 9608168 
36: 9603084 9402029 9609185 
37: 9412185 9304023 9401099 9503093 9506115 9602070 9302008 9501077 9502120 9501142 9603095 9312186 9507150 9509163 9605001 9604115 9603053 9604169 9311121 9605006 9605129 9606001 9606056 9607005 9607086 9607094 9607096 9607237 9610035 9610093 9610114 9612149 9503180 9612228 
38: 9603102 9506211 9507136 9509110 9605163 9612194 
39: 9603135 9507079 9509060 9511073 9603201 
40: 9401161 9412228 9603144 9204065 9509012 9612042 
41: 9603151 9411016 9411201 9502070 9502100 9509173 9608100 9608133 
42: 9204099 9302126 9301015 9603173 9302083 9303007 9403008 9611041 
43: 9404039 9603179 9509150 9605064 9401128 9409180 9612092 
44: 9603190 9409141 9606116 
45: 9506116 9511065 9310032 9602123 9511090 9604001 9611132 
46: 9211072 9412228 9206084 9602016 9301111 9604010 9210090 9304053 9307088 9311009 9408053 9604027 9209099 9212072 9605067 9605075 9411047 9605213 9606153 9611220 9611221 9612186 
47: 9604015 9209028 9609222 
48: 9407087 9408099 9411149 9402044 9604021 9401106 9406081 9511014 9607045 
49: 9405109 9206106 9310123 9602163 9505173 9605218 9507045 9604025 9304057 9306054 9307155 9405194 9605158 9412092 9501057 9504065 9606172 9606181 9609192 9611056 9610220 9612118 
50: 9205088 9301103 9303136 9301097 9604027 9210115 9211096 9302050 9309011 9405112 9502031 9505156 9508034 9511066 9609037 9610083 
51: 9604006 9305167 9308140 9512036 9604074 9409001 9610078 
52: 9604124 9403074 9501119 9605037 
53: 9604137 9306115 9610093 
54: 9512007 9604142 9212103 9509092 9510011 9510077 9512013 9605233 9606101 9612221 
55: 9205068 9409113 9512080 9601143 9205070 9502156 9602055 9602056 9604149 9502125 9508131 9510036 9604152 9307001 9309055 9408014 9408027 9508136 9511158 9605035 9607141 9609166 9610064 9512142 9610108 9411177 9610191 9611023 9611044 9611045 
56: 9604161 9406155 9612039 
57: 9601006 9502015 9503023 9505157 9508082 9508088 9602089 9604182 9603021 9604194 9606132 9607197 9608076 9610075 9610133 
58: 9601022 9411021 9411025 9412203 9502092 9503041 9504013 9510210 9512166 9306153 9601043 9309012 9602141 9605005 9512225 9605140 9607072 9608132 9609007 9609019 9610029 
59: 9503023 9508082 9605022 9311060 9406048 9605026 9608071 9608189 9611078 9612116 
60: 9603001 9605060 9612230 
61: 9605066 9311055 9506147 9610163 
62: 9605074 9410134 9509086 9606120 
63: 9302006 9308151 9605102 9408109 9610167 9202032 9611083 
64: 9605103 9510217 9610055 9612185 
65: 9407118 9605106 9212146 9511071 9609003 
66: 9306107 9308073 9503230 9604128 9604191 9605107 9509091 9607174 9607233 9609128 9610128 9611004 9611150 9612010 9612011 9612012 9612013 
67: 9605133 9301092 9508047 9611144 
68: 9501071 9505161 9403066 9605008 9605144 9307062 9309052 9412072 9504088 9511087 9607095 9608082 9612065 
69: 9605189 9604029 9604036 9605230 
70: 9403147 9306132 9605207 9306131 9612250 
71: 9307027 9606025 9203036 9608078 
72: 9606029 9203046 9203047 9303150 9311162 9511195 9511201 9609049 
73: 9206078 9605043 9606030 
74: 9412062 9606032 9304156 9412127 9606066 
75: 9303040 9510147 9606060 9210046 9608148 
76: 9310049 9606099 9401092 9405005 9609174 
77: 9212149 9303046 9305047 9601139 9206015 9208002 9208045 9504105 9511110 9605013 9605172 9209049 9306013 9307111 9311015 9405080 9606117 9306077 9404136 9512048 9606194 9410054 9607013 9309107 9609216 9610144 9612030 
78: 9606180 9304123 9508030 9610224 
79: 9508071 9606189 9410023 9612066 
80: 9501144 9607009 9503143 9607018 
81: 9606054 9309013 9402020 9406213 9206007 9302116 9302129 9403104 9209005 9404094 9406212 9503032 9509003 9607037 9304014 9609098 9610057 9611107 
82: 9501101 9405026 9607056 9309016 9610243 
83: 9301046 9404050 9406020 9602041 9401154 9412108 9412229 9604044 9607167 9408113 9607064 9510242 9607083 9607099 9607168 9608091 9612049 9612217 
84: 9607083 9512147 9607187 
85: 9607194 9411089 9611034 
86: 9607199 9504154 9610240 
87: 9510199 9510208 9607218 9510137 9611207 
88: 9402037 9603149 9305130 9412133 9506177 9510108 9606188 9607220 9302076 9410241 9609002 9609203 9610087 
89: 9204072 9608007 9610061 
90: 9503002 9407128 9507114 9608122 9503235 9608155 9610059 
91: 9212127 9608165 9212106 9612079 
92: 9601139 9506030 9608172 
93: 9405121 9408158 9609022 9512150 9610019 
94: 9609045 9505166 9612097 
95: 9609083 9501085 9612068 
96: 9609105 9507076 9510060 9511207 9612219 
97: 9509136 9412113 9602006 9212009 9406094 9407056 9409019 9511104 9402066 9603177 9502102 9603205 9402015 9403038 9604063 9509036 9606194 9512135 9608043 9609140 9501024 9612073 9612083 
98: 9605109 9212153 9311022 9510069 9609003 9609180 9209106 9612101 
99: 9207009 9609184 9207010 9403035 9610212 
100: 9505157 9508088 9412018 9602113 9209038 9609194 9506204 9612155 
101: 9206035 9610037 9307116 9612237 
102: 9610044 9308046 9312064 9412193 9412204 9412205 9610149 
103: 9610135 9203057 9611032 
104: 9602101 9209076 9610202 
105: 9611021 9509144 9611141 
106: 9505161 9403045 9405119 9606134 9607062 9610088 9611031 
107: 9205064 9606175 9611131 
108: 9505005 9609214 9611177 
109: 9606141 9611185 9507110 9612183 
110: 9206097 9601095 9410223 9603012 
111: 9205103 9210024 9302090 9601033 9208007 9212141 9311147 9602094 9603143 9402124 9607173 9610124 
112: 9411020 9412138 9501071 9505161 9206070 9209012 9205069 9205089 9604064 9502098 9606097 9407104 9512187 9606098 9204072 9207006 9211082 9303014 9606152 9607155 9608049 9611219 
113: 9601048 9409113 9611019 
114: 9306002 9404108 9512174 9304141 9309142 9201067 9407148 9408004 9501098 9504018 9505138 9506031 9510071 9501105 9603111 9503088 9510084 9605061 9609233 9612138 
115: 9601052 9406213 9412119 9612244 
116: 9601054 9202053 9203079 9310201 9403112 9603083 
117: 9601088 9511138 9603103 9609193 
118: 9207040 9412229 9505039 9604080 9309137 9406180 9412170 9607162 9610039 
119: 9503209 9601129 9607243 
120: 9601136 9306161 9602029 
121: 9403141 9506136 9601161 9409190 9607123 
122: 9410103 9211011 9602105 9603044 
123: 9602002 9503181 9607071 9612069 
124: 9602047 9408164 9608191 
125: 9503220 9602063 9609061 
126: 9407108 9605099 9610081 
127: 9601065 9409187 9602048 9401132 9602106 9506010 9510002 9602151 9603052 9608180 
128: 9602115 9505175 9507074 9603071 
129: 9306002 9403039 9604024 9607085 
130: 9602149 9406215 9509029 9612145 
131: 9602160 9210128 9304047 9308060 9309033 9401017 9401021 9511070 9607170 9608013 
132: 9602164 9306075 9603196 
133: 9603013 9502137 9605074 
134: 9412184 9603018 9412146 9603041 9605197 
135: 9603020 9208062 9411180 9603180 9301034 9606005 
136: 9603054 9512168 9611001 
137: 9603062 9306067 9405166 9506003 9603159 9606174 9608025 9609054 9609158 
138: 9301068 9411210 9311130 9407176 9609022 9611011 
139: 9603112 9202072 9308153 9503229 9604009 9606059 9607234 
140: 9412184 9603117 9301019 9505128 9605233 9605029 9201027 9606077 9612003 9612160 9612241 
141: 9601156 9312200 9409164 9603141 9511167 9603146 9611051 
142: 9407087 9604017 9607007 9612128 
143: 9402107 9311156 9507060 9604053 9403175 9607198 9609196 
144: 9302133 9501049 9604067 9307045 9312047 9312118 9401096 9406207 9407058 9412120 9503134 9503190 9504094 9608030 
145: 9407067 9604148 9312062 9408077 9408146 9408176 9409134 9410174 9504157 9504158 9504159 9510237 9609144 9611068 
146: 9302047 9605009 9307010 9308075 9608125 9609138 9610129 9611133 
147: 9502111 9604170 9504162 9605025 9605057 
148: 9603157 9407168 9605027 
149: 9512030 9605052 9408167 9412062 9505017 9606094 
150: 9501075 9402097 9606071 9510154 9608144 9612018 
151: 9212075 9309106 9312002 9503116 9605097 9608020 9612201 
152: 9605194 9308045 9402096 9410064 9505113 9505146 9508113 9606149 9607233 9611180 
153: 9606013 9507006 9607119 9610243 
154: 9506125 9607204 9612017 
155: 9512128 9610080 9612005 
156: 9203043 9606144 9401066 9612094 
157: 9403111 9606160 9612110 
158: 9301034 9606183 9611147 
159: 9311167 9609031 9612081 
160: 9401105 9407182 9607065 9502066 9609202 
161: 9205015 9610052 9611145 
162: 9607074 9605181 9611143 
163: 9401009 9506179 9308142 9607140 9509059 9609033 
164: 9507159 9610223 9612117 
165: 9307196 9411112 9204064 9305100 9601135 9602074 9311189 9412229 9604153 9605235 9606095 9607177 9609135 9610094 9612233 9612235 
166: 9602027 9503137 9503220 9511104 9602175 9609155 9610050 
167: 9602155 9510157 9607134 9610002 
168: 9302116 9610247 9611027 
169: 9211102 9611071 9612049 
170: 9206007 9604087 9209005 9605121 9607208 9607233 9611153 
171: 9210115 9608068 9611157 
172: 9501059 9603010 9606068 9612099 
173: 9407056 9401153 9605231 9610020 9612163 
174: 9601068 9310112 9607084 
175: 9601069 9212108 9303006 9601153 9502132 9506174 9603030 9605098 9609237 9611011 
176: 9408099 9405176 9412113 9212009 9402066 9307111 9311015 9606157 9509143 9611235 
177: 9302074 9401057 9602110 9603172 9611138 
178: 9602047 9405028 9607118 
179: 9602107 9404013 9612046 
180: 9602116 9407079 9612178 
181: 9206053 9403141 9506136 9602148 9607120 
182: 9209003 9603024 9307087 9607047 
183: 9601009 9506004 9507015 9510141 9603056 9506099 9603101 9603122 9603128 9211035 9406049 9408061 9609137 9612063 
184: 9506052 9507173 9609136 9601146 9610141 
185: 9601020 9403196 9404089 9603174 9509062 9605186 9607114 9609133 
186: 9604002 9507045 9609074 
187: 9604142 9405096 9606022 
188: 9605110 9401059 9605183 
189: 9306009 9308136 9405054 9606023 9607008 
190: 9607233 9306027 9609137 
191: 9401153 9509020 9311015 9608035 9608152 
192: 9407027 9505084 9610223 9612165 
193: 9601148 9605192 9601146 9610030 9610113 
194: 9307196 9601135 9611238 
195: 9403143 9502140 9603012 9609119 9612118 
196: 9306002 9506157 9310188 9506064 9605219 9606003 
197: 9510199 9301038 9605169 9608030 
198: 9601173 9404098 9608131 
199: 9602017 9407078 9407182 9504130 9505049 9508075 9607040 9609166 9611147 
200: 9501052 9608011 9609166 
201: 9401070 9204099 9303048 9401072 9401125 9402004 9401159 9603043 9603055 9504033 9603072 
202: 9308153 9405121 9502021 9408158 9605127 9612078 
203: 9307178 9604031 9611102 9612063 9612132 
204: 9511104 9602176 9402066 9607007 9609061 
205: 9306009 9610153 9612084 
206: 9601104 9404004 9608144 
207: 9401099 9602134 9606056 
208: 9203030 9506193 9512052 9602117 9604011 9605013 
209: 9405124 9604090 9607164 
210: 9602110 9306023 9312164 9505058 9603172 9609018 9612190 
211: 9603013 9203056 9608049 
212: 9605086 9608072 9609166 
213: 9301068 9303046 9606194 9410054 9612246 
214: 9502074 9601064 9602124 
215: 9503124 9510017 9407031 9308153 9504108 9408158 9609210 9610199 
216: 9212009 9409019 9401153 9604032 9608062 
217: 9405136 9608040 9612160 9612241 
218: 9609043 9610018 9610235 
219: 9301068 9607049 9612030 
