# The contained directed cliques in the directed communities at k=3
# from /Users/bogna/dev/role-mining/datasets/hepth/timeslots/cit-HepTh-1996.edges
# at no lower link weight threshold,
# and at no upper link weight threshold.
# Links were treated as directed.
# No time limit was set for the clique search.

0: 0 
1: 1 250 1675 1676 1677 2636 2637 992 996 999 2096 2638 2639 2676 993 994 998 1001 1340 2097 2678 1000 1002 1337 1339 2098 2680 2099 995 1003 2100 2574 2575 2306 2309 2677 2307 2308 152 467 509 887 2679 508 721 1341 997 1336 338 
2: 2 613 
3: 3 3614 3620 3622 3624 3615 3616 3617 7398 7403 2562 3618 3619 3621 3623 3625 3626 4208 4242 4245 4246 4252 4543 4544 4549 4562 4564 4566 4567 4624 4625 4626 4627 5021 5168 5171 5265 5774 5778 5779 5780 5781 5785 5786 5787 5790 5791 5794 5797 5798 5799 6005 6009 6113 6114 6119 6120 6121 6122 6123 6124 6125 6126 6257 6261 6262 6562 6566 6567 6572 6575 6622 6777 6783 6851 6852 6857 6860 6870 6872 7349 7350 7469 7470 7575 7576 7588 7589 7731 7732 7735 7736 7741 7742 7743 7746 7875 7891 7892 7893 7894 7900 7907 7925 7926 7959 7960 7964 7965 7966 8626 8627 8646 8648 8655 8656 8657 8658 8659 8666 8669 8673 8675 8686 8688 8696 8697 8869 8870 8878 8879 8892 8893 8894 8895 9082 9083 9085 9086 9088 9089 9090 9091 9092 9093 9094 9102 9363 9479 9481 9482 9484 9485 9487 9488 9489 9490 9491 9492 9493 9498 9499 9500 9501 9502 9519 9520 9525 9526 9527 9538 9544 9892 9894 10045 10046 10047 10048 10050 10051 10052 10053 10054 10055 10062 10063 10064 10065 10066 10067 10073 10074 10176 10178 10180 10181 10183 10184 10191 10289 10299 10300 10302 10305 10306 10307 10309 10315 10316 10373 10374 10375 10384 10385 10386 10387 10535 10561 10562 10563 10570 10571 10572 10573 10577 10578 10625 10636 10828 10832 10833 10834 10844 10845 10846 10872 10881 10883 10884 10892 11057 11121 11122 11207 11469 11475 11477 11478 11480 11482 11483 11484 11486 11691 11971 11983 12058 12061 12064 12067 12069 12072 12073 12076 12087 12091 12186 12192 12193 12194 12232 12233 12268 12269 12373 12379 12382 12386 12387 12394 12395 12398 12399 12413 12414 12415 12433 12434 12435 12436 12733 12734 12738 12749 12750 12751 12752 12787 12788 12791 12792 12794 12798 12807 12872 12873 12875 12876 12877 12878 12879 12880 12885 12899 12908 12913 12919 12923 12928 12930 12931 12933 12938 12943 12953 12955 12960 12962 12969 12970 12973 12975 12977 12978 12979 12980 12981 12982 12985 12986 12987 12988 12989 12990 12992 12993 12994 12998 13000 13001 13005 13007 13009 13013 13016 13017 13018 13022 13025 13028 13029 13031 13032 13033 13035 13037 13038 13042 13043 13044 13045 13046 13055 13061 13064 13065 13067 13068 13069 13073 13075 13076 13080 13081 13082 13086 13087 13088 13089 13090 13091 13092 13100 13101 13111 13175 13178 13185 13324 13327 13328 13329 13330 13331 13339 13342 13405 13406 13407 13409 13413 13417 13420 13428 13431 13457 13501 13535 13536 13537 13538 13561 13564 13580 13582 13583 13585 13591 13624 13630 13632 13638 13647 13650 13652 13659 13660 13661 13662 13663 13665 13667 13668 13669 13670 13671 13673 13675 13676 13682 13683 13685 13689 13690 13691 13693 13695 13696 13700 13701 13703 13704 13739 13740 13743 13744 13745 13750 13757 13758 13764 13766 13767 13770 13771 13777 13778 14065 14119 14120 14124 14125 14133 14134 14142 14143 14144 14145 14146 14176 14178 14186 14222 14229 14230 14231 14232 14233 14236 14237 14245 14249 14302 14304 14305 14309 14311 14313 14316 14342 14348 14381 14382 14403 14408 14567 14568 14570 14573 14574 14576 14581 14583 14587 14590 14597 14601 14616 14617 14630 14631 14707 14718 14719 14721 14722 14723 14731 14732 14734 14746 14750 14751 14762 14763 14832 14833 14883 14884 14886 14887 14930 14931 14934 14965 14980 14984 14985 14986 14991 14992 14993 14994 14996 14997 14999 15000 15001 15003 15005 15006 15082 15083 15085 15086 15087 15088 15090 15091 15093 15094 15100 15111 15112 15169 15176 15177 15196 15197 15198 15199 15200 15201 15205 15207 15209 15210 15211 15212 15213 15214 15217 15218 15219 15220 15221 15223 15224 15226 15229 15230 15236 15239 15240 15243 15246 15250 15251 15252 15254 15333 15335 15354 15356 15364 15365 15366 15367 15371 15375 186 2563 2564 2565 2566 4621 4630 4784 5403 5471 5875 5881 5882 7107 7109 7341 7348 7351 7353 7357 8276 10911 10919 10947 11056 11118 11124 11140 11206 11214 11216 11562 11698 11700 11773 11793 11946 12265 12266 12276 12956 12959 13179 13528 13529 13532 13533 13915 13918 14344 14345 14346 14350 14352 14353 14355 14357 14585 14586 14591 14592 14595 14599 14600 14646 14654 15294 15295 15368 10075 11447 11697 11699 11725 14126 14128 1058 1218 1604 1965 2823 2824 2825 2827 2829 2830 3046 3522 3523 3680 3681 3683 3707 3709 4146 4148 4151 4152 4153 4367 4368 4369 4371 4372 4373 4374 4375 4376 4378 4379 4434 4435 4436 4437 4438 4439 4440 4441 4442 4443 4444 4575 4611 4628 4629 4741 4743 4744 4745 4746 4747 4748 4749 4750 4801 5150 5153 5200 5202 5204 5205 5398 5399 5402 5404 5407 5434 5435 5438 5439 5442 5443 5445 5446 5447 5448 5627 5803 5807 5808 5862 5864 5870 5872 5980 5981 5982 5985 5986 5987 6059 6060 6061 6062 6063 6132 6136 6142 6147 6527 6778 6956 6959 6963 6964 6974 6977 6980 7080 7086 7206 7217 7222 7225 7229 7230 7233 7235 7295 7296 7311 7313 7314 7320 7322 7324 7326 7352 7414 7484 7489 7602 7819 7820 7821 7822 7838 7840 7842 7844 7846 7888 7969 7984 7986 7987 7989 8047 8048 8050 8277 8420 8421 8422 8424 8425 8451 8461 8465 8466 8473 8477 8478 8479 8660 8979 8980 8983 8984 8985 8986 9078 9079 9162 9446 9682 9683 9684 9688 9690 9693 9699 9848 9867 9884 9966 10069 10070 10071 10072 10076 10077 10078 10079 10080 10081 10083 10084 10085 10086 10087 10088 10089 10090 10091 10092 10093 10094 10095 10347 10353 10354 10355 10403 10405 10407 10408 10409 10411 10418 10431 10435 10440 10478 10479 10480 10670 10782 10785 10788 10789 10790 10791 10799 10800 10801 10802 10803 10804 10805 10806 10807 10808 10809 10811 10812 10813 10816 10873 10885 10893 10943 10946 10950 10959 10960 10975 11156 11159 11160 11174 11179 11208 11291 11292 11299 11301 11374 11470 11693 11701 11702 11703 11706 11707 11709 11716 11718 11720 11721 11722 11723 11724 11726 11728 11729 11731 11733 11734 11736 11803 11877 11891 11896 11938 11981 12195 12197 12203 12281 12462 12503 12506 12509 12511 12513 12515 12714 12715 12730 12806 12808 12810 12811 12812 12814 12816 12817 13114 13115 13116 13117 13118 13119 13120 13121 13122 13124 13125 13126 13127 13128 13130 13132 13133 13137 13392 13408 13499 13500 13552 13553 13623 13625 13684 13702 13775 13794 13916 13917 13947 13948 13949 14058 14059 14060 14061 14062 14067 14068 14069 14070 14071 14072 14073 14074 14075 14076 14077 14101 14102 14107 14121 14131 14157 14163 14251 14255 14256 14371 14398 14401 14443 14619 14641 14650 14651 14773 14774 14775 14776 14777 14778 14779 14780 14781 14782 14783 14784 14785 14786 14788 14790 14791 14792 14793 14794 14795 14801 14803 14805 14806 14809 14810 14818 14820 14843 14855 14857 14899 14900 14901 14926 14927 15009 15010 15178 15274 15275 15277 15281 15346 15355 1057 1387 4610 4612 4956 5455 5456 5457 5461 5462 5464 5467 5629 6056 6057 6058 6066 6067 6273 7097 7223 7226 7227 7232 7234 7318 7319 7321 7325 7418 7419 8405 8406 8407 8408 8409 8410 8411 8412 8423 8460 8475 8535 8840 8841 8842 8843 8844 9226 9238 9249 10346 10348 10349 10350 10483 10484 10487 10493 10741 10742 10743 10744 10748 10749 10750 10754 10755 10756 10757 10758 10759 10767 11233 11239 11242 11253 11255 11343 11804 11824 11878 11880 12449 12465 12466 13436 13438 13444 14064 14081 14083 14094 15276 15278 15279 15280 15301 15321 15347 15370 15374 15382 15383 15384 15385 15386 1219 2826 2992 2995 3017 3018 3049 3107 3521 3578 3700 3706 4158 4166 4432 4576 4716 6054 6065 6138 6145 6149 6181 6186 6207 6208 6209 6531 6833 6834 6836 6837 6845 6951 6957 6958 6971 7194 7200 7201 7355 7358 7359 7485 7491 7603 7702 7826 7839 7841 8173 8174 8282 8400 8402 8414 8871 9160 9209 9450 9587 9593 9594 9621 9624 9625 9908 9916 9917 9918 9939 9969 9970 10357 10397 10417 10426 10482 10751 10753 10876 10887 10895 11161 11211 11215 11471 11704 11802 11806 11807 11820 11927 11939 11948 11978 11991 12205 12330 12499 12536 12553 13123 13393 13503 13504 13925 13926 13927 14053 14105 14111 14263 14308 14373 14422 14593 14602 14603 14642 14821 14976 15012 15068 15079 15105 15299 15387 2658 2828 3106 6204 6954 6960 6965 7344 7928 7930 7931 7983 7988 8978 8981 8987 8993 9551 9964 9992 10402 10404 10410 10412 10413 10414 10415 10416 10423 10424 10425 10427 10428 10429 10430 10432 10433 10434 10436 10438 10439 10441 10442 10443 10444 10445 10446 10447 10448 11019 11020 11022 11023 11342 11344 11876 11883 12459 12520 12528 12533 12535 12537 12548 12554 12622 12629 13602 13605 13606 13607 13608 13609 13912 13923 13929 13932 13939 14440 14446 14451 14483 14488 14562 14563 14815 14816 14826 14827 14895 14897 14898 14960 14961 15116 15255 15256 15257 15258 15369 15388 2654 2656 2659 2660 2655 5429 7494 9921 11164 11348 11349 11928 11929 11930 11940 11941 11942 11943 11944 11945 11947 11949 11950 11951 11952 11953 11955 11976 11977 11979 11982 11984 11985 11986 12640 13555 2661 7099 8052 10246 10248 10250 13556 13557 13562 13563 13568 2662 7307 7878 7879 7880 7882 3693 3694 3695 3696 3712 3714 3726 4579 4580 5801 7294 7312 7315 7876 1625 2616 2617 3120 3121 3123 3380 3381 3382 3383 3697 3698 3699 3703 3705 3713 3715 5802 5804 5805 5806 7293 7297 7298 7299 7300 7302 7303 7305 7316 7367 7368 7369 7371 7877 9680 9695 1623 1624 1622 5155 9050 10896 13391 13421 14240 14241 14836 15147 1614 2077 2312 2614 2859 3995 4849 4851 5151 5152 5156 5157 5159 5160 5163 5164 5327 5329 5332 5334 5341 5343 5346 6111 6177 6510 6513 6904 6905 7578 7580 9058 9061 9063 9705 9711 9722 9723 9840 9885 10615 10875 10880 10897 11263 11467 11474 11680 11683 11687 13176 13340 13394 13415 13423 14224 14228 14238 14244 15056 15069 15265 532 1217 1613 2076 2078 14243 14248 14385 14390 14397 2282 3099 3970 3975 4556 4558 7106 8278 8281 8283 8284 8289 8295 8772 9381 9709 9710 10252 10254 11791 11931 11935 12264 13422 14033 14038 14220 14226 14227 14235 14239 14242 14247 14364 14370 14379 14389 14634 2279 2281 2283 4199 4615 4618 4861 4865 4871 4874 6528 6536 7824 7829 9372 9389 9391 9395 9400 9452 10763 11682 11689 11788 11789 11790 13395 14219 14428 14643 14813 15290 2280 13944 13945 13946 13950 13951 3996 7115 7306 7309 8259 8260 11818 13953 13955 13958 13961 1599 4352 4525 8280 9223 9225 9227 10928 10951 11232 11730 11732 13922 13924 13952 14343 14349 15350 15351 4350 4351 4357 4360 4356 4361 9222 9224 10648 13921 14260 14421 14436 4355 8212 8228 9261 10776 10778 4354 4359 7240 7244 8211 10772 3102 4353 8205 8226 9913 9920 11054 14283 14906 14911 3101 3103 3100 10660 10774 12681 14416 14418 14449 14908 1927 3098 3973 4197 4868 8760 8765 8767 8771 8773 8774 8775 1929 1930 3972 3974 8757 8759 8762 8764 8766 8769 8770 1928 3048 4201 4860 4873 5459 6188 6191 6517 6518 6519 6520 6521 6522 6523 6524 6525 6526 7827 7831 7835 7976 7977 8456 8457 8458 8459 8824 8834 8836 8839 8850 9336 9337 9338 9339 9340 9341 9342 9343 9344 9345 9346 9347 9348 9350 9351 9352 9353 9354 9355 9369 9379 9390 9398 9401 14362 14367 14377 14425 14807 14811 14825 15283 5458 187 1067 4613 4614 4866 4872 5460 5463 5466 5468 5469 6189 6190 6192 6540 7093 7828 7830 7832 7833 7834 7884 7973 7974 7975 8454 8455 8463 8832 8833 8835 8837 8838 9378 9380 9396 9397 9399 10491 10762 10764 10765 10766 10770 10783 10784 11231 11238 11240 11243 11250 11264 11464 11465 11778 11779 11780 12450 12819 13400 13401 13402 13403 13445 13554 14375 14376 14380 14426 14427 14808 14812 14814 14823 14824 14829 14903 15259 15260 15261 15262 15284 15285 15286 15287 15288 15289 15291 1068 4099 7887 8470 9356 10769 10786 14628 14632 14635 14636 9219 9228 9232 9239 9251 9257 9262 3876 4602 4954 5637 6617 7205 7218 7228 7231 7243 7410 7426 8262 9217 9218 9220 9221 9230 9231 9250 9255 9256 9264 10780 11157 11158 11783 11784 12200 12282 12283 12289 12290 13543 13570 14626 14854 15264 15266 15267 15268 15269 15272 15273 3870 3872 3874 3875 3865 5635 7424 8261 8263 8264 8265 8266 8267 8268 8269 8270 8271 3864 3866 3867 5628 7416 8273 8274 8285 8287 8290 8292 8293 8294 8296 8297 2653 3212 3701 4616 4617 4620 4623 4631 4632 4633 4634 4636 4638 7114 7308 7346 7370 10142 10153 11135 11136 11225 11228 11360 11366 11696 11705 11712 11714 11809 11816 12040 12047 12095 12108 12451 13269 13288 13301 13911 13930 13937 13940 14001 14031 14032 14034 14035 14347 14584 14588 14589 15013 15017 15018 15020 15022 3702 3704 3708 5473 5809 8826 11212 11485 11774 11794 11805 14132 14598 15014 15372 5816 5858 7310 9686 10671 11236 11237 11715 11727 12809 14399 14404 15021 15282 15304 15352 5814 5815 5817 3929 3930 3933 4362 4363 4364 4384 4386 4514 4515 4516 4994 4997 4999 5001 5004 5005 5006 5007 5357 5358 5812 5818 5819 5821 5822 6083 6084 6085 6088 6089 6090 6091 6092 6093 6094 6095 6096 6097 6100 6101 6103 6104 6105 6203 6205 6206 6216 6831 6832 6835 6838 6843 6912 6915 6923 6928 6938 6950 6955 6961 6966 6967 6968 6969 6970 7929 7942 7944 7945 7946 8169 8170 8306 8307 8308 8309 8310 8311 8312 8320 8321 8322 8323 8748 8749 8913 8914 8915 8916 8917 8918 8919 8920 8921 8922 8923 8924 8925 8926 9171 9172 9180 9181 9182 9183 9184 9185 9186 9191 9192 9193 9194 9211 9548 9555 9558 9566 9592 9615 9616 9617 9618 10419 10935 10936 11018 11193 11194 11195 11209 11210 11745 11746 11749 11750 11801 11846 11847 11848 11853 11854 11855 11861 12204 12320 12321 12322 12323 12324 12326 12328 12346 12348 12497 12498 12502 12504 12505 12507 12510 12514 12516 12517 12518 12519 12521 12522 12523 12524 12526 12527 12529 12530 12531 12538 12539 12544 12559 12560 12561 12568 12569 12570 12573 12574 12576 12618 12619 12724 13140 13347 13348 13350 13351 13433 13440 13442 13446 13448 13466 13467 13475 13476 13477 13479 13480 13481 13545 13546 13618 13620 13870 13871 13872 13874 13878 13879 13880 13895 14082 14088 14089 14096 14104 14110 14261 14262 14279 14307 14317 14330 14331 14332 14561 14662 14663 14664 14797 14802 14858 14859 14867 14923 14949 14970 15078 15315 903 1986 1987 2182 2238 3019 3124 3128 3129 3130 3132 3133 3203 3338 3339 3882 3883 3885 3931 3932 3934 3936 3937 3938 3939 3940 3941 3942 3943 3981 4173 4243 4268 4270 4271 4272 4273 4385 4388 4821 4823 4826 4828 4829 4832 4834 4839 4840 4843 4846 4904 4905 4995 4998 5000 5002 5008 5360 6086 6087 6098 6099 6102 6106 6107 6148 6211 6212 6213 6214 6215 6217 6218 6219 6220 6839 6844 6846 6847 6909 6910 6911 6913 6914 6916 6917 6918 6920 6921 6922 6924 6925 6929 6931 6932 6934 6972 6979 6990 6991 6992 6993 6994 6995 6996 6997 6999 7000 7172 7173 7174 7175 7176 7177 7178 7179 7180 7182 7183 7184 7185 7187 7189 7190 7703 7711 7719 7817 7934 7935 7936 7937 7938 7939 7943 7947 7948 8163 8164 8166 8171 8172 8175 8176 8177 8178 8179 8181 8182 8183 8184 8185 8186 8300 8301 8302 8303 8304 8313 8314 8315 8316 8317 8318 8319 8324 8325 8329 8330 8331 8332 8333 8338 8339 8344 8356 8357 8358 8359 8360 8361 8362 8367 8368 8369 8370 8371 8513 8514 8522 8523 8524 8526 8527 8528 8737 8739 8742 8743 8744 8745 8747 8750 8751 8752 8906 8907 8908 8909 8910 8911 8929 8930 9167 9168 9169 9170 9173 9174 9177 9178 9187 9188 9189 9190 9195 9196 9197 9198 9201 9202 9203 9204 9205 9206 9552 9553 9554 9556 9559 9560 9561 9562 9564 9565 9567 9571 9596 9601 9602 9619 9620 9622 9623 9626 9627 9637 9638 9639 9640 9647 9648 9649 9650 9651 9652 9822 9823 9824 9825 9826 9828 9829 9830 10119 10120 10121 10122 10123 10124 10125 10126 10127 10720 10721 10722 10723 10724 10725 10726 10727 10913 10921 10931 10933 10937 11021 11030 11031 11032 11033 11045 11058 11059 11060 11184 11185 11186 11187 11189 11190 11191 11192 11196 11197 11223 11270 11271 11272 11328 11329 11331 11332 11334 11335 11336 11337 11404 11405 11406 11409 11410 11415 11416 11430 11432 11747 11748 11751 11752 11753 11761 11766 11767 11842 11843 11845 11849 11850 11851 11852 11856 11857 11858 11859 11860 11862 12201 12206 12210 12325 12327 12329 12333 12334 12341 12342 12343 12347 12349 12350 12351 12352 12353 12354 12355 12356 12363 12364 12365 12368 12369 12495 12496 12500 12508 12512 12540 12541 12542 12543 12545 12555 12556 12557 12563 12564 12565 12575 12577 12580 12581 12582 12584 12585 12586 12587 12588 12589 12590 12597 12598 12599 12602 12603 12604 12605 12606 12621 12623 12624 12625 12626 12627 12628 12643 12645 12646 12650 12651 12652 12653 12654 12661 12662 12663 12664 12669 12670 12671 12672 12716 12717 12718 12719 12720 12722 12725 12726 12727 12729 12848 12849 12850 13154 13155 13156 13157 13160 13161 13162 13163 13164 13165 13357 13358 13359 13361 13362 13364 13365 13367 13368 13374 13377 13378 13434 13450 13451 13468 13470 13471 13472 13482 13483 13485 13486 13615 13616 13830 13831 13832 13833 13834 13837 13838 13840 13844 13845 13875 13881 13892 13893 13894 13896 13897 13898 13899 13904 13906 13907 13908 13909 14264 14267 14268 14269 14274 14275 14278 14280 14281 14282 14306 14318 14319 14320 14321 14322 14323 14324 14327 14328 14329 14333 14334 14335 14336 14338 14339 14340 14457 14458 14459 14460 14461 14462 14467 14468 14469 14470 14471 14472 14473 14474 14475 14555 14556 14557 14558 14559 14560 14665 14666 14667 14668 14669 14670 14798 14861 14862 14866 14868 14869 14870 14881 14917 14924 14937 14939 14940 14941 14950 14951 14953 14955 14956 14959 14971 14973 14975 15039 15054 15120 15361 15362 15378 15380 1985 3131 4517 4822 4824 4830 4835 4841 4844 4845 4992 6108 6109 6457 6632 6633 6634 6642 6648 6649 6650 6653 6663 6926 6939 7007 7009 7013 7014 7181 7186 7191 8305 8326 8327 8328 8337 8340 8341 8342 8343 8345 8517 8519 8521 8529 8530 8753 8912 8927 8928 9164 9165 9166 9179 9199 9200 9207 9208 9213 9550 9557 9568 9569 9979 9980 9987 9988 9989 9991 9993 9998 9999 10000 10422 10938 10939 10941 11201 11202 11278 11279 11283 11284 11289 11306 11307 11314 11315 11322 11323 11338 11339 11754 11755 11758 11760 11762 11763 11765 11863 11864 11865 11870 11871 11872 12212 12214 12216 12218 12357 12547 12549 12550 12551 12562 12571 12572 12578 12610 12611 12617 12620 12630 12636 12659 12660 12677 12678 12721 12723 12728 12846 13189 13346 13349 13352 13435 13441 13443 13447 13449 13478 13484 13596 13597 13598 13599 13600 13601 13846 13856 13873 13876 13882 14863 14871 15008 15316 1650 3125 6150 6221 7704 7706 7721 7722 7843 7985 8531 8532 8533 8534 8536 8537 8538 8755 8960 8961 9572 9597 9603 9604 9605 9606 9607 9608 9628 9990 10486 10944 10948 10952 11163 11290 11293 11294 11295 11340 11341 11873 11874 11875 11879 12196 12335 12366 12501 12534 12615 12616 13847 14270 14271 14481 14482 14484 1651 1652 1653 2595 4174 4594 4604 4605 4606 4653 4654 6110 6848 6981 6998 7001 7006 8165 8167 8180 8187 8188 8189 8190 8334 8335 8336 8350 8351 8352 8363 8364 8365 8372 8373 8374 8518 8525 8539 8738 8740 8746 8754 8897 8898 8901 8902 8903 8931 9563 9570 9641 9642 9644 9653 9656 9657 9658 10929 10934 10940 11034 11035 11280 11281 11282 11296 11297 11298 11308 11309 11310 11311 11312 11313 11330 11333 11756 11759 11866 11867 11868 11869 11881 12215 12344 12345 12358 12359 12361 12362 12367 12558 12567 12579 12583 12595 12600 12601 12607 12608 12609 12632 12634 12635 12644 12647 12656 12658 12666 12667 12668 12674 12675 12676 13145 13151 13152 13158 13159 13166 13209 13247 13248 13249 13250 13360 13363 13366 13369 13375 13379 13380 13473 13614 13836 13839 13841 13842 13843 13877 13883 13901 13902 13903 13905 13971 13972 13973 13974 13975 13976 13977 14155 14276 14325 14326 14337 14463 14464 14465 14466 14476 14477 14478 14479 14480 14485 14486 14872 14873 14874 14942 14943 14944 14952 14954 14974 2596 4592 4608 4651 4655 4656 6987 7004 11029 11037 11038 11050 1231 3982 4175 4847 6451 7940 7941 7949 9986 12208 12220 12546 12648 12843 12847 13188 13190 13191 13192 1232 3983 3984 3985 2239 4050 4051 4052 1233 34 5497 5502 6840 6962 6978 7033 7044 7123 7133 7992 8971 8972 8973 8974 8975 8976 8977 9273 9274 10406 11047 11345 11742 12532 13437 13613 14086 14092 14097 14103 14108 14439 14787 14789 14856 14893 14894 14896 15191 15345 15373 15381 1268 1750 3143 3793 5359 5491 5493 5494 5495 5496 5498 5499 5500 5501 5506 5596 5599 7035 7036 7037 7038 7039 7040 7041 7042 7043 7119 7120 7121 7122 7124 7125 8000 9976 10106 12458 12631 13962 13968 13969 1267 1269 237 2314 2319 3142 5210 5504 8482 8483 8484 932 1365 3144 4923 5508 9752 9949 10109 10110 11828 14905 933 934 9329 11053 11055 2126 4938 4950 7428 7435 7439 7443 9330 9331 9462 9463 9464 9465 9466 9787 9799 10526 10527 10901 10902 10903 10904 10905 10906 10907 10908 10909 10910 10912 10914 10915 10916 10917 10918 10920 10922 10923 10924 10925 10926 10927 10930 10932 4917 4936 4937 10949 3387 3430 4916 3391 3392 708 1030 2317 3233 7128 7434 13210 13474 14253 14257 1028 1029 3145 3146 3227 3432 5604 7127 7134 7429 9756 11039 11040 11882 11894 11901 11902 11903 11904 11905 11906 11907 11908 11909 11910 11911 11912 11919 11920 11921 11922 13214 13931 13936 13942 24 2124 2690 4883 4892 6807 6808 6812 6814 6820 6821 6823 6829 2125 3797 4075 6815 6816 6817 6818 6819 6822 11900 3228 3798 9755 11414 11418 11420 11917 11918 3229 3235 3433 4886 4889 4891 3439 3431 4882 8347 11826 11827 11829 11830 3366 4903 6455 6456 6607 7999 8346 8348 8349 8355 8375 8376 9277 10104 11831 12592 12593 13356 1103 2060 3367 3368 3369 6608 6609 6610 6611 1101 698 1100 1102 1424 2058 3826 4906 4910 6605 6606 6612 699 1425 3316 3317 3319 3322 3323 3997 4269 4349 4658 4659 4911 5698 5699 6604 6628 6809 6827 6830 7016 7020 7168 7691 7697 9645 9646 9660 9661 9662 9663 10337 10341 10731 11041 11051 11188 11198 11383 11384 11385 11386 11387 11388 11389 11390 13371 13373 13376 13381 13382 701 2734 2735 3315 4346 10318 10321 10732 10733 10734 11391 11392 11393 11396 11397 11398 11399 700 6810 6813 6828 3799 6805 6806 6811 6826 7690 7692 11199 11394 11395 11914 11923 12612 13353 13354 13355 13370 13851 13852 14946 14947 1719 2732 3792 3794 3795 3796 3800 3801 3802 4895 4897 4899 5505 5595 5600 5601 5606 5607 7951 9276 10105 10113 11200 12525 12566 12591 12594 12596 12687 12688 12693 12696 13853 13854 13855 13857 1717 5507 5510 5597 9212 9972 9975 9978 9985 10107 10111 11181 11182 11224 12655 12665 13143 13144 13147 13148 13149 13150 13242 13243 13244 13835 13848 13849 13850 13900 13965 1718 3195 3196 3197 3198 3199 3200 3201 3202 3138 13548 3139 3140 3141 8003 1012 3425 5222 5516 7050 8002 9765 10206 12844 13540 13544 13547 13549 1011 1010 4031 4512 4513 4932 4935 4939 5219 5220 5512 7436 7440 9303 9328 9332 9759 9761 9788 10001 10002 10003 10005 11305 12845 14864 14865 1009 4029 5218 10112 11277 12213 281 1013 4025 4071 5211 7029 7993 8512 10101 11274 15055 282 7034 11276 2657 3126 6935 6973 7030 7031 7032 9573 14080 14084 14259 14796 15011 3127 6952 6953 6975 6976 13610 13617 13956 2544 3104 3105 4717 5405 5406 6182 6187 6532 7823 7845 8401 9214 9451 9588 9629 11708 13113 13399 13418 13505 13506 13933 13957 14341 14356 14378 14420 14655 15075 2541 2543 2545 2546 2542 3044 4622 4800 6135 6141 6529 7317 7343 7345 7483 7499 7600 8272 8413 8652 9161 9445 9865 9873 10871 10882 10942 10945 11154 11155 11694 12202 13397 13494 13913 14087 14098 14100 14250 14645 14647 14648 14649 14817 14819 14842 15175 1950 1946 1947 1949 1951 1245 3395 2248 5917 8615 8616 8617 2250 2251 2252 2253 2437 11449 11450 11451 1263 2249 3394 5845 5846 5847 5848 5849 5850 5851 5852 1261 1262 595 2968 3396 3562 3563 3845 3944 4970 4974 5248 5369 5372 5375 5378 5381 5383 6222 6224 6228 6231 6233 6296 6297 6298 6299 6300 6301 6302 6303 6304 6305 6306 6307 6308 6309 6397 6398 6399 6400 6401 6413 6687 7247 7248 7249 7250 7566 7567 7569 7570 8067 8068 8072 8486 8550 8564 8574 8586 8596 8997 9011 9313 9724 9725 9726 9727 9728 9729 9730 9731 9732 9733 9734 9735 9736 9737 9738 9739 9740 9741 9742 9743 11650 12004 12005 12006 12007 12008 12009 12010 12011 12012 12305 12306 12307 12308 12309 12310 12311 12312 13312 13985 14740 2971 2973 2874 2900 2902 2972 2975 3569 3570 3677 3678 3679 3831 3838 3839 3843 4061 4064 4065 4399 4677 5707 5709 5711 5713 5716 5718 6715 6719 6731 6732 6733 6734 6735 6736 6737 6942 6943 6944 6945 6947 8006 8009 8010 8019 8024 8030 8031 8032 8041 8070 8071 8602 8603 8604 8607 9322 9323 9324 9895 9896 9897 9899 9901 10256 10257 10259 10261 10262 10265 10267 10462 10463 10464 10473 10474 10475 10582 10583 10584 10585 10586 10587 10588 10589 10590 10591 10592 10602 10977 10978 10979 10980 10983 10984 10985 10986 10988 10989 10990 10991 10999 11000 11591 11594 11595 11596 11599 11606 11607 11608 11612 11620 11623 11624 11625 11628 11635 11636 11637 11641 12132 12133 12134 12137 12138 12139 12140 12145 12146 12149 12150 12151 12152 12235 12236 12238 12241 12246 12247 12251 12252 12778 12779 12780 12782 12783 12784 12785 12935 12937 12939 12940 12942 12944 12946 12963 13216 13217 13218 13219 13220 13221 13226 13239 13303 13304 13306 13316 13783 13791 13858 13859 13860 13861 13862 13982 13987 13989 14010 14011 14012 14048 14049 14409 14410 14411 14496 14497 14503 14504 14512 14513 14514 14515 14516 14518 14519 14520 14521 14522 14523 14524 14530 14537 14543 14544 14545 14546 14553 14554 14892 14935 14936 14987 14988 14989 15046 15048 15089 15092 15097 15098 15099 15101 15107 15109 15110 15113 15122 15123 15124 15126 15127 15128 15129 15131 15133 15140 15149 15150 15151 15152 15153 15154 15155 15156 15157 15158 15161 15162 15165 15166 15194 15195 15241 15242 15244 15245 15292 15329 15330 15336 15337 15338 2321 2623 2872 2873 2875 4037 8011 10547 10548 10550 10552 10553 10554 10564 10566 10567 10568 10569 11593 11622 12237 13780 13782 13784 13785 13788 13789 14148 14291 14293 14295 14296 14297 14298 14299 14499 14542 14547 14548 14549 14550 1444 1445 1463 1840 1841 2173 2174 2322 2323 2324 2325 2327 3673 3674 8008 8036 8042 10018 10019 10020 12974 13010 13012 13014 13049 13050 13053 13054 13056 13058 13060 13062 13637 13639 13754 13755 13756 13786 13787 14531 14532 14538 14539 14540 14541 1446 2626 5963 5966 5975 5976 8020 8033 8034 8035 8037 8237 8243 8936 8937 8940 8943 8944 8947 8949 8950 11609 11610 11638 11639 12115 12116 12117 12118 12119 12120 12121 12122 12123 12124 12125 12126 12127 12128 12239 12248 12249 12250 12887 12889 12890 12901 12902 12903 12904 12907 13048 13052 13057 13059 13722 15041 15043 15045 15159 15160 2628 7955 7957 7958 7961 7962 2624 2625 2627 3152 3727 3732 3734 6720 6721 7956 7963 8240 10702 10716 10717 13725 13761 13763 14180 14181 14184 14204 14505 14506 14507 14508 14525 14526 14533 14534 15108 15121 15132 15138 15222 15233 15235 3151 3153 3154 3728 3729 4038 4040 4041 4807 4810 4814 4817 5012 5014 5018 5692 5888 5902 5903 5904 5905 5906 5959 5961 6753 6754 6755 6756 6757 6758 6759 6760 6761 6859 6873 7023 7025 7026 7388 8007 8238 8239 8247 8253 10008 10009 10011 10012 10013 10014 10015 10022 10029 10559 10597 10699 10700 10701 10703 10706 11176 12075 12077 12078 12081 12082 12242 12456 12891 12892 12893 12894 12900 13752 13759 13760 13762 13765 13779 13781 14147 14492 14493 14494 14495 14498 14500 14501 14502 14509 14510 14511 14517 14527 14528 14535 14536 14551 14552 14741 14744 15106 15130 15232 15234 15237 15238 2070 3771 3772 3773 4039 4042 5691 5776 5777 5907 5957 5958 5960 5962 6858 6869 6871 7274 7281 7288 7387 7389 7390 7898 7899 7905 7906 8005 8060 8061 10545 10546 10558 10560 11369 12059 12060 12062 12068 12085 12086 12088 12089 12097 12911 12918 12927 12929 12934 12936 12941 13645 13769 13790 14529 14745 2071 2072 2074 10549 10551 10555 10556 10557 10580 10581 5577 8578 8581 8600 9320 10593 10594 10595 10596 10598 10599 10600 10601 5567 5568 5569 5570 5574 5576 5578 5579 6368 6369 6370 6371 6372 6373 6374 6375 6376 7062 8499 8577 8579 8599 8601 9014 9319 9321 10272 10275 10277 10284 10287 11837 12860 12861 12862 12863 12864 12865 12866 13869 1084 1430 2073 2159 3215 3216 3217 3218 3219 3220 3221 3223 3224 5565 5566 5571 5719 5720 5721 5723 5724 5725 5727 5728 5729 5730 5731 5733 5734 5735 5737 5738 5739 5740 5741 5742 6355 6356 6357 6358 7056 7061 8427 8431 8436 8440 8443 8445 8446 8447 8449 8498 8565 8566 8567 8569 8570 8575 8587 8588 8589 8591 8592 8597 8998 8999 9000 9001 9002 9005 9006 9012 9314 9315 9316 9317 9431 9432 9433 9434 9435 9436 9437 9438 9439 10155 10156 10157 10158 10159 10160 10161 10162 10163 10255 10258 10260 10264 10266 10268 10269 10270 10273 10274 10276 10282 10283 10285 10286 10288 11459 11460 11461 12313 12314 382 767 1836 3222 5722 5726 5732 5736 5743 7063 8500 9007 10164 10165 10166 10167 11838 12475 12766 12767 12768 12769 12770 12871 13863 13864 766 768 1835 9440 9441 441 443 827 1837 442 444 828 919 9442 9443 9444 7331 2184 3526 3527 3528 3529 3530 3531 5911 6359 6360 6361 6362 6363 6364 6365 6366 6367 7327 7329 7332 7333 7334 7335 7336 7337 7338 7339 7340 257 3532 3533 3534 3536 3537 3538 3539 6377 6378 6379 6380 6381 6382 6383 6384 7328 7680 7686 10168 3535 10169 563 3844 3857 5258 5374 5573 5580 5581 5708 6387 6392 6393 6394 6395 6396 6426 6430 6431 6432 6434 7065 7066 7536 7537 7553 7563 7565 7773 7780 7791 8087 8088 8090 8111 8114 8115 8116 8118 8120 8122 8125 8132 8137 8138 8139 8150 8485 8502 8503 8549 8558 8568 8571 8573 8583 8590 8593 8595 8606 8609 8710 8712 8713 8715 8721 8724 8727 9003 9008 9010 9016 9142 9153 10170 10171 10172 10173 10174 11064 11067 11068 11073 11079 11085 11091 11095 11996 11997 11998 11999 12000 12001 12002 12003 12023 12024 12028 12029 12030 12299 12315 12316 12317 12318 12438 12439 12440 12441 12442 12443 12444 12446 12771 12772 12773 12774 12853 12867 13311 13315 13518 13519 13520 13521 13522 13523 13524 13525 3858 5385 5388 5391 5396 5572 6236 6240 6246 6250 6254 6388 6389 6390 6391 6408 6686 8548 8563 8572 8585 8594 8996 9009 11649 11992 11993 11994 11995 12298 12300 12301 12302 12303 12304 13310 13984 14738 3846 3848 3850 3851 3853 3854 3855 5250 5252 5253 5317 5318 5319 5320 5321 5322 5323 5324 5325 5371 5377 5380 5384 5582 6428 6429 6433 6435 6695 6705 7060 7068 7073 7074 7534 7535 7538 7539 7549 7550 7551 7552 7554 7561 7562 7564 7747 7748 7749 7750 7751 7752 7753 7754 7755 7786 7787 7788 7789 7790 7792 7793 7794 7795 7796 7797 7798 7800 7801 8073 8074 8075 8076 8077 8089 8110 8112 8113 8117 8119 8124 8126 8127 8128 8129 8130 8131 8133 8134 8135 8136 8497 8510 8557 8559 8561 8711 8714 8723 8725 8726 8728 8865 8866 11062 11063 11066 11070 11071 11072 11075 11077 11078 11081 11083 11084 11087 11088 11090 11093 11094 11097 11098 11100 11652 11841 12018 12019 12020 12021 12022 12025 12026 12445 3397 3399 3401 3642 3644 3646 3648 3739 3847 4232 4233 4975 4976 5249 6337 6694 7051 7052 7055 7059 7666 7667 7668 7669 7670 7671 7672 8487 8488 8491 8496 8576 8598 8799 8800 8801 8802 8803 8804 8805 8806 8807 8808 9013 9278 9279 9318 10449 10451 10453 10455 10456 10457 10458 10460 10468 10496 10497 10501 11015 11017 11061 11065 11069 11074 11076 11080 11082 11086 11089 11092 11096 11099 11434 11435 11436 11437 11438 11439 11440 11441 11442 11443 11444 12474 13313 3398 3400 3403 3406 3075 3077 3079 3081 3083 3404 7054 8490 9125 9126 9127 9128 9129 9130 9131 9132 9133 9134 9135 9136 3076 5059 6160 7673 8812 9103 9113 9116 719 3078 3080 3082 3084 4213 5648 6444 6766 8197 10450 4216 6446 8204 4214 4217 6678 9672 9675 1941 1944 1945 2262 2490 3645 3660 3676 4215 4219 4228 4231 4237 5079 5084 5255 5308 5363 5373 5649 6410 6442 6445 6767 7252 7620 7649 7759 8144 8154 8194 8199 8492 8733 8778 9280 9497 10452 10454 10459 10461 10469 10499 10987 11016 11494 12781 12831 12832 12833 12834 12835 12836 12837 12838 12839 12840 14292 14928 15339 1940 1942 1943 3306 5036 5078 5080 5081 5083 5085 5086 5087 5089 5092 5093 5094 5095 5362 5364 5365 6424 6441 6443 7251 7253 7254 7255 7256 7257 7258 7260 7265 2261 3062 3067 3305 3643 3656 3659 3675 4227 4230 4236 5088 5307 5366 5370 5706 6223 6225 6226 6227 6409 6422 6439 7259 7261 7262 7263 7264 7525 7558 7619 7648 7758 8143 8153 8732 8777 11493 12852 2260 2263 2264 2265 2266 2529 3255 3308 3564 3566 3567 4546 5450 6949 7760 7802 8066 8069 10509 11543 12775 12776 12777 2525 2528 2530 2719 2720 2722 2819 2820 2918 2919 2920 2926 2927 2928 2929 3053 3088 3253 3254 3257 3309 3565 3568 3636 3639 5386 5387 6235 6237 6239 6241 6242 6386 6402 6419 7514 7530 7615 7617 8703 8707 12291 14735 1121 1492 2526 2527 2821 2822 6697 9039 11488 11489 11490 11491 11492 1120 1123 1493 2065 2754 4699 4703 5257 6691 6698 9040 9041 9042 9043 9044 9282 10505 11495 11496 11497 11498 11499 11500 11501 11502 11503 11504 11505 11506 11507 1122 1491 2064 2753 4702 5256 6690 6696 8779 8780 8781 8782 8783 8784 8785 8786 8787 8788 8789 8790 8791 8792 8793 8794 8795 8796 8797 8798 1124 5251 5259 6411 6412 6414 6415 2294 2296 4229 4305 4306 4307 4308 4309 4310 4311 4312 4314 4315 4316 4317 4318 4319 4320 4321 5376 5379 6229 6232 6234 6251 6330 6331 6333 6702 7076 7266 7268 7269 7271 7272 7518 7519 7520 7522 7523 7524 7526 7527 7540 7541 7542 7543 7555 7556 7557 7559 7560 7568 7616 7618 7621 7622 7623 7625 7626 7627 7628 7629 7630 7637 7638 7639 7641 7642 7644 7645 7646 7647 7650 7651 7652 7653 7654 7655 7656 7663 7664 7665 8145 8146 8147 8148 8511 8551 8552 8553 8554 8560 8716 8717 8718 8720 8722 8729 8730 8731 8734 9139 9140 9141 9144 9145 9146 9147 9148 9149 9157 9158 10507 10508 10981 10982 11007 11008 11009 11010 11103 11105 11106 11110 12013 12014 12015 12016 2295 2297 2549 2550 2599 4011 4012 4014 4015 4017 4018 4020 4220 4221 4223 4224 4225 4313 4323 5367 5368 5389 5390 5392 5393 6238 6243 6244 6247 6252 6255 6334 6416 6417 6418 6420 6421 6423 6425 6427 6436 6437 6438 6440 7267 7270 7273 7512 7513 7515 7516 7517 7528 7529 7531 7532 7533 7546 7547 7548 7631 7657 7658 7660 7661 7662 7675 7772 7779 8085 8121 8555 8556 8708 8709 8719 8861 8862 8863 8864 9152 9154 9155 9156 10694 11101 12027 1562 2548 2551 2552 2553 2554 2556 2557 2558 2559 2560 3945 4010 5348 6249 6329 9028 182 499 816 1563 3946 3947 3948 3949 3950 3951 3952 5347 5350 5353 5355 5356 4019 6253 9031 12297 4013 4016 4021 4022 4023 5394 6245 6256 6405 7521 7545 9029 6688 6796 9030 9032 9046 6685 6689 2925 2930 4969 4973 5033 5395 6327 6406 6700 6703 8562 8584 8995 9312 11648 12292 12293 12294 12295 12296 58 393 2365 3637 3638 5031 6403 6404 6407 2366 2367 3657 3658 6230 3640 3647 3653 3654 3661 3664 5315 5488 6248 8155 3641 3649 3650 3651 3652 3655 3662 3663 4982 5293 5302 7544 8094 8101 8107 11108 11109 11651 12017 12437 13983 2600 5032 7636 11114 921 951 1579 2598 5034 5035 920 922 3056 12765 13314 3054 3055 3057 3058 3059 3060 3061 3065 5583 5887 8441 12477 12763 12764 3063 11541 14736 1427 3064 3066 5309 5710 5712 5714 5715 5717 7067 8504 9004 11840 12319 12854 12868 12869 12870 1426 7756 4980 4981 5082 6335 6348 6349 6350 7069 7757 7761 7762 7763 7764 7765 7766 7767 7768 7769 7770 7771 7774 7775 7776 7777 7778 7799 7803 8078 8814 11012 4972 4977 4984 55 4971 6747 6748 6749 2424 3730 4978 5550 5908 6724 6725 6726 6727 6728 6729 6730 6738 6739 6740 6741 6742 6743 6744 6745 6746 2427 2428 2431 2432 2433 5552 5556 5749 5978 11508 11509 11510 11511 14845 14846 14847 2313 2425 2426 2429 3038 5555 5748 5750 5765 11300 11350 11513 12461 13174 14164 592 1532 1931 3039 3041 5207 7723 7873 13173 13228 14752 14758 14759 823 233 822 354 1449 1575 1576 2430 2977 2978 3037 3040 3042 3344 3474 3476 3833 3834 3841 3842 5561 5754 5910 5941 5942 5943 5977 7701 7710 7863 7864 7865 7866 7870 7871 8025 8026 8039 8040 8935 8938 8939 8941 8942 8945 8946 8948 8951 8952 8953 10719 11512 11514 11515 11516 11517 11518 11519 11520 11521 11522 11523 11524 11525 11526 11527 11528 11529 11530 11531 11532 11533 13454 13456 13460 13461 13462 13464 14754 14755 14757 14969 7707 7712 7713 7715 7717 7718 7720 7724 7725 7726 249 3340 3343 4790 4792 7705 8354 8515 9611 10618 10623 11275 11285 11286 11287 11303 11316 11317 11318 11319 11320 11321 11324 11325 11326 11327 11351 11352 11353 11354 11355 11356 11757 11888 11970 12217 12219 12221 12360 12614 12673 13177 13245 13246 13257 13469 13970 13978 13981 14156 14166 14315 14453 14455 14972 14998 668 3096 9275 4074 4170 9271 9272 1014 1015 4072 4073 4080 4825 4831 5213 6936 7995 8540 8542 9574 11844 13439 3935 2061 2062 5598 6197 6198 6199 6200 6201 6202 7045 7046 7996 7997 7998 8161 8162 8735 8736 10698 2063 5503 7126 1266 5492 7131 8741 1265 54 289 290 325 1264 1338 1361 1687 1689 1748 2080 2081 2082 5913 5991 5992 5993 5994 5995 5996 5997 5998 1688 1686 2083 2084 1685 4381 3627 2503 3629 4446 5440 5441 11235 2504 3632 3633 4433 6842 7079 7083 7970 7971 7990 8988 8992 8994 9700 9703 10082 11892 11893 14113 14117 14822 7077 7078 7081 7082 7084 7085 7089 7091 3050 5436 5437 7095 7096 11890 12824 14078 14091 14109 3047 3051 3052 5983 6538 7087 11166 14115 12827 3427 6143 12823 12828 14085 14093 14095 14099 14800 3428 3429 13259 13345 15305 1783 1824 2635 3473 5545 5554 5559 5563 5756 5757 5758 7395 8017 8043 11614 11617 11643 11646 12159 12160 12161 12162 12163 12174 12255 12256 12482 12491 12492 13198 13205 13206 14198 14199 14205 14206 14207 14210 14215 14687 14688 14689 14690 14691 14692 14693 14694 14695 14990 15143 15293 15324 15325 15326 1298 1823 1825 2716 3733 5521 5530 5533 5894 5895 5921 7139 7140 7141 8012 8013 10711 10714 11364 11372 12050 12051 12052 12079 12080 12103 12104 12107 12144 12155 12156 12164 12175 12176 12480 13196 13275 13276 13298 13384 14015 14019 14020 14173 14174 14179 14182 14183 14195 14564 14565 14566 14580 14582 15064 15134 15136 15231 15334 1254 1299 1252 1255 1256 1253 13194 13195 13200 13201 13202 1602 1603 5762 9037 13199 13204 3748 4685 5752 5755 5759 5760 5761 5763 5764 3746 3747 3749 676 690 1790 2136 2409 2509 2884 3477 3743 3744 3745 3761 4069 4684 5543 5936 5938 6295 6876 8970 12481 12483 13197 14185 14200 14216 14217 14218 675 109 673 674 1106 1167 1381 1384 1422 1667 1672 1739 1827 1828 2025 2031 2134 2139 2348 2373 2506 2881 2887 3157 3417 3470 3750 3755 3758 4047 4068 4678 5934 6290 6875 6877 9777 9778 672 5931 606 954 1380 1382 1666 1671 2030 2034 2133 2137 2347 2879 2886 3416 3468 3742 3753 5933 6289 8966 9773 9774 607 1670 2029 2033 2346 2878 2880 2885 3415 3741 3752 3754 5932 6288 8965 8967 9775 9776 1039 1669 1772 1773 2128 2129 2350 2351 2408 3909 4985 37 303 305 307 671 956 1040 1044 1045 1048 1049 1674 1771 1776 1785 2036 2130 2890 3009 3011 3467 3910 304 35 36 306 669 1047 1379 1386 1775 1784 2035 2131 2132 2889 3419 3426 4391 6792 6903 8858 670 3010 4304 5237 5238 6776 1008 1383 2138 2778 2783 3469 4294 4295 4296 4298 4299 4300 4301 4302 4303 5138 5630 7420 10516 13803 1385 2140 2883 3472 3757 8968 9779 9780 9781 13884 2141 2142 5135 5136 5140 511 5137 5141 147 1559 2686 5132 5134 5139 6293 6874 2839 3346 5128 5130 5131 5133 5631 6781 6895 6897 6898 6899 8847 8854 8855 8857 13592 13640 13643 13796 13800 1316 2372 2835 2836 2837 2838 2840 2841 3345 3347 5239 6892 6894 6896 8827 8856 9890 623 622 6551 6552 9891 1397 1892 1893 1894 2517 2518 2523 2524 3486 3487 3488 5664 5665 5810 5811 6542 6543 6545 6548 6549 6550 6553 6554 6555 7162 7571 7809 7954 9311 9888 12199 1398 4644 4649 4640 4642 4643 4645 12198 12207 929 3956 3957 4639 4641 4646 4647 7002 8223 8366 9582 9643 9981 9982 9995 9997 10317 10319 10320 10325 10326 10327 10329 10330 10331 10333 10334 10335 10336 10338 10339 10340 11402 11419 11424 11427 12613 13372 3953 3954 3955 3958 3959 3960 3961 3962 4593 4595 4652 4657 6933 6982 9659 9983 9994 9996 10528 10729 11149 11151 11152 11400 11422 11425 11431 13146 13252 13935 13980 14277 4599 4662 6603 6983 6985 6989 7003 2736 3375 3378 4596 4597 4598 4601 4660 4661 4663 4664 4666 7005 7018 11401 2733 2737 2738 5700 1665 2236 2646 2969 2970 3505 3506 3859 4879 4880 4958 4959 6598 6599 6600 6601 6602 7169 7170 9805 9806 9807 9808 9809 9810 9811 9812 9813 9814 9815 9816 9817 9818 9819 9820 9821 958 1172 1618 2235 3336 7851 9047 12490 13302 13305 15007 1173 13307 13309 3823 4347 13308 13819 15042 2057 3820 3821 3822 3828 4422 5536 6708 8255 10135 10218 10708 11597 11626 12244 12762 13806 13807 13808 13809 13820 13821 13822 2059 4423 10139 13263 13283 13299 13530 13994 14027 14152 15081 15096 1662 4110 4421 4424 4425 4426 4427 4428 4429 4430 4431 5123 5124 5125 5126 5278 5529 5531 6016 6018 6576 6577 6578 6579 9284 9285 9286 9287 9290 9296 9746 10136 10140 10182 11358 12031 12038 12048 12049 12057 12070 12851 13030 13034 13036 13039 13040 13041 13066 13078 13079 13105 13106 13260 13264 13265 13266 13267 13268 13270 13271 13293 13633 13634 13654 13655 13672 13674 13677 13678 13698 13708 13709 13865 13866 13995 13996 13997 13999 14002 14004 14014 14016 14021 14025 14028 14036 14037 14039 14045 14046 14575 14769 14995 15095 15103 15104 1663 1664 5106 5107 5540 6011 6019 6784 7380 7381 7382 10609 10626 11359 11361 11362 11363 11567 11569 11572 11578 11579 11580 12032 12034 12037 12039 12041 12042 12046 12055 12056 12063 12066 12071 12084 12090 12092 12093 12094 12096 12100 12101 13074 13104 13272 13273 13274 13631 13681 13686 13694 14130 14137 14577 15206 5532 9291 9749 10133 10138 10143 12102 12184 12185 12452 12455 12821 12822 13070 13072 13077 13692 13697 13802 14041 15004 15296 15376 5527 5528 5534 12271 12375 12384 12385 12403 12404 12410 12411 12412 12416 12418 12419 13261 13262 13287 13628 13629 13664 13666 13699 2315 4028 5535 5539 6706 9023 9411 9412 9413 9414 9415 9417 9418 9419 9420 9421 9422 9423 9424 9425 9426 9427 9539 10132 10134 10704 13810 13811 13813 13814 13818 2316 6710 10146 11373 13823 13824 13825 13826 13827 6707 6709 3829 5893 6714 6716 13812 3830 3832 3835 3836 3837 2183 2899 2901 2974 2976 2979 3513 4060 4062 5517 5519 5546 5553 5788 5792 5793 5795 5890 8023 8027 8028 8932 9033 9034 9035 9036 9038 10194 10204 10710 11590 11598 11600 11601 11619 11627 11629 11630 12484 12485 14698 14700 14702 14704 14848 14889 14891 15034 15036 15038 15040 15044 15125 15139 15192 15193 15202 15203 15215 15216 15327 15328 15353 3512 4683 5551 5892 7145 7146 7147 8056 9045 10193 10203 11603 11632 12487 13203 14671 14672 14674 14676 14679 14681 14684 14686 14696 14697 14699 14701 14703 14726 3511 3514 5544 7695 7696 8015 8029 10195 10712 11602 11604 11605 11616 11631 11633 11634 11645 11654 11655 11656 11657 11658 11659 11660 11662 11664 12478 12486 12488 12700 12701 12702 12703 14188 14192 14193 14194 14673 14675 14677 14678 14680 14682 14683 14685 14756 15024 15026 15028 15029 15032 15204 3376 3377 8044 10715 11429 11615 11644 15023 15025 15027 15030 15031 15033 3330 4878 7689 7693 7694 7699 12704 1936 3331 3332 3334 549 1935 1937 1938 1939 2458 1448 3335 3333 3337 10693 3326 4218 2645 3325 3327 3328 3329 2644 839 840 1105 1190 1348 1782 1958 1959 1960 1961 2217 2218 2647 3001 3508 3515 3862 5696 5697 7852 7853 9800 9801 9802 10196 10205 10690 10691 10692 596 597 1272 1434 1462 3002 1433 3860 2491 3861 2485 2486 2487 2488 2489 2695 3510 4960 4961 2694 5695 2692 2696 2693 5701 1545 1629 2495 3006 4901 6154 1546 2496 3007 4276 4278 4280 2492 2493 1628 2784 2785 2786 1410 2208 2494 3004 3008 1411 2008 2209 3005 1547 1736 2005 2006 2007 3134 3135 3136 3137 3269 4279 4171 4274 4275 4277 10102 4169 4172 12694 4896 4900 4898 4902 8353 9467 3979 8377 3072 10342 3071 3073 10520 10521 10529 10530 10531 3070 9301 9307 9789 9794 12209 12842 3069 5654 9333 2601 2602 2670 3068 3091 5068 5070 5072 5074 6624 9327 548 2519 2603 2604 4955 5071 7953 12222 2516 2520 5660 5661 5662 5813 2515 2731 2958 3296 3484 6082 484 2522 2728 3292 3483 6081 483 2521 2730 3295 3482 3912 2726 2729 1787 1788 2394 2592 2612 2727 2955 2957 2959 3260 3262 3291 3293 3478 3479 3480 3481 3977 4793 1789 2587 3890 3978 6159 3911 5658 7159 7445 7808 7810 7811 535 2320 3093 4473 4474 4476 4478 4769 4770 4772 4779 4943 4944 5076 5621 5657 5659 5663 6625 6627 7160 7161 7814 7815 8859 9304 2669 3089 3092 3094 3095 4477 4479 4481 4482 4767 5073 5075 7166 802 2671 6623 801 91 92 265 418 1795 5069 1420 4951 8224 8225 4941 4946 4948 4952 4940 4942 5077 4090 4091 4945 5655 5656 7432 9760 9785 2473 3090 4027 4092 4093 4094 5215 5216 5221 12211 680 1063 1065 2472 2474 2475 7813 9790 9791 9792 7812 2965 2966 9305 9308 9750 9795 9796 9797 10108 10656 13153 13212 13966 13967 14875 14876 14877 14963 2963 7950 758 10657 10664 11205 12338 12552 12690 12695 12698 12699 757 369 14444 368 2682 4382 4600 11739 11963 13138 13542 14445 14852 14853 15314 4383 4389 9967 9968 10004 4076 9763 9974 9977 9984 4077 4079 4078 8547 9965 9971 9973 10006 10007 1390 4949 6029 6030 7431 9579 9583 9584 9585 1391 3148 3230 3390 3572 3573 6028 681 3147 3231 3389 3434 3571 6031 6032 6033 2154 3149 3150 3574 4509 1796 2155 3583 1797 172 450 3393 4510 4511 13914 4154 4783 5412 5419 5421 7165 7417 10352 11143 11144 11220 11227 11268 11772 11792 12637 12820 13215 13496 13558 13559 13560 13910 13938 13943 14042 14441 14979 15117 15298 15307 15308 15309 15310 15311 4157 4155 4156 4523 4526 4528 4529 4686 4687 4688 4689 4690 4691 4776 4777 4778 5400 5411 5418 5420 6620 6621 6626 7167 8206 8207 8218 8219 8220 8229 8230 8231 9233 9240 9241 9242 9258 9259 9260 9265 9266 9267 9268 9634 9664 9665 9666 9911 9912 9914 9915 9919 9928 9930 9933 9936 9946 9947 9954 9955 9961 10332 10485 10488 10489 10494 10495 10522 10523 10524 10525 10643 10644 10645 10649 10650 10651 10652 10653 10654 10655 10658 10659 10661 10662 10663 11167 11170 11171 11219 11226 11834 11835 12641 12679 12680 12682 12683 12684 12685 12686 13954 13959 13964 14116 14150 14432 14433 14447 14904 15118 15119 15297 9229 11808 11821 11822 11960 13141 13928 14265 4524 4527 7163 7241 9234 9246 9247 9252 9253 9263 9687 11810 11811 11819 4518 4519 4520 4521 7213 7214 7215 7216 9236 9237 9245 9248 9270 9698 9929 9931 9932 9935 9938 11812 13960 13963 4692 8480 9692 9694 9696 9697 9907 11814 7197 7198 7199 9909 9910 9934 9937 1142 1243 3108 5401 5410 5984 6185 6194 7193 7195 7196 7202 7203 7208 7211 7212 7224 7245 7246 8213 8214 8215 8216 8217 8452 8467 9632 9922 9923 9924 9925 9926 9927 9940 9941 9942 9943 9944 9945 9948 9950 9951 9952 9953 9956 9957 9958 9959 9960 9962 13129 13131 14419 14423 14424 14431 1143 1144 2780 2781 3109 5988 9685 2782 5203 5208 5209 2779 5201 5206 5989 13134 11668 11669 13885 13886 13887 3759 4239 6590 6773 10515 11613 11642 11661 11666 11667 11674 11678 11679 13502 13888 3760 11663 11665 3691 3692 6586 10188 11048 11673 11677 11797 13383 13714 13715 14191 14578 14579 14596 14609 14624 14625 15318 3684 3685 3687 3688 3689 3690 6006 6014 6023 6151 6476 6478 6484 6489 6491 6504 7918 7920 9066 9067 9069 9070 9072 9073 9081 10056 10059 10061 10185 10366 10369 10377 10380 10381 10389 10392 10398 10399 10400 10401 10514 11024 11044 11046 11670 11671 11672 12391 12426 12428 13279 13281 13282 13285 13286 13289 13290 13295 13635 13636 13679 13680 13705 13713 14051 14052 14055 14569 14572 14606 14614 14621 14622 6591 3159 6589 6592 6593 6594 6595 6596 6597 4238 4241 1605 4207 4240 4244 4561 4563 4619 5873 5874 7103 7104 7164 7342 7347 8645 8647 8650 8651 9362 10371 10372 10534 10842 10843 10870 11119 11125 11132 11141 11781 12257 12258 12260 12261 12272 12372 12374 12376 12377 12378 12381 12383 12388 12389 12393 12732 12735 12736 12737 12746 12747 12805 13332 13333 13455 13584 13587 13588 13589 13687 14106 14221 14407 14413 14629 14633 14637 14705 14764 14830 14831 14933 14982 15168 15171 15172 15173 15174 15181 15183 15185 15188 15190 15247 4196 4198 4200 4202 4203 4204 4205 4206 4209 4210 4211 4212 9057 9060 10874 10877 10879 11685 11686 11782 13326 14223 14610 14652 1367 3868 3871 3964 3965 3968 3969 3971 4555 4557 4863 4867 4869 4870 4875 4876 5470 5472 5474 5475 5476 5477 5478 5479 5480 5481 5482 5483 5484 7825 7847 7885 7886 11375 11379 11462 11785 11786 11787 11795 11796 11798 11799 11800 14653 3869 3873 3966 4864 3967 4862 4913 11376 11770 11771 11775 11776 11777 3963 3976 7816 7818 14919 3374 5427 5431 3370 3371 3372 3373 2000 3312 1999 2001 2003 1583 1587 2002 1581 1582 2597 3311 566 1439 5432 5433 4925 5275 5425 5426 5428 11926 11932 11933 4926 4927 4928 4930 4931 11954 13296 14003 14005 14006 14007 14022 14040 14043 4760 4761 4922 4933 4934 11934 11936 11937 11956 11957 11958 11959 11961 11962 11964 11965 11966 11980 3437 4475 4762 4763 4764 4765 4766 4768 4775 4780 5224 7444 10149 10328 13213 14258 14266 14272 14273 14284 3435 3438 3436 7433 9786 12841 1366 3232 8520 11380 12337 12339 12340 1647 1648 4603 4607 4833 4836 4842 6657 6658 6659 7008 7010 7982 8516 8543 8544 8899 8958 8959 9630 10420 11288 11346 11413 11740 11764 12331 12371 13251 13253 13254 13603 13611 13612 13619 14161 14921 14925 12657 5149 5515 5602 6919 6930 8900 8904 8905 9580 9827 9833 11417 11426 11836 12633 12697 13211 13979 5143 5147 5148 793 5142 5144 5145 5146 5513 5514 11203 11204 8227 8546 9766 11304 13255 13256 14916 3234 7437 8209 8210 8221 8222 8232 9335 11823 14487 14914 14915 3236 4774 7438 5225 7441 14254 5214 5212 4026 10103 3424 3980 4838 6664 7932 7933 9175 9176 10114 13452 13453 3422 3423 6629 6630 6631 6635 6641 6643 6644 5509 6447 6448 6449 6450 6452 6453 6454 144 291 1024 4924 4989 4990 4991 4993 5003 5511 6647 6655 363 1104 1362 1749 3388 3791 4837 4996 6651 6654 6660 6638 6639 6640 6652 6661 6636 6637 6645 6646 6662 7129 7130 7132 9549 10421 6656 13142 13167 13934 13941 14452 14489 6038 6044 6937 6940 6986 8860 9963 10150 10646 10647 11885 11967 13507 14454 379 608 1394 3341 6039 6041 6045 6046 6047 6049 6050 6884 8649 8671 8676 8689 8698 9288 9302 10314 10621 10629 10635 11028 11302 11887 11889 11898 11968 11969 11972 11973 11974 11975 11987 12274 12332 12336 12370 13170 13318 13320 13488 14246 14303 14310 14312 14314 14442 14448 14456 14491 14767 14918 14922 14957 14962 14967 15360 1395 4909 3342 5287 6043 6890 10291 14417 14490 14768 14912 15322 5276 5285 5286 3206 4190 5279 5280 6042 6048 1251 4188 4189 1249 1250 3207 3208 3210 649 3209 4791 650 1924 1926 4788 4785 4786 4787 4789 5879 11713 12957 12958 14594 14607 14608 15019 12825 11371 12467 12713 12826 2715 6008 7922 8014 10187 11365 11370 13083 13084 13094 13095 13099 13110 13112 13294 13297 13385 13657 13706 13707 13716 14168 14169 14170 14171 14172 14175 14177 14187 14213 14214 14604 14605 2712 2713 2714 2717 2718 3775 3776 4043 4044 4247 5097 5099 5100 5101 5103 5109 5110 5114 5115 5116 5118 5177 5673 5678 5682 5918 5920 5922 5923 5924 5929 5930 6024 6025 6560 6565 6573 6574 6789 7289 7585 7737 7738 7739 7744 7745 7896 7897 7910 7912 7921 7923 7924 7927 8064 8065 8390 8391 8392 8394 9505 9507 9508 9510 9511 9514 9518 9521 9522 9524 9529 9530 9532 9533 9535 9545 9546 10190 10290 10293 10294 10296 10297 10298 10301 10303 10310 10311 10364 10383 10608 10613 10614 10637 11138 11536 11538 11552 11557 11558 11560 11588 12033 12035 12036 12043 12044 12045 12109 12187 12191 12406 12417 12420 12432 12796 12797 12799 12800 12801 12882 12909 12916 12921 12945 12951 12961 12964 13047 13051 13108 13231 13232 13233 13235 13236 13237 13277 13291 13300 13490 13492 13511 13516 13517 13641 13644 13656 13711 13721 13723 13724 13727 13728 13729 13732 13736 13737 13742 13773 13793 13801 13993 14008 14009 14013 14018 14139 14141 14190 14571 14612 14724 15062 15063 15066 15208 15225 15228 15249 15357 5919 5926 6786 6788 5108 5281 5925 5927 5928 6879 6880 6881 9528 10308 11025 12105 12402 12409 12983 13107 13109 13593 13798 14835 14838 15057 15058 15061 15067 3611 3824 3825 3913 3988 3990 3992 3993 4327 4328 4329 4330 4332 5098 5102 5104 5105 5113 5117 5119 5120 5127 5283 5284 6268 6564 6570 6581 6583 6711 6712 6878 6882 6883 6886 6887 6888 6891 7740 8235 9474 9504 9506 9509 9512 9513 9517 9523 9531 9534 9547 10137 10141 10148 10278 10295 10312 10313 10477 10603 10605 10606 10607 10610 10611 10612 10627 10628 10705 10889 10968 10973 10996 11005 11006 11535 11537 11540 11551 11555 11556 11559 11561 12424 12431 12453 12802 12803 13222 13229 13230 13491 13493 13510 13514 13626 13627 13658 13710 13718 13720 13726 13731 13734 13735 13738 13741 13749 13991 13992 13998 14000 14026 14066 14140 14189 14748 15059 15060 15065 15227 15253 15343 3603 3606 3612 3613 3604 3457 4331 3451 3453 3454 3455 3456 3458 3459 3460 3610 4250 678 2652 3449 3450 3452 7401 7446 7447 7448 7449 7450 7451 7452 7453 7455 7456 7457 7458 7459 7460 7461 7462 7463 7465 7467 7476 7478 8622 8643 8693 10215 10217 10222 10225 10234 10235 10242 10253 2651 3163 3164 3165 3166 3718 3721 4055 7464 7466 7468 7473 7475 7477 7480 8618 8619 8620 8621 8623 8624 8625 8628 8629 8630 8631 8632 8633 8634 8637 8638 8662 8665 8667 8670 8681 8683 9048 9053 9845 9846 9847 9855 9856 9857 9858 10213 10214 10220 10223 10224 10226 10227 10228 10232 10233 10236 10237 10239 10361 10362 10363 10365 10368 10376 10379 10382 10837 10838 10839 10841 10847 10850 10852 10854 10856 10860 10862 10864 11563 11564 11565 11566 11571 11573 11574 11576 11577 11582 11583 11584 11585 11586 11587 11589 12380 12390 12392 12405 12421 12422 12425 12427 12759 13002 13019 13586 13590 3162 4053 7399 7400 7402 4054 4056 7404 7405 7406 7407 7408 3168 4057 8635 8636 8639 8640 8641 8642 8644 8653 8661 8678 8685 8691 9026 9849 9851 9853 9862 9863 9864 9866 9868 9869 9870 9871 9872 9874 9876 9877 9883 10532 10533 10539 11568 11575 2937 8668 8674 8677 8682 8684 8687 8690 9051 10536 10537 10538 10540 10541 10840 10848 10855 10861 10863 2936 3225 5634 7423 8694 9049 9052 9054 9055 1757 3226 10542 1758 1759 1760 5262 5263 5264 5266 5268 5270 5271 5614 5616 5676 5677 6112 6117 6118 6127 6128 6850 9017 9480 9483 12741 12742 12756 12760 12761 12971 12976 12999 13008 13015 13020 13021 13023 13024 13026 3994 4545 5613 5615 5617 5618 5619 8469 8471 9542 14160 14405 14414 14415 3240 2547 3237 3238 3239 3241 1793 2787 2788 2789 5877 5880 5883 5884 9062 9064 9065 2189 2227 2790 2791 2792 4725 4732 2186 2190 1110 2187 2188 3250 9059 1111 1112 3251 4726 6907 1409 1511 2191 2793 3085 3086 3087 1512 1510 2794 6385 93 422 424 425 716 969 1119 1477 1507 1811 1813 1848 3252 3863 4986 5670 423 219 220 1812 1814 3540 4988 101 102 103 263 356 448 612 717 968 1305 2649 2650 492 1212 1900 2629 135 136 251 491 1213 1901 2630 1902 174 175 539 884 885 953 1306 1642 2305 1641 2304 952 1643 449 2648 285 647 1740 286 648 1741 3886 1742 2481 3409 4134 4178 4179 4485 477 4490 4507 5261 478 1020 1194 1899 2484 3414 4135 4139 4180 4491 6035 1019 1898 2200 2764 3408 3412 3413 4114 4115 4116 4132 4133 4138 4176 4177 4492 4493 5800 479 1288 2201 2202 2203 2204 2205 2766 2767 3407 4121 4122 4123 4124 4125 4126 4127 4128 4129 4130 4131 1290 1289 4140 4194 4195 2483 3411 3516 3517 4137 4487 4782 2482 2768 3410 4136 4181 4182 4486 4489 4505 4781 6034 1621 4488 4506 5260 465 466 1179 1181 1745 1763 2193 2195 3518 3519 3520 4143 4149 4494 4495 4508 4740 6130 6131 460 1178 1180 1762 2197 3288 3551 9216 10130 490 1988 4141 4145 4742 8051 842 2412 2413 2414 2411 1399 1400 1401 1402 2147 2148 2410 2724 2725 695 1981 1982 1764 4144 4147 2194 2196 4150 7890 13551 1953 7889 8991 1954 3022 4722 10737 10738 10739 10740 10761 11463 4714 4718 4719 4720 4721 747 750 753 4708 4709 4710 4711 4712 4713 746 748 749 752 4705 4706 4707 5999 6000 6003 6004 6007 6020 6026 6027 6496 6507 6508 7479 9478 9503 10179 10519 1558 2685 6001 6002 6010 6012 6013 6015 6017 6021 6022 5680 5683 6494 6495 6497 6506 7153 9068 9097 9098 9100 9101 10177 5675 5681 5684 5686 5970 6493 6501 7577 9084 9099 11261 11692 13006 13011 13336 13531 3731 3774 5674 5972 6853 8016 8018 8021 8063 8933 10713 12053 12054 12065 12074 12083 12886 12888 12906 13085 13730 14201 14202 14203 14720 14725 14730 14733 5537 15035 15037 5538 13463 3840 5946 7142 8038 9496 9516 9893 10023 10024 11131 11553 11611 11640 12129 12130 12131 12135 12141 12142 12143 12912 12914 12920 12924 12926 12948 12952 12954 12967 12995 12996 12997 13003 13093 13102 13103 13240 13334 13458 13459 13642 13648 13649 13651 13653 14713 14981 15163 15164 15167 15248 775 1467 4066 5945 5947 5948 5949 5950 5951 5952 5953 5954 5964 5967 12136 12147 12148 12240 12915 12917 13646 5955 5956 12755 12922 5769 5772 6855 6856 6867 7275 7902 7904 7908 7909 7916 7917 8379 8381 8382 8384 8389 8874 8883 8884 8886 12881 12895 12896 12897 12898 12925 12932 12947 12949 12950 13096 13098 13867 14023 14709 14710 14715 14717 14749 14885 15135 3183 3185 4248 4540 5013 5096 5169 5172 5685 5766 5767 5768 5770 5771 5773 6499 6500 6558 6559 6561 6679 6680 6681 6865 6866 7108 7110 7111 7584 7608 7610 7727 7733 7734 7903 8378 8380 8383 8385 8386 8387 8388 8393 8873 8891 9541 9673 10028 10035 10304 10679 10825 10826 11472 11473 11479 11487 11548 12169 12188 12189 12225 13425 13753 13768 13774 14057 14159 14618 14727 14765 14882 3179 3180 3181 3184 3186 3187 3188 3189 5789 7356 7606 7614 7901 7915 9906 12106 12170 12171 12172 12173 12966 13986 14056 14613 14615 3182 5968 7391 7590 7591 7594 7595 7596 7597 7598 7599 7601 7604 7607 7611 7613 10010 10021 12165 12166 12167 12168 13751 14158 14286 14287 14288 14289 14294 14300 15320 5010 5011 5015 5775 4541 4542 4537 4538 4539 6184 6471 7836 9392 9393 9394 9537 14400 4397 4547 4675 8429 8439 8705 10281 1270 4398 4676 4848 5091 7687 1271 935 3307 3310 8706 5090 6346 6347 4234 4235 6328 6338 6341 6342 6343 6344 6345 8079 8080 8081 8082 8083 8084 8091 8092 8093 8095 8096 8097 8098 8099 8100 8102 8103 8104 8105 8106 8108 8109 8123 8140 8141 8142 8149 8151 8152 8156 4222 4226 5289 5298 8086 4979 5290 5299 6692 6693 6699 7057 7058 7624 7632 7633 7634 7635 8494 8495 8507 9104 9143 9150 11102 11104 11107 11111 11112 11113 11115 12447 4983 6332 7072 7640 10695 10696 10697 4322 6336 6339 7659 7674 7676 7677 7678 7679 7782 7783 7785 7804 7806 7075 7781 7784 7805 7807 7053 8489 8809 8810 8811 8813 8815 8816 8817 8818 8819 8820 8821 10498 10993 11002 11550 2185 5045 5050 5052 5053 5054 5121 5122 5176 6569 6667 6668 8193 9283 9293 10271 10639 10955 10966 10992 10994 10995 10997 10998 11003 11004 11539 13225 14285 14742 15076 4008 5037 5038 5039 5040 5041 5042 5043 5044 5046 5048 5049 5056 5058 5063 5166 8192 10953 10957 10962 10963 10965 10969 10970 11534 11547 11549 11554 4001 4003 4009 5047 5055 5057 5174 5175 5178 5180 4002 4004 4005 4006 4007 9118 9119 9106 9114 9115 9117 9120 9121 9122 9123 9124 9137 9138 14737 3856 7070 8505 9105 9107 9108 9109 9110 9111 9112 3852 3402 3405 5291 5292 5294 5295 5296 5297 5300 5301 5303 5304 5305 5306 5310 5311 5312 5313 5316 7071 8506 11011 11013 11014 5314 7685 8508 8611 10465 10466 10467 10470 10471 10472 12859 13990 7681 7682 7683 7684 8444 13988 6162 6163 8433 13223 2609 2610 5060 6161 6164 6165 6166 6167 6168 6169 6170 6171 6172 6173 6174 6176 727 736 2605 2606 2607 2608 2611 3849 6175 8493 8610 728 737 2752 3808 4701 4854 4856 4858 4855 6310 4857 3113 3114 3115 3116 3112 3117 3118 3119 4282 4548 4816 5165 5167 5170 5173 5183 5184 5185 5186 5189 5191 5195 5198 5199 5746 6487 6488 6670 6671 6672 6673 6675 6682 7028 8198 8434 9494 9495 10041 10042 10043 10044 10049 10058 10068 10792 10793 10794 10795 10796 10797 10821 10822 10954 10961 10964 10971 10976 11173 11180 11544 12224 12226 12228 12229 12231 12789 12790 12874 13432 14743 14929 14932 15342 3596 4806 4815 5744 6666 6868 7027 3447 3550 3598 5182 6665 3446 3448 980 1698 1699 2020 2021 2848 2849 2850 2851 2852 3275 3276 3277 3278 3279 3280 3445 3542 3543 3546 3547 3548 3549 3552 3595 3597 3599 3600 3601 3602 4186 4191 4192 4193 4394 4395 4668 4669 4670 4673 4674 5451 5454 5486 7409 979 1700 2019 3274 3541 3544 4185 5452 977 2867 4187 2865 2866 2868 624 1697 2863 10736 3553 3558 3559 3560 380 3554 3555 3556 3557 3561 5647 9477 5650 5651 5652 5653 10500 8249 9281 10502 12830 5181 6571 7291 7862 8233 8234 8245 8246 8248 8250 8252 8254 8256 8257 10638 10956 10967 5179 7282 8236 8242 8251 13241 5693 6276 7278 7280 7283 7284 7285 7858 8244 12177 13792 5679 5689 5694 10030 14167 5688 5690 14017 14849 5687 11246 11247 11248 11249 11251 11252 1869 3122 5855 5856 5857 7094 9701 9702 9704 9706 9707 9708 9712 9715 9716 9718 9719 9721 5623 5859 5860 5861 4390 4387 5863 2618 5865 5867 5869 5871 420 2619 2620 2622 419 1242 9349 3043 3045 6537 8053 8852 9385 13136 13430 14429 14430 2145 13495 13497 2143 2144 2146 1069 5339 5340 10192 13412 13414 13416 13424 1070 1071 6539 7088 7090 8418 9384 9387 4098 4095 4096 4097 4100 4101 9717 9720 14834 1364 2964 5610 5611 5612 5620 5622 10768 11817 12284 12285 12286 2668 7207 7209 8208 11146 11153 11162 11165 11168 11169 11172 12287 7204 7210 12279 9576 9577 11145 11147 11148 11150 3320 4953 9578 11222 11269 11411 3314 3318 3321 4265 4266 4267 6824 7011 7012 9654 9655 11403 11412 11899 7015 10728 10730 11421 14938 7017 10735 3363 4912 11042 11052 14945 14948 3364 3365 682 5603 11027 11036 5605 11743 15363 13539 13487 13541 15313 9831 11266 11267 11915 13317 13465 15114 9832 13139 3921 2967 3919 3920 3922 3923 3924 3925 3926 3927 3928 12639 7583 9383 10201 12638 12642 14387 2813 4637 5344 6265 6514 6780 7092 7579 7587 10835 10851 11260 13325 14112 14384 14386 14964 2814 2815 6264 7486 7493 7502 1351 1517 1744 3024 4584 4893 5326 5336 5337 6258 6260 6266 6267 6269 6270 6271 6272 7472 7487 7488 7490 7492 7495 7496 7497 7498 7500 7501 7503 7504 7505 7506 7507 10247 10824 10827 10829 10830 10831 10866 10867 10868 10869 10886 10890 10891 10898 10899 13565 13566 13567 13572 7508 1518 928 4560 565 927 3023 3025 3026 3027 6751 9405 10245 6752 6750 12112 12111 1702 2981 3786 5965 5969 6854 6861 6863 6864 7392 7393 8062 9357 10025 10027 10707 12098 12099 12113 12114 12157 12178 12179 12243 12489 14044 14290 1701 1703 6075 6076 6078 6080 429 1704 2774 2894 6070 6071 6072 6073 137 493 814 2047 2776 2896 3778 4366 812 813 811 1301 2045 2772 2892 4365 427 428 1302 2046 2773 2893 4733 203 883 2048 2897 4859 1468 2049 2777 9469 9470 9471 202 204 1465 1843 12190 1464 1466 1842 2876 8045 12739 12740 12743 12744 2877 8022 10216 10219 12748 12753 12757 12758 13526 6474 6475 6486 11570 12731 2037 2038 2116 2421 2804 3628 3630 3631 4160 4162 4164 5019 6152 6477 6479 6480 6481 6482 6483 6485 6490 6492 6498 6502 6503 6505 6509 7150 7154 7156 7481 7482 8872 8880 9071 9075 9076 10367 10370 10378 10388 10390 10391 10393 10510 10688 10689 11581 12396 12397 12400 12408 12423 12429 13577 13578 13579 13594 13595 14136 14766 15137 15180 1026 1388 2039 4159 4163 4167 5017 5624 6153 6785 6787 7157 7411 7913 7914 7919 8403 8416 8417 8875 8876 8881 8882 8889 9021 9599 9612 9886 10186 10356 10511 10512 10513 13278 13280 13868 13889 13890 14050 14983 15187 15300 1025 2993 2994 2996 5465 7978 10517 10752 1129 1185 1735 2166 2362 2986 2987 2988 2989 2990 2991 3500 3738 4334 4335 4392 4405 4406 4408 5588 6137 6139 6140 6588 9022 10747 12463 14252 1734 3243 3244 2328 3245 3246 3247 3248 2330 713 1086 1088 1432 1995 2329 3499 3768 4407 5589 5594 5916 10210 10211 712 714 1085 1087 1089 1313 1431 1803 1805 1807 1808 2162 2163 2164 2415 2664 2665 3175 3176 3494 3495 3496 3735 3736 3765 3766 4402 4403 4404 5233 5234 5585 5586 5590 5591 5592 5914 5915 6587 7573 10209 1809 2165 2667 3178 5236 1810 1815 2355 2359 2663 2672 3174 3497 3762 4400 5230 5584 5593 271 931 1090 1314 1320 1738 2028 2069 2358 2361 2370 2666 2675 3177 3498 3767 5235 5587 270 1311 1317 1312 10 269 715 720 1130 1184 1806 1818 2356 3501 3737 3764 4401 5231 5272 5273 5274 3763 5232 3444 2844 3442 3443 267 1147 1914 1915 2842 2843 2845 1913 168 1216 1817 1834 2399 3173 3440 3441 5912 8059 1816 2438 2439 2440 8867 9410 13569 13576 7098 9407 7100 7101 7105 3205 7102 7304 7454 10145 12277 12278 12280 14351 14354 4573 12259 14383 14388 14391 14392 14395 14396 4571 4574 4572 10026 4565 4568 4569 9880 8275 8654 9834 9881 8279 8288 8291 8298 8663 8679 8692 8699 9835 9836 9837 9838 9839 9841 9842 9843 9844 8664 9850 9852 9860 10238 3211 8672 8680 8700 10229 10240 10241 10243 10251 2502 1515 2498 2499 2501 1513 1514 1516 2497 2500 2831 4498 4503 2832 2833 173 2834 1418 4499 4496 4497 4504 4500 6618 9298 10481 14358 14360 14365 4501 4502 4735 4736 10849 3608 4734 4737 4738 4739 3605 3607 3609 10230 9861 10221 10231 10244 10836 9020 9859 9875 9879 10853 13388 13527 3723 6069 7415 8702 9019 9025 9887 3720 3722 3724 3725 3918 6053 9027 10858 1971 2302 3719 3914 3916 3917 5267 5269 6052 1968 1969 1970 3915 8829 8831 8849 8851 10147 2303 2861 4325 4796 7151 7279 11221 13386 13389 2299 2300 2301 4326 10634 10685 7362 7730 9671 9679 10034 12984 12991 13187 895 2771 2806 2807 2808 3895 4253 5828 5833 5835 5839 5841 5842 9674 10031 10033 10036 10038 4254 3891 4255 4256 4257 4811 5837 9087 3892 3893 3894 3897 3900 4808 4809 4813 4820 4812 7354 7854 7855 7856 7857 4818 7848 7849 7850 3270 3509 4964 7360 7361 9772 10518 13816 14127 14138 1955 7363 7365 1956 1957 1952 191 7364 2276 7366 10198 2274 2275 2277 11116 11117 11134 11137 11139 14890 11367 11378 1325 2631 5542 7386 9747 12180 12181 12454 12494 13208 13390 15170 15179 15182 15184 15186 15189 1326 1324 2634 8046 11618 11647 12182 12183 12254 12965 14761 15051 15142 15340 15341 983 2632 5889 12457 984 2633 2123 2121 2122 2120 8877 8888 2117 2119 12905 12910 12158 12253 12884 14211 14212 14706 14708 14714 14716 15331 15332 10668 11453 12110 14209 2420 9074 10344 10666 10669 10683 12968 2417 2418 10060 10394 6458 6459 6463 6464 4264 6460 6461 6462 6465 6470 8396 10099 10343 10345 10672 10673 985 4259 4262 4263 6467 6473 4258 4260 9590 12815 4261 4286 5064 5066 13184 5067 6466 13258 1997 2621 4752 5245 6468 7716 13181 13182 13183 15379 4581 4586 7022 11241 11245 11257 3213 4285 4582 4583 4585 8956 10154 4284 4287 4283 6183 9589 9591 10823 12223 5187 5192 5193 10814 10815 11175 12227 3385 5188 5190 5194 5196 5197 8404 10677 10787 10810 10820 14054 3384 3386 9586 9691 10100 9681 9689 10097 10098 9235 7242 9243 9244 9254 9269 14907 7239 5413 7219 7220 7221 7236 7237 7238 9767 10322 14151 14437 14438 14880 14909 14910 14913 5408 5409 1979 5414 5416 5417 5422 5423 6782 8846 9575 9631 11217 11218 11710 11832 11833 11884 13509 13513 13772 14374 14620 14902 15115 358 359 1980 4109 357 4112 13712 14840 15070 15077 4111 6885 10630 10857 10859 14839 4918 14828 14837 4919 4920 4921 9713 14118 5027 5342 6790 9714 10579 12267 12883 13776 14079 14114 5026 5029 5025 12786 12813 5020 5023 5024 5022 5028 6563 6568 6683 7290 7837 10678 10798 10972 10974 11741 12804 13426 906 5112 6580 5111 7292 10958 10503 5051 5061 10504 5062 7511 7509 7510 5226 243 950 1637 2254 3299 4409 4414 244 948 1638 3298 3300 3301 3302 3303 1639 1580 6319 10506 12793 6313 6322 6311 6312 6314 6315 6316 6317 6318 6321 6320 6323 6324 6325 6326 7374 7377 7373 7376 2018 4393 4667 4672 5853 7372 7375 9429 11456 4396 4671 10202 11452 11454 11455 11457 11458 10207 10208 10197 14711 14712 10199 15050 15052 15053 4058 12273 13071 13335 15047 15049 15144 15303 15349 15377 4251 5330 5338 10865 12262 12263 12270 13063 4588 4590 4591 4894 5328 5331 5333 5335 5345 6511 6516 6908 4587 4589 11262 5030 9056 13337 13338 13341 13344 14966 14968 11719 13343 11695 11711 11717 11738 14799 2581 11377 11446 11735 12472 14122 14406 14977 2580 2584 11445 2436 11448 2583 978 2582 2585 5843 5844 5854 9430 6196 7605 8203 5489 3545 5490 6178 6179 6180 2004 5487 5745 1921 5485 7330 8196 8435 637 1191 1922 1923 1192 821 1193 2364 2681 2700 2699 2701 2702 1973 2921 3259 3256 3258 2721 2723 5453 8195 8201 8241 4819 8202 8430 8614 8612 8613 9902 9903 9904 9905 10617 10619 4333 6040 6889 9536 10616 10620 10631 10633 12401 13512 13515 13747 15074 321 6055 6582 9388 10280 10686 15073 6064 14394 6068 7612 9458 13429 14063 14851 6051 9670 9676 3901 5247 9669 13186 3902 3903 3899 10665 3898 5866 5868 6901 10682 6893 6900 6902 352 1721 1830 2180 4070 351 280 1722 6292 279 1315 2371 2934 5240 2933 2935 2931 2932 6791 6193 6779 8695 8890 13688 14393 14659 14660 15072 2951 10817 10819 2952 2953 8415 7323 7911 8398 8399 9080 7396 7397 7394 5016 8395 8397 9077 10684 10667 10674 10676 10681 13498 10675 10680 4161 7609 9882 11744 4165 14772 3579 8476 13427 1368 3576 3577 3580 4805 1369 3190 3581 3582 3686 4804 4803 4680 4681 4698 4802 5520 5891 6793 6794 6795 6797 6798 6799 6800 6801 6802 6803 6804 4067 4682 7144 7143 7149 14196 14197 7868 7869 11676 12479 13097 14135 14747 5560 11357 1323 5548 5549 5558 5562 7867 4049 8954 5547 5782 5783 5784 5541 2980 4063 9745 11592 11621 12708 12709 12710 12711 12712 9744 9748 9753 9757 9289 9764 9294 9295 9300 11026 9292 9297 9782 9783 10115 9309 9358 9359 9360 9361 9364 9365 11001 3989 3879 3986 3987 10263 14841 15302 8580 10279 8582 7064 8501 8608 9015 9326 11839 12493 12829 12855 12856 12857 12858 13207 5354 5349 5351 5352 5646 5639 3214 5638 5640 5641 5642 5643 5644 5645 6948 6946 14623 15071 5626 7413 9215 9460 9614 10358 14611 14658 5625 13410 13581 7412 4570 6530 9210 9449 13396 13398 13411 14372 15080 15348 6533 6534 6535 7979 7980 8462 8823 9368 9447 9448 9453 12448 13168 14361 14366 14644 8453 8464 8474 7972 8049 8468 8989 9366 9367 9370 9371 9374 9375 9376 9377 12818 7981 14402 7024 7277 6469 4753 6472 4751 7276 2898 5909 4447 5449 4448 4449 5444 6841 8982 8990 485 970 4370 4377 6144 8541 11368 11895 12460 12471 13621 14860 4380 11737 12464 13292 14656 15016 11273 12288 13321 13322 7574 11468 11476 4723 6115 10878 11265 11681 11684 13319 13534 1055 2799 3249 4724 4727 4730 11690 309 1053 1056 7581 7582 11653 13172 1054 2149 3782 13171 13169 7881 14368 7883 14363 14369 3716 9382 12692 8419 9386 9403 9635 9667 3110 3111 9633 9636 9668 10324 10360 10777 10779 7442 10490 10745 10773 10781 7049 7430 8481 11815 7048 13193 14030 10476 14024 14029 14047 12469 14208 12468 10492 10746 10760 10771 11382 15145 15263 10212 10775 10359 10323 5223 9768 10118 9769 9770 8955 9758 9771 13323 14123 4343 4336 4337 4339 4341 4342 4344 4345 4348 13717 14434 3803 5154 9475 13238 13719 5158 2854 4759 6116 6278 7586 14153 14154 2855 2856 9024 13797 13815 13817 6283 386 3777 6280 6284 6285 6286 387 3779 6275 6282 6287 3780 6279 7860 9900 7859 3785 9898 3784 3896 4445 6277 11178 6274 6281 11177 6718 6717 6722 6723 9018 1964 8701 11481 13027 8825 8868 9096 9373 11466 8822 8828 8830 6557 8848 6556 4907 4908 4914 14878 4032 9306 9334 9762 14879 4030 9751 7427 9754 8761 8768 10152 10151 11213 6512 10040 10057 10565 14958 10039 10395 10396 15306 13284 15084 15323 5277 5282 6774 11675 15102 12430 14149 11049 14771 14770 15271 7113 12275 14627 14638 15270 7112 14639 14640 15312 13575 14225 14661 14978 9428 13571 13573 13574 9416 7471 7474 9595 13180 13748 10249 9598 9609 9610 13419 15002 15358 8426 5244 5246 10543 10641 10640 10642 2066 4731 7708 10037 4729 154 1195 2225 918 917 7709 13746 14657 1948 8957 11256 11259 11258 11229 11230 11234 11254 7286 9408 7287 5161 7155 9878 13387 9404 9406 9409 6775 3889 5937 4338 4340 8887 12230 9678 12234 9677 4035 8472 15148 14753 15146 12795 14412 14760 7874 1169 5526 5901 5944 7872 1168 5940 5524 5898 10900 10894 13805 1392 10709 12245 14850 10718 8934 5973 5971 13828 13829 5522 5896 9476 5525 886 5523 5899 5897 13227 9468 9472 7385 9473 7383 7384 10544 10576 10574 10575 14435 14359 9299 12689 12691 3827 6713 7698 10888 7700 11407 11408 11913 11423 11428 11924 11925 11916 10117 10351 4635 6849 9402 653 652 1564 2858 3781 3783 1146 1474 1565 1145 1473 1508 2998 4987 1910 1908 1475 1857 1909 1476 1118 1627 1847 1859 2999 3282 4293 783 782 1598 1858 1860 1851 1861 3281 1852 1853 1855 390 1854 1856 2997 3000 3283 391 184 546 547 598 797 3286 2816 3284 3285 3287 551 553 555 894 1862 2818 550 552 554 893 2817 7688 781 2273 106 107 1542 2272 1541 1116 3242 5671 4850 3304 4853 153 2847 209 210 1850 2846 1849 1509 4852 2800 2801 2615 4728 6129 14129 3524 13919 13920 3682 6906 14450 11688 14844 3475 8969 3471 1423 1668 1673 2026 2032 2349 2882 2888 3158 3418 3751 3756 4048 4679 5935 6291 8157 8158 8159 8160 955 3156 4046 3420 2376 3421 6294 2374 2375 888 1786 1831 2175 2179 2181 2219 2220 2222 2452 2453 2455 2760 2761 2762 3074 5242 5361 5424 1201 1200 1202 1203 1832 1833 1791 1792 2221 2454 4577 4578 2224 148 149 866 867 2135 2177 2223 2456 2457 2508 2763 1972 1829 1826 579 2507 5672 3887 5241 353 1046 1050 2536 3888 2176 691 2178 2759 5243 15015 14090 5979 6146 14804 13135 8545 9456 9457 9459 9461 8286 11897 3710 12470 7991 11347 13622 14162 14301 13604 11813 8055 9454 9455 1389 8963 8964 10129 57 335 1064 1066 1412 4695 10131 1016 1725 2378 2386 4693 4694 4697 2377 2379 1726 2109 2382 2383 3462 4450 1727 1728 1729 1690 1730 1731 2387 3463 4451 4696 1692 804 806 1077 1407 1453 1454 1691 2385 2391 2392 2463 2464 6155 6585 803 805 1075 1076 1413 1452 1733 1822 2381 2384 2390 2462 4454 6584 131 1074 1451 1471 1649 1732 2112 2380 2389 2461 3503 4453 6157 1450 1470 2110 2459 3465 3502 4452 6156 364 1820 2170 2240 2241 3464 365 756 1799 1821 3360 3361 3362 755 1455 2171 2460 2593 2594 2169 1798 8962 3016 3015 1408 1406 1456 2172 1469 2111 2388 2983 2984 2985 1472 1018 2393 3466 3504 3998 3999 1017 541 51 252 642 177 12649 3204 13404 12745 14234 4530 4531 4532 9613 9600 15317 6515 5878 13508 13489 13733 15344 13224 3489 13234 14739 3490 3491 3492 3493 2577 702 703 2576 2578 5397 8605 9325 12476 4024 5382 9151 9159 6701 7643 6704 8509 1027 8450 8438 8442 8448 8437 2160 2161 8428 8432 5886 2534 2531 2532 2533 9784 6619 9798 4947 4771 4773 10116 11825 11043 6079 12154 12407 5834 6077 1819 5827 5830 5836 5838 10017 2775 2895 6074 7729 7728 5829 5832 5840 5831 6763 6862 10016 10032 6762 6764 6765 6684 6674 6676 2075 6677 4757 6669 12153 13004 12972 21 12705 12707 12706 6984 4881 5796 5557 5751 5753 9543 10624 2809 7148 5939 14728 14729 4665 2079 9854 11768 11769 4754 4755 4758 4756 4965 2397 284 2398 10818 3635 8885 8896 3634 7158 10189 13891 3273 751 754 2040 3271 3272 5633 7422 9486 13799 13804 5632 7421 9889 11123 11120 10687 5430 3991 9540 10632 5747 15359 14165 8200 6195 13795 7116 4168 15141 7378 2864 4033 7379 4559 5415 4522 8845 8853 6941 6927 11183 9581 587 586 5666 2853 5667 2229 2228 2230 2231 2232 2233 2234 5668 5669 9793 14920 4358 5065 510 872 2480 6259 6263 5876 5885 7967 11244 4609 2419 11988 11989 11990 11433 4957 4963 7861 1963 619 2810 2805 2442 2961 3267 4104 4794 4795 4797 4798 4799 2441 722 859 2589 2591 2960 3263 3264 3266 4103 2588 1140 1872 2214 2586 2590 3036 3261 1138 1139 1497 1870 2213 2215 1498 1499 1871 3035 1873 2956 3290 2396 2395 2267 2268 2269 2271 7572 2270 7152 4324 3717 3461 10144 1318 1319 930 1737 2027 2067 2360 2368 2673 4966 4967 4968 9 1125 2068 336 2357 2369 2674 3324 1990 1804 1989 2167 1996 1994 4715 7895 3167 12754 1844 1300 2044 2891 4249 10200 4885 4884 4887 4888 4890 7117 7118 8057 8058 7019 5636 7425 12473 13550 8004 6210 7188 1984 7192 7994 4827 7171 6825 4877 8054 5990 15319 6770 5254 6768 6769 6771 6772 2118 487 5826 5704 5823 392 2403 2404 2449 2711 2743 2751 2755 2947 2948 3348 3349 3350 3353 3358 3584 3586 3592 3593 3594 3811 3819 3907 3908 4108 4413 4420 4457 4458 4469 4470 4533 4551 4700 5229 5702 5703 5705 6133 7021 7135 1188 1780 2401 2405 2406 2407 2705 2744 2745 2942 2945 3352 3357 3588 4106 4455 4456 4459 4460 4462 4463 4471 4472 4550 4552 4553 6036 6134 1187 3906 2746 3590 3591 4554 3585 3587 3589 4536 7138 1440 3351 3355 3356 3359 4107 4461 4466 4534 4535 4704 5228 7136 1441 1442 1778 2444 2445 2747 2749 3354 3806 3807 3810 3816 4410 4411 4415 4416 4417 4467 4468 6613 6616 7137 1227 1228 1779 2706 2943 3813 3815 4464 6614 6615 1229 4034 4036 5824 6353 2448 2710 2950 3818 4419 5825 6354 4089 6351 6352 2400 2704 3904 3905 4083 4087 4088 2402 4081 4082 4084 4085 4086 3665 5288 2447 2709 2750 2949 3666 3667 3668 3669 3670 2446 2708 2748 2946 3809 3817 4412 4418 2707 2944 3804 3805 3812 3814 4465 5227 222 904 905 6037 1781 881 4289 4288 4290 4291 4292 11545 11546 4650 2471 711 1845 2470 710 1846 151 337 871 200 11542 3191 6340 5575 8704 7592 7593 4045 5974 9515 10604 10622 11133 11126 11127 11128 11129 11130 11142 9803 9804 9095 8763 8758 1396 5162 114 115 3289 4142 4119 4183 4184 2206 2765 2770 4117 4118 4120 162 523 525 826 1486 1490 1865 522 157 158 159 160 161 524 824 1484 1487 1863 2769 825 1485 1489 1864 2505 527 1481 528 394 1478 1482 1483 395 1488 1600 1479 1480 577 578 1743 218 355 2192 2310 2311 3031 3029 3032 902 1527 3030 211 2226 3028 1226 581 4929 10292 11886 10437 11381 8258 3021 3020 10128 5217 8001 1363 7047 9163 4102 744 223 4480 4483 4484 5129 4297 898 8191 8299 3884 8168 8756 5820 10096 7952 9310 2568 892 1223 2247 503 1224 1225 6541 6544 6546 6547 2613 3485 3294 3297 3379 4962 2691 104 3507 471 472 473 3003 5900 7714 5518 6988 4648 594 593 176 1774 180 1966 6158 248 2237 1646 14888 293 10175 2555 5564 3034 3033 1720 2435 2326 1148 5608 5609 742 1632 743 957 2641 2640 3575 247 197 564 7301 8776 1925 360 745 1560 2687 1307 
4: 4 1693 1694 
5: 5 
6: 6 620 621 1241 1620 1244 229 582 
7: 7 
8: 8 
9: 11 
10: 12 13 630 
11: 14 989 1328 1331 1333 1709 2089 2912 2914 3169 3193 3788 459 990 991 1710 2913 2916 3171 3789 112 113 605 732 841 604 1654 1657 1655 1658 2022 2339 2344 1659 808 1660 2023 2340 2345 809 810 1874 2024 2341 1656 1661 1875 1911 1912 2342 2343 192 193 560 561 661 662 1767 1876 2085 2090 2569 2570 2571 2088 2572 2573 3192 3194 15 631 632 986 987 1330 1539 1706 2911 3787 633 634 1334 1707 2903 3170 3671 635 636 1708 2905 3172 3672 1344 1335 1343 1342 1345 976 2291 974 975 1543 2290 2086 2292 2293 2915 2087 2904 988 651 1352 1540 1711 111 1332 2091 2917 3790 
12: 16 273 638 
13: 17 
14: 18 19 20 288 1021 1295 
15: 22 23 
16: 25 26 294 295 
17: 27 
18: 28 655 
19: 29 296 297 298 656 657 1761 
20: 30 299 300 301 660 663 1035 1766 
21: 31 32 896 897 1038 1765 1770 2538 2539 1568 1037 1567 1569 960 
22: 33 302 1041 
23: 38 311 
24: 39 40 41 42 43 313 314 684 1022 447 446 830 1163 1533 559 831 558 829 1165 1536 228 1164 1535 572 1072 1534 571 687 445 683 
25: 44 
26: 45 46 
27: 47 
28: 48 49 50 
29: 52 53 
30: 56 333 334 718 
31: 59 
32: 60 
33: 61 62 346 688 724 1403 689 1405 1404 2857 3740 835 1461 1577 1578 1978 731 1645 729 730 1644 245 246 
34: 63 1097 
35: 64 65 734 1291 1566 735 348 733 1292 1746 1353 
36: 66 
37: 67 324 361 1078 1355 1356 1596 1800 1801 1916 1974 1975 2242 362 1079 1537 1538 1615 1802 2113 2434 852 1616 1920 1976 851 234 1998 1903 2114 1904 1905 1906 1977 453 1357 1917 1919 1918 1597 2243 1595 1696 1747 1695 1612 452 
38: 68 69 70 481 
39: 71 72 381 
40: 73 240 385 2467 
41: 74 556 773 774 1117 1460 
42: 75 340 388 389 2198 2199 
43: 76 780 117 118 272 
44: 77 
45: 78 1640 322 949 1329 
46: 79 80 398 787 1127 788 1128 1186 2684 2683 406 1273 2535 404 1248 405 924 923 1182 654 1183 1247 
47: 81 
48: 82 83 84 2476 2477 2478 2479 
49: 85 403 707 790 1091 2869 402 2468 1082 1496 2871 1081 791 1092 1495 1606 1608 1607 2870 480 857 858 1494 
50: 86 87 88 89 239 275 409 792 936 1132 1633 407 408 
51: 90 396 397 1126 
52: 94 95 
53: 96 
54: 97 98 601 817 819 818 430 820 
55: 99 1156 1521 1525 1529 1881 1885 1889 2211 2922 3161 1155 1157 1520 1524 1528 1584 1880 1884 1888 2210 3160 1522 1523 1526 1530 1585 1617 1882 1886 1890 2212 2923 575 1531 1713 1712 1883 1887 1891 1151 1152 1153 1154 1346 1586 2924 1059 1060 1061 1062 1347 1006 1007 913 1176 1174 1177 1175 
56: 100 
57: 105 574 1166 1259 2318 542 916 1257 2012 543 236 
58: 108 946 2332 2337 3014 599 945 947 1281 1284 1635 2331 2336 3013 600 1280 1287 1634 2334 3012 1279 2255 2256 2257 1283 1285 1286 2642 2643 3313 640 2335 3155 1282 1636 2333 2338 2739 
59: 110 837 838 2014 2013 1170 1260 1171 
60: 116 
61: 119 120 
62: 121 122 
63: 123 741 1162 1549 224 
64: 124 235 
65: 125 126 845 
66: 127 1619 451 1983 2216 2284 3711 310 679 807 
67: 128 129 
68: 130 474 853 855 475 854 856 426 476 1895 1896 1897 
69: 132 133 
70: 134 315 401 
71: 138 973 
72: 139 140 141 142 500 501 
73: 143 
74: 145 146 1544 
75: 150 421 1561 
76: 155 399 519 
77: 156 520 1198 2104 2107 2909 521 664 1197 1199 1550 1572 2511 2512 2703 3770 4059 1196 166 1571 2105 2108 2910 2102 278 2101 2106 2103 1551 2513 
78: 163 530 
79: 164 641 
80: 165 533 
81: 167 697 800 869 1679 2423 2510 2860 2941 799 504 505 506 868 962 1304 1678 2422 1962 
82: 169 1443 1777 
83: 170 666 1359 2115 665 667 1358 1378 1043 1360 1626 1042 1573 1574 844 2244 843 639 2954 
84: 171 
85: 178 
86: 179 
87: 181 482 1005 
88: 183 544 1234 545 316 1459 1457 1458 769 771 1838 770 772 1839 
89: 185 
90: 188 1500 1601 1230 794 
91: 189 496 
92: 190 
93: 194 1108 2798 
94: 195 
95: 196 
96: 198 199 907 
97: 201 1752 1754 1370 1751 2688 2938 779 959 1753 784 1867 2689 1866 2940 880 912 1131 1211 2742 2908 4000 879 2741 2907 3880 2207 
98: 205 848 847 846 470 849 
99: 206 207 264 
100: 208 557 1258 1371 1419 1967 
101: 212 254 
102: 213 214 215 216 217 
103: 221 
104: 225 
105: 226 
106: 227 1610 1611 1135 
107: 230 
108: 231 
109: 232 585 
110: 238 268 
111: 241 242 602 943 1293 603 486 944 1588 1294 
112: 253 516 1297 1503 2353 2811 2812 515 1096 1296 1502 2443 4105 1504 517 873 874 1501 1505 3877 518 514 876 877 2354 2962 3268 3878 513 875 2567 2352 3265 3525 
113: 255 
114: 256 370 371 964 965 1094 1680 1682 2041 2050 2053 4113 372 260 261 611 966 1681 1683 2042 2051 2054 4915 967 262 1684 2043 2052 2055 4281 
115: 258 1303 
116: 259 609 610 963 
117: 266 
118: 274 416 417 798 1428 2579 
119: 276 
120: 277 
121: 283 1220 1221 
122: 287 1310 
123: 292 882 
124: 308 
125: 312 
126: 317 
127: 318 319 1308 1309 971 972 1052 692 1051 
128: 320 740 
129: 323 789 
130: 326 327 
131: 328 329 330 331 709 1083 1429 2158 890 891 
132: 332 
133: 339 
134: 341 342 347 
135: 343 344 345 723 862 
136: 349 
137: 350 1098 1099 1235 1447 911 
138: 366 367 2363 3097 
139: 373 374 759 786 760 870 2982 
140: 375 376 377 2465 2466 7968 2796 495 2795 494 378 
141: 383 384 643 645 644 646 
142: 400 1246 
143: 410 1321 1589 1590 
144: 411 412 413 414 415 795 796 1036 1136 1137 1374 1506 
145: 431 432 433 435 437 764 1149 1877 434 436 438 439 440 765 1150 1519 1878 1879 
146: 454 455 696 832 833 834 
147: 456 457 463 464 
148: 458 
149: 461 462 1214 1215 
150: 468 507 1907 
151: 469 628 629 1327 1705 
152: 488 489 860 1206 1209 1552 1555 861 1207 1210 1553 1556 1208 1554 1557 
153: 497 498 
154: 502 
155: 512 
156: 526 588 
157: 529 
158: 531 
159: 534 
160: 536 2127 2698 
161: 537 
162: 538 
163: 540 836 1080 1222 
164: 562 
165: 567 568 1714 1715 1716 2092 2093 2094 2095 1158 1159 1160 1161 2011 686 2009 2010 685 2561 2537 
166: 569 570 659 1377 658 
167: 573 
168: 576 
169: 580 
170: 583 1591 1593 1141 1592 1594 
171: 584 
172: 589 
173: 590 591 1238 1239 
174: 614 
175: 615 616 617 1437 1723 618 1349 1438 1350 1724 
176: 625 878 2514 2740 2802 2906 2939 5009 
177: 626 627 981 982 
178: 677 
179: 693 
180: 694 
181: 704 705 706 
182: 725 726 
183: 738 1630 1993 2015 2017 1631 761 762 763 2016 1992 1991 1115 1113 1114 
184: 739 908 909 
185: 776 777 778 941 1205 1277 1278 942 1276 940 939 1204 
186: 785 
187: 815 
188: 850 
189: 863 864 865 
190: 889 
191: 899 900 901 
192: 910 926 
193: 914 915 1609 
194: 925 
195: 937 938 1274 1275 
196: 961 1095 2056 2803 
197: 1004 1189 
198: 1023 
199: 1031 1032 1755 2298 1756 2697 1033 1034 
200: 1073 
201: 1093 1421 2157 2168 2756 2757 2758 2156 2450 2451 
202: 1107 1109 2797 2862 
203: 1133 1134 
204: 1236 1237 1435 
205: 1240 
206: 1322 
207: 1354 
208: 1372 1373 1375 1768 1376 1769 
209: 1393 
210: 1414 1415 1416 2150 2258 1417 2151 2416 2153 2469 2152 2259 
211: 1436 
212: 1548 
213: 1570 3769 3881 
214: 1794 
215: 1868 2285 2286 2287 2288 2289 
216: 1932 1933 1934 
217: 2245 2246 
218: 2278 
219: 2540 
