# The graph of directed at k=3
# from /Users/bogna/dev/role-mining/datasets/hepth/timeslots/cit-HepTh-1996.edges
# at no lower link weight threshold,
# and at no upper link weight threshold.
# Links were treated as directed.
# No time limit was set for the clique search.

0 212 1
1 56 1
1 165 1
1 172 1
1 194 1
3 8 1
3 17 1
3 19 1
3 22 1
3 25 1
3 30 1
3 33 6
3 37 1
3 45 2
3 48 4
3 55 3
3 57 1
3 59 1
3 63 1
3 65 2
3 71 1
3 74 2
3 75 1
3 79 2
3 84 1
3 90 1
3 98 1
3 104 1
3 111 1
3 112 3
3 119 2
3 122 1
3 131 3
3 134 1
3 138 1
3 140 4
3 141 1
3 142 1
3 146 2
3 149 1
3 155 1
3 165 1
3 172 1
3 176 1
3 180 1
3 184 1
3 187 1
3 193 2
3 201 4
3 205 1
3 209 3
3 210 1
3 213 1
3 214 1
3 215 4
3 217 1
3 218 3
3 219 2
4 71 1
4 80 1
4 126 1
7 26 1
10 34 1
11 20 2
11 45 1
11 52 2
11 58 1
11 101 1
11 157 1
11 164 1
11 217 1
12 35 1
14 112 1
21 77 1
21 97 2
21 120 1
21 166 1
21 204 1
22 198 1
24 139 1
27 40 1
28 111 1
28 130 1
33 48 2
33 142 1
33 176 1
33 219 1
35 37 2
35 207 1
37 53 1
37 207 2
40 46 1
42 201 1
46 50 1
48 142 1
48 176 1
49 186 1
49 195 1
50 171 1
54 140 1
54 187 1
55 113 1
55 199 1
55 200 1
55 212 1
57 59 2
57 100 2
62 133 1
65 98 1
66 152 1
66 170 1
66 190 1
68 106 1
68 112 2
74 149 1
77 92 1
77 97 1
77 176 2
77 191 1
77 208 1
77 213 3
77 219 1
81 115 1
81 168 1
81 170 2
82 153 1
83 84 1
83 118 1
83 165 1
83 169 1
87 197 1
89 112 1
93 138 1
93 202 2
93 215 1
97 166 1
97 173 1
97 176 3
97 204 2
97 213 1
97 216 2
106 112 1
110 195 1
112 211 1
114 129 1
114 196 1
118 165 1
121 181 2
124 178 1
125 166 1
125 204 1
129 196 1
133 211 1
134 140 1
135 158 1
138 175 1
138 213 1
138 219 1
139 202 1
139 215 1
140 217 2
142 204 1
144 197 1
150 206 1
152 170 1
152 190 1
158 199 1
160 199 1
164 192 1
165 194 2
166 204 1
170 190 1
173 191 1
173 216 1
176 191 1
176 204 1
176 216 1
177 210 2
183 190 1
183 203 1
184 193 1
189 205 1
191 216 1
199 200 1
199 212 1
200 212 1
202 215 2
213 219 1
