# The links from /Users/bogna/dev/role-mining/datasets/enron/timeslots/07-filtered2.edges
# at no lower link weight threshold,
# and at no upper link weight threshold.
# Links were treated as directed.
# No time limit was set for the clique search.
# (self-links were removed)

00002 00019
00002 00020
00002 00070
00006 00013
00006 00065
00010 00017
00010 00038
00013 00006
00013 00057
00013 00076
00013 00123
00014 00023
00014 00065
00014 00073
00017 00010
00017 00038
00017 00049
00018 00019
00018 00020
00018 00028
00018 00032
00018 00070
00019 00020
00019 00070
00020 00002
00020 00019
00020 00032
00020 00068
00020 00070
00023 00069
00023 00107
00024 00086
00024 00124
00027 00065
00028 00018
00028 00019
00028 00020
00028 00032
00028 00070
00032 00018
00032 00068
00032 00073
00033 00038
00033 00057
00033 00075
00033 00076
00038 00017
00038 00073
00038 00107
00044 00033
00044 00036
00044 00091
00044 00092
00049 00023
00049 00024
00049 00069
00049 00073
00049 00083
00049 00092
00049 00124
00051 00023
00051 00069
00051 00151
00057 00033
00057 00075
00057 00076
00065 00006
00065 00013
00065 00014
00065 00027
00065 00075
00065 00076
00069 00073
00069 00107
00070 00019
00070 00020
00073 00010
00073 00014
00073 00017
00073 00023
00073 00032
00073 00038
00073 00051
00073 00069
00073 00083
00073 00092
00073 00107
00073 00109
00073 00137
00075 00033
00075 00038
00075 00076
00076 00033
00076 00057
00076 00075
00083 00124
00085 00086
00085 00149
00086 00133
00091 00044
00092 00049
00092 00069
00092 00083
00092 00107
00092 00124
00105 00128
00107 00010
00107 00017
00107 00038
00107 00044
00107 00065
00107 00083
00107 00092
00109 00036
00122 00107
00123 00057
00128 00105
00137 00020
00137 00032
00137 00068
00137 00073
00151 00051
00151 00069
