# The contained directed cliques in the directed communities at k=6
# from /Users/bogna/dev/role-mining/datasets/hepth/timeslots/cit-HepTh-1999.edges
# at no lower link weight threshold,
# and at no upper link weight threshold.
# Links were treated as directed.
# No time limit was set for the clique search.

0: 1552 7365 6069 6230 7366 7367 7369 5390 4241 2485 
1: 1584 2067 
2: 2153 2711 3878 5164 5166 6382 6387 7007 9468 9476 10669 11499 11658 
3: 2512 17097 8285 8286 15149 15151 15152 15317 17079 17080 17081 17082 17083 17084 17085 17086 17087 17090 17094 17098 17099 17101 17104 17110 18409 18593 18595 18596 18597 18603 18605 18611 8288 8289 8290 8292 15143 15145 15147 15155 17088 17089 17091 17092 17093 17100 17102 8287 8293 18410 18610 18612 9445 12193 12196 12198 12199 9447 9443 16672 16675 16680 16684 16686 18613 18598 15310 15311 15312 15313 15315 15319 15320 15330 17037 17984 18599 19088 19123 19150 19151 15314 15316 15318 15321 15322 15323 15329 15332 15334 15336 15338 15339 17967 17990 18335 18341 18347 19117 19124 19148 19149 19695 9006 12194 14550 15331 15333 15335 15337 15340 15341 17973 18352 18368 19119 19693 19694 20118 12195 12197 17992 17978 17983 17994 18413 19125 20038 20039 20040 20041 17293 17969 17977 18357 19121 20035 20036 20037 17280 17287 17290 17291 17292 17294 17295 17299 17305 17324 17277 17278 17279 17281 17282 17283 17284 17285 17286 17288 17289 17296 17297 17298 17300 17307 17308 17309 17310 17311 17312 17317 17970 17980 17106 17302 17314 18541 18777 17105 17107 17108 17109 18348 19153 17103 18336 17968 18638 17982 17095 17096 18642 18644 15154 19147 18363 18556 19074 18366 18367 17988 18343 18349 18365 18370 18554 18558 18560 17987 17989 17985 17993 18342 18535 18537 18539 17337 17986 17991 19152 17330 17331 17333 17335 17338 17339 17313 17315 17316 17318 17319 18337 16982 17303 17322 18353 18364 16970 16976 16981 16983 16984 16985 16986 16994 14740 16969 16971 16972 16973 16974 17000 18351 14738 14739 14741 14742 14743 14746 17320 20047 17321 17323 17325 17326 17329 17332 19407 20048 16673 16999 17334 17336 17340 17342 17697 16668 16674 16676 16678 16681 16685 16687 16667 17695 16677 17698 17699 17702 17704 5513 17001 5515 5517 17002 17003 17004 17007 3558 18540 19847 20119 11935 18369 18536 18538 18559 11932 11934 11938 11941 11949 16679 11931 11946 11937 11940 18555 18545 18557 18561 16251 18356 18546 18547 18548 18549 18551 18360 18361 18354 18778 18779 18780 17975 18784 18785 18786 18787 16978 17972 16975 16977 16979 16980 16990 16987 16988 16989 16991 16993 16995 16992 16996 16997 17304 17306 17301 18553 18550 17981 18552 18542 18543 18544 19118 19408 19409 14745 14744 14747 14748 14749 19079 19080 17974 19081 19082 18411 19089 19090 19091 19095 18412 18344 19072 19075 19077 19078 18594 18600 18415 18601 18602 17971 15148 18350 18852 18853 18854 15144 15146 15150 15153 18606 18604 18607 18608 5471 5488 12201 12204 12206 12207 6478 19697 
4: 2607 6584 6585 6586 
5: 2637 3777 5526 
6: 3017 
7: 3179 3181 6231 8190 13822 14181 14184 6233 8192 13823 16319 16320 7732 7721 7728 7730 7718 7719 7720 7722 7723 7741 7729 17558 7731 7733 17559 7734 17563 16324 17552 17561 17562 13824 16322 16323 13831 17551 17549 14183 17546 17550 17556 17560 14182 14186 14189 14190 5757 11165 14185 14188 11178 17557 14191 12951 17547 5866 8457 12949 5865 5869 5967 8456 7724 16889 7725 
8: 3210 3211 3213 3800 4467 6936 8251 9377 10763 10764 3212 3214 3801 4468 6937 8252 9378 10765 10766 3802 4469 6938 8253 9379 10767 10768 3804 4471 5558 6940 8255 9381 10774 10775 10776 10777 3803 4470 5557 6939 8254 9380 10770 10771 10772 10773 
9: 3257 4509 5797 7015 12782 5796 5795 7013 12781 12783 7010 11872 11874 11875 19163 19164 19165 7011 11856 11858 11859 11860 11873 7014 18957 18963 18968 7012 18958 18964 12778 12779 15993 11861 17849 18028 18959 18960 18966 19160 8743 8744 9328 9330 9331 9334 9657 9658 9659 9663 11857 11862 11863 11864 11865 17136 17492 17507 17508 17509 17510 17848 17851 17852 17853 17854 17855 17856 18025 19004 19154 19161 19162 8735 8738 8742 8745 8748 9329 9333 9664 9665 12576 17850 18026 18027 19155 19156 19671 7527 8403 9322 9335 10038 12574 18014 18015 18016 18629 18630 19005 19670 7529 5116 8404 10034 10037 10041 10035 12572 18007 18008 18009 6275 8344 8698 9974 12573 15823 18010 18011 18012 18013 18624 18625 12584 12581 18042 18141 18142 18143 18144 18145 18146 18173 18150 18151 18152 18153 18154 18155 18175 18176 18179 18180 18181 12852 12865 12866 12871 12872 12877 12878 12886 12888 12889 12892 12893 12896 12897 15549 18147 18149 18156 18157 18158 18162 18164 18165 18166 18167 18168 18169 18170 18177 18182 18656 18662 18674 18675 18678 18698 19202 19204 19206 19208 19209 19210 19212 19214 19216 19218 19219 19220 19229 19602 19604 19606 19608 19609 19610 19612 19613 19614 19615 19616 19617 19618 19619 19620 19621 19624 19631 19633 19634 19635 19637 19944 19945 19946 19948 12842 12843 12844 12845 12846 12847 12848 12849 12850 12851 12853 12854 12855 12856 12857 12858 12859 12860 12861 12862 12867 12873 12879 12881 12898 13940 15555 18657 18658 18660 18663 18664 18665 18668 18671 18673 18676 18677 18679 18699 18700 11005 12869 12874 16283 18659 18661 18682 18683 19640 4605 10282 10290 10425 10427 10429 10430 11002 11003 11004 11007 11009 11012 18667 18672 18680 19647 4608 10283 10291 10424 10423 10426 10428 11006 11008 11010 17448 19625 12890 17446 17447 17449 12863 12864 12870 12875 12876 12887 12891 12894 12895 12900 17455 14040 17451 14041 14042 14043 14044 14045 19603 19622 19626 14067 14068 19203 19213 19605 19607 19611 19623 19627 19632 18398 18399 11224 15550 16125 18400 18401 18402 18685 18701 19750 11215 11216 11218 11219 11221 11222 11225 11226 11228 11230 11233 12026 15551 15552 15553 15554 15559 18403 18686 18923 18926 18929 19752 19753 19754 19756 19757 19758 19759 11227 19639 19641 19642 19659 11229 11232 12868 19628 19636 19643 12880 12882 12899 12903 18703 19205 19207 19211 19215 19217 19221 19223 19257 18687 18163 18171 18684 18696 18697 19259 19261 13944 15862 18043 18148 18172 18178 19224 13943 13939 12902 15544 15542 15546 16278 15543 15545 16268 16269 18689 18692 16279 16280 16289 16294 16270 19949 19947 19638 19751 19952 12884 18621 19222 19629 19652 15827 18618 18619 18620 19260 19256 19258 19262 19960 19950 19951 19955 19961 19956 12024 19362 19954 11235 12031 12032 12034 19355 19358 12027 12030 16078 16082 16086 12025 12028 15560 16095 16105 16114 16126 18925 18928 18931 16094 16104 16113 16077 16092 16081 16085 16089 16093 16102 16111 16103 16112 19660 19661 19662 19761 15561 14339 18406 18920 18921 18922 7903 13585 16096 18741 7900 7902 7908 7913 7899 7905 7910 18031 7901 7904 7909 7921 7906 7911 7923 7907 7928 7912 7929 7934 7924 7933 7919 7931 7915 7917 7918 8513 7914 8509 7916 8508 7926 8510 8511 8512 9636 9633 18032 18034 18035 13588 4705 8584 13578 13579 13580 13581 13582 13583 13584 13586 13587 13594 13595 13596 13597 18742 18743 8576 8579 8582 8583 8574 8575 8577 8580 16080 16084 16083 16088 16100 16110 16119 16079 16087 16106 16115 8578 8581 13598 13599 13600 13601 18033 6284 15471 15472 15473 19760 19630 19645 18174 19646 19644 19650 18702 19601 19649 19651 19600 19755 18691 18693 18160 12331 12923 12947 15568 17456 18159 18161 18184 18187 18193 18194 18195 18196 18197 18198 19231 19232 19233 19234 19236 19237 19238 19252 19253 19254 19255 19275 19862 12318 12319 12320 12323 12324 12325 12326 12327 12328 12329 12330 12332 12333 12917 12919 12920 12922 12924 12931 12934 18080 18083 18186 18188 18189 18190 18192 19467 19472 19494 19495 19497 19571 20076 12316 12317 12315 12321 19477 12065 12066 12096 15572 18200 19242 19465 19470 19471 19473 19474 19475 19476 19499 9359 9362 9367 10421 12064 12067 12068 12069 12070 12074 12077 12078 12079 12081 12082 12083 12093 12097 12098 12099 12100 12101 12102 12103 12104 12350 12918 12921 12928 15023 15570 15571 15837 16586 16588 17808 17809 17810 17812 18068 18069 18070 19250 19466 19468 19469 19496 19566 19570 20075 9369 15836 15843 18095 19498 19500 19501 19502 9371 15846 17811 17814 17815 14116 14117 14118 14119 5353 14120 14121 5354 16578 16580 15841 15838 15840 15847 15844 16576 16589 12925 12926 12933 16577 18071 18072 18073 18081 18084 19572 12916 12929 12932 12930 18191 19251 19274 12075 12094 15567 19230 19239 19240 19241 19243 19244 19245 19246 19247 19248 19249 19268 19270 19271 19272 19273 12071 12072 12073 12076 12084 12085 12086 12087 12088 12089 12090 19225 19264 12091 12092 12095 19265 18183 19226 19266 19267 19269 19478 19479 12941 17452 17453 17454 19227 19228 12939 12942 12944 12945 12946 12885 15569 12105 12080 19235 9343 15026 16454 18082 9342 9344 9349 9351 15025 15032 16453 20042 20045 9348 15027 16587 9350 15031 16451 16452 15033 16455 15034 9352 11588 15037 16456 9353 9354 9355 11589 15038 11590 15039 9346 11593 15040 9347 11582 15029 11581 15030 7152 10838 10928 11591 11592 14011 16450 18126 7150 7151 7160 10837 10927 19457 5332 7157 7158 7746 10835 10836 10925 10926 12663 14009 18123 18124 19799 5331 5335 5334 12662 14008 12665 14017 18132 12666 7748 14019 18133 7855 7860 7857 7861 7862 7858 7863 19853 10929 10839 14010 18125 10846 18131 10847 18134 4755 18113 18135 4756 4757 20157 19849 19850 19874 7159 16638 12726 10132 10232 19454 16368 16461 16463 5370 18096 18079 10389 10388 10395 10412 10410 10418 10420 18074 10417 18075 10394 10419 10411 16590 17813 18097 20079 20077 20080 20081 19860 20078 19861 10407 19567 19568 12349 15573 12352 12353 12354 12351 7203 7199 7201 7204 7205 7200 7202 7206 12936 12937 12322 12901 19767 15557 16712 19763 19768 19769 15556 19764 19765 16711 12029 15558 16071 10517 10509 19592 19590 19591 18666 18669 6511 10321 10324 10326 19584 19672 17138 17139 17140 19166 19167 19168 9654 19157 9332 9655 9656 9646 9645 9647 17491 19158 19159 17495 17497 17496 17498 12577 18029 18030 18965 18967 
10: 3568 3569 6667 6675 6674 6677 6666 6673 6676 6665 6668 10898 10899 11731 14224 11734 14226 11724 11729 11732 11733 11735 11719 11721 11722 11723 11725 14204 11716 11717 11718 11720 14215 11726 14212 11727 11728 11730 14217 14218 14213 14219 14220 14221 14214 14216 14199 14198 14201 14202 14206 14208 17865 14200 14203 14205 14207 14209 17790 14225 17791 14227 14228 14232 14234 14231 15537 17792 17793 17866 15538 17867 17868 17869 17795 14210 17794 17796 14211 6669 
11: 3625 3626 
12: 3731 8453 8455 8977 8979 9499 10020 9501 12672 
13: 3779 3782 8783 8790 8798 8806 9740 9741 3783 8781 8789 8796 8804 9738 9739 4423 8791 8799 8807 10122 11782 8782 8797 8805 9737 10121 10422 
14: 3879 6575 
15: 3882 
16: 3971 4710 6560 7448 10584 10671 13277 14845 14847 14848 14851 6562 6563 7449 8309 10585 10674 13278 14843 14844 8310 10675 13279 8313 8311 8312 10681 13285 13281 13283 6999 7678 10679 13261 13265 13268 13275 13280 13284 13286 13292 16592 16593 16594 16595 16596 16597 16598 16599 16600 16608 16609 16610 16611 16612 16615 16616 16617 16618 16898 16900 16901 16903 16907 17218 17219 6992 7000 6993 17229 17230 17220 17221 7679 10673 10141 13262 13263 13270 16231 16333 17515 17516 17517 17518 17519 17520 18428 18434 19026 19536 19540 19700 19701 19702 19704 19705 19706 19707 10140 10144 10150 10153 10716 16243 16347 17241 17242 17244 17534 17535 16230 17528 17529 17530 17531 17532 17533 19717 17271 19025 19535 19718 19719 17272 17273 17274 17275 10702 16234 16337 17521 17522 17523 17524 10152 10719 10738 13214 16247 16351 17237 17238 17240 17243 10718 11013 11014 11015 11016 11017 13215 16246 16350 17245 17246 17247 17248 17513 10714 10720 10715 13210 15294 15295 15296 10705 13211 15299 15300 15301 10732 13205 13313 13314 13315 13316 13320 13216 17239 14905 14904 14909 14913 14908 14912 14906 14916 14920 14924 16621 14902 14907 14911 14914 14918 14922 16620 14903 16619 14915 14919 14923 16601 14917 16604 14921 14925 14945 16605 14953 13291 14934 14954 14959 16614 7312 14831 14930 14960 7306 7314 7323 7316 7325 13293 14824 14830 14834 14840 13289 10684 13282 14822 14823 14825 14826 14827 14828 14832 14833 14835 14837 14838 14841 10676 10680 14820 14821 14839 14849 14850 14846 14852 14836 14842 14829 7305 7307 7309 7313 7315 7317 7319 7324 16607 16603 16606 16625 16602 19833 10721 16249 16353 18438 19830 19832 19837 10717 16244 16348 16248 16352 18437 19829 19836 16624 16622 16623 11018 17514 19703 16613 16635 13274 13549 16626 16628 16630 16632 16637 13273 13524 13529 13534 13539 13553 16905 10583 15057 15058 16591 
17: 3988 4187 
18: 4234 4235 4236 4237 6638 6640 7237 10279 4238 4239 6461 6639 6641 6643 7073 7238 7240 8542 8571 8572 8573 8591 8592 10278 10280 6459 10275 15915 5200 6460 6462 6463 8565 10274 5202 5203 6464 7072 14331 15916 10276 10277 6642 7235 7236 7239 8541 8566 8589 8590 14256 14257 5405 5406 8567 8414 8415 7071 7074 5400 5401 5403 5404 8388 
19: 4369 4976 6239 7475 10012 
20: 4504 8078 11510 11511 11512 11513 11514 11515 11516 11517 11518 11519 8077 8080 6020 12293 12294 12295 12296 12297 6019 6021 11520 11521 11522 11523 11524 11534 11535 11536 11537 
21: 4577 14442 18867 18868 18869 
22: 4631 4637 5341 5342 6679 8407 15449 7089 6678 7088 7091 6681 7967 7970 8406 6682 7968 7964 7972 7966 7969 7971 15439 15442 15445 15446 15440 15441 15443 15444 15447 15448 15450 15452 15453 15454 15451 15455 15456 15458 15173 15172 15174 
23: 4660 4662 4663 7986 4661 9819 9820 9832 9827 9833 12505 9826 9863 9865 9780 9822 9862 9864 12503 13096 9824 13099 9781 9823 9831 12507 13097 13101 13102 13704 13744 13746 13747 15696 15734 16035 16936 18776 9784 14355 15697 15743 16029 11198 13748 13750 14358 14761 16939 11192 11191 13749 18271 13705 13745 13706 13731 18270 18272 10614 13709 15695 15698 16030 16703 13707 13710 12515 12509 12510 7995 7994 7997 7988 7992 7990 13098 7987 13100 15729 6582 15738 16031 16033 15737 15739 16034 16032 6686 7943 7944 13730 13732 13733 13737 14356 5430 6687 6688 7945 5431 13736 13738 14359 14780 9830 9829 11193 11188 13106 11189 13107 10531 13104 12506 4664 5173 
24: 4890 5573 8679 13771 13772 13773 5574 13774 13775 13776 9389 9935 12118 13777 13778 13783 13784 13897 9390 6944 8262 12119 13898 9936 13785 13786 
25: 5088 5089 5090 8232 8823 12129 12622 16729 18377 19514 19515 12130 16730 18378 19320 19321 12131 15756 15759 15762 15765 
26: 5429 14760 18510 14764 14767 14771 18511 12533 12534 14766 14768 14886 17421 17948 12516 12526 12532 14862 14868 14871 14885 10085 12525 12535 12536 12537 14861 14867 10084 10086 12524 14875 14872 13791 14857 14863 14869 14876 14882 13796 12527 17415 13799 17411 17414 17413 17942 18252 17943 17944 18254 14354 14357 
27: 5458 5460 7957 7958 6089 
28: 5933 5934 13343 13959 13979 14516 15104 15507 15959 15960 13345 13962 13981 14518 15105 15508 15962 15963 12720 13961 13955 13957 13980 15961 13977 15956 13978 15958 15519 7337 15516 15521 7339 19058 
29: 6039 12445 12446 12431 12447 12449 12450 12475 12486 14296 14300 9918 9919 9921 12415 12432 12433 14297 9913 9914 9916 9920 12414 12430 13631 9912 9923 10441 10461 13064 13073 13624 13625 9915 11069 11070 10460 10463 10464 10465 11071 12416 13074 13628 17250 10462 10466 10467 10468 10469 10470 10442 10444 10451 10456 10475 10476 10477 10479 16573 10443 10445 10446 10452 10453 10454 10455 7245 10448 10471 13065 7243 10449 13633 10473 10472 10478 12429 12422 12427 12419 12420 12423 12428 13629 13079 13630 13082 13075 13076 13080 13083 13066 13077 13067 13068 13666 10447 13069 13667 10457 10459 14815 10458 12476 14299 14301 14814 14298 17252 12451 17251 12442 14812 12439 12477 14801 12480 12482 12487 12481 12479 12478 14811 14813 14816 14800 14803 15688 12809 15687 17253 12807 12810 10219 10440 12413 12808 13654 10217 10218 10222 10227 9911 10438 9910 12418 12417 12813 9195 12811 9196 17933 11879 11880 11882 13078 13084 13081 13627 13632 13655 11073 13635 7242 14302 
30: 6113 6115 6116 
31: 6232 9617 9619 9620 
32: 6295 6659 
33: 6868 14435 17729 
34: 6927 10239 10240 10241 10242 11095 11101 14577 11096 11097 14571 14572 14573 14578 14580 14579 
35: 7162 7163 7164 7165 7166 7167 7169 7176 7177 7178 7180 7181 8475 11620 11625 11631 7168 7170 7179 11621 11626 11632 7175 7172 7171 7185 7173 7174 7184 7186 7182 7187 7183 11623 11622 11628 11634 11624 11627 11633 11629 11635 11630 11641 11636 11643 18061 11645 11647 11649 11650 18063 11646 11648 18054 18056 18059 16433 16434 16437 16443 16445 16438 14692 14684 14687 14685 14688 8471 
36: 7246 
37: 7277 7278 
38: 7544 8778 10098 10298 10301 10302 10303 10304 
39: 8373 
40: 8617 
41: 8882 8883 10748 11483 17715 17760 17761 17762 17763 8889 10749 11484 14154 14155 14156 14157 14158 10757 11490 17718 17800 17807 10751 11488 14603 14605 14606 14607 14608 14609 14159 14611 14612 14613 9788 14160 14161 14162 14163 14164 14166 15409 9789 9792 9797 9793 9798 14167 14168 14173 14174 14172 11427 15400 11432 11433 14615 14616 14626 14627 9682 16168 16155 16167 
42: 9075 9076 9077 9079 19556 9078 9082 19009 19010 16821 19011 19557 16817 16823 16825 16828 16819 16830 19558 
43: 9564 
44: 9711 9712 9714 
45: 10169 10170 13468 11910 11911 10781 11900 11906 11901 11907 13470 13471 13473 13472 
46: 10262 10263 10264 
47: 10345 10347 10356 10346 11691 15463 10350 11689 11683 11686 11687 11690 
48: 10439 
49: 10487 10489 
50: 10488 10490 
51: 11111 11126 
52: 11278 11280 17255 11279 17256 17260 17261 17259 18728 17576 17575 
53: 11991 11995 14631 13371 13368 13996 14630 
54: 14332 
55: 14363 14364 14373 
56: 15177 15178 15179 
57: 15182 15183 15184 15185 15186 15187 15204 15205 15206 15207 15208 15209 
58: 17635 17636 17637 17638 
59: 18533 
60: 19549 19550 19552 
