# The directed communities at k=6
# from /Users/bogna/dev/role-mining/datasets/hepth/timeslots/cit-HepTh-1999.edges
# at no lower link weight threshold,
# and at no upper link weight threshold.
# Links were treated as directed.
# No time limit was set for the clique search.

0: 9901032 9612128 9706089 9706141 9807140 9905196 9905217 9907066 9908090 9909015 9910050 9910057 9910095 9910229 9912015 9912081 9912162 
1: 9901100 9811117 9812147 9905077 9906189 9908131 9910103 
2: 9507090 9402032 9603126 9508094 9512031 9607026 9902032 9209016 9304154 9305185 9507160 9510097 9512129 9604055 9902072 9902107 9903064 9908137 
3: 9901014 9510161 9510169 9603167 9701137 9803194 9805019 9806155 9808141 9809111 9810188 9812031 9510017 9611050 9901042 9601038 9604091 9710230 9805170 9812135 9901159 9511194 9812226 9902102 9807138 9902116 9902160 9902105 9707068 9802088 9902158 9902181 9903123 9905006 9903129 9903140 9904153 9904207 9905034 9905080 9906055 9906109 9907140 9908060 9908091 9908121 9908126 9908144 9909062 9909194 9910109 9910217 9910241 9910249 9910266 9911173 9912029 9912090 9912117 9912275 
4: 9701125 9709027 9901073 9804180 9812094 9904186 9906164 9906244 9911065 
5: 9901099 9808042 9810022 9810087 9903249 9904044 9912092 9912290 
6: 9903055 9910060 9912097 9912114 9912128 9912240 
7: 9711200 9806194 9812027 9812046 9811002 9901118 9811245 9812100 9812216 9902079 9902098 9712258 9903086 9903219 9712256 9903224 9904024 9904040 9905002 9905004 9905111 9906191 9906215 9907087 9907178 9908189 9909110 9909146 9909222 9910047 
8: 9407087 9701055 9703166 9610156 9901124 9609041 9609145 9706110 9709053 9804105 9804151 9806144 9904078 9904087 9906027 9912271 9911022 9912133 9912180 
9: 9602135 9711200 9802109 9802150 9805114 9809022 9811120 9603167 9701137 9804026 9802183 9803001 9803002 9803015 9803131 9806021 9806125 9809057 9809106 9811035 9811156 9812089 9803076 9901041 9810126 9810206 9812035 9601038 9901056 9805129 9806171 9808117 9810186 9810225 9811167 9812121 9803263 9901085 9901101 9509080 9702093 9803249 9612229 9901106 9703059 9605051 9901149 9203018 9807187 9808097 9810227 9902012 9811208 9902055 9603133 9805157 9902067 9806128 9902074 9810214 9812093 9812118 9902095 9902110 9603097 9902125 9812017 9902155 9902170 9902195 9902196 9806103 9210127 9903023 9903026 9903029 9803141 9903078 9903085 9903090 9903091 9903109 9905006 9903128 9903132 9903143 0208020 9903186 9903201 9903207 9904036 9903214 9903226 9805104 9904197 9907188 9903269 9904013 9904017 9904069 9904092 9311183 9503207 9807011 9812158 9904207 9905042 9905067 9905075 9905081 9905096 9905104 9905111 9905159 9905180 9905200 9907143 9908198 9909047 9906055 9906057 9906081 9906090 9906101 9906168 9906179 9906194 9906201 9906196 9906210 9906216 9906220 9906221 9906224 9906234 9907003 9907024 9907054 9907070 9907184 9907201 9907204 9908022 9908023 9908064 9908065 9908072 9908092 9908109 9908116 9908155 9908175 9909003 9909010 9909041 9909058 9909070 9909109 9909116 9909121 9909172 9909203 9909212 9910036 9910045 9911169 9910094 9910099 9910117 9910228 9910252 9911040 9911081 9911083 9911160 9912073 9911205 9911238 9911240 9912001 9912132 9912145 9912164 9912187 9912191 9912204 9912218 9912257 
10: 9711200 9802109 9802150 9807080 9807164 9810201 9902045 9903036 9904017 9904187 9904198 9905104 9905226 9905111 9905134 9907216 9907219 9908162 9908163 9909137 9909188 9910066 9912107 
11: 9901099 9808042 9810022 9903249 9904014 9904044 9912221 
12: 9604035 9604179 9801049 9803103 9902128 9702163 9902208 9903038 9903213 9905094 9906203 9910098 
13: 9510135 9901107 9401133 9601085 9704011 9712211 9803127 9804139 9804160 9804164 9804174 9902005 9903095 9906119 9907090 9909035 9909218 9912082 9912083 
14: 9611230 9902033 9808111 9904118 9904181 9908006 9908075 9908120 
15: 9706207 9907191 9908044 9910022 9911001 9911066 
16: 9711200 9802109 9804058 9802150 9808006 9611075 9803171 9809179 9807033 9804170 9804035 9806074 9807097 9807098 9808162 9809067 9811152 9811257 9901128 9811047 9901144 9812067 9902042 9902047 9811172 9611074 9807150 9903094 9903124 9903196 9509140 9607060 9905020 9905049 9905085 9905111 9906030 9906051 9906099 9906151 9906188 9906211 9907085 9907088 9907108 9908160 9908163 9910011 9910016 9910150 9910197 9911222 9912007 9912210 9912250 
17: 9711200 9902168 9812117 9905042 9906057 9907051 9908167 
18: 9409089 9902088 9806039 9811008 9811051 9812043 9902126 9902173 9903146 9905177 9906022 9910146 9904110 9904120 9905111 9907012 9907032 9907062 9907115 9908024 9908061 9908070 9908093 9910106 9910169 9910185 9911002 9911157 9912055 
19: 9901044 9211021 9506027 9611039 9702043 9708046 9903008 9907032 9909061 9910169 
20: 9711200 9802109 9802150 9803131 9811224 9901143 9805156 9810053 9903078 9907188 9905030 9905205 9905111 9906040 9906147 9908001 9908065 9911124 
21: 9611230 9703166 9811004 9802067 9902118 9808161 9904050 9905111 9907074 9907086 
22: 9711200 9802109 9802150 9806087 9808079 9902121 9811005 9808177 9809035 9903203 9903228 9903229 9903238 9904197 9907188 9904148 9906040 9906127 9908022 9909197 9910040 9910124 9911060 9911152 9911230 9912013 
23: 9711200 9610043 9711162 9711165 9805034 9810072 9802042 9810179 9812219 9812180 9908142 9903077 9804001 9903107 9903187 9903205 9903239 9611047 9907166 9908019 9908056 9908134 9908141 9908152 9909059 9909085 9909202 9909215 9910004 9910019 9910031 9910083 9910091 9910092 9911057 9911169 9912140 9910194 9911031 9911041 9911098 9911137 9911140 9911183 9911193 9912288 9912036 9912072 9912075 9912094 9912130 9912165 9912167 9912171 9912258 
24: 9901006 9407087 9408099 9411048 9505035 9505150 9509161 9712062 9802007 9805172 9506102 9510183 9610156 9609041 9609145 9904087 9905053 9911115 9905224 9912271 9906193 9911022 9912180 
25: 9407087 9408099 9505035 9510101 9510204 9510224 9607109 9701014 9701123 9902205 9903088 9903252 9906029 9906240 9912088 9912124 
26: 9711162 9711165 9803031 9803067 9810072 9803044 9812219 9902004 9908142 9903205 9906161 9906192 9908019 9908152 9909059 9909176 9909215 9910138 9911140 9911183 9911186 9911251 9912038 9912254 9912274 
27: 9604090 9906064 9909130 9911055 9909205 9911043 9912118 9912233 9912135 9912175 
28: 9804026 9606169 9601038 9605049 9708040 9804092 9607229 9604129 9604178 9608053 9803141 9904007 9904069 9904071 9904211 9905033 9906234 9908064 9908130 9910228 9911081 9911190 9912204 9912218 
29: 9711200 9510209 9602070 9803235 9811141 9902071 9903225 9604090 9904021 9905012 9905210 9906064 9906182 9906204 9201007 9907209 9908076 9908104 9908116 9908174 9908186 9909001 9909048 9909053 9909058 9909070 9909076 9909103 9909127 9909130 9909134 9909199 9910081 9910149 9910174 9910219 9911083 9911104 9911181 9911234 9912182 9911237 9912060 9912125 9912187 9912193 
30: 9711162 9805034 9811159 9901077 9908142 9907008 9912185 9912212 
31: 9711200 9806194 9812027 9811002 9901118 9902079 9905002 9905181 9910047 
32: 9701125 9703217 9908105 9909154 9910052 9910053 9911136 
33: 9807080 9811004 9901091 9811230 9904050 9905111 9906012 9907086 
34: 9711200 9802109 9804058 9802150 9806074 9811106 9902153 9903161 9907047 9905075 9905111 9909179 9911135 9911238 
35: 9711200 9802109 9802150 9808016 9808017 9805171 9409089 9901076 9901079 9903165 9902052 9902101 9902106 9903048 9903094 9903228 9903237 9904098 9904164 9905111 9906217 9907093 9907129 9909186 9911016 
36: 9906064 9908076 9908104 9909048 9912125 9912230 
37: 9711162 9711165 9908142 9909202 9910135 9910196 9911186 
38: 9711200 9804085 9806194 9204099 9806026 9802076 9809021 9901148 9405171 9903178 9903222 9903244 9905111 
39: 9901020 9707126 9902202 9903113 9906018 9910144 
40: 9906064 9910149 9912001 9912118 9912233 9912287 
41: 9711200 9805028 9806194 9812046 9805217 9808020 9808038 9809145 9809164 9812062 9902046 9902098 9902180 9903086 9903219 9904104 9905032 9905097 9905111 9906217 9907200 9908041 9908114 9910145 9911016 9912155 
42: 9711200 9802109 9901004 9802150 9805114 9901012 9901079 9902073 9902101 9903190 9905037 9905111 9905219 
43: 9508143 9904112 9904129 9905014 9905056 9906214 9912275 
44: 9711200 9802109 9805114 9901079 9903228 9906226 9909013 9912209 
45: 9711200 9807033 9901128 9804009 9810243 9903124 9905173 9905209 9908035 9908125 9908201 9910118 9911112 
46: 9811035 9811156 9812089 9901101 9902074 9903118 9904013 9905146 
47: 9711200 9803001 9803002 9901057 9903042 9904147 9904191 9905111 9906073 9910089 9911123 9911172 
48: 9803235 9902071 9903225 9905210 9909103 9910219 
49: 9606112 9712186 9902120 9906200 9910172 9912147 9912188 
50: 9606112 9712186 9906200 9907131 9910170 9912147 9912188 
51: 9802109 9802150 9902153 9905111 9907108 9908160 9909179 
52: 9711200 9905111 9905210 9906064 9906182 9906204 9908076 9908116 9909134 9910081 9910174 9912001 9912125 9912232 
53: 9510169 9804026 9808139 9210127 9903051 9903160 9905098 9906039 9910143 9912108 9912206 
54: 9607163 9909229 9910238 9910248 9910268 9911113 
55: 9711200 9906064 9906182 9909058 9909134 9912012 9912018 9912125 
56: 9711200 9802109 9802150 9902121 9903228 9905081 9905111 9908175 
57: 9711200 9802109 9802150 9805114 9808016 9901012 9805171 9903228 9905111 9905227 9906226 9912209 
58: 9711200 9802109 9802150 9901018 9803131 9902131 9905111 9908148 9910036 
59: 9905006 9904207 9908126 9908144 9909172 9911164 
60: 9711200 9802109 9610043 9901079 9903165 9902073 9905111 9910001 
