# The graph of directed at k=6
# from /Users/bogna/dev/role-mining/datasets/hepth/timeslots/cit-HepTh-1999.edges
# at no lower link weight threshold,
# and at no upper link weight threshold.
# Links were treated as directed.
# No time limit was set for the clique search.

3 9 6
3 28 1
3 43 1
3 53 1
3 59 4
4 32 1
5 11 5
7 9 2
7 10 2
7 16 2
7 17 1
7 18 1
7 20 2
7 21 1
7 22 1
7 23 1
7 29 1
7 31 8
7 33 1
7 34 2
7 35 2
7 38 3
7 41 7
7 42 2
7 44 1
7 45 1
7 47 2
7 51 1
7 52 2
7 55 1
7 56 2
7 57 2
7 58 2
7 60 2
8 21 1
8 24 8
8 25 1
9 10 6
9 16 4
9 17 3
9 18 1
9 20 8
9 21 1
9 22 6
9 23 2
9 28 10
9 29 6
9 31 1
9 33 1
9 34 6
9 35 4
9 38 2
9 40 1
9 41 2
9 42 5
9 44 3
9 45 1
9 46 6
9 47 4
9 51 3
9 52 4
9 53 2
9 55 2
9 56 6
9 57 5
9 58 6
9 59 3
9 60 3
10 16 5
10 17 1
10 18 1
10 20 4
10 21 1
10 22 3
10 23 1
10 29 1
10 31 1
10 33 2
10 34 4
10 35 4
10 38 2
10 41 2
10 42 4
10 44 2
10 45 1
10 47 2
10 51 3
10 52 2
10 55 1
10 56 4
10 57 4
10 58 4
10 60 3
14 21 1
16 17 1
16 18 1
16 20 4
16 21 1
16 22 3
16 23 1
16 29 1
16 31 1
16 33 1
16 34 6
16 35 5
16 38 2
16 41 2
16 42 4
16 44 2
16 45 4
16 47 2
16 51 5
16 52 2
16 55 1
16 56 4
16 57 4
16 58 4
16 60 3
17 20 1
17 22 1
17 23 1
17 29 1
17 31 1
17 34 1
17 35 1
17 38 1
17 41 1
17 42 1
17 44 1
17 45 1
17 47 1
17 52 1
17 55 1
17 56 1
17 57 1
17 58 1
17 60 1
18 19 2
18 20 1
18 21 1
18 33 1
18 34 1
18 35 2
18 38 1
18 41 1
18 42 1
18 47 1
18 51 1
18 52 1
18 56 1
18 57 1
18 58 1
18 60 1
20 21 1
20 22 5
20 23 1
20 29 1
20 31 1
20 33 1
20 34 4
20 35 4
20 38 2
20 41 2
20 42 4
20 44 2
20 45 1
20 47 2
20 51 3
20 52 2
20 55 1
20 56 4
20 57 4
20 58 5
20 60 3
21 33 4
21 34 1
21 35 1
21 38 1
21 41 1
21 42 1
21 47 1
21 51 1
21 52 1
21 56 1
21 57 1
21 58 1
21 60 1
22 23 1
22 29 1
22 31 1
22 34 3
22 35 4
22 38 1
22 41 1
22 42 3
22 44 3
22 45 1
22 47 1
22 51 2
22 52 1
22 55 1
22 56 5
22 57 4
22 58 3
22 60 2
23 26 12
23 29 1
23 30 3
23 31 1
23 34 1
23 35 1
23 37 4
23 38 1
23 41 1
23 42 1
23 44 1
23 45 1
23 47 1
23 52 1
23 55 1
23 56 1
23 57 1
23 58 1
23 60 2
24 25 3
26 30 2
26 37 4
27 29 3
27 36 1
27 40 3
27 52 1
27 55 1
28 53 1
29 31 1
29 34 1
29 35 1
29 36 5
29 38 1
29 40 2
29 41 1
29 42 1
29 44 1
29 45 1
29 47 1
29 48 6
29 52 11
29 55 6
29 56 1
29 57 1
29 58 1
29 60 1
30 37 2
31 34 1
31 35 1
31 38 2
31 41 2
31 42 1
31 44 1
31 45 1
31 47 1
31 52 1
31 55 1
31 56 1
31 57 1
31 58 1
31 60 1
33 34 1
33 35 1
33 38 1
33 41 1
33 42 1
33 47 1
33 51 1
33 52 1
33 56 1
33 57 1
33 58 1
33 60 1
34 35 4
34 38 2
34 41 2
34 42 4
34 44 2
34 45 1
34 47 2
34 51 5
34 52 2
34 55 1
34 56 4
34 57 4
34 58 4
34 60 3
35 38 2
35 41 4
35 42 6
35 44 4
35 45 1
35 47 2
35 51 3
35 52 2
35 55 1
35 56 5
35 57 7
35 58 4
35 60 5
36 40 1
36 52 3
36 55 2
38 41 3
38 42 2
38 44 1
38 45 1
38 47 2
38 51 1
38 52 2
38 55 1
38 56 2
38 57 2
38 58 2
38 60 2
40 52 2
40 55 1
41 42 2
41 44 1
41 45 1
41 47 2
41 51 1
41 52 2
41 55 1
41 56 2
41 57 2
41 58 2
41 60 2
42 44 4
42 45 1
42 47 2
42 51 3
42 52 2
42 55 1
42 56 4
42 57 6
42 58 4
42 60 5
44 45 1
44 47 1
44 51 1
44 52 1
44 55 1
44 56 3
44 57 6
44 58 2
44 60 3
45 47 1
45 52 1
45 55 1
45 56 1
45 57 1
45 58 1
45 60 1
47 51 1
47 52 2
47 55 1
47 56 2
47 57 2
47 58 2
47 60 2
48 52 1
49 50 5
51 52 1
51 56 3
51 57 3
51 58 3
51 60 2
52 55 5
52 56 2
52 57 2
52 58 2
52 60 2
55 56 1
55 57 1
55 58 1
55 60 1
56 57 5
56 58 4
56 60 3
57 58 4
57 60 3
58 60 3
