# The links inside the directed communities at k=11
# from /Users/bogna/dev/role-mining/datasets/hepth/timeslots/cit-HepTh-1995.edges
# at no lower link weight threshold,
# and at no upper link weight threshold.
# Links were treated as directed.
# No time limit was set for the clique search.

0:
9503086 9407087
9503179 9407087
9504113 9407087
9505004 9407087
9505051 9407087
9505088 9407087
9506077 9407087
9506148 9407087
9507018 9407087
9509066 9407087
9510148 9407087
9510228 9407087
9503086 9408099
9503179 9408099
9504113 9408099
9505004 9408099
9505051 9408099
9505088 9408099
9506077 9408099
9506148 9408099
9507018 9408099
9509066 9408099
9510148 9408099
9510228 9408099
9503086 9411149
9503179 9411149
9504113 9411149
9505004 9411149
9505051 9411149
9505088 9411149
9506077 9411149
9506148 9411149
9507018 9411149
9509066 9411149
9510148 9411149
9510228 9411149
9503179 9503086
9504113 9503086
9505004 9503086
9505088 9503086
9506077 9503086
9506148 9503086
9507018 9503086
9509066 9503086
9510148 9503086
9510228 9503086
9504113 9503179
9505004 9503179
9505051 9503179
9505088 9503179
9506077 9503179
9506148 9503179
9507018 9503179
9509066 9503179
9510148 9503179
9510228 9503179
9505051 9504113
9505088 9504113
9506077 9504113
9506148 9504113
9507018 9504113
9509066 9504113
9510148 9504113
9510228 9504113
9505051 9505004
9505088 9505004
9506077 9505004
9506148 9505004
9507018 9505004
9509066 9505004
9510148 9505004
9510228 9505004
9505088 9505051
9506077 9505051
9506148 9505051
9507018 9505051
9509066 9505051
9510148 9505051
9510228 9505051
9506077 9505088
9506148 9505088
9507018 9505088
9509066 9505088
9510148 9505088
9510228 9505088
9506148 9506077
9507018 9506077
9509066 9506077
9510148 9506077
9510228 9506077
9507018 9506148
9509066 9506148
9510148 9506148
9510228 9506148
9509066 9507018
9510148 9507018
9510228 9507018
9510148 9509066
9510228 9509066
9510228 9510148
