# The directed communities at k=4
# from /Users/bogna/dev/role-mining/datasets/enron/timeslots/1-2001.edges
# at no lower link weight threshold,
# and at no upper link weight threshold.
# Links were treated as directed.
# No time limit was set for the clique search.

0: 548 961 3918 3077 730 807 985 2846 151 10245 10257 17266 2844 2878 2930 2966 33711 5548 6040 759 8634 17234 5604 10260 10263 10264 1230 143 27433 437 4589 5290 5553 7991 8129 10808 126 127 129 134 146 3213 4072 419 425 498 656 764 17262 5197 5529 10351 452 527 104 125 133 532 1050 11732 383 1061 1399 1888 2050 2842 3019 3204 3585 5296 5316 948 1062 641 1063 592 928 1066 1067 1068 854 1069 786 1070 877 1072 1306 1307 1323 1329 1331 1335 1336 558 802 825 851 10760 1849 3697 4820 505 547 1077 1079 1321 1360 1552 1593 19992 3701 4989 519 5286 5601 634 720 835 919 1087 1019 1034 1088 1089 1090 1094 1095 1099 1100 1101 1102 1104 1107 1108 1110 1111 1112 1113 1116 1119 1120 1121 1123 1124 1125 1126 1127 1128 1129 1131 1134 1135 1137 1138 1139 1144 1145 1146 1148 1149 1151 1152 1153 1156 1157 1158 1160 1164 1165 1169 1171 1172 1173 1174 1177 1507 1510 1511 1512 1513 2007 2008 2009 2010 2011 2012 2013 500 513 543 659 660 729 1415 4873 5203 11460 1813 2353 3050 37322 4252 4288 4805 36378 11541 1414 1521 1522 1523 1524 1525 1595 1850 3838 3968 4071 5201 11545 1223 1411 17776 19578 544 550 580 723 2137 11669 130 131 382 432 457 11680 11679 1245 128 1574 2052 20671 281 540 549 572 600 954 11695 11702 2092 30 4250 890 901 11890 1198 1204 1209 1211 1377 142 144 149 158 2054 368 416 420 6640 6693 787 1178 1185 118 1493 2979 3198 3080 3354 5314 622 439 1194 1199 4506 4508 5372 804 453 719 1208 1010 1189 1191 1192 1196 1197 1200 1202 1205 1206 1212 1217 1218 1221 1225 1226 1232 1233 417 510 746 971 2028 123 489 604 642 663 1236 1243 1527 1798 542 136 196 2051 2129 495 545 661 12512 889 12521 15263 17909 19279 4709 1294 152 490 1300 2100 2103 3006 454 1310 1071 1076 1078 1315 1317 1318 1325 1334 1376 1492 1546 1548 448 491 501 508 509 531 538 603 610 611 616 617 624 625 673 674 679 686 708 713 714 722 726 733 735 762 775 817 823 856 857 864 905 914 936 1312 1313 1316 1279 5277 2106 1330 1375 17175 17193 17265 19985 2482 3283 3284 3286 3293 3298 3303 3307 3382 3727 3731 3735 3863 3932 4280 4623 4857 4961 5381 6017 7644 8594 1540 518 1412 2934 2049 2960 581 14474 3309 5580 3695 496 148 2935 3191 446 546 17661 920 5905 1048 15281 15810 19609 3026 3099 5291 14890 14315 3214 1895 15016 20575 20676 20677 20682 20683 20684 2262 4503 4507 5688 1508 15768 15813 3231 3381 3481 3850 4143 4163 4220 5191 5512 5547 5550 5611 7719 15283 15291 10794 11448 11671 14557 15259 15260 15262 15264 15266 15267 15268 15270 15271 15272 15274 15275 15277 15280 1883 1894 1959 19626 208 21659 2288 4460 4463 4675 4698 5999 6058 6692 8366 9323 5880 1547 1550 5549 3221 3395 3669 2048 3199 3230 3702 3714 4278 15953 3228 17172 7714 925 10410 2944 3058 32377 3948 5366 6094 17298 3203 3218 34940 17973 770 17777 5378 1867 27349 32121 3233 3320 3445 35100 37321 4715 5459 6830 6872 1065 1612 19637 2073 2827 2905 3229 1215 20668 20586 17784 20460 20670 20678 20705 20706 20707 20708 2378 347 5753 596 22806 4086 21525 2160 2238 2369 811 2839 2850 11516 3925 450 29953 30496 3119 5371 3412 4063 32797 4334 5519 5541 5888 605 3605 3880 38855 3935 4047 916 4225 5633 6849 4333 5358 4819 5196 5214 4467 4504 45813 4647 492 512 554 4976 517 607 1538 52010 52033 52034 52066 5411 5441 5033 21521 4314 4505 4509 5178 5373 5640 9012 1216 23458 52418 747 7682 2046 2053 7462 796 591 813 982 731 1064 1309 1326 1554 841 10759 11701 14902 15482 17755 1881 19417 19653 2022 20916 21491 21507 21510 21511 21512 21513 21517 21518 21520 21643 22217 23310 23743 23744 23745 23746 23747 23748 23749 414 5037 5179 5683 5690 645 9931 
1: 10354 10374 10388 10404 112 2024 216 27446 277 293 29794 29796 29805 29810 307 32864 32873 32874 3447 401 43296 8336 8349 8627 9823 10365 10360 10361 10364 10378 10381 10382 10383 252 273 275 276 312 9820 10389 121 172 186 197 288 29702 29921 4 8326 8346 8347 8352 8621 91 10459 10465 10384 11381 32902 43031 8608 2 29 118 202 3228 251 191 291 315 76 274 10369 32981 3879 8319 29668 10366 3084 3085 32889 10353 10355 10357 10358 10359 10362 10368 10370 10371 10373 10376 10377 10379 10380 10385 10387 179 189 292 29704 68 93 32890 10343 176 272 32907 32923 9969 32974 178 181 201 256 306 58395 8370 9045 
2: 10973 3841 4873 3840 
3: 2846 11522 3750 3755 3756 749 
4: 5204 4873 36378 11541 3161 4845 4859 5645 11543 3160 4334 
5: 151 5905 33678 33683 
6: 2878 10250 15612 17234 3468 5315 1593 3286 18197 5292 15813 15754 15741 15759 15774 15805 5295 5298 5311 5599 15787 15799 15825 17248 17249 2952 5301 18199 19188 17239 7712 2876 2992 700 
7: 544 8431 20740 20764 20771 20813 20827 
8: 544 20742 20768 20761 
9: 20878 20996 20999 20920 
10: 544 20963 20727 20792 20879 20891 20906 21762 22448 22710 22714 8394 8531 22174 22898 22907 
11: 114 253 5205 10436 42213 
12: 3131 31768 3858 61651 61652 61653 55796 
13: 8735 8713 8442 8541 8496 
14: 10204 5491 807 53394 
15: 1243 552 8394 8531 
16: 5290 144 622 17661 399 
17: 1593 919 3199 5336 
18: 20742 20767 20848 21149 21253 20761 
19: 2878 6040 2934 3309 3592 3229 2876 4625 6039 
20: 3019 29933 11520 450 
21: 5314 3147 2517 3017 5890 
22: 5205 3634 3583 4858 3147 3656 2518 3149 3150 3530 3602 3609 3659 4511 465 5193 5208 5210 5212 5215 5216 5218 5220 5222 4334 35975 3140 4865 5221 38855 5890 
23: 501 1330 52047 5441 6982 
24: 56863 57016 10600 57007 5944 5955 85553 85554 85555 85556 85557 85558 85559 85560 85562 85563 85564 85565 85566 85567 85568 85569 85570 85571 85572 84045 33268 33413 85265 85552 85561 85578 
25: 10204 4214 4585 730 7475 807 45813 
26: 437 5290 144 3354 444 7742 14469 
27: 8431 8394 8407 8531 8704 8897 8713 8496 
28: 67308 67240 67244 67354 
29: 1061 3204 5319 1593 2960 2978 3205 
30: 764 505 605 5890 
31: 151 5287 130 4717 5905 6595 
32: 17296 142 152 3006 
33: 928 3061 4857 2827 
34: 544 1798 20963 20964 
