# The links inside the directed communities at k=3
# from /Users/bogna/dev/role-mining/datasets/enron/timeslots/08.edges
# at no lower link weight threshold,
# and at no upper link weight threshold.
# Links were treated as directed.
# No time limit was set for the clique search.

0:
115 86
149 115
86 130
86 133
149 86
86 87
130 133
131 130
131 133
133 135
87 133
131 135
131 149
135 149
149 87
1:
10 17
10 40
10 41
10 71
127 10
129 10
14 65
14 73
148 14
14 23
14 74
27 14
17 40
17 41
17 71
77 17
17 103
42 17
17 38
17 61
127 17
17 25
17 56
17 59
17 97
17 125
17 26
42 40
127 41
127 71
118 42
118 108
118 119
118 61
118 84
22 118
49 118
128 105
128 100
122 128
127 128
13 57
57 33
57 76
127 77
77 90
103 107
127 103
107 121
107 65
107 73
109 107
51 107
54 107
6 107
92 107
38 107
127 107
151 107
23 107
129 107
105 100
127 105
127 100
78 100
92 121
39 121
22 121
49 121
42 61
42 84
42 125
42 26
65 48
65 51
65 54
65 6
127 65
151 65
23 65
65 74
129 65
65 13
65 50
65 67
65 76
65 9
65 16
65 27
65 52
65 75
73 51
73 54
73 38
73 151
73 23
73 69
109 122
109 36
109 48
109 51
109 54
109 6
109 92
127 109
129 109
54 122
122 123
127 122
129 122
29 20
20 137
20 141
20 32
20 19
20 70
20 28
20 4
20 2
36 54
36 123
127 36
151 36
129 36
6 48
13 48
50 48
67 48
51 54
51 92
51 127
51 151
51 23
51 66
51 69
51 74
129 51
51 32
16 51
54 123
127 54
151 54
23 54
66 54
83 54
54 129
6 13
6 50
6 67
6 9
27 6
6 52
92 113
92 24
127 92
92 39
92 44
92 45
92 83
129 92
11 38
127 11
33 11
76 11
75 11
127 38
56 38
129 38
38 33
38 75
113 24
127 113
49 108
49 119
127 61
61 56
127 123
151 123
66 123
129 123
124 31
124 34
124 35
127 124
83 124
49 124
127 31
127 34
49 34
49 35
127 148
127 151
127 23
127 25
127 29
127 39
127 44
127 45
127 56
127 59
127 66
127 68
127 69
127 74
127 78
127 83
127 90
127 91
129 127
148 23
151 66
151 74
23 69
129 23
23 27
66 29
129 29
137 29
29 141
29 19
29 70
29 4
29 2
83 39
49 39
44 78
44 91
44 111
56 33
59 97
66 68
66 129
66 137
66 32
137 68
68 3
129 69
129 74
16 74
129 78
78 111
22 83
49 83
129 137
129 141
129 32
137 141
137 32
137 19
137 3
18 137
19 141
141 3
141 70
18 141
28 141
2 141
19 32
32 18
28 32
13 33
13 50
13 67
13 76
13 9
33 67
33 76
33 75
50 67
76 50
50 9
67 9
76 75
76 7
19 70
19 18
19 28
19 4
2 19
28 3
28 70
2 70
18 28
18 4
28 2
49 22
27 52
7 75
2:
49 24
24 88
49 88
3:
49 43
49 82
82 43
4:
101 118
101 77
118 77
