# The contained directed cliques in the directed communities at k=8
# from /Users/bogna/dev/role-mining/datasets/hepth/timeslots/cit-HepTh-1997.edges
# at no lower link weight threshold,
# and at no upper link weight threshold.
# Links were treated as directed.
# No time limit was set for the clique search.

0: 2737 3228 
1: 3307 7700 7701 5671 5731 7695 7699 7706 5664 5667 5669 5672 5674 5666 5733 7704 7694 7376 
2: 3926 12109 10578 12094 12098 12102 12108 12123 12132 12133 14004 14006 10574 10579 10575 12053 12086 12087 12088 12091 12095 12119 12125 14002 14003 14005 14008 14009 14024 14027 14029 14032 14036 14040 14043 14057 17398 17399 17400 17402 17410 17620 17621 17629 18921 12055 12063 12096 12099 12118 12140 17421 17422 17443 17446 17615 12120 12122 17423 12126 17424 12101 12127 14007 14049 17404 17405 17444 17452 17455 17458 17634 17642 17647 14033 14046 14052 14054 14058 14061 17616 17636 17641 17646 19578 11818 14019 14020 14021 14022 14025 14034 14064 15003 15007 15009 15010 15720 15724 15730 16787 17412 17441 17542 19414 19567 19574 19575 19576 19579 19581 19582 19583 19591 19597 19610 20180 11806 11816 11817 11822 11807 11809 11813 15008 16850 17440 17451 11808 14045 17450 11815 10583 14044 18636 20278 20394 10568 10582 10567 14047 14059 14050 14053 14028 14030 15729 14031 14041 18938 14042 19584 14066 14069 19558 14067 18124 14070 15857 15864 15856 17628 15854 15872 15870 18122 19648 15867 15871 18128 19651 15868 20194 19376 19378 19652 20075 18129 18914 19556 18132 15873 18131 19554 18912 19552 18908 18911 18915 18940 18926 17413 17549 18922 18925 18930 17401 17409 17414 17447 17407 14012 17408 17416 18924 17531 17617 18929 17533 17536 17560 17586 17529 17534 17535 17537 17562 17588 17590 19243 19244 16848 17525 17528 17530 17558 17598 19566 20210 16786 16826 16849 16855 17526 16785 16726 16780 16783 16723 16725 16755 16724 16752 16753 16781 16756 16846 16746 16851 16722 16745 16759 16764 16830 16831 16837 16719 16721 16776 16718 16768 16766 16770 16767 16774 16796 16769 16771 16775 16793 16797 16777 16795 16800 20170 18270 17527 18284 20179 18239 18283 18237 18238 16799 16810 16827 16832 18720 19485 19486 10676 16794 16801 16811 10673 10677 9844 9810 19490 15022 18714 19752 20375 15017 15024 15018 15942 18323 18713 18715 18717 15941 15945 14909 14937 15934 15940 15943 15947 15951 16808 16815 18718 14911 14912 14913 14936 14938 16814 14941 18351 18348 18349 18326 14914 16819 16821 16860 16863 16841 14944 16738 16747 15937 18721 16792 16807 16824 18719 16809 16813 16825 16828 16829 16836 19744 15021 19720 19724 15023 15027 15029 19716 19717 19678 19718 19719 19721 19677 19679 19680 19682 17470 19681 16861 17481 17484 16789 16862 16865 16728 16790 16778 16784 16779 16835 16803 16838 19696 16804 19695 19745 20376 20377 16866 17489 18248 18249 17442 19683 19684 14023 15722 17439 17453 14048 15738 15736 15739 15740 15719 15746 20181 20398 20178 20396 20205 19834 19917 20202 20203 20207 20399 19093 19837 19094 19114 19115 19926 20481 19925 19915 19916 19918 20214 19844 19951 19848 19956 19847 19777 20400 19568 20402 15004 19569 19577 15002 15005 19611 20393 18634 20270 18633 7141 18635 7146 19725 18296 19737 17553 18294 17524 17555 17574 17540 16843 17592 17554 17559 19117 19736 17576 19422 17566 17571 17570 17637 18923 18928 18932 18935 19580 19262 19588 17640 19261 17631 17645 17635 17403 17454 19589 19590 11812 17591 19594 11821 17490 17488 17473 17599 19595 19596 20213 20212 17618 19647 20219 17619 17626 17627 19064 19066 18939 19068 18937 19646 19608 19609 19621 19840 15723 15727 15728 19722 19723 14657 14617 14654 14614 18577 18575 9833 11741 16964 18576 9834 8781 16833 16802 16798 16856 16845 17538 17539 17551 17552 17550 15784 15783 17541 17597 20186 20188 17417 19587 15725 15731 15721 17419 12141 12142 
3: 3966 3967 6836 6837 6838 7122 7123 7124 7125 7126 7127 7128 7129 7130 7131 6840 7119 7120 
4: 4429 7392 10964 10965 10966 
5: 4863 4867 4870 8614 4872 
6: 4865 
7: 5088 5089 5090 5092 5091 5093 5094 
8: 5737 5738 6721 8923 8940 11475 11476 5739 7819 9023 11477 11478 11479 11491 7825 9022 7818 7822 7823 7824 7826 7831 9018 9019 11472 11481 11483 11484 11528 11490 11527 17833 11516 11523 11525 11471 11522 11470 11474 6763 11468 11473 11482 11539 11540 12864 12935 6768 6775 6782 18464 15286 16133 15285 15284 16113 12874 15779 15799 15041 15320 15768 15791 15798 15038 15040 15037 15067 15790 15069 15603 15604 15271 11469 11513 11530 11535 11548 11553 8922 11542 11543 15118 11545 11526 11544 12865 15061 15108 15045 9032 16177 9033 9027 9028 9017 16175 8934 
9: 6974 6975 6977 6976 6981 18540 18542 18544 19801 9281 9283 10333 10334 10336 10337 10341 10342 11023 12815 12818 12820 12821 12825 12827 13390 13727 13729 13732 13738 13740 13741 13743 13744 13745 13938 13939 13940 13941 13942 13943 13944 13945 13946 13947 13948 13949 13950 13951 13952 13953 13954 13955 13956 13958 14363 14364 14427 14428 14429 14431 14433 14434 14435 14436 14437 14438 14439 14440 14441 14442 14443 14444 14446 14849 14850 14851 14852 14853 14854 14855 14856 14857 14858 14859 14860 14861 14862 15231 15232 15653 15654 15655 15656 15657 15658 15661 15662 15663 15664 15665 15666 15667 15668 15669 15670 15671 15672 15674 15675 15676 15677 15682 15683 15684 15685 15686 15687 16166 16455 16602 16603 16604 16605 16606 16607 16608 16609 16610 16611 16612 16613 16614 16615 16616 16617 16619 16620 16621 16622 16623 16624 16625 16626 16627 16629 16630 16631 16632 17159 17160 17161 17162 17163 17164 17165 17166 17167 17168 17169 17170 17171 17172 17173 17174 17175 17176 17177 17178 17179 17180 17181 17182 17183 17184 17185 17186 17187 17188 17189 17190 17191 17192 17193 17194 17195 17196 17197 17198 17199 17200 17201 17202 17203 17204 17205 17206 17207 17208 17209 17210 17211 17212 17213 17214 17215 17216 17217 17218 17221 17222 17223 17224 17225 17226 17227 17228 17229 17230 17231 17232 17233 17234 17235 17236 17350 17351 17353 17354 17355 17356 17357 17358 17359 17360 17361 17362 17363 17364 17365 17366 17367 17368 17369 17370 18809 18810 18814 18815 18816 18961 18962 18963 18964 18965 18966 18967 18968 18969 18970 18971 18972 18973 18974 18975 18976 18977 18978 18979 18980 18981 18982 18983 18984 18985 18986 18987 18989 18990 18993 18994 18995 18996 18997 18998 18999 19000 19001 19002 19003 19004 19005 19006 19007 19008 19009 19010 19011 19012 19013 19014 19015 19016 19017 19018 19019 19020 19021 19022 19023 19024 19025 19026 19027 19028 19029 19030 19031 19032 19033 19034 19035 19036 19039 19040 19041 19042 19043 19044 19045 19046 19504 19505 19506 19507 19508 19509 19510 19511 19513 19514 19515 19516 19517 19518 19519 19520 19521 19522 19523 19524 19525 19526 19527 19528 19529 19530 19531 19532 19533 19797 19798 19799 19800 19802 19803 19804 19806 19807 19808 19809 19810 19811 19812 19813 19814 19817 19819 20143 20144 20145 20146 20147 20148 20149 20150 20151 20152 20153 20154 20155 20156 20157 20158 20159 20160 20161 20162 20163 20164 20165 20166 20167 20168 20169 20228 20229 20237 20238 20239 20242 20251 20252 20254 20255 20256 20261 20262 20356 20357 20464 9282 10335 10338 10340 10347 13730 14430 14432 14445 17373 17376 18374 18375 18376 18393 18988 18991 18992 19047 19048 19049 19050 19512 19534 19535 19536 19537 19816 20245 20253 17375 17378 19038 20257 20259 7887 11034 11037 12817 12819 12823 12826 12828 12829 15220 15227 15228 15229 15233 15245 15249 15659 15660 15673 15678 15679 15688 15689 17239 17371 17374 17377 18505 18509 18511 19037 19815 7888 7889 7890 13525 15226 15230 15234 15236 15238 16635 13526 13527 13529 13521 13523 13524 13528 13520 15213 17240 18504 18508 13530 15214 15219 15221 13518 15222 15223 15224 15225 15235 15237 13517 14121 14120 13728 18510 13731 13739 13742 16618 17237 17238 15253 17241 18503 19051 19538 15252 15246 15247 15248 15250 15251 20233 20243 13957 15691 15695 15707 16628 16636 19805 19818 20042 20230 20231 20232 20241 20506 20587 12840 12841 13959 13960 13963 14369 15692 15696 15697 15698 15699 15703 15704 15708 16449 17352 17372 18811 18818 20039 20040 20041 20235 20240 20250 20260 20358 10612 11070 12816 12831 12837 12842 10608 10609 10611 10613 10614 10615 10616 11069 11071 11072 11074 18377 18378 18395 11091 18386 18387 18401 11092 14366 14367 14365 18402 19332 18403 19333 19336 16452 16451 11073 18394 11075 11076 18379 18817 20037 20038 20258 15693 20043 20044 20045 20244 20246 15694 15701 15702 15705 15706 20234 20536 20384 13962 20584 13961 20507 20535 13395 10727 12822 13483 10726 12824 13477 13478 13484 13479 20583 20586 14368 15680 15681 16167 16280 17900 18082 16281 18083 18080 19820 13576 13597 13612 17242 17244 13579 17219 17220 17670 17671 13596 13606 13611 13610 17243 19540 19539 19541 19542 9162 11295 9158 9159 9163 11291 11296 9705 11292 18543 18541 11024 11025 11029 11035 10344 10348 14375 14843 14844 14845 19300 19296 19301 18828 19299 18827 19298 16453 16454 20568 20509 20385 15811 7111 
10: 7191 7196 
11: 7223 7225 7227 7236 7238 7233 7240 14916 14917 16325 16327 15905 16326 15906 16328 
12: 7813 
13: 9208 9209 13174 13241 13254 15466 15467 15471 15474 13175 13242 13255 15483 15485 15488 15490 13164 13173 13156 13165 13232 15464 15469 15472 13113 13139 13157 13160 13178 13225 13226 13259 15444 15448 15450 15451 15453 15454 16905 13115 13117 13191 15529 15531 15533 13111 13120 16902 16914 16918 16923 13112 17300 17301 17302 17303 17315 17316 17318 17319 13914 13916 13917 13918 13119 13181 16904 16915 16919 16924 13143 16035 16040 16042 16045 13140 13151 13159 16033 16036 16041 16043 16046 16929 16931 16932 16933 16908 13261 16909 16916 16921 16926 16907 16917 16922 16927 16037 16906 16920 16925 16044 16047 15458 13211 15459 15460 15462 13213 13141 15461 15463 15449 13265 15530 13195 15532 15534 16058 16061 16068 16070 16073 10099 10100 10107 10116 10101 10108 10117 10097 10109 10118 10120 10105 10112 10113 15445 15465 13233 15470 15473 13240 13253 15446 15447 15452 15455 
14: 11841 11859 11864 
15: 12137 12159 
16: 14926 15915 
17: 16652 16653 16655 16656 16683 
