# The directed communities at k=8
# from /Users/bogna/dev/role-mining/datasets/hepth/timeslots/cit-HepTh-1997.edges
# at no lower link weight threshold,
# and at no upper link weight threshold.
# Links were treated as directed.
# No time limit was set for the clique search.

0: 9504006 9706108 9612203 9706169 9706216 9709088 9709129 9710212 9711025 
1: 9510209 9602070 9603142 9605136 9609209 9608019 9704177 9705037 9707143 9707208 9707223 9709043 9710208 9711158 9711197 9712022 9712214 
2: 9410167 9503124 9610043 9701025 9611042 9512059 9603126 9604055 9510169 9701139 9610082 9611164 9611202 9612157 9612162 9702101 9702108 9702136 9702187 9703030 9703077 9703102 9703211 9703218 9704018 9704030 9704041 9704080 9704086 9704087 9704089 9704123 9704134 9704158 9705055 9705107 9705113 9705117 9705132 9705175 9705188 9705221 9706073 9706168 9706194 9707019 9707079 9707093 9707099 9707158 9707164 9707179 9707217 9707228 9707250 9707259 9708034 9708037 9708083 9708085 9709107 9709114 9709118 9709139 9709220 9710005 9710009 9710027 9710057 9710122 9710165 9710231 9711001 9711010 9711082 9711162 9711165 9711179 9712012 9712047 9712049 9712071 9712072 9712075 9712084 9712117 9712168 9712179 
3: 9602022 9602049 9604139 9607112 9607185 9612119 9703060 9703123 9703214 9704054 9704057 9705205 9707215 9708064 9709025 9710066 9710141 9711127 
4: 9508072 9602136 9607077 9608059 9610105 9702103 9703101 9704147 9705169 9708065 9708103 9710046 
5: 9610043 9709091 9709108 9710217 9710226 9711005 9711138 9712063 9712202 9712236 9712253 
6: 9610043 9709220 9710009 9710217 9710226 9711005 9712236 9712253 
7: 9309023 9509074 9611039 9211021 9406216 9702043 9703150 9705035 9706221 9708046 9709022 9710188 9711027 
8: 9608024 9610043 9611215 9612087 9703039 9704029 9704080 9704127 9705091 9705110 9705188 9706072 9706196 9708022 9708063 9709087 9709099 9709122 9709199 9709220 9710009 9710174 9710178 9710219 9710231 9711010 9711031 9711037 9711046 9711078 9712013 9712072 9712077 9712117 9712159 9712185 9712238 9712253 
9: 9407087 9408099 9411149 9503179 9505075 9505100 9509175 9411057 9701015 9505006 9611050 9611090 9612052 9501068 9604034 9505004 9506148 9503086 9702014 9607207 9611230 9611063 9702154 9702180 9612131 9703051 9703110 9703166 9703172 9703210 9703215 9704043 9704044 9704061 9704104 9704170 9704198 9705003 9705004 9705022 9705031 9705106 9705148 9705199 9705220 9705232 9706047 9706050 9706082 9706087 9706109 9706127 9706131 9706155 9707027 9707192 9707197 9707244 9707247 9707251 9707258 9708015 9708041 9708044 9708068 9708082 9708118 9708122 9708127 9708134 9708168 9709010 9709096 9709211 9710020 9710116 9711030 9711083 9711102 9711143 9712005 9712029 9712135 9712143 9712145 9712149 9712172 9712184 9712193 
10: 9701037 9611008 9701149 9701166 9702008 9703127 9705040 9709069 9709202 
11: 9610043 9510169 9610082 9702006 9612162 9703052 9703218 9704041 9705055 9707099 9710231 9710247 9711082 9712086 
12: 9701093 9704145 9706175 9707018 9707126 9709058 9710151 9712195 
13: 9601029 9602043 9610172 9609026 9612051 9701187 9606185 9608108 9609052 9609076 9702015 9702045 9702076 9605234 9702109 9703040 9703146 9703216 9704112 9704156 9704195 9705165 9705192 9706071 9706100 9706204 9707157 9708005 9709160 9709206 9712118 9712253 
14: 9601029 9610172 9609026 9702015 9703216 9704112 9704195 9705078 9708099 9712253 
15: 9611042 9705221 9707079 9707093 9710005 9710065 9711001 9712071 9712168 
16: 9610082 9702006 9612162 9703218 9704041 9705175 9709015 9709118 9711082 
17: 9610043 9611042 9703211 9704018 9704134 9705053 9705107 9705120 9709087 9709123 9711078 
