# The directed communities at k=5
# from /Users/bogna/dev/role-mining/datasets/hepth/timeslots/cit-HepTh-2001.edges
# at no lower link weight threshold,
# and at no upper link weight threshold.
# Links were treated as directed.
# No time limit was set for the clique search.

0: 0101013 0002159 0003136 0007191 0008076 0008081 0010010 0010088 0011023 0011077 0011146 0011193 0011279 0012011 9411149 9507012 9703166 9711200 9802109 9802150 9802183 9807080 9808075 9906194 9911096 9911161 0101020 0003183 0102105 0102172 9612126 9810201 9906070 0007018 0008001 0101043 0009211 9603167 9907026 0003286 0004063 9802042 9803131 0101096 0010282 9711042 9604034 9806159 9910182 0101116 9407025 9609113 9912152 9912067 9906242 0012041 9504090 9906200 0011060 9301042 9606040 9207094 9309140 0007024 0012156 9610140 9712230 9707068 0101202 0011288 0101206 0008142 0011089 0011256 0012136 9511222 9706109 0002222 0102114 0005247 0012179 0003198 9707123 9903053 9608116 0102185 0012195 0103011 0012035 0012193 0103022 0103067 9811131 9912151 0103080 0011190 0103167 0006060 0009047 0103100 9912123 0103115 0103155 0103163 0011130 9811139 9903093 9906214 0103223 0006047 0104026 0004148 0104037 9812097 0104069 0104105 9506150 0104124 0104208 0105019 0105045 0004196 0010102 0105049 0105066 0105159 0105096 0105097 0106014 0105225 0009188 0105250 9902210 0105258 0106026 0106034 0106040 0106055 0106061 0106117 0106148 0106160 0106162 0106177 0106186 0106266 0107057 0107143 0107166 0107177 0107213 0108016 0108052 0108064 0108080 0108084 0108091 0108101 0108120 0108137 0108165 0108205 0108219 0108226 0108229 0108230 0108234 0108245 0109025 0109039 0109075 0109076 0109092 0109126 0109152 0109177 0109214 0110028 0110034 0110050 0110109 0110115 0110171 0110184 0110216 0110232 0110281 0110302 0111012 0111017 0111048 0111050 0111060 0111082 0111096 0111113 0111128 0111165 0111179 0111198 0111274 0112040 0112059 0112098 0112107 0112113 0112117 0112126 0112138 0112145 0112187 0112190 0112195 0112235 0112236 
1: 9601150 0102110 9608173 9611079 9806120 9901045 0105016 0109147 0111130 0112071 
2: 9802183 9510017 9510209 9906064 9803015 9602070 9603142 9611213 9612128 9603133 0005016 0008054 9804092 9811193 0102125 0011111 0012049 9704059 9705163 9706051 9803076 9803214 9804110 9804184 9805157 9806008 9806044 9806091 9806143 9808048 9809147 9812163 9904007 9904211 9905033 9905137 0103031 0107167 0108055 0109054 
3: 9604178 0003025 0102095 9805141 9806226 9809162 9712028 0103170 0004073 0007012 0103183 0104173 0105101 0106267 0107153 
4: 0101014 0001084 0001201 0002117 0002211 0002237 0003031 0003220 0004015 0005036 0006240 0007153 0008033 0008053 0008101 0008252 0009103 0009105 0009148 0009191 0010108 0010190 0011238 0012251 9503099 9805170 9808141 9902105 9911116 9912249 9908142 0101016 0004013 0004147 0008013 0008042 0008075 0008144 0008205 0010204 0011125 0011131 0011140 0011147 0012218 9711162 9711165 9901080 9904095 9907166 9908056 9908134 9908141 9908152 9909214 9910004 9910052 9910053 9911041 0101029 0003160 0006119 0007043 0010105 0010264 0012155 0012184 0007089 0003101 0005006 0001032 0005040 0011079 0012054 9903205 0002075 0003137 0005129 0008057 0009067 9603053 9903077 9903107 9903187 9912072 9912075 9912094 9912167 0005048 0006091 0011095 9608024 0010060 0005031 9904207 0005204 0005272 0101082 9802068 9910263 0006071 0009101 0009246 0011226 0012198 0012210 9208027 9210065 0101095 0007204 0008204 0009030 0009142 0010090 0101109 0001215 0002186 0003176 0005208 0012024 0012171 0101125 0012145 0010017 0101159 0001182 0002171 0002210 0102101 0107022 0109222 0101162 9909062 9811237 0101177 0011233 0012170 9909176 0101199 0007175 0009038 0010101 0012259 0101200 0101207 0101209 0002223 0009061 0010240 0011033 9303143 0102007 0002084 0006246 0009196 0009233 0011218 0012009 0102016 0003007 0004071 0006114 0007078 0010221 0010251 0011205 0003278 0102022 0003113 0003145 0003180 0003215 0007255 0008090 9804001 9911098 9302023 0102044 0102045 0008127 0010034 0010218 0011009 0012081 9303067 9311177 0102066 0008126 0102070 0102071 0008227 0008231 9901159 0102076 9402113 9404008 9912121 0102085 0004112 0007235 0011117 0011139 9912120 0102092 0010113 0012266 0102181 0104217 0102103 0102112 0102129 0102137 0102164 0102182 0102188 0102192 0103013 0103020 0103056 0103069 0103085 0103089 0103102 0103103 0103124 0103131 0103139 0103179 0103196 0005194 0012077 0012200 0103209 0103217 0103256 0008108 0008199 0104010 0104017 0104021 0104036 0104045 0104139 0104042 0008125 0104090 0104091 0104095 0010119 0104097 0104153 0104099 0105115 0105247 0105264 0106033 0104106 0104133 0104143 0104164 0104190 0104230 0104264 0105012 0105024 0105058 0105059 0105079 0105089 0107115 0105098 0105227 0105129 0105139 0105156 0105166 0105168 9305166 0105175 0105184 0105185 0105187 0105188 0105192 0105230 0105238 0105242 0105245 0105246 0105257 0105311 0105312 0105319 0106002 0106201 0106010 0106011 0106072 0106016 0106024 0106027 0106036 0106044 0106048 0106068 0106107 0106121 0106157 0106180 0106181 0106189 0106213 0106217 0106231 0106242 0106280 0106281 0107007 0107046 0107055 0107070 0107087 0107098 0107101 0107106 0107110 0107116 0107121 0107168 0107172 0107178 0107200 0107179 0107185 0107197 0107199 0107225 0107251 0107267 0108007 0108045 0108076 0108096 0108104 0108118 0108145 0108150 0108158 0109032 0109049 0109070 0109084 0109102 0109130 0109131 0109162 0110113 0109176 0109182 0109186 0109187 0109204 0109209 0110002 0110005 0110035 0110046 0110066 0110093 0110200 0110112 0110114 0110119 0110122 0110124 0110134 0110136 0110147 0110203 0110204 0110215 0110293 0110300 0111013 0111034 0111038 0111059 0111064 0111069 0111087 0111092 0111094 0111109 0111129 0111145 0111153 0111199 0111208 0111281 0112027 0112050 0112081 0112088 0112092 0112114 0112127 0112135 0112139 0112169 0112176 0112185 0112189 0112202 0112203 0112214 0112231 0112220 0112238 0112248 
5: 0012023 0103051 9303005 9511138 0105135 9808034 0107048 0108124 0109008 0109179 0112125 0112158 
6: 0009110 0002034 0106133 0002196 0012069 0108040 9605030 9605039 9612019 9705008 9706062 9707239 9907027 0110021 0110054 0111159 0112032 0112089 
7: 9603167 0104005 0104035 0104179 0105153 0106126 0107052 0107130 0108089 0109068 0109082 0109175 0110146 0110188 0111079 
8: 0107128 0107004 0107136 0107245 0110065 0112046 0112255 
9: 0102166 0103198 0103255 0105008 0105181 0106200 0108192 0109067 0109096 0110027 0112182 
10: 9711200 9802109 9802150 9905111 9610043 9906064 9806087 9912012 9912018 0004005 0004124 9409089 0001192 0003052 0004097 0007064 9910149 9910219 9911055 9912118 9912287 9905012 0004126 0101073 0002145 0008140 0009244 0010127 0011115 0101076 0101083 0101164 9806039 9901147 9902088 9902126 9904120 9905177 9906022 9908093 9911002 9912055 9803131 9902173 9907012 9907032 0101091 9902121 9903225 9906127 0001033 9903238 9911152 9601029 9806146 9807127 9808069 9911082 0008074 0005127 0011230 0101176 0007177 0012143 0102035 9912001 0102042 0102077 0007146 0010252 0102113 0012052 9902170 0102138 0004056 0102159 0102184 9806119 0103078 0103108 9805120 9810169 0103171 0103241 0104023 0009172 0104141 0008190 0010093 0104159 0104180 0104181 0104226 0104227 0106100 0105017 0105036 0105048 0105052 0105070 0105093 0105104 0105117 0105151 0105160 0105206 9503162 0105214 0105249 0105256 0105300 0106031 0106054 9807216 0106086 0106203 0107233 0112045 0112227 0106109 0106113 0106127 0106146 0106151 0106184 0106191 0106209 0106247 0106276 0107031 0107067 0107065 0107091 0107108 0107124 0107134 0107169 0107173 0107232 0107234 0107238 0107259 0108008 0108092 0108119 0109213 0110007 0110048 0110087 0110108 0111072 0112218 0112223 0112226 0108156 0108172 0108194 0108209 0109038 0109057 0109122 0110031 0110062 0110064 0110169 0110234 0110238 0110265 0111008 0111093 0111201 0111238 0111247 0111276 0112140 0109133 0109168 0110089 0110123 0110143 0110298 0111085 0111107 0111136 0111181 0111182 0111217 0111224 0111275 0112002 0112009 0112066 0112093 0112152 0112253 0112258 
11: 9901063 0002034 0005245 9411122 9501124 9609040 9701028 0103195 0104221 0107020 9905206 0106230 0111159 
12: 9910001 0011175 0105171 0007051 0108006 0105284 0111102 
13: 0102156 0003029 0007007 0009096 0009137 0012128 0012149 9303160 9503209 9509166 9510149 9511134 9512210 9604026 9605062 9605151 9606050 9606102 9606138 9609238 9610168 9611160 9703028 9705240 9707090 9807091 9808124 9808169 9903162 9909068 9911163 9912143 0103064 0003184 9606130 9606143 9606154 9807034 0103197 0105046 0105123 0105248 0002142 0106146 0106259 0107242 0107150 0107160 0108008 0111228 0111260 0112008 0112094 
14: 9711200 9803002 9904191 0101225 0003055 0010274 9809188 9904149 0103058 9911088 0106015 0107028 0108182 0111290 
15: 9807187 9810227 0103133 0001131 0010200 0011016 9801161 9911195 0104044 0105207 0106092 
16: 9908142 9907166 9908134 0005026 0005040 0006062 0006112 0005048 9909215 0007052 0007147 0102056 0006023 0011282 0103188 0011283 0104168 0105083 0105288 0106046 0109107 
17: 9711200 9802109 9802150 9905111 0005151 9809192 0005135 9912007 9811047 0103112 0003203 0005182 0010137 9608125 9803171 9806074 9807098 9812067 9906051 9906188 9908160 9910150 0103230 0006098 0009106 9509140 9607060 9611074 9611075 9908163 0104016 0105005 0006103 0105218 0105254 9601023 0106238 0106249 0107071 0107084 0107212 0110174 0111290 0112251 
18: 9912266 0104184 0107100 0108084 0110216 
19: 9606139 9601038 0012157 9908023 9908064 9908072 9908130 9912204 0005067 0007024 0011073 0012156 9804026 9909172 9605049 9708040 9705163 9804110 9805157 9806044 0004165 0011269 9711201 0008250 0007090 0105155 0010198 0010279 9503030 0105208 9801114 0107036 0107138 0107143 0107166 0110055 0111025 0112147 0111179 0112015 0112174 
20: 9801024 0004158 9709109 0105262 0005125 0105268 0105299 0111256 
21: 9306002 0008071 9310188 0106069 9502011 0106070 0108157 0108211 0111261 
22: 9812193 9909163 0105038 9706057 0110219 0110267 0111002 0112193 
23: 9610043 9612115 0101071 0003208 0004076 9704098 9705046 9711073 9803117 9803265 9804199 9811220 9902113 9907058 9908038 9802085 0005147 0103159 0003223 0007022 0011175 0104260 0105284 0108041 0111102 0108070 0108128 0109160 
24: 0101097 0008210 9812132 9903258 9904037 9905061 9905095 0102021 0010129 0103215 0104022 0105037 0106035 0109105 0110279 
25: 9711200 0009148 9910053 0003101 9603167 9707160 9508068 9906055 9711106 9301042 9309075 0101229 0012072 9312172 9411198 9507143 9902095 9907038 0103030 0103148 0103220 0104136 9512154 9804076 9610170 0104238 9502038 9510041 9908132 0105023 0106206 9411099 0105062 0105095 0105136 0106012 0105209 0105220 0105308 0106079 0107002 0107116 0107165 0108075 0108140 0108176 0108196 0108207 0109019 0110039 0110077 0110099 0110107 0110200 0110164 0110170 0110186 0111004 0112073 0111051 0111154 0111155 0111156 0112180 0111177 0111199 0111212 0112034 0112054 0112059 0112101 0112106 0112173 0112199 
26: 0102098 0012238 9312153 9405107 0107039 0107054 0111110 
27: 0102149 9607236 0105062 0110258 0110260 0110284 0111166 
28: 9608177 0101195 0003273 0012236 9809190 9811232 9811244 9901003 0007048 0001216 0011020 0103152 9906142 0001169 9502141 9912222 0103191 9707061 0105102 0105210 0111106 0112048 0112155 
29: 9407182 0104098 0104152 0106199 0110211 
30: 0104172 9908107 0107051 0111126 0112042 
31: 9411149 9807080 9810201 9603167 9704151 0104259 0003085 9907186 0108137 0109053 0109063 0110028 0110184 0111051 0112040 
32: 9903219 9911039 0005183 9712256 9712258 9906215 0105200 0009107 9812046 0105217 0105283 0106004 0107189 0109059 0111180 
33: 9906064 0003300 0004014 0006251 9909199 9910132 9911015 0101198 0012165 0011225 9912186 0012033 0103031 0009022 0104150 0104177 0003067 0106100 0106101 0106140 0107034 0107086 0109099 0109216 0112047 
34: 9711200 9808004 9910096 0103247 0105001 0106149 0106200 0107040 0107186 0112100 
35: 9908142 0012112 0103124 0104244 0106042 0106048 
36: 0006018 9701125 0002180 0011018 0011264 9510135 9703217 9908105 9612080 0101192 0102009 9611173 0103015 0104236 0105274 0105277 0106062 0107226 0108169 0109030 0112210 
37: 0006107 0103080 0104155 0105019 0109092 
38: 9803142 0101114 0005049 9802033 0101135 0102121 0102169 
39: 9603053 0101092 0101111 0101130 0101184 
40: 0003075 0008015 0008016 0009019 0008203 0010206 0103001 0010191 0107142 0109192 0110096 
41: 9908142 0011095 9802068 0102182 0005199 0010006 9912047 0010119 0105085 0003093 0008092 0108007 0109121 0109070 0109111 0109209 
42: 0103032 0010076 0106153 0112059 0112154 
43: 9707208 0107128 0108010 0110277 0112192 
44: 9711200 9802109 9802150 0007062 0007234 9806087 9912012 0103111 0103187 0106191 0108172 
45: 9906064 0006203 0008012 9612128 0101185 0012013 0009074 0102147 9912232 0103009 0103052 0103158 0103257 0107018 
46: 9711200 9601029 9602043 9605234 9606185 9607149 9609026 0103169 0105136 0107113 0109154 
47: 0009148 0002037 9705038 9906242 9910172 0003263 0006224 0009112 0010196 0010217 9712186 9906200 9606112 9301042 9207094 0101218 0011017 9705241 0010223 0102122 0005247 0010269 0011257 0012179 0007075 0102183 0102198 9609017 9912151 0103114 0104100 0104126 0104147 0104200 0104254 0105014 0105063 0105229 0107063 0107152 0107162 0107195 0109013 0109069 0110071 0110288 0111239 0112029 
48: 9811047 9905020 0002170 0005182 0010137 9806074 9906188 0104016 0109064 0109065 0112251 
49: 0002226 0009156 9912012 9904017 0103111 0003116 0103219 0105270 0112119 
50: 0011008 9911161 9506106 9507022 0005049 9710206 9605033 9707224 9903210 9510225 0105077 0105159 9507160 0106038 0108016 0111044 0112132 0112133 
51: 9906064 0008151 9912160 0101234 0102023 0105255 0105293 0107227 0110070 0110103 
52: 0004109 0103077 0103138 0106076 0106228 
53: 9510209 9906064 9602070 9603142 9803235 9710208 0101049 0001133 0012104 9605136 9801030 9806022 9806051 9808101 0001071 0007044 9711197 0102046 9211021 9609209 0104056 0103233 0103239 0104073 0105032 0108187 0109050 0105199 0105212 0106179 0106241 0105061 0105182 0105204 0106282 0106285 0107176 0109004 0109090 0109173 0109194 0111030 0111098 0111279 0112026 0112122 0112128 0112249 
54: 9906064 0105186 0109040 0109140 0112224 
55: 0004111 9910030 0104113 0104130 0105158 0110263 
56: 9811169 0101189 0105087 0109102 0110291 
57: 9908142 9910053 9912072 0007030 9505175 9510083 9811169 9908040 9910129 9911087 0006216 0102212 9912050 0103023 0106205 0107099 0109084 0109102 0110291 
58: 0005212 0105032 0105204 0110225 0111055 
59: 9908040 0003037 9812193 9612148 9806194 9903219 0012234 9909030 9909163 9609112 0001053 0005183 0105038 0001199 9901122 0105252 0106004 0106005 0106129 0106234 0107035 0107189 0108001 0109150 0109200 0110008 0112178 0112188 0112198 
60: 0001113 9906064 9910093 0104118 0011153 0106041 0107233 0106131 0108156 0111218 
61: 9908142 9711162 0105082 0106074 0106075 0106088 0106170 
62: 9301052 0104071 0104213 0106220 0110298 
63: 9906064 9905012 0101228 0012143 9906206 9912037 0102194 0108073 0108237 0111118 
64: 9908142 0101029 0103013 0105127 0106016 0106048 0106136 0110090 
65: 9908142 9910053 0003187 9908040 9712186 0003037 9812193 9811178 0003110 0012164 9904145 9909030 0105038 0104043 0104054 0108002 0108044 0108095 0108100 0108142 0111189 0111230 0112078 0112193 0112221 
66: 0101228 0012143 9906206 9912037 0102194 0105017 0106031 
67: 9605053 9908088 0105097 0106014 0107044 0110050 
68: 9908142 0101219 0103018 0105271 0109020 
69: 0101151 9908036 0103232 0106182 0108037 
70: 0107128 0107004 0107245 0109101 0110132 
71: 9906064 9910149 0106120 0106237 0107174 0110298 
72: 9906064 0103239 0104073 0107148 0109090 0110286 0111089 0112028 0111207 
73: 0010186 0005016 0106001 0106058 0111168 0111266 
74: 0004147 9612115 9908141 9910004 9911041 0001027 0102168 0105094 0107115 0109162 
75: 9910096 0103042 0104135 9611024 0105001 0106013 0106200 
76: 0003061 9510209 9909205 9910149 9912118 9911043 0002076 0108065 0109114 0110250 0110298 0112112 
77: 0011138 0011152 0102093 0105008 0105255 0106001 0106058 0106134 0107086 0108194 
78: 9909030 0007174 0110219 0110267 0111002 0112104 
79: 9908142 0102157 0010220 0011172 0106138 0107078 0110191 0111200 0111249 
80: 9903205 0101219 0005159 0103024 0105191 0106159 
81: 0007018 0010252 9704131 0102159 0103171 0106031 0107183 0111225 
82: 9909110 0101011 0104202 0105200 0105217 0106004 0106043 
83: 9908142 0105082 0106044 0106181 0110057 
84: 9612017 0010220 0011172 0106044 0106089 0106125 0111033 
85: 9711200 9802109 9802150 0105309 0112178 0112258 0112264 
86: 9610148 9611159 0102009 9610249 9611173 0104236 0105176 0110069 
87: 9908142 0102103 0105082 0106047 0110112 
88: 0012213 9912152 9610151 0003198 0105097 0106155 0110187 0111165 
89: 0104071 0009126 0011127 0104125 0107102 0108205 
90: 9906064 0103052 0106145 0106240 0107018 
91: 0105111 9301052 0104071 0106286 0110298 
92: 9603097 9908036 0105038 0108102 0108238 0111230 
93: 9711165 9910053 0101102 0003187 0101145 9908040 0003037 0003057 9812193 0101211 0104054 0108002 0110172 0110270 0111189 
94: 9906064 0001197 0001206 0101027 0002164 0004133 0007029 0011006 0011118 9905012 0008188 0104023 0105007 0106120 0106245 0110055 
95: 9906064 9810126 9806051 9904017 0101119 0001071 0001082 0001159 0004111 0008112 9605032 0102128 0103153 0104056 0104156 0104215 0105158 0105207 0106092 0109094 0110277 0112136 
96: 0101152 0001012 0106005 0109150 0112188 0112198 
97: 0005016 0008054 0106050 0106067 0108013 0108055 0109054 0111266 0112019 
98: 0009211 0012213 0105097 0110050 0110277 0112118 0112192 
99: 9908142 9711162 9912072 9908019 0103168 0109079 0109176 0110293 0111054 
100: 9908142 0102157 0011172 0106138 0108216 0110005 
101: 0004063 0106032 0107220 0107261 0109177 
102: 0004166 9510209 9906064 9910219 9912233 9806022 0101060 9905012 0103240 0105100 0106263 0110049 0110117 
103: 9906064 0001206 9910149 9910219 9905012 0008188 0008192 9903225 0104023 0105182 0106245 0107126 0108215 0109038 
104: 9712214 0102145 0106256 0108010 0110022 
105: 0009103 0009148 9805170 9902105 0009246 9208027 9210065 9303143 9311177 0008227 0008231 0102173 0102174 0104229 0107075 
106: 9906064 0002091 9910149 9911055 0104262 0107108 0108056 0111070 
107: 0005040 0006062 0005048 0102056 0103188 0107127 0111027 
108: 9906070 0105097 0106155 0106209 0107044 0112197 
109: 9908142 0010175 0105082 0106044 0109191 0110112 
110: 0104180 0104181 0106054 0107065 0108092 
111: 9906182 0104239 0105097 0106128 0106209 
112: 9908142 0104153 0106048 0110147 0110191 
113: 9810188 0102095 0103170 0104173 0108202 
