# The graph of directed at k=5
# from /Users/bogna/dev/role-mining/datasets/hepth/timeslots/cit-HepTh-2001.edges
# at no lower link weight threshold,
# and at no upper link weight threshold.
# Links were treated as directed.
# No time limit was set for the clique search.

0 2 1
0 7 1
0 10 4
0 14 1
0 17 3
0 18 2
0 19 5
0 25 4
0 31 8
0 34 1
0 37 3
0 42 1
0 44 3
0 46 1
0 47 7
0 50 3
0 67 3
0 81 1
0 85 3
0 88 4
0 89 1
0 98 3
0 101 2
0 108 2
0 111 1
2 10 1
2 19 4
2 33 2
2 45 2
2 51 1
2 53 4
2 54 1
2 60 1
2 63 1
2 71 1
2 72 1
2 73 1
2 76 1
2 90 1
2 94 1
2 95 1
2 97 4
2 102 2
2 103 1
2 106 1
3 113 3
4 16 5
4 25 6
4 35 3
4 39 1
4 41 8
4 47 1
4 56 1
4 57 5
4 61 2
4 64 5
4 65 2
4 68 1
4 74 6
4 79 1
4 80 1
4 83 3
4 84 1
4 87 3
4 93 2
4 99 5
4 100 2
4 105 11
4 107 2
4 109 3
4 112 4
6 11 2
7 25 1
7 31 1
8 43 1
8 70 3
9 34 1
9 75 1
9 77 1
10 13 2
10 14 1
10 17 4
10 23 1
10 25 1
10 33 2
10 34 1
10 44 7
10 45 1
10 46 2
10 49 1
10 51 1
10 53 1
10 54 1
10 60 3
10 62 1
10 63 3
10 66 3
10 71 3
10 72 1
10 76 3
10 77 1
10 81 4
10 85 4
10 90 1
10 91 1
10 94 3
10 95 1
10 102 3
10 103 7
10 106 4
10 108 1
10 110 5
10 111 1
12 23 3
14 17 2
14 25 1
14 34 1
14 44 1
14 46 1
14 85 1
15 95 2
16 35 1
16 41 1
16 57 1
16 61 1
16 64 1
16 65 1
16 68 1
16 79 1
16 83 1
16 87 1
16 99 1
16 100 1
16 107 5
16 109 1
16 112 1
17 25 1
17 34 1
17 44 3
17 46 1
17 48 7
17 85 3
19 94 1
22 59 3
22 65 3
22 78 3
22 92 1
22 93 1
23 74 1
25 27 1
25 31 2
25 34 1
25 42 1
25 44 1
25 46 2
25 47 2
25 57 1
25 65 1
25 85 1
25 93 1
25 105 1
32 59 4
32 82 3
33 45 1
33 51 1
33 53 1
33 54 1
33 60 1
33 63 1
33 71 1
33 72 1
33 77 1
33 90 1
33 94 1
33 95 1
33 102 1
33 103 1
33 106 1
34 44 1
34 46 1
34 75 3
34 85 1
35 41 1
35 57 1
35 61 1
35 64 2
35 65 1
35 68 1
35 79 1
35 83 1
35 87 1
35 99 1
35 100 1
35 109 1
35 112 2
36 86 3
38 50 1
41 57 1
41 61 1
41 64 1
41 65 1
41 68 1
41 79 1
41 83 1
41 87 1
41 99 1
41 100 1
41 109 1
41 112 1
43 70 1
43 95 1
43 98 2
43 104 1
44 46 1
44 49 2
44 85 3
45 51 1
45 53 1
45 54 1
45 60 1
45 63 1
45 71 1
45 72 1
45 90 3
45 94 1
45 95 1
45 102 1
45 103 1
45 106 1
46 85 1
47 65 1
47 105 1
49 95 1
51 53 1
51 54 1
51 60 1
51 63 1
51 71 1
51 72 1
51 77 1
51 90 1
51 94 1
51 95 1
51 102 1
51 103 1
51 106 1
53 54 1
53 58 2
53 60 1
53 63 1
53 71 1
53 72 4
53 76 1
53 90 1
53 94 1
53 95 4
53 102 3
53 103 2
53 106 1
54 60 1
54 63 1
54 71 1
54 72 1
54 90 1
54 94 1
54 95 1
54 102 1
54 103 1
54 106 1
55 95 2
56 57 3
57 59 1
57 61 1
57 64 1
57 65 3
57 68 1
57 79 1
57 83 1
57 87 1
57 93 2
57 99 2
57 100 1
57 109 1
57 112 1
59 65 5
59 78 1
59 82 1
59 85 1
59 92 1
59 93 3
59 96 4
60 63 1
60 71 1
60 72 1
60 90 1
60 94 1
60 95 1
60 102 1
60 103 1
60 106 1
61 64 1
61 65 1
61 68 1
61 79 1
61 83 2
61 87 2
61 99 2
61 100 1
61 109 2
61 112 1
62 71 1
62 76 1
62 89 1
62 91 3
63 66 5
63 71 1
63 72 1
63 90 1
63 94 2
63 95 1
63 102 2
63 103 2
63 106 1
64 65 1
64 68 1
64 79 1
64 83 1
64 87 1
64 99 1
64 100 1
64 109 1
64 112 2
65 68 1
65 78 1
65 79 1
65 83 1
65 87 1
65 92 2
65 93 8
65 99 1
65 100 1
65 109 1
65 112 1
66 81 1
67 88 1
67 98 2
67 108 2
67 111 1
68 79 1
68 80 1
68 83 1
68 87 1
68 99 1
68 100 1
68 109 1
68 112 1
69 92 1
71 72 1
71 76 2
71 90 1
71 91 1
71 94 2
71 95 1
71 102 1
71 103 2
71 106 2
72 90 1
72 94 1
72 95 1
72 102 1
72 103 1
72 106 1
73 77 2
73 97 2
76 91 1
76 102 1
76 103 1
76 106 1
79 83 1
79 84 2
79 87 1
79 99 1
79 100 4
79 109 1
79 112 2
83 84 1
83 87 2
83 99 1
83 100 1
83 109 3
83 112 1
84 100 1
84 109 1
87 99 1
87 100 1
87 109 3
87 112 1
88 98 2
88 108 2
88 111 1
89 91 1
90 94 1
90 95 1
90 102 1
90 103 1
90 106 1
94 95 1
94 102 2
94 103 6
94 106 1
95 98 1
95 102 1
95 103 1
95 106 1
98 108 1
98 111 1
99 100 1
99 109 1
99 112 1
100 109 1
100 112 1
102 103 3
102 106 1
103 106 2
108 111 2
109 112 1
