# The graph of directed at k=3
# from /Users/bogna/dev/role-mining/datasets/hepth/timeslots/cit-HepTh-1997.edges
# at no lower link weight threshold,
# and at no upper link weight threshold.
# Links were treated as directed.
# No time limit was set for the clique search.

0 91 1
0 185 1
1 2 1
1 3 1
1 5 3
1 6 5
1 7 1
1 10 1
1 13 3
1 17 3
1 20 5
1 21 2
1 22 1
1 26 1
1 34 1
1 36 1
1 38 3
1 41 1
1 43 1
1 44 1
1 48 1
1 49 1
1 51 1
1 58 2
1 59 1
1 60 1
1 70 1
1 72 1
1 73 1
1 75 4
1 76 1
1 79 1
1 80 1
1 84 1
1 85 2
1 91 1
1 94 3
1 95 1
1 97 1
1 98 1
1 101 1
1 104 1
1 106 2
1 107 2
1 118 3
1 123 1
1 124 1
1 125 4
1 126 9
1 127 1
1 128 1
1 132 2
1 134 1
1 138 2
1 139 1
1 150 2
1 151 1
1 152 1
1 164 2
1 165 3
1 166 1
1 167 3
1 169 2
1 170 1
1 172 2
1 173 1
1 174 1
1 176 1
1 177 2
1 179 1
1 180 1
1 182 2
1 183 12
1 184 3
1 185 4
1 186 2
1 187 3
2 13 2
3 75 3
3 101 1
4 27 1
5 186 2
6 107 1
9 74 1
9 148 1
13 79 1
13 135 1
16 153 1
17 18 1
17 34 1
17 51 1
17 65 1
17 185 2
19 176 1
21 64 1
21 175 1
24 48 1
24 127 1
26 165 1
27 32 1
29 144 1
33 79 2
33 179 1
34 51 1
34 185 1
37 121 1
39 93 1
42 43 1
43 118 1
45 141 1
48 127 1
49 150 1
51 185 1
54 75 1
54 140 1
56 57 2
57 75 2
61 146 1
62 119 1
66 146 1
67 80 1
70 89 1
71 130 2
72 138 1
73 181 2
75 88 1
75 118 1
79 179 1
84 93 1
84 112 2
84 172 1
88 117 1
93 112 1
93 172 1
98 139 1
99 110 1
101 115 1
101 154 1
106 152 1
106 169 1
112 172 1
125 126 3
126 183 1
138 182 1
141 160 2
144 168 1
152 169 1
157 175 1
