# The directed communities at k=6
# from /Users/bogna/dev/role-mining/datasets/hepth/timeslots/cit-HepTh-1996.edges
# at no lower link weight threshold,
# and at no upper link weight threshold.
# Links were treated as directed.
# No time limit was set for the clique search.

0: 9601003 9402002 9410167 9503124 9504090 9508143 9510017 9510086 9510135 9510161 9510209 9511173 9512062 9512077 9205027 9507090 9510134 9511053 9407087 9408099 9508155 9411187 9506200 9512031 9601014 9308083 9311042 9504145 9505105 9505162 9506091 9506110 9506112 9507050 9507115 9510093 9510142 9510225 9510234 9601029 9309145 9504147 9508072 9510182 9510229 9511026 9511064 9511088 9511222 9512078 9601036 9210127 9306052 9501030 9507121 9512053 9512219 9504006 9504034 9601038 0208020 9509080 9511030 9502072 9511171 9601057 9403040 9407031 9509132 9510169 9510200 9511043 9512059 9507027 9508144 9512196 9501068 9601077 9401139 9508154 9509148 9508177 9210021 9601098 9511194 9601108 9507048 9601152 9601164 9503228 9511098 9601167 9601177 9508058 9510097 9512089 9602010 9602014 9602022 9602030 9602043 9504129 9606169 9607229 9602049 9602051 9410073 9602052 9602064 9602065 9602070 9602071 9602077 9602097 9509146 9511108 9602111 9602114 9602118 9602120 9602135 9602136 9602144 9308154 9602172 9603003 9603037 9603009 9603033 9603042 9603060 9603061 9603078 9603081 9603087 9603089 9603090 9603099 9603100 9603108 9603109 9603113 9603116 9603123 9603126 9603127 9603133 9603147 9603150 9603161 9603167 9603170 9603186 9603194 9603195 9604013 9604014 9604030 9604034 9604035 9604041 9209032 9604042 9604043 9604052 9604055 9604057 9604065 9604068 9604070 9604089 9604091 9604097 9604103 9604119 9604127 9604129 9604133 9604134 9604139 9604156 9604164 9604166 9604168 9604171 9604178 9604179 9604189 9604193 9604198 9604200 9605016 9605017 9605042 9605047 9605049 9605051 9605058 9605077 9605085 9605091 9605112 9605131 9605146 9605150 9605154 9605168 9605174 9605184 9605199 9605200 9605201 9605216 9605224 9605234 9605236 9606008 9606009 9606016 9606017 9606031 9606033 9606044 9606049 9606086 9606091 9606093 9606113 9606122 9606133 9606136 9606139 9606148 9606165 9606173 9606176 9606185 9606193 9606196 9607001 9607011 9607019 9607020 9607026 9607041 9607050 9607051 9607054 9607057 9607077 9607078 9607092 9607105 9607107 9607108 9607112 9607121 9607139 9607149 9607157 9607163 9607185 9607190 9607201 9607207 9607235 9608005 9608012 9608015 9608017 9608024 9608047 9608053 9608059 9608061 9608086 9608095 9608096 9608099 9608104 9608105 9608108 9608109 9608111 9608117 9608118 9608126 9608127 9608154 9608163 9608183 9608186 9608194 9609017 9609026 9609052 9609053 9609056 9609071 9609075 9609076 9609082 9609084 9609094 9609095 9609111 9609112 9609151 9609159 9609161 9609176 9609181 9609204 9609212 9609219 9609225 9609239 9610005 9610024 9610031 9610041 9610043 9610045 9610046 9610062 9610068 9610074 9610076 9610077 9610082 9610085 9610105 9610111 9610125 9610138 9610140 9610148 9610157 9610162 9610171 9610172 9610195 9610205 9610232 9610236 9610237 9612213 9610249 9610250 9610251 9611007 9611014 9611026 9611029 9611042 9611047 9611050 9611060 9611063 9611072 9611090 9611103 9611110 9611119 9611125 9611137 9611140 9611146 9611151 9611159 9611161 9611162 9611164 9611165 9611173 9611174 9611175 9611182 9611184 9611186 9611189 9611190 9611201 9611202 9611203 9611204 9611205 9611210 9611214 9611215 9611222 9611230 9612004 9612008 9612022 9612051 9612062 9612064 9612076 9612080 9612085 9612087 9612089 9612095 9612096 9612104 9612105 9612108 9612119 9612120 9612121 9612126 9612130 9612131 9612141 9612143 9612144 9612146 9612153 9612157 9612162 9612164 9612167 9612192 9612200 9612202 9612204 9612215 9612222 9612223 9612229 9612236 9612239 9612248 9612249 9612251 
1: 9602085 9309034 9311147 9405067 9412167 9510144 9602119 9603115 9604045 9612084 
2: 9604128 9605107 9607174 9609128 9610128 9611004 9611150 9612010 9612011 9612012 9612013 
3: 9511128 9602012 9604124 9605030 9605039 9612158 
4: 9602032 9410206 9505080 9605221 9607138 9609027 9610106 
5: 9205068 9602032 9410206 9602045 9603074 9609027 9610106 
6: 9511173 9407031 9602052 9603156 9303160 9503072 9512210 9605046 9605168 9606102 9609238 9611040 
7: 9601007 9407087 9408099 9411048 9411057 9504102 9505150 9507008 9509175 9505075 9505100 9507032 9503115 9506102 9507144 9510129 9510183 9602073 9503163 9602174 9603073 9603136 9604051 9604059 9604199 9605090 9606199 9605096 9605215 9609066 9607066 9607076 9607202 9608054 9608060 9609041 9609062 9609065 9609104 9609116 9609130 9609145 9609157 9610026 9610049 9610053 9610156 9610204 9610211 9611016 9611118 9611123 9611190 9612231 9612240 
8: 9303160 9509166 9511134 9605151 9606130 9604026 9510149 9605062 9605152 9606050 9610168 9611160 
9: 9508042 9603087 9604035 9604058 9604166 9605077 9605082 9403179 9406216 9607027 9608195 9609048 9609087 9610107 9610166 9610238 9610252 9611204 9612224 
10: 9508042 9601150 9608173 9611079 9611134 9612224 
11: 9407087 9408099 9506181 9602082 9504120 9505190 9604034 9605101 9606111 9610026 9611012 
12: 9411149 9510222 9602031 9402044 9506148 9507169 9510148 9403198 9602180 9505006 9603034 9603158 9605108 9605113 9606184 9607021 9607200 9607210 9608046 9608147 9608157 9609183 9610139 9612207 
13: 9510017 9602052 9604156 9608024 9608167 9612056 
14: 9402032 9505187 9508117 9508156 9601085 9601097 9506052 9602167 9603176 9605054 9605069 9605182 9605229 9606146 9608085 9608114 9608185 9610065 9610142 9611106 9611230 
15: 9510182 9607026 9607029 9607078 9608096 9608154 9611110 
16: 9510135 9602052 9610043 9611233 9612027 9612120 
17: 9407087 9408099 9505075 9510101 9505035 9509161 9509162 9510204 9511052 9511126 9601168 9510224 9512161 9602005 9603028 9603140 9604078 9604199 9607159 9610242 9611190 
18: 9407087 9408099 9510101 9505035 9509161 9509162 9510204 9511052 9511126 9510183 9510224 9512161 9603069 9603140 9604078 9605135 9609123 
19: 9407087 9408099 9505075 9505035 9509161 9509162 9510204 9602005 9603028 9603140 9604101 9607223 9612134 
20: 9601007 9407087 9408099 9602082 9605101 9606111 9609116 9611190 
21: 9602102 9506144 9603150 9604097 9609070 9610251 
22: 9512062 9604103 9606118 9607227 9609086 9610148 9611008 9611159 
23: 9306052 9604052 9604089 9604127 9605017 9605085 
24: 9408099 9602082 9604034 9605101 9608005 9610053 
25: 9601029 9603060 9609204 9611140 9611163 9612076 
26: 9602022 9512181 9602049 9602064 9602114 9603116 9606009 9607185 9608017 9608093 9612008 
27: 9505105 9506112 9510182 9512129 9504006 9504034 9602097 9603108 9608012 9608099 9610157 
28: 9512059 9603126 9604055 9604171 9607092 9607190 
29: 9512077 9602052 9604119 9605033 9606139 9611050 
30: 9503124 9601150 9608024 9609095 9611050 9612204 
31: 9512077 9602052 9604091 9609212 9610125 9611047 
32: 9510017 9602049 9603116 9603126 9604055 9607092 
33: 9510169 9601150 9603123 9604119 9611050 9612121 
34: 9601003 9512062 9602049 9603116 9608017 9610148 9612121 
35: 9503124 9508143 9510017 9510209 9601077 9602052 9602071 9603009 9604035 9607201 
