# The contained directed cliques in the directed communities at k=11
# from /Users/bogna/dev/role-mining/datasets/hepth/timeslots/cit-HepTh-1997.edges
# at no lower link weight threshold,
# and at no upper link weight threshold.
# Links were treated as directed.
# No time limit was set for the clique search.

0: 7824 7825 9022 9023 
1: 10333 10334 10335 10336 10337 10340 10341 10342 16602 16603 16604 16605 16606 16607 16608 16609 16610 16611 16612 16613 16614 16615 16616 16617 16619 16620 16621 16622 16623 16624 16625 16626 17159 17160 17161 17162 17163 17164 17165 17166 17175 17176 17177 17178 17183 17184 17185 17186 17187 17188 17189 17190 17191 17192 17193 17194 17195 17196 17197 17198 17203 17204 17205 17206 17207 17208 17209 17210 17221 17222 17223 17224 17225 17226 17227 17228 17233 17234 17235 17236 18965 18966 18967 18968 18969 18970 18972 18974 18978 18980 18983 18984 18985 18986 18996 18998 18999 19000 19001 19002 19003 19004 19005 19006 19007 19008 19010 19011 19012 19013 19014 19016 19017 19018 19019 19020 19021 19022 19023 19025 19504 19505 19506 19507 19508 19509 19510 19511 19513 19514 19515 19516 19517 19518 19519 19520 19521 19522 19523 19524 19525 19526 19527 19528 19529 19530 19531 19532 19533 19797 19798 19799 19802 19803 19807 19812 20143 20144 20145 20146 20147 20148 20149 20150 20155 20156 20157 20158 20159 20160 20161 20162 20228 20229 20237 20238 20251 20252 10338 17171 17172 17173 17174 17215 17216 17217 17218 17229 17230 17231 17232 17359 17362 17365 17368 18814 18816 18962 18964 18971 18973 18976 18977 18979 18982 18987 18988 18989 18991 18995 18997 19009 19015 19512 20163 20164 20166 20167 20168 20169 16631 16632 19024 19026 19804 19806 19819 20165 20255 20256 13938 13939 13940 13941 13942 13943 13944 13946 13947 13948 13949 13950 14849 14852 14855 14857 15655 15657 15659 15660 15661 15663 15664 15665 15666 15667 15668 15673 15678 15688 16629 16630 17201 17360 17361 17363 17364 17366 17369 17373 17374 17375 17376 17377 17378 18815 18961 18963 18975 18981 18990 18992 19027 19028 19029 19030 19031 19033 19035 19036 19037 19038 19049 19536 19813 19814 19816 19817 20261 13945 13951 13952 13953 13954 13955 13956 13957 13958 14433 14434 14436 14439 14850 14851 14856 15653 15656 15658 15662 15669 15671 15672 15674 15675 15676 15677 15682 15684 15685 15686 15687 16455 17167 17169 17170 17179 17181 17182 17199 17200 17202 17211 17213 17214 17354 17367 17370 18809 18993 19032 19034 19039 19043 19044 19045 19801 19809 19811 20153 20239 20242 20262 20356 20357 14438 14441 14445 15695 17212 17357 20230 20233 14427 14429 14430 14432 14435 14440 14442 14443 15237 17356 14428 14431 14444 17168 17180 14446 14437 19040 19041 19042 19046 19047 19048 19050 19534 19535 19537 20151 20152 20154 14853 14854 14858 14861 15654 15683 17355 17358 18994 12815 12816 12821 12828 14859 14860 14862 15231 15670 15679 15689 17350 17351 17353 18810 20358 12817 12818 12820 12825 12827 12819 12823 12829 12826 20250 15696 16449 18811 20254 15691 15692 15697 15698 15699 15703 15704 15707 15708 17372 20040 20041 20042 15693 17371 20039 20240 20045 20043 20044 20037 20038 20235 20245 20253 20257 20259 20260 18818 15222 15224 15227 15232 15233 15235 15236 15220 15223 15221 15229 15225 15234 20464 15238 16627 19800 20587 16628 20243 19808 19805 19810 13738 13727 13730 13741 13745 18509 19051 17239 17240 18505 18508 18511 13612 17237 17238 17241 13597 15214 18504 15213 16618 20232 13390 14364 14363 16166 11023 18376 18374 18375 13523 13524 15245 15247 
2: 12094 14004 14003 14006 14002 14005 14024 14033 14021 17441 
