# The links inside the directed communities at k=6
# from /Users/bogna/dev/role-mining/datasets/hepth/timeslots/cit-HepTh-1994.edges
# at no lower link weight threshold,
# and at no upper link weight threshold.
# Links were treated as directed.
# No time limit was set for the clique search.

0:
9402031 9303016
9402031 9310112
9402031 9310202
9403041 9402031
9403191 9402031
9404063 9402031
9404114 9402031
9406067 9402031
9406136 9402031
9407005 9402031
9407099 9402031
9403191 9303016
9404063 9303016
9406067 9303016
9407005 9303016
9403041 9310112
9403191 9310112
9404063 9310112
9404114 9310112
9404132 9310112
9406067 9310112
9406136 9310112
9407005 9310112
9407099 9310112
9403041 9310202
9403191 9310202
9404063 9310202
9404114 9310202
9406067 9310202
9406136 9310202
9407099 9310202
9403041 9311081
9403191 9311081
9404114 9311081
9404132 9311081
9407005 9311081
9403041 9311093
9403191 9311093
9404114 9311093
9404132 9311093
9407005 9311093
9403041 9312182
9403191 9403041
9404114 9403041
9404132 9403041
9406136 9403041
9407005 9403041
9403191 9312182
9404114 9312182
9404132 9312182
9407005 9312182
9404063 9403191
9404114 9403191
9404132 9403191
9406067 9403191
9406136 9403191
9407005 9403191
9407099 9403191
9404114 9404063
9406067 9404063
9406136 9404063
9407005 9404063
9407099 9404063
9404132 9404114
9406136 9404114
9407005 9404114
9407005 9404132
9407005 9406067
9407099 9406067
9407099 9406136
