# The directed communities at k=6
# from /Users/bogna/dev/role-mining/datasets/hepth/timeslots/cit-HepTh-1998.edges
# at no lower link weight threshold,
# and at no upper link weight threshold.
# Links were treated as directed.
# No time limit was set for the clique search.

0: 9612115 9801084 9708123 9711073 9802085 9806139 9810237 9812177 
1: 9802105 9710147 9804004 9805094 9806084 9809149 9810067 
2: 9407087 9408099 9411048 9602073 9603136 9609041 9804009 9606199 9701170 9804105 9804151 9805172 9806144 
3: 9802030 9803084 9803121 9803156 9803178 9803210 9804106 9805012 9805032 9805164 9805167 9805181 9806093 9807051 9807100 
4: 9801051 9709005 9710030 9801085 9806096 9809076 9810024 9810203 
5: 9803091 9607174 9609128 9612010 9805025 9806174 9810087 9811173 
6: 9403040 9604091 9701137 9603167 9604156 9511194 9704006 9803194 9805019 9612215 9805170 9806155 9807138 9808141 9809111 9810188 9811064 9812003 9812031 9812135 9812226 
7: 9802012 9702107 9802049 9802108 9804174 9805168 9805201 9806034 9811041 9811112 9811179 
8: 9801042 9212088 9303012 9401059 9401092 9402008 9609174 9711110 9801133 9802174 9803007 9806110 9807026 9807070 9811044 9811212 
9: 9607112 9705205 9608061 9704054 9803188 9703060 9711128 9804028 9806085 9809034 9810025 9812161 
10: 9608116 9606139 9803163 9803216 9803260 9805073 9805176 9806040 9811024 9811034 
11: 9409089 9802150 9805114 9806039 9811051 9812043 
12: 9510017 9712193 9601029 9801019 9204099 9310194 9702015 9707188 9711138 9711200 9712251 9601038 9409089 9610043 9602022 9510209 9602070 9510169 9602135 9706192 9704005 9711161 9712073 9712239 9606185 9609026 9703031 9604166 9801076 9307049 9801114 9604129 9604178 9605049 9606169 9702165 9705163 9706051 9708040 9410073 9610172 9704156 9706100 9704059 9603167 9708099 9710014 9207094 9705117 9801206 9606165 9802042 9711002 9605009 9802047 9606176 9802076 9405171 9503121 9802103 9608053 9802109 9702076 9703040 9708005 9802116 9802126 9802150 9802183 9704151 9802195 9802198 9802203 9509140 9607060 9611075 9803001 9803131 9803135 9803263 9805114 9805129 9808016 9808017 9809022 9803002 9803013 9803015 9803023 9803028 9803039 9803051 9712074 9803053 9803060 9803061 9803064 9803068 9803076 9803077 9803080 9803082 9803083 9803085 9803086 9803090 9710151 9803109 9803111 9803119 9803137 9803138 9803141 9803167 9803168 9803171 9803174 9803193 9803196 9803214 9803220 9803227 9803231 9803249 9803251 9803252 9806026 9804006 9804019 9804026 9804031 9804035 9804037 9804056 9804058 9804060 9804062 9804083 9804085 9804092 9804093 9804095 9804099 9804110 9804111 9804113 9804129 9804141 9804149 9804159 9804166 9804170 9804172 9804173 9804175 9804182 9804184 9804209 9805014 9805028 9805041 9805047 9805050 9805064 9805082 9805096 9805097 9805099 9805104 9805105 9805112 9805131 9805139 9805140 9805143 9805145 9805146 9805151 9805156 9805157 9603133 9805162 9805165 9805171 9805182 9805207 9805208 9805217 9806004 9806008 9806012 9806021 9806024 9806041 9806042 9806044 9806065 9806074 9806075 9806080 9806087 9806089 9806091 9806095 9806103 9806104 9806113 9806119 9806122 9806125 9806128 9806131 9806132 9806141 9806143 9806158 9806159 9806162 9806171 9806177 9806180 9806194 9806195 9806197 9806213 9806216 9806217 9806235 9807011 9807019 9807033 9807034 9807046 9807076 9807080 9807090 9807093 9807097 9807098 9807109 9807115 9809213 9807140 9807150 9807156 9807164 9807173 9807179 9807185 9807196 9807200 9811010 9807205 9807206 9807216 9807225 9807226 9807230 9807235 9807240 9807241 9808002 9808006 9808014 9808019 9808020 9808037 9808038 9808048 9808051 9808052 9808075 9808079 9808088 9808100 9808117 9808126 9808138 9808139 9808143 9808146 9808149 9808157 9808161 9808162 9808168 9808172 9808175 9808182 9808184 9809009 9809021 9809027 9809032 9809033 9809045 9809055 9809057 9809059 9809061 9809067 9809073 9809076 9809106 9809124 9809132 9809133 9809145 9809147 9809158 9809164 9809172 9809179 9809188 9809193 9810010 9810024 9810051 9810053 9810063 9810069 9810083 9810092 9810123 9810126 9810135 9810136 9810140 9810142 9810148 9810151 9810155 9810186 9810194 9810195 9810201 9810206 9810210 9810224 9810226 9810243 9810244 9810250 9811002 9811004 9811005 9811019 9811028 9811033 9811035 9811042 9811047 9811048 9811056 9811057 9811060 9811089 9811097 9811106 9811107 9811120 9811131 9811139 9811140 9811141 9811146 9811147 9811152 9811156 9811162 9811167 9811172 9811183 9811192 9811193 9811201 9811208 9811230 9811257 9811258 9812007 9812012 9812016 9812025 9812027 9812035 9812038 9812046 9812062 9812066 9812067 9812087 9812089 9812092 9812097 9812100 9812109 9812117 9812118 9812121 9812163 9812165 9812194 9812216 9812218 9812220 9812226 9812238 9812240 9812250 9812252 
13: 9611230 9607201 9510135 9602077 9408099 9602022 9801067 9603009 9705031 9709013 9710116 9711094 9711130 9711202 9712050 9712070 9712211 9605150 9402032 9801205 9606044 9608005 9608186 9802033 9701185 9704011 9802189 9803097 9803127 9803142 9803194 9804139 9804160 9804164 9804174 9804210 9805076 9805096 9805220 9806011 9806126 9806159 9807117 9808185 9809026 9811064 9811087 9812028 9812037 9812209 9812227 
14: 9410167 9803239 9305139 9803259 9806146 9807127 9808069 9810180 
15: 9701060 9803184 9803200 9804071 9804118 9805184 9809050 9809098 
16: 9801030 9510209 9602070 9603142 9605136 9608019 9609209 9702110 9704177 9706171 9707143 9708031 9709043 9710208 9711158 9711197 9801087 9701048 9707208 9707223 9709049 9709214 9801123 9801204 9802111 9802148 9803235 9806051 9807124 9808101 
17: 9510135 9610043 9611042 9611202 9704080 9711162 9711165 9709220 9710009 9612115 9801147 9712201 9801170 9802052 9802068 9802069 9807198 9810099 9803031 9803044 9803067 9803088 9803166 9804120 9806099 9804188 9805034 9809039 9810072 9810116 9810179 9810185 9810219 9811159 9811213 9812143 9812172 9812219 
18: 9612229 9808117 9810186 9810225 9811120 9812121 
19: 9807076 9807213 9808056 9808095 9809147 9810129 9812158 
20: 9711200 9802109 9802150 9802183 9807076 9807213 9808056 9810129 
21: 9801002 9411149 9606017 9611230 9702014 9703051 9703166 9703210 9704104 9705199 9706047 9706082 9707027 9708118 9708134 9712028 9712193 9801017 9704043 9712145 9801020 9706109 9801060 9801134 9801207 9802067 9802103 9802151 9803033 9803054 9803086 9803186 9803197 9803232 9805029 9805139 9805158 9806092 9806177 9807082 9809181 9810254 9812072 9812097 
22: 9711200 9610043 9504150 9803027 9612083 9803170 9806133 9808120 9809165 9810158 9811083 9811254 
23: 9610043 9608024 9704080 9709220 9710009 9710231 9712072 9711037 9706072 9710174 9705091 9801182 9805007 9805018 9806018 9806028 9806066 9806108 9806109 9806136 9806166 9806173 9806178 9806240 9807071 9808188 9810021 9811204 9812239 
24: 9407087 9509161 9509162 9801061 9411102 9709193 9711108 9712062 9802007 9802185 9803217 9804086 9804104 9805172 9806015 9806032 9812055 
25: 9508143 9611173 9601167 9610148 9702133 9802152 9809076 9810024 9810136 9810203 9811134 
26: 9411149 9801146 9507013 9603206 9703197 9801157 9803146 9804068 9804097 9808178 
27: 9510169 9705162 9802199 9706117 9806069 9806120 9806169 9809039 9812224 9812225 
28: 9204099 9712251 9802076 9405171 9806026 9805178 9806113 9811033 
29: 9709199 9801189 9806082 9808188 9809070 9812239 
30: 9703210 9801020 9805112 9805141 9806226 9808182 
31: 9711200 9802109 9702076 9703040 9802150 9805114 9805069 9806240 9807225 9808039 9811019 
32: 9407087 9509161 9711108 9802185 9803126 9803217 9804086 9805051 
33: 9603009 9711094 9711130 9711202 9712050 9712070 9712211 9801205 9803135 9803097 9803111 9804141 
34: 9602135 9802109 9708005 9802150 9805114 9805143 9808032 9809033 
35: 9409089 9802150 9805114 9804170 9805143 9806103 9809033 
36: 9711200 9802109 9802150 9804170 9805028 9805041 9805156 
37: 9711200 9802109 9805114 9808016 9806104 9809021 
38: 9711200 9802109 9802150 9805114 9809022 9806240 9808035 9812218 
