# The contained directed cliques in the directed communities at k=6
# from /Users/bogna/dev/role-mining/datasets/hepth/timeslots/cit-HepTh-1998.edges
# at no lower link weight threshold,
# and at no upper link weight threshold.
# Links were treated as directed.
# No time limit was set for the clique search.

0: 1273 2848 7484 
1: 1550 2015 
2: 1556 2866 3086 5541 6549 14392 16524 16525 
3: 1610 3611 2603 3047 3610 4188 4210 6203 4187 4211 
4: 1769 2801 
5: 2076 2078 2080 
6: 2157 4043 5316 5319 6556 6557 6724 6725 6726 6727 7750 11463 4042 6477 10365 7749 11033 5315 5317 7748 7752 16475 16476 5318 
7: 2167 5299 2501 5300 2499 5298 3233 
8: 2329 2330 2331 2786 3325 3821 4360 4987 2332 2787 3326 3822 4361 4988 3328 3825 4364 4991 3327 3823 4362 4989 3824 3826 4363 4990 4365 4992 3815 
9: 2498 3051 3063 4156 5354 6142 7032 
10: 2671 6635 6636 6638 8061 
11: 2745 
12: 2882 12799 13477 14903 15221 15250 18620 18621 12793 16905 16909 16910 16911 13688 15955 16888 16889 16906 16907 16908 16912 16920 16923 16924 19429 13685 13698 13709 13721 13708 13719 15953 16913 13701 15961 16917 8831 10929 12138 12741 12742 12755 13696 13700 13702 13703 13704 13705 13706 13718 14647 14905 14909 14910 14911 14912 14915 14921 14932 14933 14942 15938 17094 17111 18039 18046 18047 24161 8829 8834 4247 7851 8827 8828 8830 8832 8850 9780 9790 10366 10367 10368 10372 10381 10382 10383 10384 10385 10387 10390 10391 10393 10845 12743 12745 12756 13542 13543 13544 14923 15937 15957 15958 15960 15975 17096 17098 17182 4251 12758 13545 15977 17099 9786 9800 10373 10392 12752 12757 14926 14931 15943 17186 18042 18952 9781 9784 9785 9787 9791 9799 9782 13707 14924 14930 15939 17183 18040 10377 10378 12227 13689 13694 13715 17189 17194 10935 12225 12226 12241 10933 10934 10946 10930 10931 10932 10944 10941 10942 10943 10948 11068 12125 10940 11088 12128 10936 10945 12238 14648 10937 10939 10947 12233 10938 12231 12230 12232 13711 9794 10386 10778 13691 13710 13712 13714 13717 13720 16328 6694 8314 8856 9788 9793 10388 17081 17084 17190 17196 3708 6692 3706 3709 3710 13716 17083 13695 13722 15455 17095 10380 13697 17080 17082 18038 8306 10379 10389 16327 8304 8308 8309 8310 8315 17097 8303 8305 17085 17086 17087 8307 16886 16887 8316 23681 23682 16322 5305 10180 13690 13692 16115 16323 16324 16325 16326 16330 16333 16334 17055 5302 5303 5306 5307 5308 8843 10326 5304 16331 16332 17090 17100 17091 17102 17092 17103 16120 16671 16902 17101 17104 17106 17107 10780 16116 16117 16118 16119 16121 16124 10779 7110 7108 7109 16122 7111 15796 16123 16125 17982 7112 7113 7114 7115 7116 7117 17983 16896 17984 16799 16810 16890 16891 16893 16895 16897 16916 16922 16927 16796 16797 16798 16809 16914 16915 16808 16921 16892 16900 16901 16894 15947 15946 15963 15945 15932 15948 11069 14288 14945 15933 15934 16437 17974 17975 17976 17977 17978 11060 11061 11072 11075 11076 11090 18616 11062 11063 11064 11065 11089 11092 11093 12066 12140 12753 15941 15942 17105 17110 17184 18041 18049 18618 18927 18928 18933 18935 18936 18951 11066 11070 11077 11091 12065 12081 16668 17066 17067 17071 11094 16344 5148 9927 11074 11082 5146 5150 5147 9923 12141 12146 12148 9925 12142 12147 12149 9924 9926 9929 9917 9922 12414 12415 12416 17056 17057 17065 12067 17061 17791 12068 12076 12077 12075 11080 12071 12074 11073 9934 11071 11085 9936 6490 9930 11086 11084 11083 11078 12118 11079 12113 12117 12120 17795 12114 12124 12127 12126 12119 7704 7834 12139 14291 16450 16453 16845 16852 18002 7833 16445 16848 7774 12609 13739 16434 16440 16441 16442 16443 16444 19115 19116 7773 7771 7775 7779 7772 7776 13732 16433 7778 13734 13736 16435 7781 8675 11641 13328 13330 8682 11645 13343 13345 13346 13348 5810 7360 7362 7410 8660 8662 8663 8665 8666 8668 8670 8672 8674 8677 8678 8680 8683 8684 8685 8687 8692 8749 9185 9188 9191 10352 10358 10359 10360 10361 10362 10364 11580 11582 11584 11594 11597 11599 11602 11604 11605 11630 11637 11638 11639 12437 12439 12440 12443 12585 12588 12591 12592 12593 12594 12595 12618 12621 12625 12627 12628 12629 13293 13294 13325 13327 13341 13344 13347 13354 13356 13740 13741 13742 13743 13745 13746 13753 13758 13761 13762 13763 13765 14257 14579 14580 14586 14587 14674 14791 16446 16447 16448 16765 18086 18087 18088 18098 18384 18385 18386 18824 18825 19144 19169 19838 19844 19849 20004 20005 20006 20691 20724 20725 20726 20813 20864 20867 20872 20877 20881 20882 20883 20884 20895 21009 21010 21237 21238 21286 21505 21506 21846 21948 22250 22251 22405 22406 22799 22890 23026 23027 23114 23115 23413 23414 23508 23514 23595 23597 23604 23606 23844 23846 23847 23848 23849 23850 23854 23855 23856 23857 23858 23861 23869 23948 23968 23994 24009 24010 24064 24084 24190 5811 5812 5816 5813 11589 8661 8689 8673 8686 11586 8669 8671 11581 8667 11640 12632 13295 13296 8681 12626 13291 13292 6676 6679 6683 6684 6685 11596 12444 12472 12473 12474 12608 12610 12616 12623 12624 12633 13289 13290 18822 18823 19117 20723 21005 21006 21502 21503 21845 22247 22248 22403 22404 22798 22889 23022 23024 23112 23113 6672 6674 6667 6669 6670 6671 6673 6677 6678 6680 6682 6686 8742 9189 12167 12184 12190 12599 12600 12602 12603 12606 12607 12630 12631 17836 17940 18159 18161 18162 18163 19110 6666 6668 7272 7273 7267 7268 7265 7266 7270 12617 12619 12620 7271 7396 7401 10351 10353 11592 11601 12431 12614 13329 13336 13733 13735 13737 13752 13754 7415 13748 7398 7403 7408 7411 7413 7414 7416 11593 11598 5825 7395 7397 7404 8738 10354 11636 12436 12438 12613 13337 13738 13755 14583 14663 16757 17960 18084 5823 5824 5826 8736 8739 8741 8746 8737 8740 8745 8747 10350 12612 13749 13750 14582 14660 17958 9173 17835 17943 17944 17945 9172 9174 9177 9178 9179 9175 9176 9169 9192 9170 9186 12434 12441 12583 12615 23585 6681 7697 7698 8664 11579 11591 11595 11628 12432 12433 12435 12442 12445 12446 12447 12448 12450 12454 12455 12456 12459 12461 12462 12470 12476 12611 12622 12714 13282 13283 13284 13287 14245 14575 14581 14584 14657 14779 17952 20160 20162 20163 20165 20451 20453 20454 20456 20716 20934 20935 21093 21094 21096 21097 21099 21146 21147 21403 21404 21620 21631 21632 21634 21635 21637 21683 21684 21771 22142 22143 22326 22327 22519 22520 22522 22523 22524 22526 22567 22568 22585 22594 22595 22639 22640 22720 22840 22942 22943 23075 23076 23162 23163 23165 23167 23168 23170 23221 23222 23262 23263 23285 23286 12172 8743 12173 12174 12175 12180 12192 12587 9194 12191 12193 12196 12597 9193 9195 9196 9166 18090 5327 5329 6706 9164 9165 9167 11779 12048 12156 12157 12159 12160 12161 12162 14273 16854 17278 17348 17350 17483 23988 5326 11777 12046 14271 17277 17349 17473 23983 5328 12045 12155 12047 12158 12153 12186 12189 16731 12109 12152 12154 12104 12108 12164 12103 12105 12106 14778 14783 11624 14790 9269 9277 9278 9279 11622 11625 11626 11646 15100 15101 15102 15103 9267 11634 23698 9271 11633 9273 9274 11642 9275 11623 11644 9280 8270 12032 23593 8268 8271 8276 23592 8264 8265 8266 8263 8267 8277 8269 8275 14240 8279 14236 14237 14235 14241 14342 13357 14234 14239 14340 13333 13339 13340 13351 13353 13355 13358 13326 13334 14339 13342 7358 7361 4803 6711 7359 7363 7364 8109 8113 8114 8115 8117 10346 10355 10363 13744 13747 13764 14576 15128 15130 15131 4800 4801 4802 8110 8112 18083 7409 8111 8116 8118 8120 7402 7407 8102 8107 14578 7399 8101 8103 7400 7412 23586 4834 8104 8119 11603 4831 4832 8679 8676 8688 11583 13331 13349 7365 11606 20744 20745 11585 20704 20706 20740 20742 9573 14770 15097 18089 19308 19961 20689 20699 20701 20702 20705 20707 20708 20720 20722 20737 20741 21287 24191 9571 9572 9574 9576 9577 9578 9579 9585 9586 9587 9595 9598 9600 9608 9609 9612 9613 9614 9617 9618 9619 14556 14559 14562 19389 20703 9575 9584 20700 9588 9603 19302 19303 19386 9589 9590 9594 9596 9597 9599 13580 13585 17133 9601 9602 9604 13587 13588 17132 9607 9610 9615 9616 11087 13584 13586 13589 17129 17130 17131 17134 17136 17137 17138 17140 23713 23719 23995 9605 9606 9611 16368 16372 16402 16404 17389 18392 18394 18396 18398 18400 18403 18405 18452 18453 18454 18455 18458 18459 18461 18463 18465 18466 18470 18472 18474 18475 18479 18481 18485 18487 18504 18505 18508 18510 18515 18516 18517 18533 18535 18537 18539 18541 18547 18549 18551 18569 18570 18576 18578 18582 19102 19143 19167 19201 19236 19270 19322 19341 19360 19440 19442 19575 19581 19590 19610 19667 19676 19722 19724 19839 19852 19853 19858 19868 19869 19870 19880 19881 19891 19907 19908 19920 19943 19944 19945 20001 20202 20203 20204 20738 20739 20873 21164 21165 21166 21167 22041 22078 22079 22103 22104 22224 22225 22226 22227 22228 22229 22230 22231 22232 22233 22234 22235 22236 22658 22681 22694 22695 22780 22781 22782 22783 22784 22785 22786 22787 22788 22789 22911 22912 22913 22997 22998 22999 23000 23001 23002 23003 23004 23005 23006 23007 23008 23009 23010 23011 23148 23149 23150 23151 23235 23236 23237 23238 23239 23240 23241 23242 23243 23244 23245 23246 23247 23248 23249 23250 23251 23252 23253 23254 23255 23256 23257 23258 23259 23260 23295 23296 23350 23351 23352 23353 23385 23405 23407 23408 23409 23410 23525 23536 23616 23633 23654 23656 23695 23696 23697 23706 23712 23714 23715 23718 23720 23803 23808 23867 23938 23939 23940 23941 23942 24005 24006 24007 24015 24016 24051 24052 24053 24078 24079 24080 18770 19076 19077 19078 19079 19080 19083 19142 19153 19166 19168 19200 19202 19203 19212 19214 19215 19235 19237 19238 19248 19250 19251 19269 19271 19280 19282 19283 19284 19285 19288 19321 19323 19324 19340 19342 19343 19359 19361 19362 8768 15684 15686 15702 15703 16438 17478 18652 18653 18654 18655 18656 18657 18658 18667 18672 18673 18674 18676 18677 18678 18679 18684 18686 18687 18689 18690 18700 18714 18715 18716 18717 18718 18719 18720 18744 18747 18771 18772 18776 18781 18782 18786 18787 18788 18789 18796 18797 18802 18803 18804 18812 18813 18817 18818 18819 18820 18826 18827 18828 18829 18830 18831 18832 18833 18834 18835 18836 18837 18853 18858 18866 18875 18876 18880 18881 18882 18883 18909 19071 19072 19075 19081 19082 19084 19149 19156 19157 19158 19163 19171 19173 19174 19192 19208 19216 19217 19218 19224 19226 19227 19232 19240 19242 19243 19249 19261 19276 19306 19307 19329 19333 19334 19335 19338 19344 19346 19347 19367 19379 19383 19394 19595 19612 20205 20206 20207 20283 20284 20285 20286 20807 20815 21172 21173 21174 21175 21288 21331 21333 21512 21728 21851 21879 21885 21907 21951 21987 22015 22037 22082 22084 22258 22683 22805 23147 23302 23303 23319 23356 23358 23416 23951 24019 8769 8773 8772 8761 8762 8759 20172 20173 20174 21110 21111 23182 23183 23184 8770 19191 19287 21108 21109 23146 23179 23180 23181 23266 23267 23268 19305 20878 21168 21169 23297 23298 23299 24011 16857 17135 17139 17141 19299 19304 19309 19310 19377 19378 19388 19390 14551 19213 19281 20279 20677 21284 22038 13981 13982 13983 13984 13991 13992 15555 15556 15568 15570 15571 15572 15590 15591 15592 15593 15594 15595 15596 15597 15599 15601 15602 15603 15604 15605 15607 15608 15609 15611 15612 15613 15614 15615 15624 15625 15626 15628 15629 15700 15701 15724 15725 15726 15727 15728 15729 15742 16381 18216 18217 18220 18221 18222 18224 18225 18227 18228 18238 18239 18240 18244 18245 18247 18248 18254 18255 18257 18258 18259 18262 18263 18387 18388 18419 18421 18422 18423 18424 18431 18439 18571 18682 18851 18852 18861 18862 19132 19133 19134 19135 19136 19137 19138 19139 19140 19141 19145 19146 19147 19148 19150 19151 19159 19160 19161 19162 19164 19165 19170 19172 19175 19176 19177 19178 19182 19183 19184 19185 19186 19187 19188 19189 19190 19193 19194 19195 19196 19197 19198 19199 19204 19205 19206 19207 19209 19210 19211 19219 19220 19221 19222 19223 19225 19228 19229 19230 19231 19233 19234 19239 19241 19244 19245 19246 19247 19252 19253 19254 19255 19256 19257 19258 19259 19260 19262 19263 19264 19265 19266 19267 19268 19272 19273 19274 19275 19277 19278 19279 19286 19311 19312 19313 19314 19315 19316 19317 19318 19319 19320 19325 19326 19327 19328 19330 19331 19332 19336 19337 19339 19345 19348 19349 19350 19351 19352 19353 19354 19355 19356 19357 19358 19363 19364 19365 19366 19368 19369 19542 19543 19544 19649 19650 19651 19997 20007 20008 20009 20010 20011 20012 20013 20014 20015 20016 20037 20039 20041 20067 20069 20071 20073 20075 20076 20077 20078 20080 20081 20082 20083 20085 20086 20087 20088 20089 20092 20093 20094 20095 20096 20097 20098 20099 20100 20101 20102 20103 20104 20105 20106 20107 20108 20109 20110 20111 20112 20113 20114 20116 20117 20141 20143 20145 20149 20166 20167 20168 20175 20176 20178 20179 20180 20181 20183 20184 20186 20187 20188 20189 20191 20192 20193 20194 20195 20198 20199 20200 20201 20208 20209 20210 20211 20212 20213 20214 20215 20216 20217 20218 20219 20220 20221 20222 20245 20246 20247 20249 20250 20251 20253 20254 20255 20257 20258 20259 20260 20261 20262 20263 20264 20265 20266 20267 20268 20269 20270 20272 20273 20280 20281 20282 20287 20288 20289 20290 20375 20376 20377 20378 20379 20382 20383 20384 20385 20386 20389 20390 20391 20392 20393 20589 20590 20678 20679 20743 20747 20748 20777 20778 20779 20780 20783 20784 20790 20791 20793 20794 20795 20797 20798 20799 20801 20802 20803 20804 20805 20806 20809 20811 20814 20818 20819 20820 20821 20822 20823 20824 20825 20826 20827 20828 20839 20840 20844 20845 20846 20857 20858 20859 20861 20862 20863 20865 20866 20868 20869 20870 20871 20874 20875 20876 20879 20880 20886 20887 20888 20889 20890 20891 20892 20893 20894 20896 20897 20898 20899 20901 20904 20905 20906 20907 20908 20909 20910 20911 20912 20913 20915 20918 20919 20920 20927 20928 20929 20936 20937 20938 20941 20942 20945 20946 20948 20949 20950 20954 20955 20956 20957 20958 20959 20960 20961 20962 20963 20964 20966 20967 20968 20969 20970 20971 20972 20973 20974 20975 20976 20977 20978 20979 20980 20981 20983 20984 20985 20986 20987 20988 20989 20990 20991 20992 20993 20994 20995 20997 20998 20999 21000 21001 21002 21003 21004 21007 21011 21012 21013 21014 21015 21016 21017 21018 21019 21021 21022 21023 21024 21025 21026 21027 21028 21029 21030 21031 21032 21033 21034 21035 21036 21037 21038 21039 21040 21041 21042 21043 21044 21045 21046 21047 21048 21049 21050 21051 21052 21053 21054 21055 21056 21057 21058 21059 21060 21061 21062 21063 21064 21065 21066 21069 21070 21072 21073 21074 21083 21084 21085 21087 21088 21089 21095 21100 21101 21104 21105 21106 21112 21113 21114 21115 21116 21117 21118 21119 21120 21121 21122 21123 21124 21126 21127 21128 21129 21130 21131 21132 21133 21134 21135 21136 21137 21138 21139 21140 21141 21142 21143 21144 21148 21149 21150 21151 21152 21153 21154 21155 21156 21158 21159 21160 21161 21162 21163 21170 21171 21176 21177 21178 21179 21180 21181 21182 21183 21184 21185 21186 21187 21188 21189 21190 21191 21192 21193 21194 21197 21198 21202 21203 21207 21208 21210 21211 21212 21214 21215 21216 21217 21218 21219 21220 21221 21222 21223 21224 21225 21226 21227 21228 21229 21230 21231 21232 21233 21234 21235 21236 21239 21240 21241 21242 21243 21244 21245 21246 21247 21248 21249 21250 21251 21252 21253 21254 21255 21256 21257 21258 21259 21260 21261 21262 21263 21264 21265 21266 21267 21268 21269 21270 21271 21272 21273 21274 21277 21278 21280 21285 21289 21290 21291 21292 21295 21296 21320 21321 21322 21323 21324 21325 21327 21329 21332 21336 21337 21338 21339 21340 21341 21342 21343 21348 21349 21350 21429 21430 21440 21441 21442 21471 21472 21473 21474 21482 21483 21484 21485 21495 21496 21497 21507 21508 21509 21521 21522 21523 21524 21525 21526 21527 21528 21530 21531 21532 21533 21534 21535 21536 21537 21538 21539 21540 21541 21542 21543 21545 21546 21547 21548 21549 21550 21551 21552 21553 21554 21555 21561 21563 21568 21609 21610 21612 21613 21614 21616 21617 21618 21650 21652 21653 21654 21655 21667 21669 21670 21671 21672 21685 21686 21687 21697 21698 21699 21702 21703 21720 21721 21722 21723 21724 21725 21726 21727 21729 21789 21790 21799 21800 21801 21822 21823 21824 21830 21831 21832 21839 21840 21847 21848 21858 21859 21860 21876 21877 21880 21882 21884 21886 21887 21889 21902 21903 21904 21905 21906 21908 21911 21912 21930 21931 21938 21944 21949 21957 21958 21982 21983 21984 21985 21986 21988 21990 21991 21992 21993 21998 21999 22000 22009 22020 22021 22022 22029 22468 22470 22473 22475 22908 22914 22965 22966 22971 22972 22978 22981 22982 22987 22988 22989 22990 23014 23015 23016 23017 23018 23028 23029 23030 23031 23032 23040 23041 23043 23044 23045 23046 23055 23056 23079 23083 23087 23095 23096 23104 23105 23106 23107 23108 23119 23120 23121 23122 23123 23124 23125 23126 23127 23128 23129 23130 23131 23132 23133 23175 23176 23177 23185 23186 23188 23189 23190 23191 23202 23203 23205 23206 23207 23208 23209 23210 23223 23224 23225 23226 23227 23276 23277 23291 23292 23300 23301 23304 23305 23306 23307 23308 23309 23310 23316 23317 23318 23360 23361 23363 23364 23456 23458 23462 23480 23487 23515 23516 23517 23524 23526 23527 23528 23530 23544 23545 23635 23705 23707 23708 23709 23711 23934 23944 23949 23965 23970 23971 23972 23973 23974 13978 13980 13985 13989 13990 13994 13995 14079 14080 15557 15558 15606 15610 15617 15618 15619 15621 15622 15717 15721 17950 17953 17954 18151 18155 18156 18183 18184 18185 18187 18198 18201 18209 18218 18219 18223 18226 18229 18266 18268 18436 18437 18438 18440 18441 19073 19074 19539 19540 19541 19545 19546 19548 19549 19550 19551 19552 19553 19554 19555 19568 19569 19570 19586 19587 19588 19646 19647 19648 19653 19654 19655 19663 19664 19665 19672 19673 19674 19690 19974 19975 19976 19977 19978 19979 19980 19981 19982 19984 19985 19986 19987 19988 19989 19990 19991 19992 19993 19994 19995 19996 19998 19999 20000 20002 20003 20017 20018 20019 20020 20023 20024 20027 20028 20029 20038 20040 20042 20043 20045 20046 20047 20048 20049 20052 20053 20054 20055 20056 20059 20060 20062 20063 20064 20065 20068 20070 20072 20074 20079 20084 20090 20091 20115 20118 20119 20120 20122 20123 20124 20125 20133 20135 20137 20139 20150 20151 20152 20153 20154 20155 20156 20157 20158 20159 20161 20164 20169 20170 20177 20182 20185 20190 20196 20197 20223 20225 20227 20228 20229 20230 20231 20232 20233 20234 20235 20237 20238 20239 20241 20242 20244 20248 20252 20256 20271 20274 20275 20276 20278 20295 20296 20298 20300 20301 20314 20315 20316 20323 20324 20334 20335 20336 20343 20345 20346 20352 20353 20355 20357 20358 20359 20360 20361 20363 20364 20365 20366 20368 20369 20370 20371 20372 20396 20397 20398 20400 20401 20402 20408 20409 20410 20440 20441 20442 20444 20445 20446 20447 20448 20450 20452 20457 20458 20459 20460 20461 20462 20463 20464 20465 20466 20467 20468 20469 20470 20471 20472 20473 20474 20475 20476 20477 20478 20479 20480 20481 20486 20488 20490 20496 20497 20499 20501 20502 20513 20514 20515 20521 20522 20527 20528 20529 20539 20541 20542 20543 20551 20552 20554 20556 20557 20558 20559 20561 20562 20563 20565 20566 20567 20568 20571 20572 20573 20574 20576 20577 20578 20584 20585 20587 20591 20592 20617 20618 20622 20625 20626 20630 20631 20632 20633 20635 20636 20638 20639 20641 20642 20643 20644 20646 20647 20651 20654 20655 20656 20657 20658 20660 20680 20860 21625 21626 21627 21633 21660 21661 21662 21665 21679 21680 21691 21692 22185 22186 22213 22214 22215 22239 22240 22252 22253 22266 22267 22268 22395 22396 22496 22497 22499 22500 22501 22503 22504 22505 22512 22513 22514 22521 22532 22534 22535 22536 22537 22538 22543 22544 22545 22548 22550 22552 22553 22554 22555 22556 22563 22564 22569 22570 22571 22572 22577 22578 22624 22625 22626 22628 22630 22631 22636 22637 22641 22643 22644 22747 22748 22772 22773 22774 22791 22792 22800 22801 22809 22810 22811 22882 22883 22922 22923 22933 22934 22944 22945 22958 22959 22969 22975 22985 22992 22993 23012 23021 23035 23036 23050 23051 23068 23069 23081 23085 23089 23091 23092 23094 23099 23100 23102 23111 23116 23117 23152 23153 23155 23156 23157 23158 23164 23166 23171 23172 23187 23192 23193 23194 23195 23196 23197 23198 23200 23201 23204 23211 23212 23213 23214 23215 23216 23217 23218 23219 23228 23229 23230 23231 23232 23233 23264 23265 23269 23270 23271 23272 23273 23274 23275 23278 23279 23280 23281 23282 23283 23284 23287 23288 23289 23294 23388 23389 23391 23392 23393 23395 23396 23397 23449 23450 23451 23452 23453 23454 23461 23464 23466 23470 23479 23615 23618 23622 23625 23767 23768 23805 23807 23845 23853 23864 23865 23866 23868 23870 23925 23928 23931 23933 23937 23943 23947 23952 23957 23960 23961 23962 23963 23964 23967 23969 24002 24003 24004 24008 24012 24040 24062 24076 24082 24085 24189 13979 13993 14258 15540 15541 15542 15543 15544 15545 15630 15632 15634 15635 15637 15638 16382 16390 16398 16407 16408 18404 19605 19606 19607 19608 19681 19682 19683 19704 19705 19842 20792 20796 20800 20843 20902 20903 22039 22040 22042 22043 22069 22070 22071 22072 22073 22074 22080 22083 22085 22086 22089 22125 22126 22127 22135 22136 22144 22145 22154 22155 22156 22175 22176 22182 22184 22191 22192 22211 22216 22217 22219 22220 22221 22237 22241 22242 22246 22254 22255 22259 22260 22264 22269 22270 22275 22276 22277 22281 22485 22486 22488 22489 22490 22491 22498 22502 22507 22510 22515 22516 22527 22533 22539 22540 22541 22542 22546 22549 22551 22557 22558 22559 22560 22561 22562 22565 22573 22574 22575 22576 22579 22582 22584 22656 22657 22659 22660 22675 22676 22677 22678 22679 22680 22682 22684 22708 22709 22710 22715 22716 22721 22722 22727 22728 22729 22740 22741 22745 22746 22749 22752 22753 22771 22775 22777 22778 22779 22790 22793 22797 22802 22806 22807 22812 22814 22815 22816 23178 23346 23347 23348 23349 23354 23355 23357 23359 23367 23368 23369 23370 23373 23383 23384 23386 23387 23390 23394 23398 23399 23400 23401 23402 23403 23404 23406 23411 23412 23415 23417 23418 23419 23463 23465 23469 23481 23483 23485 23614 23617 23619 23620 23621 23623 23624 23626 23732 23764 23765 23766 23804 23806 23812 23816 23859 23860 24014 24018 24020 24067 24070 24073 24075 24081 13270 16365 16366 16370 16375 16387 16388 16394 16395 22177 22205 22208 22742 22765 22768 22967 22979 22983 13260 13238 13261 13262 20340 20344 20535 20540 21422 21431 21784 21791 22167 22734 20602 20603 13033 15663 15667 17508 17552 17554 17555 17557 17562 17564 17575 17576 17587 17605 17620 17637 17654 17671 17690 17704 17748 18967 18968 18970 18971 18972 18973 19155 19298 19887 19900 20291 20293 20303 20341 20342 20347 20348 20351 20354 20356 20422 20423 20425 20536 20537 20545 20594 20595 20598 20604 20605 20606 20607 20608 20609 20610 20611 20612 20613 20614 20615 21421 21423 21426 21428 22166 22168 22169 22170 22172 22174 22344 22345 22346 23442 13032 13035 13034 15654 15674 15714 15716 21427 22173 13025 15705 15707 21432 21444 22178 22179 22188 13023 13026 14298 15699 19492 19493 19495 19496 19515 19516 19519 19589 19593 19594 19600 19601 19602 19609 19611 19697 19700 19706 20808 20810 20812 21303 21304 21305 21306 21307 21308 21311 21326 21328 21330 21365 21366 21368 21500 21615 21619 22044 22053 22054 22055 22056 22057 22058 22061 22075 22077 22081 22090 22091 22101 22102 22245 22471 22472 22474 22476 22477 22506 23314 13024 14293 15598 15631 21299 21300 21309 21310 21599 21600 21603 21710 21711 21712 21713 21878 21892 21893 21894 21895 21970 21971 21972 21973 22047 22048 22051 22059 22060 22065 22067 22068 22492 22493 22667 22668 22669 22670 23145 23315 23323 23324 23325 23326 23327 23328 23329 23332 21317 21318 21596 21597 22062 22063 22066 22494 9705 9707 9708 12480 12484 12488 12489 12498 12510 12513 12517 12518 12533 12537 12543 12547 12551 12552 12561 14058 14071 15400 15406 15410 15411 15417 15579 15582 15584 15585 15586 15587 15588 15589 15600 15616 15620 15623 15627 15633 15636 15640 15643 15650 15651 15652 15653 15655 15656 15657 15658 15662 15666 15673 15675 15678 15681 15704 15706 15730 15731 15736 15737 15738 15739 15745 16377 17507 17512 17513 17514 17515 17527 17528 17529 17531 17534 17535 17538 17539 17540 17541 17542 17544 17545 17546 17558 17569 17583 17584 17585 17586 17588 17589 17591 17592 17593 17600 17601 17602 17603 17604 17606 17607 17611 17612 17613 17615 17616 17617 17619 17634 17635 17638 17639 17641 17642 17643 17659 17663 17664 17665 17687 17688 17691 17692 17694 17695 17696 17708 17709 17710 17712 17716 17719 17721 17722 17723 17724 17725 17726 17727 17728 17729 17730 17731 17732 17733 17734 17735 17736 17739 17744 17745 17746 17747 17749 17752 17753 17754 17756 17757 17758 17760 17761 17762 17764 17765 17766 17767 17768 17886 17893 17909 17933 17951 17956 17957 17959 17961 17962 17964 17965 17970 18174 18188 18189 18190 18199 18202 18203 18210 18211 18212 18267 18269 18389 18397 18417 18425 18426 18427 18428 18429 18432 18434 18435 18442 18443 18444 18445 18456 18462 18464 18467 18468 18469 18528 18530 18538 18545 18554 18575 18595 18661 18662 18663 18665 18683 18685 18695 18696 18697 18699 18702 18703 18704 18705 18737 18842 18890 18894 18964 18965 18969 18981 18982 18983 18984 18986 18987 18988 18989 19009 19015 19016 19017 19019 19020 19021 19022 19023 19025 19033 19034 19035 19036 19037 19041 19042 19043 19044 19045 19046 19047 19048 19050 19051 19052 19053 19054 19055 19056 19057 19058 19059 19060 19061 19062 19063 19064 19152 19291 19292 19297 19370 19494 19499 19503 19506 19509 19511 19517 19520 19525 19526 19533 19536 19547 19556 19557 19558 19559 19560 19561 19562 19563 19564 19565 19566 19567 19572 19573 19574 19578 19579 19580 19582 19583 19591 19592 19596 19597 19598 19599 19603 19604 19613 19614 19615 19616 19617 19618 19619 19620 19627 19633 19637 19656 19659 19662 19670 19675 19679 19685 19686 19687 19688 19689 19692 19693 19695 19698 19699 19701 19702 19703 19707 19708 19709 19711 19715 19763 19773 19774 19777 19778 19783 19790 19792 19811 19813 19815 19816 19817 19818 19823 19824 19825 19826 19854 19855 19861 19862 19882 19883 19884 19885 19888 19889 19893 19895 19896 19897 19898 19901 19902 19904 20021 20022 20044 20050 20051 20057 20058 20061 20066 20121 20126 20127 20128 20129 20131 20132 20142 20147 20236 20240 20243 20277 20292 20294 20297 20299 20302 20304 20305 20306 20307 20308 20309 20310 20311 20312 20313 20317 20318 20319 20320 20321 20322 20325 20326 20327 20328 20329 20330 20331 20332 20333 20337 20338 20339 20349 20350 20362 20367 20373 20374 20380 20381 20387 20388 20394 20395 20399 20403 20404 20405 20406 20407 20411 20412 20413 20414 20415 20416 20417 20418 20419 20420 20421 20424 20426 20427 20428 20430 20432 20433 20434 20436 20438 20439 20443 20449 20455 20482 20483 20484 20498 20503 20506 20508 20510 20511 20512 20516 20517 20518 20519 20520 20523 20524 20525 20530 20531 20532 20533 20534 20553 20575 20579 20580 20581 20582 20586 20588 20593 20596 20601 20619 20620 20621 20623 20627 20628 20629 20645 20648 20652 20653 20659 20664 20665 20785 20829 20830 20831 20832 20914 20916 20917 20921 20922 20923 20924 20925 20926 20930 20931 20932 20933 20939 20940 20943 20944 20947 20951 20952 20953 20982 21067 21068 21071 21075 21076 21077 21078 21079 21080 21081 21082 21086 21090 21091 21092 21098 21102 21107 21195 21196 21199 21200 21201 21204 21205 21206 21209 21213 21275 21276 21279 21281 21282 21283 21293 21294 21297 21298 21301 21302 21312 21313 21314 21315 21316 21319 21334 21335 21344 21345 21346 21347 21351 21352 21353 21354 21355 21356 21357 21358 21359 21360 21361 21362 21363 21364 21367 21370 21371 21372 21373 21374 21375 21376 21377 21378 21379 21380 21381 21382 21383 21384 21385 21386 21387 21388 21389 21390 21391 21392 21393 21394 21395 21396 21397 21398 21399 21400 21401 21402 21405 21406 21407 21408 21409 21410 21411 21412 21413 21414 21415 21416 21417 21418 21419 21420 21424 21433 21434 21435 21438 21439 21443 21445 21446 21447 21448 21449 21450 21451 21452 21453 21454 21455 21457 21458 21459 21460 21461 21463 21464 21465 21466 21467 21468 21469 21470 21475 21476 21477 21478 21479 21480 21481 21486 21487 21488 21489 21490 21491 21492 21493 21494 21498 21499 21501 21504 21510 21511 21513 21514 21515 21516 21517 21518 21520 21529 21544 21556 21557 21558 21560 21562 21564 21565 21566 21567 21569 21570 21571 21572 21573 21574 21575 21576 21577 21578 21579 21580 21581 21582 21583 21584 21585 21586 21587 21588 21589 21590 21591 21592 21593 21594 21595 21598 21601 21602 21604 21605 21607 21608 21611 21621 21622 21623 21624 21628 21629 21630 21636 21638 21639 21641 21644 21651 21656 21657 21658 21659 21663 21664 21666 21668 21673 21674 21675 21676 21677 21678 21681 21688 21689 21690 21693 21695 21696 21700 21704 21705 21706 21707 21708 21709 21714 21715 21716 21717 21718 21719 21730 21732 21733 21736 21737 21742 21743 21744 21745 21746 21748 21749 21750 21751 21752 21754 21755 21756 21757 21758 21759 21760 21761 21762 21763 21764 21765 21766 21767 21768 21769 21770 21772 21773 21774 21775 21776 21778 21779 21780 21781 21782 21815 21816 21817 21818 21819 21820 21821 21825 21826 21827 21828 21834 21836 21841 21843 21844 21849 21852 21861 21862 21863 21864 21865 21866 21867 21868 21869 21870 21871 21872 21873 21874 21875 21883 21890 21891 21896 21897 21898 21900 21901 21913 21914 21915 21916 21917 21918 21920 21921 21923 21924 21926 21927 21928 21932 21933 21935 21959 21960 21961 21963 21964 21965 21966 21968 21974 21975 21976 21977 21978 21979 21980 21981 21989 21994 21995 21996 22001 22002 22003 22004 22005 22007 22008 22010 22011 22012 22013 22014 22030 22031 22032 22033 22034 22035 22036 22045 22046 22049 22050 22052 22064 22076 22087 22088 22092 22093 22094 22095 22096 22097 22098 22100 22105 22106 22107 22108 22109 22110 22111 22112 22113 22114 22115 22116 22117 22118 22119 22120 22121 22122 22123 22124 22128 22129 22130 22131 22132 22133 22134 22137 22138 22139 22140 22141 22146 22147 22148 22149 22150 22151 22152 22153 22157 22158 22159 22160 22161 22162 22163 22164 22165 22181 22183 22187 22189 22194 22197 22198 22199 22206 22207 22209 22210 22212 22218 22222 22223 22238 22243 22244 22256 22257 22261 22263 22265 22271 22272 22273 22274 22278 22279 22280 22282 22283 22284 22285 22287 22289 22292 22293 22294 22295 22296 22297 22300 22301 22302 22303 22304 22305 22306 22307 22308 22309 22310 22311 22312 22313 22314 22315 22316 22317 22318 22319 22320 22321 22322 22323 22324 22325 22328 22329 22330 22331 22332 22333 22334 22335 22336 22337 22338 22339 22340 22341 22342 22343 22349 22351 22358 22359 22360 22361 22363 22364 22366 22367 22369 22370 22371 22373 22374 22375 22376 22377 22378 22379 22380 22381 22382 22383 22384 22385 22386 22387 22388 22389 22390 22391 22392 22393 22394 22397 22398 22399 22400 22401 22402 22407 22408 22409 22410 22411 22413 22417 22418 22419 22420 22421 22422 22423 22424 22425 22426 22427 22428 22429 22430 22431 22432 22433 22434 22435 22436 22438 22442 22445 22446 22447 22448 22449 22450 22451 22452 22453 22455 22456 22457 22458 22459 22460 22461 22462 22463 22464 22465 22466 22467 22469 22478 22479 22480 22481 22482 22483 22484 22487 22495 22508 22509 22511 22517 22518 22525 22528 22531 22586 22587 22588 22589 22592 22596 22597 22598 22599 22600 22602 22603 22604 22607 22621 22622 22623 22627 22632 22633 22634 22648 22652 22653 22654 22661 22662 22663 22664 22665 22666 22671 22672 22673 22674 22691 22692 22696 22697 22698 22702 22703 22706 22707 22711 22712 22713 22717 22718 22723 22724 22726 22730 22731 22732 22766 22813 22820 22825 22826 22830 22831 22832 22834 22835 22836 22837 22838 22841 22842 22843 22866 22868 22871 22875 22884 22899 22900 22901 22903 22906 22907 22909 22910 22915 22916 22917 22918 22919 22920 22921 22924 22925 22926 22927 22928 22929 22930 22931 22932 22935 22936 22937 22938 22939 22940 22946 22947 22948 22949 22950 22951 22952 22953 22955 22956 22957 22960 22961 22962 22963 22964 22980 22984 22986 22991 22994 22995 23019 23033 23042 23047 23048 23049 23052 23053 23054 23057 23058 23059 23060 23061 23062 23063 23064 23065 23066 23067 23070 23071 23072 23073 23074 23077 23078 23086 23088 23090 23093 23097 23109 23134 23135 23136 23137 23138 23139 23140 23141 23142 23143 23144 23154 23159 23160 23169 23320 23330 23331 23333 23334 23335 23337 23338 23339 23340 23341 23342 23343 23344 23345 23362 23371 23372 23377 23378 23379 23380 23381 23382 23455 23457 23459 23460 23467 23468 23471 23472 23473 23474 23475 23476 23482 23486 23503 23509 23521 23522 23523 23529 23547 23632 23634 23636 23640 23702 23703 23704 23710 23716 23721 23726 23786 23818 23878 23879 23880 23891 23892 23924 23926 23929 23932 23935 23936 23953 23954 23955 23958 23975 23977 23978 24056 24068 24111 24112 9694 9697 9698 9699 9700 9701 9702 9703 9706 9709 9710 9711 9712 9713 9714 9715 9725 9726 9727 9728 9729 9730 14056 14073 18845 20661 20666 20668 23484 23893 23895 23897 24021 24025 9695 9696 9704 9716 11764 11765 11768 11769 11771 12485 12490 12491 12514 12525 12526 12548 12553 12554 14057 17900 17941 17946 18230 9717 9718 9721 9722 9723 9724 11770 12499 12503 12534 12562 14060 14061 14067 14068 18160 18164 19691 22821 22872 22873 22885 23290 23540 23717 23724 23813 23817 9719 9720 12486 12487 12492 12493 12494 12495 12496 12502 12504 12505 12515 12516 12519 12520 12521 12523 12527 12528 12529 12530 12531 12532 12549 12550 12555 12556 12557 12558 12559 17892 17894 17906 17907 17908 17938 18157 18241 18249 18412 18460 18476 18483 18534 18536 18540 18542 18675 18805 19585 21941 22650 22822 22869 22876 22877 22878 22879 22888 22891 22892 22894 23098 23637 23639 23641 23653 23655 23657 23661 23663 24022 24023 24024 12497 12522 12560 14062 17895 17966 18242 18250 18409 18413 18414 18446 18449 18457 18477 18478 18484 18489 18498 18513 18514 18529 18531 18532 18543 18548 18550 18552 18559 18561 18563 18565 4128 12478 12479 12481 12482 12483 12500 12501 12506 12509 12511 12512 12524 12536 12541 12542 12544 12546 12563 12564 14063 14065 16194 16201 16203 16204 16205 16212 17934 17963 17967 17968 17969 17971 18152 18169 18204 18233 18251 18265 18270 18271 18391 18393 18395 18399 18401 18408 18410 18411 18418 18433 18447 18448 18450 18451 18471 18473 18480 18482 18486 18488 18506 18507 18509 18520 18521 18522 18523 18524 18525 18555 18556 18557 18558 18560 18562 18564 18567 18568 18572 18577 18579 18581 18583 19441 19450 19451 19452 19873 19874 19875 19949 19950 19951 20634 20637 20640 20649 21934 21936 21953 22016 23261 23293 23512 23513 23541 23542 23543 23638 23660 23662 23811 23815 23966 24059 24060 24061 24063 4126 13518 13512 17939 17955 12535 12539 13516 17896 17936 18181 18214 22635 22651 10907 10908 10909 10910 10912 10913 12507 12508 12538 12540 12545 16193 16196 16202 16210 16211 16214 16215 16220 16223 17837 17887 17888 17889 17890 17891 17897 17901 17903 17911 17912 17913 17914 17915 17916 17917 18168 18170 18171 18172 18175 18176 18177 19571 19694 20662 20663 24013 24028 10880 10881 10882 10883 10905 10906 10911 10917 10922 16192 16195 16197 16199 16200 16206 16740 17825 17826 17828 17829 17830 17832 17898 17899 17902 17904 17920 17921 17937 17942 17947 17948 17949 18149 19109 19111 19414 24032 24033 24035 24037 24041 10884 10886 10888 10889 10890 10891 10892 10899 10901 10903 11034 11035 13787 13789 13791 13792 13793 13794 13803 13805 13812 13814 16198 16208 16209 16217 16218 16227 16739 16741 16744 16745 16746 16749 17831 17834 17840 17848 17849 17850 17852 17859 17927 18941 10885 10887 10893 10895 10897 11040 11048 11049 13817 13818 13819 13820 13821 13822 14046 14047 14048 14050 14051 16224 16225 16226 16742 17838 17932 10894 10920 11041 11045 11046 11051 11052 13776 17493 10896 10898 10900 10902 11036 11044 11047 13780 17496 10921 17487 17495 17841 10923 19728 18234 19726 23558 15928 16397 17810 17847 17856 17857 17860 17865 17905 18179 18191 18193 18194 18195 18196 18231 18232 18235 18236 18237 18256 18273 18274 18276 19416 19417 19419 19444 19447 19457 19666 20136 20682 20683 21929 22870 22996 23506 23535 23559 23560 23984 6149 9144 9145 10016 10638 10664 10695 11272 12903 14041 14042 14044 15071 15072 15435 15927 16747 16748 16763 16764 17807 17809 17811 17812 17813 17814 17846 17851 17858 17861 17862 17919 17925 17926 17930 18197 18275 18940 18943 18944 18945 9151 18192 13788 15398 15408 15415 18150 18165 18173 18200 18206 18246 18252 23982 24029 24036 24038 24042 11042 13790 13799 13800 13801 13802 13804 13806 13808 13809 13810 13811 13813 13815 15409 17842 11037 11043 13777 13778 16207 16750 11038 11039 13796 13797 11053 13775 13770 13782 14358 11987 13768 13769 14354 17494 11981 11985 11050 11978 13772 13779 13781 3218 13773 13774 14357 14368 9827 12197 15405 9822 9823 9824 9826 9828 16007 9821 9825 16003 16536 9754 11759 9752 9755 9753 9760 9769 15005 15997 15016 19962 19965 19966 10972 14558 15006 15007 15009 15010 15017 15018 15019 15794 17143 17390 10973 10974 8168 15990 17149 17391 4267 7452 7454 7455 7459 8155 8157 8158 8161 8164 8167 8169 8170 8171 8173 8174 8177 8179 8180 8182 9811 9812 10977 10981 10983 10984 11738 11757 12207 12683 12693 12695 13195 13197 13201 13203 13206 13207 13208 13209 13211 13612 14111 14112 14145 14146 14147 14148 14149 14150 14163 14164 14167 14168 14369 14371 4264 4266 4263 8159 8163 8175 9814 11469 11730 11734 12200 12223 12253 12257 12687 13302 13304 13306 13307 14109 14110 14113 14114 14115 14117 14123 14294 8165 9813 9815 9818 9819 10978 11737 11749 12243 12252 12255 12256 12258 12259 12260 12261 12262 12681 12685 12686 12689 14129 14165 14373 7453 8144 8156 8160 8162 8166 8172 8176 8178 8181 9816 10976 11481 11482 11486 11736 11744 11745 11746 11747 11756 12245 12246 12248 12249 12669 12672 14116 14118 14151 14153 14154 14155 16928 7457 7461 9817 10975 12701 11748 12680 12697 8630 8631 9861 9868 11470 11473 11474 11735 11739 11741 11743 11753 11754 11755 11758 12664 12665 12667 12668 12671 12676 12679 12688 12694 13305 13308 13602 13604 13610 13611 14124 14126 14130 14160 14161 14162 14166 8624 8625 8626 8627 8628 8629 8632 8633 8634 8635 8636 8637 8638 8639 8640 8641 8642 8643 8644 8645 8646 8647 8648 8649 8650 8651 8652 8653 8654 9849 9850 9851 9852 9854 9855 9856 9857 9858 9859 9860 9862 9863 9864 9865 9866 9867 9870 9871 9872 9876 9877 9878 9879 9880 9881 9884 9885 9886 9887 9888 11476 11487 11742 11752 13196 13202 13205 13213 13214 13303 13311 13603 13605 13606 13607 13609 13615 13621 13622 13626 14120 14137 14295 14374 16528 6734 9853 9873 9874 9883 12198 12199 12201 12202 12203 12204 12205 12208 12209 12210 12213 12214 12219 13298 6733 6735 6738 6739 6743 6747 6750 6737 6742 6740 6745 12212 12206 11731 11733 12215 12216 13210 13624 9882 11471 11472 11732 11740 13198 13200 13204 13212 13215 13217 13310 14119 14299 14300 9869 11751 13301 4250 8560 9875 11475 11478 11479 11483 12222 13199 14121 14127 14297 14301 14302 14377 14378 14379 19103 4245 4248 4249 11488 17114 17125 11495 14633 16371 16373 17112 17113 17115 17116 17124 18390 18430 19845 19859 19905 19921 19923 19924 19925 19937 20494 20495 20500 20564 21734 21739 21740 21829 21833 21937 21939 22688 22689 22817 22874 8562 11484 11489 11491 11494 11496 15549 15672 16930 18494 19104 19438 19753 19782 19919 21806 21940 22685 22690 22693 22733 22754 22755 22756 22761 22762 22763 22769 22776 22794 22795 22796 22803 22804 23322 23990 24000 24001 24017 24077 24083 24086 8557 8558 8561 8572 8580 11485 13216 13608 14122 16931 8559 13617 14376 14134 14159 7783 12666 12684 13623 14105 14106 14108 14125 14128 14132 14133 14135 14136 14138 14139 14140 14141 14142 14143 14144 14158 14750 16103 7782 7784 7785 13625 13627 16527 14375 16529 16530 14380 12244 14372 14381 14382 14383 14384 19105 10982 12254 12264 12675 12677 12678 12690 12691 12705 13620 14156 14157 14280 10970 12699 14152 16929 9820 10968 10980 13614 13619 14751 14753 14754 16932 13618 14771 13613 13616 14279 19421 16104 18937 18934 18938 14169 18950 23728 17152 23729 15639 15665 15677 15708 15715 15720 15722 15723 15743 15751 15753 15775 15779 16359 17146 17151 17153 17154 17156 17162 17163 17165 17166 17169 17170 17171 17172 17175 17176 17674 19623 19657 19677 19678 19725 19879 19894 22099 22204 23023 23037 7352 15546 15547 15548 15550 15551 15552 15553 15559 15560 15561 15562 15565 15567 15569 15573 15576 15577 15578 15580 15581 15583 15641 15642 15644 15645 15646 15647 15649 15659 15661 15664 15668 15669 15671 15676 15679 15680 15682 15683 15685 15687 15692 15693 15694 15695 15698 15709 15711 15713 15718 15719 15732 15733 15735 15744 15746 15747 15748 15749 15750 15752 15754 15755 15756 15757 15758 15759 15761 15762 15763 15764 15765 15766 15767 15771 15772 15773 15774 15776 15777 15778 15780 15781 15782 15783 15784 15785 15786 15787 15788 15792 17505 17516 17518 17520 17521 17547 17553 17556 17563 17570 17571 17573 17577 17578 17621 17622 17623 17624 17625 17626 17631 17632 17633 17636 17640 17652 17653 17660 17661 17667 17668 17670 17672 17673 17675 17676 17713 18490 18491 18492 18518 18584 18706 18712 18977 18991 18992 18993 18997 18998 18999 19000 19001 19002 19003 19289 19294 19295 19443 19482 19483 19485 19486 19487 19497 19498 19500 19501 19502 19621 19622 19624 19625 19628 19629 19630 19631 19635 19723 19730 19749 19751 19752 19756 19757 19762 19767 19781 19784 19785 19791 19841 19843 19848 19856 19857 19860 19863 19864 19865 19886 19890 19892 19899 19903 19906 19909 19910 19913 19914 19915 19916 19917 19922 19930 19932 19936 19940 19957 19971 19973 20429 20435 20492 20493 20546 20549 20550 20833 20835 21369 21425 21456 21462 21519 21559 21640 21642 21735 21741 21807 21809 21814 22171 22180 22190 22193 22195 22196 22200 22201 22202 22203 22249 22262 22286 22288 22290 22291 22298 22299 22347 22348 22353 22354 22365 22368 22372 22412 22414 22415 22439 22440 22441 22566 22605 22606 22608 22609 22629 22686 22687 22736 22737 22738 22757 22758 22759 22764 22818 22862 22970 22973 23013 23020 23034 23775 23779 23852 23999 7346 7347 7353 7354 7345 15566 15575 15691 15554 15563 15564 15574 15688 15689 15697 15734 15760 15768 15769 15770 17548 17549 17580 17581 17627 17628 18743 18750 18765 19154 19180 19750 19761 19764 19772 19806 19846 19847 19931 19972 19983 20538 20544 20547 20548 20719 20836 20837 20841 20842 20849 20850 20852 20855 20856 20885 21786 21787 21788 21794 22356 22827 22848 22849 22852 22853 22854 22856 22857 22863 22864 22896 23082 23627 23628 23629 23630 23631 23760 23761 23762 23763 23771 23772 23773 23774 23776 23782 23783 23851 23863 15791 19933 19934 19935 22850 15790 15795 17358 17382 17385 17386 19918 17378 14275 16362 17142 17354 17377 17379 19866 19867 19911 19912 19928 19929 19941 19942 19946 19947 22714 22719 22725 24066 24069 24071 24072 24074 11772 12670 14276 14277 14278 14749 14752 17144 17145 17351 19876 23981 4744 7968 11773 11780 14281 17147 23701 14274 14385 14765 18092 19422 23827 23987 14272 12682 12692 13592 14131 16769 19100 19106 12696 12698 14370 15998 15991 15994 15992 15996 16000 15986 15987 15988 15989 13237 16358 13239 13247 13277 15014 13245 13246 13256 13271 13272 13273 16369 14769 16405 14755 14763 14764 14767 15022 24197 14756 14757 14759 14761 16378 16380 16754 24218 23980 16756 23700 23927 23930 23985 23989 16743 16755 16758 16762 14040 14043 16213 16216 17839 19412 19413 14045 14052 16222 16751 17833 17869 17931 18178 18272 24030 8534 14053 17870 18277 19395 20684 8533 8528 16413 16770 23976 23991 24192 16414 20681 20900 21962 22902 23862 24065 16389 16401 16406 16415 21969 16391 21798 21802 21804 21805 21838 21943 16392 16399 16403 20847 20965 16400 22976 22977 16379 19468 20030 23025 23039 17360 17510 17536 17701 17703 18526 18544 18574 18779 18780 18978 19038 19445 19446 19448 19449 19453 19454 19455 19456 19458 19459 19460 19461 19462 19463 19464 19465 19466 19467 19469 19470 19471 19472 19473 19474 19475 19476 19477 19478 19479 19480 19481 19488 19489 19490 19576 19577 19584 19626 19652 19658 19660 19661 19668 19669 19671 19680 19684 19710 20431 20560 22881 22974 23038 23101 23103 23110 23118 23504 23505 23507 23537 23538 23945 23946 23950 17353 17361 17352 19878 19877 23769 23770 14568 17362 14552 14567 14569 14573 16858 11493 12263 16830 18091 14107 18093 18094 15023 18095 18096 15013 15015 15008 19424 19423 19425 23996 12449 14641 16766 24027 24256 24278 12458 12451 12452 12453 12466 12471 18810 18811 7689 19113 6675 7690 7692 7691 7699 7700 18873 18874 18402 18754 18756 18768 18784 18795 18800 18815 18839 18843 18844 18846 18849 18850 18857 18860 18863 18864 18865 18871 18877 18878 18879 18884 18885 18886 18901 20695 20728 20730 15096 15690 15741 17646 18420 18499 18500 18501 18502 18546 18553 18573 18580 18766 18785 18792 18798 18799 18801 18806 18808 18809 18816 18840 18872 18887 18897 18902 22017 23520 15087 15098 15099 11621 14781 15088 23510 23511 14780 14782 14789 19851 19871 19959 14793 14794 14788 14786 23600 8031 8033 8034 19484 19872 19926 19948 19952 19956 19960 20130 20171 20526 20624 20686 20687 20733 21919 21922 22006 22833 22839 22941 22954 23518 23519 23531 23546 23646 23648 23787 23956 23959 24054 24055 24057 24058 8032 8035 8036 18594 20138 20140 20996 21008 21020 23080 23084 8029 8037 17506 17566 17574 17590 17609 17656 17714 8028 19504 19505 14075 17503 17504 17511 17519 17523 17524 17526 17700 17702 18493 18519 18527 18585 18590 18725 18726 18961 18962 18963 18966 18979 18980 18994 19010 19011 19013 19014 19024 19040 19507 19508 19510 19512 19513 19514 19518 19521 19522 19523 19524 19527 19528 19529 19530 19531 19532 19534 19535 19537 19538 19632 19634 19636 19638 19639 19640 19642 19643 19712 19713 19714 19754 19758 19759 19769 19776 19780 19788 19793 19796 19798 19799 19801 19802 19803 19807 19809 22350 22352 22355 22362 22416 22437 22444 22454 22617 22619 22642 22645 22647 22649 22861 23440 23652 23725 23727 23898 23899 23900 23901 23902 23903 14059 14064 14066 14069 14070 14072 14074 14076 14077 14078 14081 14082 14090 17550 17551 17559 17560 17561 17572 17579 17596 17630 17647 17679 17681 17682 17683 17685 17693 17698 17718 17720 18762 19296 20504 20505 20509 20555 20569 20848 22699 18208 19696 23644 23722 23723 23784 17922 17923 17929 18182 18207 18215 18253 18264 21899 21910 21997 22590 22591 22616 22844 22845 22846 23642 23643 23645 23647 23649 23650 23664 23665 17928 22593 22612 22895 22897 23658 23659 18587 18692 18707 18728 18778 18841 18888 18889 19641 19718 19770 19953 19958 20489 20786 21436 21437 21606 21643 21645 21646 21647 21648 21649 21682 21796 21797 21808 21810 21835 21855 21856 21857 21909 21955 22019 22025 22026 22357 22443 22580 22583 22601 22610 22611 22613 22614 22615 22618 22620 22638 22646 22655 22770 22819 22824 22851 22855 22858 22880 22898 23548 23549 23666 23777 23778 23780 23781 18406 18415 18496 18497 18586 18588 18591 18592 19779 19800 19805 19810 19821 19827 19828 19830 21942 18407 18416 18495 18727 19771 19775 19786 19787 19794 19812 19819 20781 20816 17680 17717 18503 18589 19789 19795 19814 19820 17525 17532 17684 17686 17689 17697 17699 17715 17740 17741 18666 18732 19797 19804 22767 17164 17530 17533 17537 19012 19026 19027 19028 19029 19039 17150 17155 17160 17167 17157 17161 17168 17174 19733 15011 15020 19970 19954 19955 23443 23441 22700 19290 19927 20507 21753 21783 21812 22529 22701 22704 22705 22735 22750 22828 22829 22886 15660 15670 15710 17565 18741 18761 19179 19181 19293 19300 19371 19372 19373 21785 15696 15648 19301 15793 19967 20713 20714 19963 19491 19766 19964 20693 20694 20697 20698 21954 22023 23532 19644 19645 19720 19721 22018 22024 23785 7350 18659 18681 18688 18691 19716 19717 20817 23336 23365 23366 23374 23375 23376 7348 7349 7355 18660 18668 18669 18693 18694 18698 18709 18713 20782 21701 18670 18671 18680 18721 18735 18751 20788 20789 21731 22823 18664 18701 18745 18746 18748 18749 18757 18775 18777 18793 18891 21792 22743 17707 17737 18722 18731 18773 18774 18847 18892 17567 17568 17610 17657 17705 17706 17711 17750 17751 17755 17759 17763 18733 18734 18742 18763 15712 15789 17594 17608 17614 17618 17629 17645 17648 17655 17658 17662 17666 17677 18710 18764 18767 18898 19375 19760 15740 18708 18711 18752 18755 18758 18759 18760 18769 18791 18848 18855 18868 18893 18899 18920 21803 22751 22859 18753 18566 18736 18838 21793 21795 21956 22028 22744 18593 18794 21854 22808 18740 15846 17738 18723 18724 18729 18730 18738 18739 18895 18896 18917 19822 19829 15844 15845 19768 19755 19765 20729 16396 16367 17644 19731 17669 19732 19380 20710 20721 20731 18867 19376 19381 19384 19391 20709 18790 18807 18821 18854 18856 18859 18869 18870 18900 18911 21837 18783 18814 18906 18913 18916 18918 18919 21853 21888 21946 21947 21952 22893 23886 7208 18903 18907 7200 7203 7207 7209 7212 7199 14261 14262 14263 14248 14249 14250 14253 14251 14255 14264 14265 14256 14247 14254 14270 16759 14246 14260 24031 14269 14267 24046 14268 14266 14252 16627 16767 19108 19112 20032 21950 23889 24044 24045 24047 16613 16622 16610 16609 16611 16620 16621 16623 14560 16410 16619 16624 16409 16412 15024 16411 16618 24220 14673 16608 13529 14662 14671 14675 14676 13527 13528 13534 13526 13532 13531 13547 14651 13533 13538 13553 13539 13555 24162 14902 10151 10159 14901 14907 14922 14925 14935 14936 14937 14940 14944 15974 14939 14919 14928 14929 18048 7866 14904 14920 15456 7867 7863 14906 17230 17247 12744 13554 14908 14913 14914 14916 18617 12738 12740 12746 12754 12737 12739 12751 12750 18929 16670 18930 18931 16666 16669 16672 23871 12069 16665 16667 17069 17073 14084 17074 14083 14086 16345 16564 17802 14634 14630 14637 14640 17072 13549 14631 14632 13548 13551 13550 14643 14644 14677 14668 18261 14669 14658 14667 14636 14635 14664 16101 24255 14665 17121 17118 17126 17119 18057 17120 18059 16105 14670 18260 14577 18097 14259 14585 15129 18153 14244 13759 13760 13751 13766 14353 13756 14351 8784 13757 8786 8785 8794 14352 16439 12469 14588 16451 20727 20692 20690 20696 13767 12170 13725 12091 12169 12171 12176 12177 12187 16096 12092 12168 12185 9190 12178 12179 16503 12195 12194 12188 16506 16520 16504 16505 16719 16718 16730 8752 12635 8751 8755 8753 12634 16850 13728 12604 18146 18154 18158 12601 12605 12598 17935 18147 18148 18166 18186 18205 18167 18243 10924 20031 20734 20735 20736 20746 17651 18511 18512 20026 20033 20034 20035 20036 20144 17597 17598 17599 17649 17650 17743 20025 20851 20854 23735 17582 17742 20853 23733 23734 17595 20834 21811 18905 18904 18908 18912 18914 18915 18910 23313 21967 22905 23311 23312 23814 23819 15402 16219 20650 20669 21738 21881 22860 22867 22904 15399 15401 15403 15418 16221 20667 15416 21945 8748 20570 21842 21850 22887 23888 24114 8750 20134 20146 20226 20437 20485 20487 20491 20583 20600 20673 20674 21157 21694 22581 22865 23234 18996 20148 20224 21103 21125 21145 22547 22968 23161 23174 23199 23220 19004 18995 20616 20597 20599 20676 24115 22530 24113 23173 17462 17463 17464 17465 17475 17466 17479 13986 10150 18990 19049 20672 10146 10158 10147 10156 18985 24130 10161 16974 17517 16975 17543 19018 20670 20675 23424 20671 13028 15407 15413 15414 20787 22739 22847 23539 21813 22760 19374 21747 22027 23885 23887 23789 23881 23882 23883 23884 23890 23894 23896 23651 21777 21925 24109 23820 20838 8578 8571 8577 8570 23731 12589 12584 12586 20732 13530 17990 17991 17078 17079 16351 23872 23683 18932 14934 17108 15972 15940 13556 18619 15962 15967 16918 10394 10369 10374 5837 7857 9783 10370 5836 10843 10842 13559 18036 10844 13557 10846 8859 8851 8858 8860 8852 12239 13558 13560 23685 18037 23686 11725 11723 11720 19432 14927 19431 19433 17188 17181 17187 17179 15936 17178 17192 18949 15935 18948 13686 17191 7864 17193 17195 7868 7856 7862 7852 7855 7860 7859 7861 14947 14946 14654 14652 14653 14649 14650 18958 18079 18080 16615 16768 16760 7202 7204 7211 7213 13288 13300 12457 12463 12467 6746 6753 12221 13299 6748 6754 6744 6752 6749 12220 12218 13297 19107 19382 19393 19101 13590 13591 13582 17173 13583 19387 14561 19808 14296 16831 16816 16832 17388 19719 23998 16880 16879 20688 20715 19066 19938 17392 17383 13218 13219 13220 10927 10925 10928 10926 23667 23668 24195 24163 24196 19729 19727 23321 7681 7682 7685 7686 8690 14760 14768 14341 11635 24026 11648 14570 14563 14571 14572 16752 18947 17815 17910 18180 17827 18114 19399 23428 23430 13798 23429 15528 10431 14055 8252 11792 16538 8253 16537 17853 17854 17866 17855 17867 17868 18946 16363 17148 16364 17158 19099 11120 12038 15105 23602 12035 12037 16360 17356 4710 18352 14290 17185 14292 8146 8147 8149 8143 8150 11477 6165 11480 17117 12582 12237 14289 5785 5788 4715 5233 11761 11760 15404 15396 15397 14054 12181 10904 23986 3521 4675 10017 10018 10019 10020 10021 10022 10024 10025 10026 10027 10028 10030 10031 10622 10623 10624 10625 10626 10630 10632 10639 10640 10641 10645 10646 10649 10650 10652 10654 10665 10666 10667 10671 10672 10675 10676 10678 10680 10696 10697 10698 10702 10703 10706 10707 10709 10711 11273 11274 11275 11279 11280 11283 11284 11286 11288 11391 11929 11930 11931 11932 11933 11938 11940 12904 12905 12906 12911 12912 12915 12916 12918 12920 14989 14990 14991 14992 14993 14996 14997 14998 15331 15333 17013 17014 17018 17808 17015 4677 11392 10023 10029 10032 10633 10648 10651 10655 10674 10677 10681 10705 10708 10712 11282 11285 11289 11941 12914 12917 12921 14987 14994 15334 15335 15336 7375 7378 9486 10033 10631 10634 10647 10657 10673 10683 10704 10714 11281 11291 11939 11942 12913 12923 15332 15338 7374 7377 7379 9483 10653 10656 10679 10682 10710 10713 11287 11290 12919 12922 4506 10658 15337 10659 10684 10715 11292 12924 10685 10716 11293 12929 12928 12926 12927 12925 7376 9484 9485 9487 9488 9489 9490 10628 10644 10670 10701 11278 11936 12910 15897 6232 14738 14995 5396 6234 5343 5394 5395 4215 5339 5342 4214 14742 17303 17344 15424 15436 15437 15425 15426 15444 10919 15440 10916 10914 8502 6321 17492 6322 6293 9659 9660 16374 23730 16428 16274 11067 17128 14557 8106 8105 8108 9208 9210 18081 6712 10349 8788 10347 10348 8787 8789 8790 8792 8791 10345 10344 8795 11118 11117 15132 12163 14238 9339 9346 8278 8814 12031 11643 11649 11647 13332 13350 18085 11775 11665 11660 11666 9244 11653 11657 11658 11661 11682 7300 7301 7304 9240 9241 9242 9243 9245 9246 9248 10275 11099 11102 11103 11654 11656 11669 11672 11673 11674 11676 7302 7303 7305 7307 7308 10269 10272 11650 11651 11652 11670 11671 11675 7306 9247 11655 10277 10271 10276 10283 10270 10274 10281 4900 4902 10273 10278 10280 10282 10284 10286 10287 10289 12656 12761 13677 13680 4898 4899 4901 4906 4907 4897 4905 4904 12760 13681 12659 13683 10288 11726 12660 10279 10285 11101 12655 13674 11096 11719 11718 11721 11724 11727 9249 9253 6224 6225 6227 7853 11679 11683 6705 9180 12183 11600 12468 7777 7780 14917 18351 16431 17796 17790 17792 12410 12411 12412 12144 12145 17088 15243 15245 15246 15247 15964 15797 15798 15799 17093 3194 8844 10327 3190 4797 8842 8846 4793 4795 4791 8841 10181 10174 10173 8845 8857 8318 8317 8313 5310 8320 9090 9091 15965 18044 15968 8849 12234 12240 12224 13562 7850 8833 
13: 2958 2960 13104 2959 13105 13127 7041 12829 13111 13114 13115 13119 13122 13123 13125 13126 16160 16161 7040 7046 7039 7045 7991 15297 16157 17338 7043 7990 12827 15292 17770 17771 17772 7044 10791 10794 10795 12833 15290 7047 11019 11029 11021 11031 10798 11020 10796 10800 10809 10797 10802 10803 10807 12835 13124 16158 10790 10801 10804 11413 13116 8979 10581 10788 10789 11198 11406 12861 13919 13923 13932 13934 8955 8965 8973 8978 8982 8984 8953 8956 10538 10557 11174 12826 12848 16032 8954 8959 10535 10555 11172 12824 12846 13917 16029 18078 8960 8967 10536 10556 11173 12847 13918 15463 16030 8962 8974 10561 11178 11417 11418 11419 8961 8972 8976 10563 11180 11443 11444 11445 11446 8969 8975 10562 11179 11426 11427 11428 11429 11430 8968 10570 11187 12855 13927 14447 15301 8964 8970 8983 10569 11186 12854 13926 14446 15300 8966 10565 11182 12850 13922 15291 8980 10567 11184 12852 13924 15296 7169 8981 8985 10582 11199 12862 13931 15293 7168 7170 7171 7172 7174 7182 7173 7181 12867 7175 7176 7177 7186 7178 7188 3512 7179 7191 11200 3513 7192 7185 7190 12735 7183 7184 15294 15306 11201 11207 10583 11202 11203 12863 10584 10588 10558 10568 10576 10589 10590 12864 15295 10539 11175 12849 13920 16033 11193 11209 11192 11195 11414 11415 10575 11177 11194 11405 11407 11408 10560 10577 10566 11409 11410 11411 11412 11183 12851 11185 11190 11191 12853 13925 10573 11188 11208 12858 13930 14449 15315 15316 10571 10587 12856 13928 14448 15309 10585 11206 13935 14453 15303 10580 10586 11204 12865 13933 14451 15298 11197 12860 15289 7887 12734 13487 15299 11205 11425 12837 12866 14452 14455 15308 16035 11421 11422 11423 11424 11432 11435 11416 11431 11447 12839 11420 12828 12832 11711 12831 4061 7993 10574 10814 11708 11710 13100 13101 15464 15467 15469 15470 15462 5489 13110 13112 13113 13121 11028 13120 13118 13102 10808 12830 16034 12825 10578 11433 11434 13936 12869 8987 12868 8986 14454 15307 15304 15310 17339 16165 7189 7187 17337 17769 10792 11023 13117 11024 11030 10806 10812 10811 10817 16155 12836 11013 
14: 3073 11012 11009 
15: 3112 3113 3591 3592 
16: 3319 3320 4324 4941 4961 5896 6886 6894 8322 14031 14032 14033 3389 3892 4318 4325 4326 4459 4942 4948 4949 4962 4963 5897 6188 6189 6190 6191 6887 6895 8323 8324 13976 13977 14028 14029 14030 4319 4317 4955 4954 5898 7988 4455 6890 6898 7989 3802 3897 3896 
17: 3601 11336 11353 12307 12308 4270 8208 8216 8218 8219 8220 8222 8227 9028 9029 9030 9031 9032 9033 9034 9044 9045 11326 11328 11329 11330 11331 11332 11333 11334 11335 11337 11338 11339 11340 11341 11342 11343 11346 11348 11349 11350 11351 11352 11355 11356 11357 11362 11366 12005 12006 12008 12011 12266 12268 12269 12270 12309 12310 12956 12981 15811 4269 4273 4272 5774 5777 5779 12271 5775 5776 5780 12284 5782 12283 5781 15819 15807 8204 8205 8207 8215 8217 8223 8232 8294 9046 12267 12273 12282 12936 12950 12954 12976 15808 15809 15810 15812 15813 15820 15821 15823 15825 15828 15831 15833 8206 8210 8211 8224 8231 11363 12265 12272 8226 8291 8293 11327 11361 12274 12285 15830 15832 15834 15837 16190 8225 8230 8292 8295 8296 12276 12286 12937 12951 15822 8209 8229 12009 12010 12012 11345 12007 11344 11347 11354 11359 11360 12977 12277 12280 12281 9047 9049 12275 12278 12974 12979 12980 13519 8221 9041 9048 9050 12287 12982 9040 12975 12978 12955 12279 12958 8228 12957 12984 12983 15829 12941 9039 12942 11364 13521 9035 8289 12940 15824 15826 14015 14001 14014 14000 12311 12312 12313 12314 8214 15827 8212 8213 12306 12305 5778 8233 12016 
18: 3621 
19: 3699 6759 
20: 3700 3701 3702 3703 
21: 3740 3742 13847 14602 14616 17026 13849 14603 14617 17027 6853 6854 6856 6864 8864 9890 10416 11823 12771 13851 13853 14604 14605 14606 14607 14608 14609 14614 14615 14623 6852 6857 6858 6859 6860 6861 9889 9897 10415 10421 10436 14612 14613 14620 14621 17394 6862 9896 10420 10435 14618 14619 17393 8862 13377 14622 13361 14625 17028 13363 13365 17029 16133 16134 16135 16788 16791 12774 17399 10093 17398 17401 17402 6866 9681 9893 9900 9901 10088 10089 10092 10095 10098 10099 10114 10115 10116 10424 13065 6865 6867 9899 10423 16235 18101 9892 9894 9902 10418 18100 18102 6340 9895 10419 13064 16232 17396 16233 17397 18125 16236 18287 12294 13067 10112 12295 9675 10091 9673 9674 9676 9677 9684 10087 10117 10083 10084 12292 10086 12289 12293 12296 9691 9692 9682 9683 15530 13066 10094 14626 10441 10442 12769 14600 14601 16136 
22: 4118 4119 4695 8808 4696 9064 5797 
23: 4275 4276 4808 4809 4810 4806 11522 11523 11524 11525 11526 11529 11530 11540 11542 11544 11547 11550 11552 12882 13669 13670 4807 11520 11534 11535 11536 11537 11539 12881 12880 14701 14702 14703 14704 11513 14698 14699 14700 11510 11511 11512 11514 11503 11515 11531 11504 11505 11506 11509 14185 11516 14187 11517 11518 11521 14192 14194 14705 14706 14687 11565 14682 14683 14684 14685 14686 14688 14689 14690 14691 14692 14693 14726 11533 11554 11556 11558 11560 11564 11532 14680 14678 14679 14681 11553 11541 11555 11557 11559 11561 11562 11563 11543 11545 11546 11548 11549 11551 11527 11528 14727 14722 14719 14720 14721 14723 14724 14725 14694 14695 14696 13671 11566 12884 13666 13668 
24: 4415 4416 7161 7164 7159 6008 6017 7160 7162 14170 6016 7163 14171 7525 8365 14841 14896 
25: 4514 9284 9288 9289 9290 
26: 4561 4562 7001 7010 7326 7002 7011 7327 
27: 4705 4707 8019 11136 11141 11137 
28: 4783 4784 4785 
29: 5024 
30: 7246 
31: 7283 7284 7285 7286 7287 7294 7295 
32: 8371 14844 14891 
33: 8958 10559 11176 11400 11401 11402 11403 
34: 10248 10253 10258 10264 
35: 12043 12044 
36: 15339 15341 
37: 16100 
38: 16499 16501 16509 16517 
