# The graph of directed at k=3
# from /Users/bogna/dev/role-mining/datasets/hepth/timeslots/cit-HepTh-1998.edges
# at no lower link weight threshold,
# and at no upper link weight threshold.
# Links were treated as directed.
# No time limit was set for the clique search.

0 2 1
0 4 3
0 6 1
0 8 1
0 9 1
0 11 13
0 14 1
0 15 6
0 16 1
0 18 5
0 22 1
0 30 3
0 31 1
0 35 4
0 38 1
0 41 1
0 56 1
0 61 1
0 63 2
0 66 1
0 67 1
0 70 1
0 74 1
0 75 1
0 83 1
0 85 1
0 87 10
0 89 1
0 91 1
0 95 1
0 96 1
0 98 2
0 100 2
0 103 1
0 104 1
0 105 2
0 109 2
0 111 2
0 112 2
0 116 1
0 119 4
0 121 1
0 125 1
0 126 1
0 127 1
0 132 1
0 137 6
0 142 4
0 147 2
0 149 1
0 152 1
0 153 1
0 158 1
0 161 1
0 164 2
0 167 5
0 168 3
0 170 2
0 173 5
0 175 2
0 178 1
0 180 3
0 181 2
0 182 3
0 183 1
0 185 4
0 186 2
0 187 3
0 188 2
0 189 2
0 190 6
0 191 3
0 192 3
0 193 5
0 194 3
0 195 2
0 196 3
7 177 1
9 154 2
10 39 1
10 157 2
10 158 2
11 67 1
11 87 2
11 192 1
13 58 1
15 167 2
16 160 1
18 141 1
18 184 4
22 38 1
22 108 1
22 139 1
22 149 1
25 54 1
26 172 1
29 60 1
30 58 1
30 80 1
30 147 1
30 164 1
30 174 1
30 189 1
33 59 1
33 82 1
34 89 1
34 177 1
37 62 1
37 93 1
37 113 1
38 149 1
43 107 1
45 100 1
47 174 1
48 96 1
48 172 2
51 52 1
52 101 1
55 86 1
58 80 1
58 131 1
62 93 2
62 113 1
67 192 1
70 179 1
76 158 1
81 118 1
83 85 1
85 128 2
85 162 1
91 125 1
92 152 1
92 178 1
93 113 1
95 144 1
99 132 1
105 182 2
108 139 1
115 118 1
115 166 1
118 126 1
118 166 1
128 162 1
130 155 1
131 150 1
136 148 2
142 160 1
147 164 1
147 173 1
147 189 2
148 156 1
148 177 1
152 178 1
157 158 2
159 160 2
164 189 1
169 182 1
171 189 1
173 189 1
180 187 1
189 195 1
