# The contained directed cliques in the directed communities at k=14
# from /Users/bogna/dev/role-mining/datasets/hepth/timeslots/cit-HepTh-2001.edges
# at no lower link weight threshold,
# and at no upper link weight threshold.
# Links were treated as directed.
# No time limit was set for the clique search.

0: 11805 11806 11807 14884 11808 14885 16513 13767 16512 16515 16517 13761 13766 13769 13771 13760 13763 13765 13762 13764 13768 14888 13770 16514 16516 14892 14893 14889 
1: 15884 15885 15889 16865 15887 15890 22391 16649 16614 16615 16616 16628 16629 16630 16631 16635 16636 16637 16638 16640 16650 16651 16652 16655 16670 16677 16678 16679 16691 16692 16693 16694 17684 17698 17699 17700 17705 17706 17707 17708 17719 17720 17721 17722 17747 17761 17762 17763 18995 19010 19025 19026 19027 19031 19153 19159 19160 19165 19168 19295 19296 21850 21865 21866 21867 22395 22396 22401 22405 22409 22418 23148 23149 23400 23401 23402 16618 16619 16656 16657 16658 17685 17686 17688 17726 18978 18979 18980 19187 19188 19195 21826 22422 23151 23152 16623 16626 16634 16660 16673 16680 17701 17730 18981 19003 19014 19169 19196 21829 23403 16620 16621 16643 17693 22188 16641 17690 22172 16642 16683 17710 17711 17713 22168 22169 22178 16684 17712 22175 16682 16685 17754 21859 17752 21856 17753 17748 17755 21857 17727 17741 17749 17750 17764 19056 19161 19170 19171 21827 21851 21853 21854 21868 16671 17728 17740 17743 19035 19197 21838 16672 16676 19049 21837 21840 17742 19050 21828 21839 19001 19036 19048 19051 19069 16862 16866 16869 16870 16876 18996 18997 18998 19000 19002 19013 19032 19033 19294 16851 16852 16853 16855 16858 16859 16861 16863 16864 16850 19022 19028 19029 19154 15891 16854 16867 19157 19158 19166 19181 15892 16868 16875 18993 19023 19024 19180 19184 19185 19193 18992 18994 18999 19030 19194 19293 19011 19055 19059 19034 19058 19067 19162 19189 19037 19190 19198 19068 19070 19009 17704 22930 17725 17746 22931 17767 16697 21871 21843 21860 17691 17689 22184 22171 16625 16633 16647 17696 23155 16632 16646 17695 22428 16653 17702 22423 16654 17723 22424 17724 23406 17703 17717 23405 17716 23156 22429 
2: 19869 22233 21269 22008 22228 22236 21237 21241 21270 21272 21273 21274 21238 21240 21242 21239 22230 21271 21243 21275 21142 22004 21141 21144 21143 22001 22011 
