# The contained directed cliques in the directed communities at k=10
# from /Users/bogna/dev/role-mining/datasets/hepth/timeslots/cit-HepTh-2001.edges
# at no lower link weight threshold,
# and at no upper link weight threshold.
# Links were treated as directed.
# No time limit was set for the clique search.

0: 7705 9725 10453 16492 16494 16496 10456 16498 16499 16500 
1: 8541 20356 19869 19870 20348 20357 20358 20359 20360 20364 20387 21143 21241 21269 21273 21274 21275 22001 22004 22008 22011 22013 22228 22233 22236 22458 18834 18844 19864 19865 19866 19868 19871 19872 19873 20320 21065 21141 21144 21237 21238 21239 21240 21242 21243 21270 21271 21272 22006 22012 22229 22230 22232 22234 22235 22237 22238 22239 22240 22241 22248 22459 22460 22463 24007 24030 24031 24032 24033 24034 24043 24044 18835 18836 18837 18838 18840 18841 18842 18845 18849 18850 18843 19867 22456 16995 18855 22005 22014 22242 23232 16994 16996 16992 16993 21146 16991 21998 17007 21133 21233 21235 21236 21268 23229 17015 21260 21253 21142 21250 21252 21254 21259 21285 21286 21295 21299 22044 11566 20131 20390 21059 21060 21066 21132 21134 21135 21140 21145 21147 22003 24029 11563 11564 11565 11570 20135 20903 20905 17812 20134 18856 20130 20132 20133 20147 18854 18857 18852 20145 18853 20146 20148 23231 22007 23070 23071 24035 22000 22002 22009 22010 22021 22457 22462 22467 23069 24008 24009 24010 21139 22015 22461 22466 24028 21281 22016 20365 20399 21263 21264 21276 21279 21280 21282 21294 21304 22018 22019 22022 24036 20340 20345 20349 20342 20354 20368 21298 21302 21303 20370 21267 21297 20377 20382 20374 21261 21265 21266 21999 21262 21292 24021 21277 21278 22244 22249 24037 23073 24038 24011 24012 22246 22251 22028 24039 22020 22027 22253 22260 22259 23957 22050 22267 20344 22038 22056 22043 22057 22269 22270 21244 22268 22285 21246 21247 21255 21245 21249 21257 13381 21248 21256 22281 13374 13377 13383 13371 13372 13375 21234 13373 23227 13379 23237 22284 23235 22280 10927 13376 13378 18900 21251 21284 21283 21287 21293 21258 21296 20617 20620 23948 24025 24027 24026 21136 21137 22464 22465 22468 21062 22243 22469 21061 21063 21064 18847 18846 23072 22231 19084 20628 19082 19087 19085 20627 20631 20625 20629 20630 20626 20899 16997 20363 20912 20362 20914 20394 20361 20393 21131 20709 23665 23664 
2: 10386 10387 14413 15494 16143 18431 19097 20018 20499 22818 23316 23833 23834 14414 15495 16144 18432 19098 20019 20500 22819 23317 23837 23838 23839 14401 14396 14398 14400 14405 15479 15481 15482 16111 16113 16114 16130 18420 18422 18423 20002 20004 20005 20483 20485 20486 22732 22733 22734 22735 22809 22810 23307 23308 23311 23577 23712 23713 23933 23934 23935 23940 23941 24063 24064 11930 12543 14397 14402 14403 14407 15477 15478 15483 15484 15486 16109 16110 16115 16125 18419 18424 18426 20000 20001 20006 20007 20009 20481 20482 20487 20488 20490 22725 22726 22727 22728 22729 22730 22731 22736 22737 22738 22739 22740 22741 22742 22743 22744 22745 22746 22752 22753 22754 22764 22765 22766 22767 22782 22783 22784 22785 11931 11932 11933 11936 11939 16116 16126 18444 23579 24061 24062 11937 12544 18443 24059 24060 16127 18447 23310 23706 23707 23708 23709 16129 16131 16118 16135 16136 22755 22768 22787 23029 23030 23032 23576 22800 23027 23578 22707 22713 22801 20664 20797 22706 22708 22710 22712 22717 22761 11805 11807 13760 13766 14884 14885 14888 14892 16132 16133 16512 16513 16514 16516 16520 17465 20663 20665 20666 20668 20670 20671 20672 20673 20679 20693 20696 20701 20796 21011 22709 22715 22786 11806 11808 11809 11810 11840 13761 13762 13763 13764 13765 13767 13768 13769 13770 13771 14889 14893 14898 14899 14900 14906 16515 16517 17471 11811 11842 14901 14907 16521 17459 17466 17472 14883 14882 14887 14891 14886 14890 20667 20669 11832 11833 11834 11835 11836 11837 11838 11839 11841 11843 11844 11845 11846 11847 11848 11849 11850 11851 11852 11853 11854 11855 13772 16523 16525 17460 17461 20659 16522 16524 20744 16526 16528 16530 17467 20660 20749 20750 20754 16527 16529 16518 16531 16519 20676 20677 20681 22780 20703 21028 22714 22789 22790 22757 22760 22770 22772 22779 23033 17476 19588 22716 22759 22763 22771 22822 17462 17463 17468 17469 17470 17473 17474 17475 17478 17479 17480 17481 17482 17483 20745 13773 13774 17464 20746 20755 13775 13776 13777 20756 21012 21016 21015 16134 21014 11940 16117 16128 21026 11934 11938 14404 15485 20008 20489 21020 21021 21022 14399 12545 15480 16112 20003 20484 21029 21030 21031 21032 21033 14903 17477 17484 14902 14909 14908 20778 20661 20777 20771 20770 21392 21409 21391 21408 21389 21390 21406 15906 18245 21407 21415 23034 15905 18229 23038 23037 23039 15488 20011 20492 22812 23024 23036 15489 15490 14408 15491 20012 20493 22813 23031 14410 14409 20015 20496 22815 23025 23028 20014 20495 22814 22824 23026 22773 23035 19584 22762 22774 22775 15914 15915 15916 15917 11732 22777 22749 22778 22781 22750 22751 20789 10807 20792 20806 20751 20747 20757 10734 10735 18449 22805 23716 23717 18445 18448 24065 24066 23710 23711 23714 23715 15474 14393 18417 19997 20478 22718 22719 22720 22721 
3: 12340 12342 17077 14628 14629 14635 16727 17074 17075 17078 14636 14637 18355 12651 12652 19922 20961 16736 
4: 12653 18011 
5: 12655 18004 18005 
6: 13684 13688 13695 13690 13689 21422 19635 20215 21423 21441 21693 23600 14020 19638 20196 20202 20213 20214 20224 20228 14011 14019 14022 14010 20223 20218 20212 20219 20220 14021 20227 20208 20225 20181 20201 20209 14015 19760 19769 20182 20183 20184 20185 20187 20193 22342 22349 23095 23096 23098 23100 23101 23102 23103 23106 23110 23111 23112 23538 14016 19757 19761 19762 19764 19777 19806 19756 19759 19766 19775 19758 19765 19748 19750 19752 19753 19763 19767 19768 22329 23097 23099 23107 19749 19751 19792 22332 22333 23089 19793 22330 22343 23090 19795 22335 19794 23880 23879 22334 20640 22336 22350 23108 19774 20642 20645 19776 19780 19778 19782 20188 19771 19781 20190 19779 20189 20644 20641 21621 21626 22355 23109 23104 23114 23113 19772 23105 19754 19770 19773 19755 23091 23603 21692 21677 23599 23601 19814 20226 20186 20194 23539 23644 22344 23643 20195 19636 19640 19639 
7: 15884 15885 15886 15887 15888 15889 15890 15891 15892 16614 16616 16628 16629 16630 16631 16635 16636 16637 16638 16649 16650 16651 16652 16670 16672 16677 16679 16691 16692 16693 16694 16850 16851 16852 16853 16854 16855 16858 16859 16861 16862 16863 16864 16865 16866 16867 16868 16869 16870 16875 16876 17684 17686 17698 17699 17700 17701 17705 17706 17707 17708 17719 17720 17721 17722 17740 17742 17747 17749 17761 17762 17763 17764 18978 18980 18995 18996 18997 19001 19002 19003 19010 19011 19013 19014 19022 19024 19025 19026 19027 19028 19030 19031 19032 19033 19048 19050 19055 19058 19067 19068 19069 19070 19153 19154 19157 19158 19159 19160 19161 19162 19165 19166 19168 19169 19170 19171 19180 19181 19187 19188 19189 19190 19193 19194 19195 19196 19293 19294 19295 19296 21826 21828 21837 21838 21839 21840 21850 21851 21853 21854 21865 21866 21867 21868 22391 22392 22393 22394 22395 22396 22401 22405 22409 22418 22422 22930 22931 23148 23149 23151 23152 23400 23401 23402 23403 16615 16656 16671 16678 17685 17726 17741 17748 18979 18992 18994 19023 19034 19049 19056 19163 19164 19184 19197 21827 22168 22397 22398 22399 22406 22407 22408 22410 16617 16618 16619 16620 16621 16622 16623 16624 16625 16626 16627 16632 16633 16634 16639 16640 16641 16642 16643 16645 16646 16647 16653 16654 16655 16657 16658 16660 16661 16662 16663 16665 16667 16668 16673 16674 16675 16676 16680 16682 16683 16685 16688 16689 16695 16697 17687 17688 17689 17690 17691 17693 17694 17695 17696 17702 17703 17704 17710 17711 17712 17713 17716 17717 17723 17724 17725 17727 17728 17730 17731 17732 17735 17737 17738 17743 17744 17746 17750 17753 17758 17767 18981 18983 18984 18985 18987 18989 18990 18993 18998 18999 19000 19004 19005 19007 19009 19012 19015 19016 19017 19018 19020 19035 19036 19037 19040 19045 19051 19054 19059 19173 19176 19177 19185 19192 19198 19199 19200 19288 21121 21829 21830 21831 21833 21835 21836 21841 21843 21852 21857 21863 21871 22169 22170 22171 22172 22175 22178 22180 22184 22188 22190 22404 22419 22420 22421 22423 22424 22425 22428 22429 22932 22934 23150 23155 23156 23405 23406 16644 16648 16659 16664 16669 16681 16686 16872 16873 17692 17697 17709 17714 17718 17729 17734 17751 18982 18986 18991 19038 21110 21111 21122 21123 21124 21125 21126 21127 16684 16687 16690 17715 17754 17756 19019 21128 21859 22191 16666 16696 17733 17736 17752 17755 17757 17759 19039 19041 19043 19061 19062 19064 19065 21832 21834 21855 21856 21858 21860 21861 21862 21864 18988 19044 19006 19021 21385 21386 16856 19060 19063 19066 16857 19179 19057 19178 19042 19047 17739 19046 21112 17745 17760 21113 17765 17766 19008 19052 19053 19289 21842 21869 21870 19290 16059 19291 16070 19029 19156 19186 19155 19182 19183 19172 19191 16860 15894 16871 17485 17487 16877 22427 22426 22933 21848 21847 21849 21883 21882 19175 22402 22411 22412 22413 22414 
