# The links inside the directed communities at k=10
# from /Users/bogna/dev/role-mining/datasets/hepth/timeslots/cit-HepTh-2001.edges
# at no lower link weight threshold,
# and at no upper link weight threshold.
# Links were treated as directed.
# No time limit was set for the clique search.

0:
0103080 0007018
0103167 0007018
0105019 0007018
0105049 0007018
0105250 0007018
0106055 0007018
0106117 0007018
0108080 0007018
0109039 0007018
0109177 0007018
0110034 0007018
0103080 0008001
0103167 0008001
0105019 0008001
0105049 0008001
0105250 0008001
0106055 0008001
0106117 0008001
0108080 0008001
0109039 0008001
0109177 0008001
0110034 0008001
0103080 0011288
0103167 0011288
0105019 0011288
0105250 0011288
0106055 0011288
0106117 0011288
0108080 0011288
0109039 0011288
0110034 0011288
0103080 9511222
0103167 9511222
0105019 9511222
0105049 9511222
0105250 9511222
0106055 9511222
0106117 9511222
0108080 9511222
0109039 9511222
0109177 9511222
0110034 9511222
0103080 0012195
0103167 0012195
0105019 0012195
0105250 0012195
0106055 0012195
0106117 0012195
0108080 0012195
0109039 0012195
0109177 0012195
0110034 0012195
0103080 0011190
0103080 0103167
0105019 0103080
0105250 0103080
0106055 0103080
0106117 0103080
0108080 0103080
0109039 0103080
0109177 0103080
0110034 0103080
0103167 0011190
0105019 0011190
0105049 0011190
0105250 0011190
0106055 0011190
0106117 0011190
0108080 0011190
0109039 0011190
0110034 0011190
0105019 0103167
0105049 0103167
0105250 0103167
0106055 0103167
0106117 0103167
0108080 0103167
0109039 0103167
0109177 0103167
0110034 0103167
0105049 0105019
0105250 0105019
0106055 0105019
0106117 0105019
0108080 0105019
0109039 0105019
0109177 0105019
0110034 0105019
0105250 0105049
0106055 0105049
0106117 0105049
0108080 0105049
0109039 0105049
0110034 0105049
0106055 0105250
0106117 0105250
0108080 0105250
0109039 0105250
0109177 0105250
0110034 0105250
0106117 0106055
0108080 0106055
0109039 0106055
0109177 0106055
0110034 0106055
0108080 0106117
0109039 0106117
0109177 0106117
0110034 0106117
0109039 0108080
0109177 0108080
0110034 0108080
0109177 0109039
0110034 0109039
0110034 0109177
1:
0103171 9711200
0112045 9711200
0106113 9711200
0106151 9711200
0106191 9711200
0107134 9711200
0109213 9711200
0110007 9711200
0110108 9711200
0112218 9711200
0112223 9711200
0112226 9711200
0108172 9711200
0109057 9711200
0109122 9711200
0110031 9711200
0110234 9711200
0110265 9711200
0111008 9711200
0111238 9711200
0110123 9711200
0111085 9711200
0111182 9711200
0112152 9711200
0112045 9802150
0106113 9802150
0106151 9802150
0106191 9802150
0107134 9802150
0109213 9802150
0110108 9802150
0112223 9802150
0112226 9802150
0108172 9802150
0109122 9802150
0110062 9802150
0110234 9802150
0110265 9802150
0111008 9802150
0111238 9802150
0110123 9802150
0111085 9802150
0111182 9802150
0112066 9802150
0112152 9802150
0101176 0002145
0103171 0002145
0106113 0002145
0106184 0002145
0106247 0002145
0107067 0002145
0110007 0002145
0112218 0002145
0112223 0002145
0108172 0002145
0110031 0002145
0103171 9901147
0106113 9901147
0106184 9901147
0106247 9901147
0107067 9901147
0110007 9901147
0112218 9901147
0112223 9901147
0110031 9901147
0112045 9906022
0106109 9906022
0106113 9906022
0106247 9906022
0109213 9906022
0110007 9906022
0110031 9906022
0110064 9906022
0111238 9906022
0111182 9906022
0112152 9906022
0103171 9806146
0112045 9806146
0106113 9806146
0106191 9806146
0106247 9806146
0107031 9806146
0107067 9806146
0107134 9806146
0108119 9806146
0109213 9806146
0110007 9806146
0110108 9806146
0112218 9806146
0112223 9806146
0112226 9806146
0108172 9806146
0109122 9806146
0110031 9806146
0110062 9806146
0110064 9806146
0110238 9806146
0111008 9806146
0111093 9806146
0111238 9806146
0111182 9806146
0112066 9806146
0112152 9806146
0103171 9911082
0106113 9911082
0106247 9911082
0107134 9911082
0109213 9911082
0110007 9911082
0110108 9911082
0112226 9911082
0108172 9911082
0110031 9911082
0110062 9911082
0111093 9911082
0111238 9911082
0111182 9911082
0103171 0101176
0112045 0101176
0106113 0101176
0106184 0101176
0106191 0101176
0106247 0101176
0107067 0101176
0107134 0101176
0110007 0101176
0112218 0101176
0112223 0101176
0108172 0101176
0110031 0101176
0110064 0101176
0112152 0101176
0103171 0007146
0106109 0007146
0106113 0007146
0106184 0007146
0106247 0007146
0107031 0007146
0107067 0007146
0108119 0007146
0109213 0007146
0110007 0007146
0110108 0007146
0112218 0007146
0112226 0007146
0110031 0007146
0110062 0007146
0111238 0007146
0111182 0007146
0103171 0010252
0112045 0010252
0106109 0010252
0106113 0010252
0106184 0010252
0109213 0010252
0110007 0010252
0110108 0010252
0112226 0010252
0110031 0010252
0110169 0010252
0110234 0010252
0110265 0010252
0111093 0010252
0111238 0010252
0110123 0010252
0111182 0010252
0112066 0010252
0103171 0012052
0106113 0012052
0107134 0012052
0109213 0012052
0110007 0012052
0112226 0012052
0110031 0012052
0111238 0012052
0111182 0012052
0112045 0103171
0106113 0103171
0106184 0103171
0106191 0103171
0106247 0103171
0107031 0103171
0107067 0103171
0107134 0103171
0107169 0103171
0109213 0103171
0110007 0103171
0110108 0103171
0112218 0103171
0112223 0103171
0112226 0103171
0108172 0103171
0109057 0103171
0110031 0103171
0110062 0103171
0110064 0103171
0110169 0103171
0110238 0103171
0111093 0103171
0111238 0103171
0111182 0103171
0112002 0103171
0112066 0103171
0112152 0103171
0112045 0106109
0112045 0106113
0112045 0106151
0112045 0106184
0112045 0106191
0112045 0106247
0112045 0107134
0112045 0107169
0112045 0109213
0112045 0110007
0112045 0110108
0112223 0112045
0112226 0112045
0112045 0108172
0112045 0109057
0112045 0109122
0112045 0110031
0112045 0110062
0112045 0110064
0112045 0110169
0112045 0110234
0112045 0110238
0112045 0110265
0112045 0111008
0112045 0111093
0112045 0111238
0112140 0112045
0112045 0110123
0112045 0111085
0112045 0111182
0112066 0112045
0112093 0112045
0112152 0112045
0106184 0106109
0106191 0106109
0106247 0106109
0107031 0106109
0107134 0106109
0107169 0106109
0108119 0106109
0109213 0106109
0110007 0106109
0110108 0106109
0112223 0106109
0112226 0106109
0108172 0106109
0109057 0106109
0109122 0106109
0110031 0106109
0110062 0106109
0110064 0106109
0110169 0106109
0110265 0106109
0111093 0106109
0111238 0106109
0112140 0106109
0110123 0106109
0111182 0106109
0112066 0106109
0112093 0106109
0112152 0106109
0106151 0106113
0106184 0106113
0106191 0106113
0106247 0106113
0107031 0106113
0107067 0106113
0107091 0106113
0107134 0106113
0107169 0106113
0108119 0106113
0109213 0106113
0110007 0106113
0110108 0106113
0112218 0106113
0112223 0106113
0112226 0106113
0108172 0106113
0109057 0106113
0109122 0106113
0110031 0106113
0110062 0106113
0110064 0106113
0110169 0106113
0110234 0106113
0110238 0106113
0110265 0106113
0111008 0106113
0111093 0106113
0111238 0106113
0110123 0106113
0111085 0106113
0111182 0106113
0112002 0106113
0112066 0106113
0112093 0106113
0112152 0106113
0107134 0106151
0110108 0106151
0112226 0106151
0108172 0106151
0109122 0106151
0110031 0106151
0110062 0106151
0110064 0106151
0110234 0106151
0111008 0106151
0111093 0106151
0111238 0106151
0111182 0106151
0112066 0106151
0112152 0106151
0106247 0106184
0107031 0106184
0107067 0106184
0110007 0106184
0110108 0106184
0112218 0106184
0112223 0106184
0112226 0106184
0108172 0106184
0109057 0106184
0110031 0106184
0110064 0106184
0111093 0106184
0111238 0106184
0111182 0106184
0112152 0106184
0106247 0106191
0107067 0106191
0107134 0106191
0108119 0106191
0109213 0106191
0110007 0106191
0110108 0106191
0112218 0106191
0112226 0106191
0108172 0106191
0109057 0106191
0109122 0106191
0110031 0106191
0110062 0106191
0110064 0106191
0110169 0106191
0110234 0106191
0110238 0106191
0111008 0106191
0111093 0106191
0111238 0106191
0112140 0106191
0111085 0106191
0111182 0106191
0112002 0106191
0112066 0106191
0112093 0106191
0112152 0106191
0107031 0106247
0107067 0106247
0107134 0106247
0108119 0106247
0109213 0106247
0110007 0106247
0110108 0106247
0112218 0106247
0112223 0106247
0112226 0106247
0108172 0106247
0109057 0106247
0110031 0106247
0110062 0106247
0110064 0106247
0110169 0106247
0110234 0106247
0110238 0106247
0110265 0106247
0111008 0106247
0111093 0106247
0111238 0106247
0112140 0106247
0110123 0106247
0111085 0106247
0111182 0106247
0112002 0106247
0112066 0106247
0112093 0106247
0112152 0106247
0107031 0107067
0110007 0107031
0112218 0107031
0112226 0107031
0109057 0107031
0110031 0107031
0111008 0107031
0111238 0107031
0111182 0107031
0110007 0107067
0112218 0107067
0112223 0107067
0108172 0107067
0109057 0107067
0110031 0107067
0110064 0107067
0111093 0107067
0112152 0107067
0108119 0107091
0110007 0107091
0112226 0107091
0109057 0107091
0111008 0107091
0111093 0107091
0111238 0107091
0111182 0107091
0109213 0107134
0110007 0107134
0112218 0107134
0112223 0107134
0112226 0107134
0108172 0107134
0109057 0107134
0109122 0107134
0110031 0107134
0110064 0107134
0110238 0107134
0111008 0107134
0111093 0107134
0111238 0107134
0112140 0107134
0111085 0107134
0111182 0107134
0112093 0107134
0112152 0107134
0110007 0107169
0112226 0107169
0109057 0107169
0111008 0107169
0111093 0107169
0111238 0107169
0111182 0107169
0112093 0107169
0112152 0107169
0108119 0109213
0108119 0110007
0108119 0110108
0108119 0112218
0108119 0112223
0108119 0112226
0109057 0108119
0109122 0108119
0110062 0108119
0111008 0108119
0111093 0108119
0111238 0108119
0111182 0108119
0112066 0108119
0110007 0109213
0110108 0109213
0112218 0109213
0112223 0109213
0112226 0109213
0109122 0109213
0110031 0109213
0110062 0109213
0110169 0109213
0110238 0109213
0111008 0109213
0111093 0109213
0111238 0109213
0111085 0109213
0111182 0109213
0112066 0109213
0112152 0109213
0112218 0110007
0112223 0110007
0112226 0110007
0110007 0109057
0109122 0110007
0110031 0110007
0110062 0110007
0110064 0110007
0110234 0110007
0110265 0110007
0111008 0110007
0111093 0110007
0111238 0110007
0110123 0110007
0111182 0110007
0112002 0110007
0112066 0110007
0112093 0110007
0112152 0110007
0110108 0112218
0112223 0110108
0112226 0110108
0110108 0109057
0109122 0110108
0110108 0110031
0110108 0110062
0110169 0110108
0110234 0110108
0110265 0110108
0111008 0110108
0111093 0110108
0111238 0110108
0110123 0110108
0111085 0110108
0111182 0110108
0112066 0110108
0112093 0110108
0112152 0110108
0112223 0112218
0112218 0108172
0112218 0109057
0109122 0112218
0112218 0110031
0112218 0110062
0112218 0110169
0112218 0111008
0112218 0111093
0109122 0112223
0112223 0110031
0112223 0110062
0112223 0110064
0112223 0110169
0112223 0111008
0112223 0111093
0112223 0112066
0112223 0112152
0112226 0108172
0112226 0109057
0112226 0110031
0112226 0110062
0112226 0110064
0112226 0110169
0112226 0110234
0112226 0110265
0112226 0111008
0112226 0111093
0112226 0111238
0112226 0112140
0112226 0110123
0112226 0111085
0112226 0111182
0112226 0112066
0112226 0112093
0112226 0112152
0109122 0108172
0110031 0108172
0110062 0108172
0110064 0108172
0110234 0108172
0111008 0108172
0111093 0108172
0111238 0108172
0111182 0108172
0112152 0108172
0109122 0109057
0110031 0109057
0110062 0109057
0110064 0109057
0111008 0109057
0111093 0109057
0111238 0109057
0111182 0109057
0112002 0109057
0112093 0109057
0112152 0109057
0109122 0110031
0109122 0110062
0109122 0110064
0109122 0111008
0109122 0111093
0109122 0111238
0110062 0110031
0110064 0110031
0110169 0110031
0111008 0110031
0111093 0110031
0111238 0110031
0112140 0110031
0110123 0110031
0111182 0110031
0112002 0110031
0112152 0110031
0111008 0110062
0111093 0110062
0111238 0110062
0111182 0110062
0112066 0110062
0112152 0110062
0111008 0110064
0111238 0110064
0111182 0110064
0112002 0110064
0112152 0110064
0111093 0110169
0110169 0110123
0112152 0110169
0110265 0110234
0111008 0110234
0111093 0110234
0111238 0110234
0110234 0110123
0111182 0110234
0112152 0110234
0112152 0110238
0111093 0110265
0111238 0110265
0110265 0110123
0111182 0110265
0112093 0110265
0112152 0110265
0111008 0111093
0111238 0111008
0112140 0111008
0111182 0111008
0112066 0111008
0112093 0111008
0112152 0111008
0111238 0111093
0112140 0111093
0111093 0110123
0111182 0111093
0112066 0111093
0112093 0111093
0112152 0111093
0112140 0111238
0111238 0110123
0111238 0111085
0111238 0111182
0112093 0111238
0112152 0111238
0111182 0110123
0112152 0110123
0111182 0111085
0112066 0111085
0112152 0111085
0112066 0111182
0112093 0111182
0112152 0111182
0112152 0112002
0112152 0112066
0112152 0112093
2:
0101014 0002117
0101014 0002237
0101014 0003031
0101014 0005036
0101014 0006240
0101014 0007153
0101014 0008033
0101014 0008053
0101014 0008101
0101014 0008252
0101014 0009103
0101014 0009105
0101014 0009148
0101014 0009191
0101014 0010190
0101014 0012251
0101014 9902105
0101014 9911116
0101014 9912249
0101162 0101014
0102085 0101014
0102112 0101014
0103103 0101014
0105024 0101014
0105059 0101014
0105168 0101014
0105184 0101014
0105312 0101014
0106010 0101014
0106068 0101014
0109182 0101014
0110136 0101014
0111129 0101014
0111208 0101014
0112169 0101014
0101162 0002117
0102071 0002117
0102085 0002117
0102112 0002117
0103103 0002117
0105024 0002117
0105059 0002117
0105168 0002117
0105184 0002117
0105246 0002117
0105312 0002117
0106010 0002117
0106068 0002117
0109182 0002117
0110136 0002117
0111129 0002117
0111208 0002117
0112169 0002117
0101162 0002237
0102071 0002237
0102085 0002237
0102112 0002237
0103085 0002237
0103103 0002237
0105024 0002237
0105059 0002237
0105168 0002237
0105184 0002237
0105246 0002237
0105312 0002237
0106010 0002237
0106036 0002237
0106068 0002237
0108150 0002237
0109182 0002237
0111208 0002237
0112169 0002237
0101162 0003031
0102071 0003031
0102085 0003031
0102112 0003031
0103103 0003031
0105024 0003031
0105059 0003031
0105168 0003031
0105184 0003031
0105246 0003031
0105312 0003031
0106010 0003031
0106068 0003031
0109182 0003031
0110136 0003031
0111129 0003031
0111208 0003031
0112169 0003031
0101162 0005036
0102071 0005036
0102085 0005036
0102112 0005036
0103103 0005036
0105024 0005036
0105059 0005036
0105168 0005036
0105184 0005036
0105312 0005036
0106010 0005036
0106068 0005036
0109182 0005036
0111208 0005036
0112169 0005036
0101162 0006240
0102071 0006240
0102085 0006240
0102112 0006240
0103103 0006240
0105024 0006240
0105058 0006240
0105059 0006240
0105129 0006240
0105168 0006240
0105175 0006240
0105184 0006240
0105246 0006240
0105312 0006240
0106010 0006240
0106027 0006240
0106036 0006240
0106068 0006240
0107007 0006240
0107101 0006240
0108150 0006240
0109182 0006240
0110124 0006240
0110136 0006240
0110204 0006240
0111034 0006240
0111069 0006240
0111087 0006240
0111129 0006240
0111153 0006240
0111208 0006240
0111281 0006240
0112169 0006240
0112214 0006240
0112231 0006240
0101162 0007153
0102112 0007153
0103103 0007153
0105024 0007153
0105059 0007153
0105168 0007153
0105184 0007153
0105312 0007153
0106010 0007153
0110136 0007153
0111129 0007153
0101162 0008033
0102112 0008033
0103085 0008033
0103103 0008033
0105024 0008033
0105059 0008033
0105168 0008033
0105184 0008033
0105312 0008033
0106010 0008033
0110136 0008033
0111129 0008033
0111208 0008033
0101162 0008053
0102071 0008053
0102085 0008053
0102112 0008053
0103103 0008053
0105024 0008053
0105059 0008053
0105168 0008053
0105184 0008053
0105246 0008053
0105312 0008053
0106010 0008053
0106068 0008053
0109182 0008053
0110136 0008053
0111129 0008053
0111208 0008053
0112169 0008053
0101162 0008101
0102071 0008101
0102085 0008101
0102112 0008101
0103103 0008101
0105024 0008101
0105059 0008101
0105168 0008101
0105184 0008101
0105246 0008101
0105312 0008101
0106010 0008101
0106068 0008101
0109182 0008101
0110136 0008101
0111129 0008101
0111208 0008101
0112169 0008101
0101162 0008252
0102085 0008252
0102112 0008252
0105058 0008252
0105059 0008252
0105129 0008252
0105168 0008252
0105175 0008252
0105184 0008252
0106010 0008252
0106027 0008252
0106036 0008252
0107101 0008252
0108150 0008252
0109182 0008252
0110204 0008252
0111034 0008252
0111069 0008252
0111087 0008252
0111129 0008252
0111208 0008252
0111281 0008252
0112169 0008252
0112214 0008252
0112231 0008252
0101162 0009103
0102112 0009103
0103085 0009103
0103103 0009103
0105024 0009103
0105059 0009103
0105168 0009103
0105312 0009103
0106010 0009103
0109182 0009103
0111129 0009103
0111208 0009103
0101162 0009105
0102071 0009105
0102112 0009105
0103085 0009105
0103103 0009105
0105024 0009105
0105059 0009105
0105168 0009105
0105184 0009105
0105312 0009105
0106010 0009105
0106068 0009105
0108150 0009105
0109182 0009105
0110136 0009105
0111129 0009105
0111208 0009105
0112214 0009105
0101162 0009148
0102112 0009148
0103085 0009148
0103103 0009148
0105024 0009148
0105059 0009148
0105168 0009148
0105312 0009148
0106010 0009148
0109182 0009148
0111129 0009148
0111208 0009148
0101162 0009191
0102112 0009191
0103085 0009191
0103103 0009191
0105024 0009191
0105059 0009191
0105168 0009191
0105312 0009191
0106010 0009191
0111129 0009191
0111208 0009191
0101162 0010190
0102112 0010190
0105059 0010190
0105168 0010190
0105184 0010190
0106010 0010190
0111129 0010190
0111208 0010190
0101162 0012251
0102071 0012251
0102085 0012251
0102112 0012251
0103085 0012251
0103103 0012251
0105024 0012251
0105058 0012251
0105059 0012251
0105129 0012251
0105168 0012251
0105184 0012251
0105246 0012251
0105312 0012251
0105319 0012251
0106010 0012251
0106036 0012251
0106068 0012251
0106107 0012251
0106157 0012251
0107007 0012251
0107101 0012251
0108150 0012251
0109049 0012251
0109182 0012251
0110136 0012251
0110204 0012251
0111034 0012251
0111087 0012251
0111129 0012251
0111153 0012251
0111208 0012251
0111281 0012251
0112169 0012251
0112214 0012251
0112231 0012251
0101162 9902105
0102071 9902105
0102112 9902105
0103103 9902105
0105024 9902105
0105168 9902105
0105184 9902105
0105246 9902105
0105312 9902105
0106010 9902105
0106036 9902105
0106068 9902105
0108150 9902105
0109182 9902105
0111034 9902105
0111129 9902105
0111208 9902105
0112214 9902105
0112231 9902105
0102112 9911116
0103085 9911116
0105059 9911116
0105168 9911116
0105184 9911116
0106010 9911116
0106036 9911116
0106068 9911116
0108150 9911116
0109182 9911116
0110136 9911116
0111034 9911116
0111069 9911116
0111129 9911116
0111208 9911116
0112169 9911116
0112231 9911116
0101162 9912249
0102071 9912249
0102085 9912249
0102112 9912249
0103085 9912249
0103103 9912249
0105024 9912249
0105059 9912249
0105168 9912249
0105184 9912249
0105246 9912249
0105312 9912249
0106010 9912249
0106036 9912249
0106068 9912249
0108150 9912249
0109182 9912249
0110136 9912249
0111129 9912249
0111208 9912249
0112169 9912249
0101162 9904207
0102112 9904207
0105024 9904207
0105168 9904207
0105184 9904207
0106010 9904207
0106036 9904207
0108150 9904207
0111034 9904207
0111129 9904207
0111208 9904207
0112214 9904207
0112231 9904207
0102085 0101162
0102112 0101162
0103085 0101162
0103103 0101162
0105024 0101162
0105059 0101162
0105168 0101162
0105184 0101162
0105246 0101162
0105312 0101162
0105319 0101162
0106010 0101162
0106068 0101162
0106107 0101162
0108150 0101162
0109049 0101162
0109182 0101162
0110136 0101162
0111129 0101162
0111208 0101162
0112169 0101162
0112214 0101162
0102071 0003278
0102112 0003278
0103103 0003278
0105024 0003278
0105059 0003278
0105168 0003278
0105312 0003278
0106010 0003278
0106068 0003278
0109182 0003278
0102071 0008231
0102112 0102071
0103103 0102071
0105024 0102071
0105059 0102071
0105168 0102071
0105312 0102071
0106010 0102071
0106068 0102071
0109182 0102071
0102112 0008231
0103103 0008231
0105024 0008231
0105059 0008231
0105168 0008231
0105312 0008231
0106010 0008231
0106068 0008231
0109182 0008231
0105168 0102085
0106010 0102085
0106036 0102085
0106068 0102085
0108150 0102085
0109182 0102085
0110124 0102085
0111087 0102085
0111129 0102085
0111208 0102085
0112169 0102085
0112214 0102085
0103085 0102112
0103103 0102112
0105024 0102112
0105058 0102112
0105059 0102112
0105129 0102112
0105168 0102112
0105175 0102112
0105184 0102112
0105246 0102112
0105312 0102112
0105319 0102112
0106010 0102112
0106027 0102112
0106036 0102112
0106068 0102112
0106107 0102112
0106157 0102112
0107007 0102112
0107101 0102112
0108150 0102112
0109049 0102112
0109182 0102112
0110124 0102112
0110136 0102112
0110204 0102112
0111034 0102112
0111069 0102112
0111087 0102112
0111129 0102112
0111208 0102112
0111281 0102112
0112169 0102112
0112214 0102112
0112231 0102112
0103103 0103085
0105024 0103085
0105059 0103085
0105168 0103085
0105184 0103085
0105246 0103085
0105312 0103085
0105319 0103085
0106010 0103085
0106036 0103085
0106068 0103085
0106107 0103085
0108150 0103085
0109049 0103085
0109182 0103085
0110136 0103085
0111129 0103085
0111208 0103085
0112169 0103085
0112214 0103085
0105024 0103103
0105059 0103103
0105168 0103103
0105184 0103103
0105246 0103103
0105312 0103103
0105319 0103103
0106010 0103103
0106068 0103103
0106107 0103103
0109049 0103103
0109182 0103103
0110136 0103103
0111129 0103103
0112169 0103103
0105058 0105024
0105059 0105024
0105168 0105024
0105184 0105024
0105246 0105024
0105312 0105024
0105319 0105024
0106010 0105024
0106036 0105024
0106068 0105024
0106107 0105024
0108150 0105024
0109049 0105024
0109182 0105024
0110136 0105024
0111129 0105024
0111208 0105024
0112169 0105024
0112214 0105024
0105058 0105059
0105129 0105058
0105168 0105058
0105175 0105058
0105184 0105058
0105246 0105058
0106010 0105058
0106027 0105058
0106036 0105058
0106068 0105058
0106107 0105058
0106157 0105058
0107007 0105058
0107101 0105058
0108150 0105058
0109049 0105058
0109182 0105058
0110124 0105058
0110136 0105058
0110204 0105058
0111034 0105058
0111069 0105058
0111129 0105058
0111208 0105058
0111281 0105058
0112169 0105058
0112214 0105058
0112231 0105058
0105129 0105059
0105168 0105059
0105175 0105059
0105184 0105059
0105246 0105059
0105312 0105059
0105319 0105059
0106010 0105059
0106027 0105059
0106036 0105059
0106068 0105059
0106107 0105059
0106157 0105059
0107007 0105059
0107101 0105059
0108150 0105059
0109049 0105059
0110124 0105059
0110136 0105059
0110204 0105059
0111034 0105059
0111069 0105059
0111087 0105059
0111129 0105059
0111208 0105059
0111281 0105059
0112169 0105059
0112214 0105059
0112231 0105059
0105168 0105129
0106010 0105129
0106036 0105129
0106068 0105129
0106107 0105129
0106157 0105129
0107007 0105129
0107101 0105129
0108150 0105129
0109049 0105129
0110124 0105129
0110204 0105129
0111034 0105129
0111087 0105129
0111129 0105129
0111208 0105129
0112169 0105129
0112214 0105129
0105175 0105168
0105184 0105168
0105246 0105168
0105312 0105168
0105319 0105168
0106010 0105168
0106027 0105168
0106036 0105168
0106068 0105168
0106107 0105168
0107007 0105168
0107101 0105168
0108150 0105168
0109049 0105168
0109182 0105168
0110136 0105168
0110204 0105168
0111034 0105168
0111069 0105168
0111087 0105168
0111129 0105168
0111153 0105168
0111208 0105168
0111281 0105168
0112169 0105168
0112214 0105168
0112231 0105168
0106010 0105175
0106027 0105175
0106036 0105175
0106068 0105175
0107007 0105175
0107101 0105175
0111069 0105175
0111087 0105175
0111208 0105175
0112169 0105175
0112214 0105175
0105246 0105184
0105319 0105184
0106010 0105184
0106036 0105184
0106068 0105184
0106107 0105184
0107007 0105184
0107101 0105184
0109049 0105184
0109182 0105184
0111069 0105184
0111129 0105184
0111208 0105184
0112169 0105184
0112214 0105184
0112231 0105184
0106068 0105246
0109182 0105246
0111208 0105246
0106010 0105312
0106068 0105312
0109182 0105312
0106068 0105319
0106107 0105319
0109049 0105319
0106068 0106010
0106107 0106010
0107007 0106010
0107101 0106010
0108150 0106010
0109049 0106010
0109182 0106010
0110124 0106010
0110204 0106010
0111034 0106010
0111087 0106010
0111129 0106010
0111153 0106010
0111208 0106010
0111281 0106010
0112169 0106010
0112214 0106010
0112231 0106010
0107007 0106027
0107101 0106027
0111087 0106027
0111208 0106027
0112214 0106027
0106068 0106036
0106107 0106036
0106157 0106036
0107007 0106036
0107101 0106036
0108150 0106036
0109049 0106036
0110124 0106036
0110136 0106036
0110204 0106036
0111034 0106036
0111069 0106036
0111087 0106036
0111129 0106036
0111208 0106036
0111281 0106036
0112169 0106036
0112214 0106036
0112231 0106036
0109182 0106068
0111208 0106068
0112169 0106068
0107007 0106107
0111208 0106107
0112231 0106107
0107101 0106157
0111208 0106157
0112169 0106157
0107101 0107007
0109049 0107007
0111087 0107007
0111208 0107007
0112169 0107007
0112214 0107007
0108150 0107101
0109049 0107101
0110124 0107101
0110204 0107101
0111034 0107101
0111069 0107101
0111087 0107101
0111129 0107101
0111208 0107101
0111281 0107101
0112169 0107101
0112214 0107101
0110124 0108150
0111034 0108150
0111069 0108150
0111087 0108150
0111129 0108150
0111153 0108150
0111208 0108150
0111281 0108150
0112169 0108150
0112214 0108150
0112231 0108150
0111208 0109182
0112169 0109182
0112214 0109182
0112231 0109182
0111034 0110124
0111069 0110124
0111087 0110124
0111129 0110124
0111208 0110124
0112169 0110124
0112214 0110124
0110204 0110136
0111069 0110136
0111087 0110136
0111129 0110136
0111208 0110136
0112214 0110136
0112231 0110136
0111034 0110204
0111069 0110204
0111087 0110204
0111129 0110204
0111208 0110204
0111281 0110204
0112169 0110204
0112214 0110204
0111087 0111034
0111129 0111034
0111153 0111034
0111208 0111034
0111281 0111034
0112169 0111034
0112214 0111034
0112231 0111034
0111129 0111069
0111208 0111069
0111281 0111069
0112214 0111069
0112231 0111069
0111129 0111087
0111208 0111087
0112169 0111087
0112214 0111087
0111153 0111129
0111208 0111129
0111281 0111129
0112169 0111129
0112214 0111129
0112231 0111129
0111208 0111153
0112169 0111153
0112214 0111153
0112169 0111208
0112214 0111208
0112231 0111208
0112214 0111281
0112231 0111281
0112214 0112169
0112214 0112231
3:
0104136 9508068
0105023 9508068
0105062 9508068
0108196 9508068
0110099 9508068
0110107 9508068
0110200 9508068
0110186 9508068
0112101 9508068
0112199 9508068
0104136 0012072
0104238 0012072
0105023 0012072
0106206 0012072
0105062 0012072
0105220 0012072
0108075 0012072
0108196 0012072
0110099 0012072
0110107 0012072
0110200 0012072
0110164 0012072
0110170 0012072
0110186 0012072
0111177 0012072
0112101 0012072
0112199 0012072
0104136 9507143
0104238 9507143
0105023 9507143
0106206 9507143
0108196 9507143
0110107 9507143
0110200 9507143
0110170 9507143
0111177 9507143
0112101 9507143
0104136 9512154
0104238 0104136
0105023 0104136
0106206 0104136
0105062 0104136
0105220 0104136
0108075 0104136
0108196 0104136
0110099 0104136
0110107 0104136
0110200 0104136
0110164 0104136
0110170 0104136
0110186 0104136
0111177 0104136
0112101 0104136
0112199 0104136
0104238 9512154
0105023 9512154
0106206 9512154
0105062 9512154
0108196 9512154
0110099 9512154
0110107 9512154
0110200 9512154
0110170 9512154
0110186 9512154
0111177 9512154
0112101 9512154
0105023 0104238
0106206 0104238
0105062 0104238
0105220 0104238
0108196 0104238
0110099 0104238
0110107 0104238
0110200 0104238
0110164 0104238
0110170 0104238
0111177 0104238
0105023 0106206
0105062 0105023
0105220 0105023
0108075 0105023
0108196 0105023
0110099 0105023
0110107 0105023
0110200 0105023
0110164 0105023
0110170 0105023
0110186 0105023
0111177 0105023
0112101 0105023
0112199 0105023
0106206 0105062
0106206 0105220
0108196 0106206
0110107 0106206
0110200 0106206
0110164 0106206
0110170 0106206
0111177 0106206
0112101 0106206
0105220 0105062
0108196 0105062
0110099 0105062
0110107 0105062
0110200 0105062
0110164 0105062
0110170 0105062
0110186 0105062
0111177 0105062
0112101 0105062
0112199 0105062
0108196 0105220
0110200 0105220
0110164 0105220
0111177 0105220
0108196 0108075
0110099 0108075
0110107 0108075
0110200 0108075
0110186 0108075
0112101 0108075
0110099 0108196
0110107 0108196
0110200 0108196
0110164 0108196
0110170 0108196
0110186 0108196
0111177 0108196
0112101 0108196
0110099 0110107
0110099 0110200
0110170 0110099
0110186 0110099
0111177 0110099
0112101 0110099
0112199 0110099
0110200 0110107
0110170 0110107
0110186 0110107
0111177 0110107
0112101 0110107
0112199 0110107
0110200 0110170
0110200 0110186
0111177 0110200
0112101 0110200
0112199 0110200
0111177 0110164
0111177 0110170
0112101 0110170
0111177 0110186
0112101 0110186
0112199 0110186
0112101 0111177
0112199 0112101
4:
0104136 9508068
0105023 9508068
0106079 9508068
0107116 9508068
0110077 9508068
0110099 9508068
0110186 9508068
0111212 9508068
0112101 9508068
0104136 0012072
0105023 0012072
0106079 0012072
0107116 0012072
0110077 0012072
0110099 0012072
0110186 0012072
0111212 0012072
0112101 0012072
0105023 0104136
0106079 0104136
0107116 0104136
0110077 0104136
0110099 0104136
0110186 0104136
0111212 0104136
0112101 0104136
0106079 0105023
0107116 0105023
0110077 0105023
0110099 0105023
0110186 0105023
0111212 0105023
0112101 0105023
0107116 0106079
0110077 0106079
0110099 0106079
0110186 0106079
0111212 0106079
0112101 0106079
0110077 0107116
0110099 0107116
0110186 0107116
0111212 0107116
0112101 0107116
0110099 0110077
0110186 0110077
0111212 0110077
0112101 0110077
0110186 0110099
0111212 0110099
0112101 0110099
0111212 0110186
0112101 0110186
0112101 0111212
5:
0104136 9508068
0105023 9508068
0110077 9508068
0110099 9508068
0110200 9508068
0110186 9508068
0111212 9508068
0112101 9508068
0112199 9508068
0104136 0012072
0105023 0012072
0108075 0012072
0110077 0012072
0110099 0012072
0110200 0012072
0110186 0012072
0111212 0012072
0112101 0012072
0112199 0012072
0105023 0104136
0108075 0104136
0110077 0104136
0110099 0104136
0110200 0104136
0110186 0104136
0111212 0104136
0112101 0104136
0112199 0104136
0108075 0105023
0110077 0105023
0110099 0105023
0110200 0105023
0110186 0105023
0111212 0105023
0112101 0105023
0112199 0105023
0110077 0108075
0110099 0108075
0110200 0108075
0110186 0108075
0111212 0108075
0112101 0108075
0110099 0110077
0110200 0110077
0110186 0110077
0111212 0110077
0112101 0110077
0112199 0110077
0110099 0110200
0110186 0110099
0111212 0110099
0112101 0110099
0112199 0110099
0110200 0110186
0111212 0110200
0112101 0110200
0112199 0110200
0111212 0110186
0112101 0110186
0112199 0110186
0112101 0111212
0112199 0111212
0112199 0112101
6:
0101206 0011089
0101206 0011256
0103011 0101206
0103167 0101206
0103115 0101206
0103223 0101206
0105066 0101206
0106034 0101206
0106040 0101206
0107177 0101206
0108245 0101206
0110115 0101206
0112040 0101206
0112113 0101206
0103067 0008142
0103167 0008142
0103115 0008142
0104037 0008142
0105045 0008142
0105066 0008142
0105225 0008142
0106034 0008142
0106040 0008142
0106055 0008142
0107177 0008142
0108091 0008142
0108120 0008142
0110028 0008142
0110050 0008142
0110115 0008142
0110171 0008142
0110232 0008142
0111012 0008142
0111048 0008142
0111165 0008142
0112040 0008142
0112113 0008142
0103011 0011089
0103067 0011089
0103167 0011089
0103115 0011089
0103223 0011089
0104037 0011089
0104124 0011089
0105045 0011089
0105066 0011089
0105096 0011089
0105225 0011089
0106026 0011089
0106034 0011089
0106040 0011089
0106055 0011089
0106162 0011089
0107177 0011089
0108091 0011089
0108245 0011089
0109076 0011089
0110028 0011089
0110115 0011089
0110171 0011089
0110232 0011089
0111012 0011089
0111048 0011089
0112040 0011089
0112113 0011089
0103011 0011256
0103067 0011256
0103167 0011256
0103115 0011256
0103155 0011256
0103223 0011256
0104037 0011256
0104124 0011256
0105045 0011256
0105066 0011256
0105096 0011256
0105225 0011256
0106026 0011256
0106034 0011256
0106040 0011256
0106055 0011256
0106162 0011256
0107177 0011256
0108091 0011256
0108226 0011256
0108245 0011256
0109025 0011256
0110028 0011256
0110115 0011256
0110171 0011256
0110232 0011256
0111012 0011256
0111048 0011256
0111165 0011256
0111198 0011256
0112040 0011256
0112113 0011256
0103167 0103011
0103115 0103011
0103223 0103011
0104124 0103011
0105066 0103011
0106034 0103011
0106055 0103011
0107177 0103011
0108091 0103011
0108245 0103011
0109076 0103011
0112040 0103011
0103167 0103067
0103115 0103067
0103223 0103067
0104037 0103067
0105066 0103067
0105225 0103067
0106034 0103067
0106040 0103067
0107177 0103067
0108091 0103067
0108120 0103067
0108245 0103067
0110028 0103067
0110050 0103067
0110171 0103067
0110232 0103067
0111012 0103067
0111048 0103067
0111165 0103067
0112040 0103067
0103167 0103115
0103223 0103167
0104037 0103167
0104124 0103167
0105045 0103167
0105066 0103167
0105096 0103167
0105225 0103167
0106026 0103167
0106034 0103167
0106040 0103167
0106055 0103167
0106162 0103167
0107177 0103167
0108091 0103167
0108226 0103167
0108245 0103167
0109076 0103167
0110115 0103167
0110171 0103167
0110232 0103167
0111012 0103167
0111048 0103167
0111165 0103167
0111198 0103167
0112040 0103167
0112113 0103167
0103155 0103115
0103223 0103115
0104037 0103115
0104124 0103115
0105045 0103115
0105066 0103115
0105096 0103115
0105225 0103115
0106026 0103115
0106034 0103115
0106040 0103115
0106055 0103115
0106162 0103115
0107177 0103115
0108091 0103115
0108226 0103115
0108245 0103115
0109025 0103115
0109076 0103115
0110115 0103115
0110232 0103115
0111012 0103115
0111048 0103115
0111165 0103115
0111198 0103115
0112040 0103115
0112113 0103115
0106034 0103155
0107177 0103155
0108226 0103155
0109025 0103155
0111165 0103155
0111198 0103155
0112113 0103155
0104124 0103223
0105045 0103223
0105066 0103223
0105096 0103223
0106026 0103223
0106034 0103223
0106040 0103223
0106055 0103223
0106162 0103223
0107177 0103223
0108091 0103223
0108245 0103223
0109076 0103223
0110115 0103223
0110171 0103223
0110232 0103223
0111012 0103223
0111048 0103223
0112040 0103223
0112113 0103223
0104124 0104037
0105066 0104037
0105225 0104037
0106034 0104037
0106040 0104037
0106055 0104037
0108091 0104037
0108120 0104037
0108245 0104037
0110028 0104037
0110050 0104037
0110171 0104037
0110232 0104037
0111012 0104037
0111048 0104037
0111165 0104037
0112040 0104037
0112113 0104037
0105066 0104124
0105096 0104124
0106026 0104124
0106034 0104124
0106040 0104124
0106055 0104124
0106162 0104124
0107177 0104124
0108091 0104124
0108245 0104124
0109076 0104124
0110115 0104124
0110232 0104124
0111012 0104124
0111048 0104124
0112040 0104124
0112113 0104124
0105066 0105045
0105225 0105045
0106034 0105045
0106055 0105045
0110115 0105045
0112040 0105045
0105225 0105066
0106034 0105066
0106040 0105066
0106055 0105066
0108091 0105066
0108120 0105066
0110028 0105066
0110050 0105066
0110115 0105066
0110171 0105066
0110232 0105066
0111012 0105066
0111048 0105066
0112040 0105066
0106026 0105096
0106162 0105096
0107177 0105096
0108245 0105096
0106026 0105225
0106034 0105225
0106040 0105225
0106055 0105225
0106162 0105225
0107177 0105225
0108245 0105225
0110028 0105225
0110115 0105225
0110171 0105225
0110232 0105225
0111012 0105225
0111048 0105225
0111165 0105225
0112040 0105225
0112113 0105225
0106162 0106026
0107177 0106026
0108226 0106026
0108245 0106026
0111165 0106026
0112113 0106026
0106040 0106034
0106055 0106034
0106162 0106034
0107177 0106034
0108091 0106034
0108226 0106034
0108245 0106034
0109025 0106034
0109076 0106034
0110115 0106034
0110171 0106034
0110232 0106034
0111048 0106034
0111165 0106034
0111198 0106034
0112040 0106034
0112113 0106034
0106055 0106040
0106162 0106040
0108120 0106040
0108245 0106040
0110028 0106040
0110050 0106040
0110115 0106040
0110171 0106040
0110232 0106040
0111048 0106040
0112040 0106040
0106162 0106055
0110115 0106055
0110232 0106055
0111048 0106055
0111165 0106055
0112040 0106055
0112113 0106055
0107177 0106162
0108091 0106162
0108226 0106162
0108245 0106162
0111165 0106162
0112040 0106162
0112113 0106162
0108091 0107177
0108226 0107177
0108245 0107177
0109025 0107177
0109076 0107177
0110115 0107177
0110171 0107177
0110232 0107177
0111012 0107177
0111165 0107177
0111198 0107177
0112040 0107177
0112113 0107177
0108245 0108091
0109076 0108091
0110232 0108091
0111012 0108091
0111048 0108091
0110028 0108120
0110050 0108120
0110171 0108120
0110232 0108120
0111048 0108120
0112040 0108120
0108245 0108226
0109025 0108226
0111165 0108226
0111198 0108226
0112113 0108226
0108245 0109025
0111165 0108245
0111198 0108245
0112040 0108245
0112113 0108245
0111165 0109025
0111198 0109025
0112113 0109025
0110050 0110028
0110115 0110028
0110171 0110028
0110232 0110028
0111048 0110028
0112040 0110028
0110232 0110050
0111048 0110050
0112040 0110050
0110171 0110115
0110232 0110115
0111012 0110115
0111048 0110115
0112040 0110115
0112113 0110115
0110232 0110171
0111012 0110171
0111048 0110171
0111165 0110171
0112040 0110171
0111012 0110232
0111048 0110232
0111165 0110232
0112040 0110232
0111048 0111012
0111165 0111012
0112040 0111012
0111165 0111048
0112040 0111048
0111198 0111165
0112040 0111165
0112113 0111165
0112113 0111198
0112113 0112040
7:
0101073 9711200
0101083 9711200
0102042 9711200
0102113 9711200
0103078 9711200
0103108 9711200
0105052 9711200
0105117 9711200
0105160 9711200
0105214 9711200
0106086 9711200
0107134 9711200
0112226 9711200
0108172 9711200
0111008 9711200
0111238 9711200
0112140 9711200
0111182 9711200
0102042 9802109
0102113 9802109
0103078 9802109
0103108 9802109
0105052 9802109
0105093 9802109
0105117 9802109
0105214 9802109
0105249 9802109
0106086 9802109
0107134 9802109
0112226 9802109
0108172 9802109
0111008 9802109
0111238 9802109
0112140 9802109
0111182 9802109
0102042 9802150
0102113 9802150
0102138 9802150
0103078 9802150
0103108 9802150
0105052 9802150
0105093 9802150
0105117 9802150
0105160 9802150
0105214 9802150
0105249 9802150
0106086 9802150
0107134 9802150
0112226 9802150
0108172 9802150
0111008 9802150
0111238 9802150
0112140 9802150
0111182 9802150
0102042 9906064
0102184 9906064
0103078 9906064
0105070 9906064
0105117 9906064
0105214 9906064
0106086 9906064
0107134 9906064
0108172 9906064
0111008 9906064
0111238 9906064
0111182 9906064
0101073 0008140
0101073 0009244
0101073 0010127
0101073 0011115
0101073 0101076
0101073 0101083
0102042 0101073
0102113 0101073
0102138 0101073
0102184 0101073
0103078 0101073
0103108 0101073
0103241 0101073
0104141 0101073
0104159 0101073
0105052 0101073
0105070 0101073
0105093 0101073
0105117 0101073
0105160 0101073
0105214 0101073
0105249 0101073
0106086 0101073
0107134 0101073
0107234 0101073
0108092 0101073
0108172 0101073
0111008 0101073
0111093 0101073
0111238 0101073
0111276 0101073
0112140 0101073
0111136 0101073
0111182 0101073
0112009 0101073
0101076 0008140
0101083 0008140
0102042 0008140
0102113 0008140
0102138 0008140
0102184 0008140
0103078 0008140
0103108 0008140
0103241 0008140
0104141 0008140
0104159 0008140
0105036 0008140
0105052 0008140
0105070 0008140
0105093 0008140
0105117 0008140
0105214 0008140
0105249 0008140
0106086 0008140
0107134 0008140
0107234 0008140
0107238 0008140
0108092 0008140
0112226 0008140
0108172 0008140
0111008 0008140
0111093 0008140
0111238 0008140
0111276 0008140
0112140 0008140
0111136 0008140
0111182 0008140
0112009 0008140
0101076 0009244
0101083 0009244
0102042 0009244
0102113 0009244
0102138 0009244
0102184 0009244
0103078 0009244
0103108 0009244
0103241 0009244
0104141 0009244
0104159 0009244
0105052 0009244
0105070 0009244
0105117 0009244
0105214 0009244
0106086 0009244
0107134 0009244
0108092 0009244
0108172 0009244
0111008 0009244
0111093 0009244
0111238 0009244
0112140 0009244
0111136 0009244
0111182 0009244
0101076 0010127
0101083 0010127
0102042 0010127
0102113 0010127
0102138 0010127
0102184 0010127
0103078 0010127
0103108 0010127
0103241 0010127
0104141 0010127
0104159 0010127
0105052 0010127
0105070 0010127
0105117 0010127
0105214 0010127
0106086 0010127
0107134 0010127
0107238 0010127
0108092 0010127
0108172 0010127
0111008 0010127
0111093 0010127
0111238 0010127
0112140 0010127
0111136 0010127
0111182 0010127
0102042 0011115
0102113 0011115
0102138 0011115
0102184 0011115
0103078 0011115
0103108 0011115
0103241 0011115
0104141 0011115
0104159 0011115
0105036 0011115
0105052 0011115
0105070 0011115
0105093 0011115
0105117 0011115
0105160 0011115
0105214 0011115
0105249 0011115
0106086 0011115
0107134 0011115
0108092 0011115
0108172 0011115
0111008 0011115
0111093 0011115
0111238 0011115
0111276 0011115
0112140 0011115
0111136 0011115
0111182 0011115
0101076 0101083
0101076 9803131
0102042 0101076
0102113 0101076
0102138 0101076
0102184 0101076
0103108 0101076
0103241 0101076
0104141 0101076
0104159 0101076
0105036 0101076
0105052 0101076
0105070 0101076
0105093 0101076
0105117 0101076
0105160 0101076
0105214 0101076
0105249 0101076
0106086 0101076
0107134 0101076
0107234 0101076
0108092 0101076
0108172 0101076
0111008 0101076
0111093 0101076
0111238 0101076
0111276 0101076
0112140 0101076
0111136 0101076
0111182 0101076
0102042 0101083
0102113 0101083
0102138 0101083
0102184 0101083
0103078 0101083
0103108 0101083
0103241 0101083
0104141 0101083
0104159 0101083
0105052 0101083
0105070 0101083
0105117 0101083
0105160 0101083
0105214 0101083
0106086 0101083
0107134 0101083
0107234 0101083
0108092 0101083
0108172 0101083
0111008 0101083
0111093 0101083
0111238 0101083
0112140 0101083
0111136 0101083
0111182 0101083
0102042 9803131
0102113 9803131
0103108 9803131
0105036 9803131
0105070 9803131
0105093 9803131
0105214 9803131
0105249 9803131
0107238 9803131
0111093 9803131
0111276 9803131
0102113 0102042
0102138 0102042
0102184 0102042
0103078 0102042
0103108 0102042
0103241 0102042
0104141 0102042
0104159 0102042
0105036 0102042
0105052 0102042
0105070 0102042
0105093 0102042
0105117 0102042
0105160 0102042
0105214 0102042
0105249 0102042
0106086 0102042
0107134 0102042
0107234 0102042
0107238 0102042
0108092 0102042
0112226 0102042
0108172 0102042
0111008 0102042
0111093 0102042
0111238 0102042
0111276 0102042
0112140 0102042
0111136 0102042
0111182 0102042
0112009 0102042
0102138 0102113
0103078 0102113
0103108 0102113
0103241 0102113
0104141 0102113
0104159 0102113
0105036 0102113
0105052 0102113
0105070 0102113
0105093 0102113
0105117 0102113
0105160 0102113
0105214 0102113
0105249 0102113
0106086 0102113
0107134 0102113
0107234 0102113
0107238 0102113
0108092 0102113
0112226 0102113
0108172 0102113
0111008 0102113
0111093 0102113
0111238 0102113
0111276 0102113
0112140 0102113
0111136 0102113
0111182 0102113
0103078 0102138
0103108 0102138
0103241 0102138
0104141 0102138
0104159 0102138
0105036 0102138
0105052 0102138
0105070 0102138
0105093 0102138
0105117 0102138
0105160 0102138
0105214 0102138
0105249 0102138
0106086 0102138
0107134 0102138
0108092 0102138
0108172 0102138
0111008 0102138
0111093 0102138
0111238 0102138
0111276 0102138
0112140 0102138
0111136 0102138
0111182 0102138
0103078 0102184
0103108 0102184
0103241 0102184
0104141 0102184
0104159 0102184
0105052 0102184
0105070 0102184
0105093 0102184
0105117 0102184
0105160 0102184
0105214 0102184
0106086 0102184
0107134 0102184
0108092 0102184
0108172 0102184
0111008 0102184
0111093 0102184
0111238 0102184
0112140 0102184
0111136 0102184
0111182 0102184
0103108 0103078
0103241 0103078
0104141 0103078
0104159 0103078
0105036 0103078
0105052 0103078
0105070 0103078
0105093 0103078
0105214 0103078
0105249 0103078
0106086 0103078
0107134 0103078
0108092 0103078
0108172 0103078
0111008 0103078
0111093 0103078
0111238 0103078
0111276 0103078
0112140 0103078
0111136 0103078
0111182 0103078
0103241 0103108
0104141 0103108
0104159 0103108
0105036 0103108
0105052 0103108
0105070 0103108
0105093 0103108
0105117 0103108
0105160 0103108
0105214 0103108
0105249 0103108
0106086 0103108
0107134 0103108
0107234 0103108
0107238 0103108
0108092 0103108
0108172 0103108
0111008 0103108
0111093 0103108
0111238 0103108
0111276 0103108
0112140 0103108
0111136 0103108
0111182 0103108
0104141 0103241
0104159 0103241
0105052 0103241
0105070 0103241
0105093 0103241
0105117 0103241
0105160 0103241
0105214 0103241
0107134 0103241
0107234 0103241
0108092 0103241
0108172 0103241
0111093 0103241
0111238 0103241
0112140 0103241
0111136 0103241
0111182 0103241
0105036 0104141
0105052 0104141
0105070 0104141
0105093 0104141
0105117 0104141
0105160 0104141
0105214 0104141
0105249 0104141
0107134 0104141
0107234 0104141
0107238 0104141
0108172 0104141
0111008 0104141
0111093 0104141
0111238 0104141
0111276 0104141
0111136 0104141
0111182 0104141
0105052 0104159
0105070 0104159
0105117 0104159
0105160 0104159
0105214 0104159
0107134 0104159
0108092 0104159
0108172 0104159
0111093 0104159
0111136 0104159
0105070 0105036
0105093 0105036
0105117 0105036
0105160 0105036
0105214 0105036
0105249 0105036
0107134 0105036
0107234 0105036
0107238 0105036
0108172 0105036
0111008 0105036
0111093 0105036
0111238 0105036
0111136 0105036
0111182 0105036
0105093 0105052
0105117 0105052
0105160 0105052
0105214 0105052
0105249 0105052
0107134 0105052
0107238 0105052
0112226 0105052
0108172 0105052
0111008 0105052
0111093 0105052
0111238 0105052
0111276 0105052
0112140 0105052
0111182 0105052
0112009 0105052
0105093 0105070
0105117 0105070
0105160 0105070
0105214 0105070
0105249 0105070
0107134 0105070
0108092 0105070
0108172 0105070
0111008 0105070
0111093 0105070
0111238 0105070
0111276 0105070
0112140 0105070
0111136 0105070
0111182 0105070
0105117 0105093
0105160 0105093
0105214 0105093
0105249 0105093
0107134 0105093
0107238 0105093
0108172 0105093
0111093 0105093
0111238 0105093
0111276 0105093
0111182 0105093
0105214 0105117
0105249 0105117
0107134 0105117
0107238 0105117
0108172 0105117
0111008 0105117
0111093 0105117
0111238 0105117
0111276 0105117
0111182 0105117
0107134 0105160
0108172 0105160
0105249 0105214
0107238 0105214
0108172 0105214
0111008 0105214
0111093 0105214
0111238 0105214
0111276 0105214
0111136 0105214
0111182 0105214
0107234 0105249
0107238 0105249
0108092 0105249
0108172 0105249
0111093 0105249
0111238 0105249
0111276 0105249
0107134 0106086
0107238 0106086
0108172 0106086
0111008 0106086
0111093 0106086
0111238 0106086
0111182 0106086
0112226 0107134
0108172 0107134
0111008 0107134
0111093 0107134
0111238 0107134
0112140 0107134
0111182 0107134
0111093 0107234
0108172 0107238
0111008 0107238
0111093 0107238
0111238 0107238
0111182 0107238
0108172 0108092
0112226 0108172
0112226 0111008
0112226 0111093
0112226 0111238
0112226 0112140
0112226 0111182
0111008 0108172
0111093 0108172
0111238 0108172
0111182 0108172
0111008 0111093
0111238 0111008
0111276 0111008
0112140 0111008
0111182 0111008
0112009 0111008
0111238 0111093
0111276 0111093
0112140 0111093
0111182 0111093
0112009 0111093
0111276 0111238
0112140 0111238
0111238 0111182
0112009 0111238
0112140 0111276
0111276 0111182
0112009 0111276
0112140 0111136
0112140 0112009
0112009 0111182
