# The directed communities at k=10
# from /Users/bogna/dev/role-mining/datasets/hepth/timeslots/cit-HepTh-2001.edges
# at no lower link weight threshold,
# and at no upper link weight threshold.
# Links were treated as directed.
# No time limit was set for the clique search.

0: 0007018 0008001 0011288 9511222 0012195 0103080 0011190 0103167 0105019 0105049 0105250 0106055 0106117 0108080 0109039 0109177 0110034 
1: 9711200 9802150 0002145 9901147 9906022 9806146 9911082 0101176 0007146 0010252 0012052 0103171 0112045 0106109 0106113 0106151 0106184 0106191 0106247 0107031 0107067 0107091 0107134 0107169 0108119 0109213 0110007 0110108 0112218 0112223 0112226 0108172 0109057 0109122 0110031 0110062 0110064 0110169 0110234 0110238 0110265 0111008 0111093 0111238 0112140 0110123 0111085 0111182 0112002 0112066 0112093 0112152 
2: 0101014 0002117 0002237 0003031 0005036 0006240 0007153 0008033 0008053 0008101 0008252 0009103 0009105 0009148 0009191 0010190 0012251 9902105 9911116 9912249 9904207 0101162 0003278 0102071 0008231 0102085 0102112 0103085 0103103 0105024 0105058 0105059 0105129 0105168 0105175 0105184 0105246 0105312 0105319 0106010 0106027 0106036 0106068 0106107 0106157 0107007 0107101 0108150 0109049 0109182 0110124 0110136 0110204 0111034 0111069 0111087 0111129 0111153 0111208 0111281 0112169 0112214 0112231 
3: 9508068 0012072 9507143 0104136 9512154 0104238 0105023 0106206 0105062 0105220 0108075 0108196 0110099 0110107 0110200 0110164 0110170 0110186 0111177 0112101 0112199 
4: 9508068 0012072 0104136 0105023 0106079 0107116 0110077 0110099 0110186 0111212 0112101 
5: 9508068 0012072 0104136 0105023 0108075 0110077 0110099 0110200 0110186 0111212 0112101 0112199 
6: 0101206 0008142 0011089 0011256 0103011 0103067 0103167 0103115 0103155 0103223 0104037 0104124 0105045 0105066 0105096 0105225 0106026 0106034 0106040 0106055 0106162 0107177 0108091 0108120 0108226 0108245 0109025 0109076 0110028 0110050 0110115 0110171 0110232 0111012 0111048 0111165 0111198 0112040 0112113 
7: 9711200 9802109 9802150 9906064 0101073 0008140 0009244 0010127 0011115 0101076 0101083 9803131 0102042 0102113 0102138 0102184 0103078 0103108 0103241 0104141 0104159 0105036 0105052 0105070 0105093 0105117 0105160 0105214 0105249 0106086 0107134 0107234 0107238 0108092 0112226 0108172 0111008 0111093 0111238 0111276 0112140 0111136 0111182 0112009 
