# The links inside the directed communities at k=16
# from /Users/bogna/dev/role-mining/datasets/hepth/timeslots/cit-HepTh-1997.edges
# at no lower link weight threshold,
# and at no upper link weight threshold.
# Links were treated as directed.
# No time limit was set for the clique search.

0:
9702014 9411149
9702180 9411149
9703051 9411149
9703210 9411149
9704043 9411149
9704044 9411149
9704061 9411149
9704104 9411149
9704170 9411149
9704198 9411149
9705004 9411149
9705106 9411149
9705199 9411149
9706082 9411149
9706127 9411149
9707027 9411149
9707192 9411149
9708015 9411149
9708082 9411149
9708127 9411149
9708168 9411149
9709096 9411149
9712005 9411149
9702014 9611230
9702154 9702014
9702180 9702014
9703051 9702014
9703166 9702014
9703210 9702014
9704043 9702014
9704044 9702014
9704061 9702014
9704104 9702014
9704170 9702014
9704198 9702014
9705004 9702014
9705022 9702014
9705106 9702014
9705199 9702014
9705232 9702014
9706047 9702014
9706050 9702014
9706082 9702014
9706109 9702014
9706127 9702014
9706131 9702014
9707027 9702014
9707192 9702014
9707244 9702014
9707247 9702014
9708015 9702014
9708044 9702014
9708082 9702014
9708118 9702014
9708122 9702014
9708127 9702014
9708134 9702014
9708168 9702014
9709096 9702014
9710020 9702014
9711083 9702014
9711143 9702014
9712005 9702014
9712149 9702014
9712172 9702014
9712193 9702014
9702154 9611230
9702180 9611230
9703051 9611230
9703166 9611230
9703210 9611230
9704043 9611230
9704044 9611230
9704061 9611230
9704104 9611230
9704170 9611230
9704198 9611230
9705004 9611230
9705022 9611230
9705106 9611230
9705199 9611230
9705232 9611230
9706047 9611230
9706050 9611230
9706082 9611230
9706109 9611230
9706127 9611230
9706131 9611230
9707027 9611230
9707192 9611230
9707244 9611230
9707247 9611230
9708015 9611230
9708044 9611230
9708082 9611230
9708118 9611230
9708122 9611230
9708127 9611230
9708134 9611230
9708168 9611230
9709096 9611230
9710020 9611230
9711083 9611230
9711143 9611230
9712005 9611230
9712149 9611230
9712172 9611230
9712193 9611230
9703166 9702154
9704043 9702154
9704044 9702154
9704104 9702154
9704170 9702154
9705199 9702154
9706047 9702154
9706050 9702154
9706082 9702154
9706109 9702154
9706127 9702154
9707192 9702154
9707244 9702154
9707247 9702154
9708015 9702154
9708044 9702154
9708082 9702154
9708122 9702154
9708127 9702154
9708134 9702154
9708168 9702154
9709096 9702154
9711143 9702154
9712005 9702154
9712149 9702154
9703051 9702180
9704043 9702180
9704044 9702180
9704061 9702180
9704104 9702180
9704170 9702180
9704198 9702180
9705004 9702180
9705022 9702180
9705106 9702180
9705199 9702180
9705232 9702180
9706047 9702180
9706050 9702180
9706082 9702180
9706127 9702180
9707027 9702180
9707192 9702180
9707244 9702180
9708015 9702180
9708044 9702180
9708082 9702180
9708122 9702180
9708127 9702180
9708168 9702180
9709096 9702180
9710020 9702180
9711083 9702180
9712005 9702180
9712149 9702180
9703210 9703051
9704043 9703051
9704044 9703051
9704104 9703051
9704170 9703051
9704198 9703051
9705022 9703051
9705106 9703051
9706047 9703051
9706050 9703051
9706109 9703051
9706127 9703051
9707027 9703051
9707192 9703051
9707244 9703051
9707247 9703051
9708015 9703051
9708044 9703051
9708082 9703051
9708118 9703051
9708122 9703051
9708127 9703051
9708134 9703051
9708168 9703051
9712005 9703051
9712149 9703051
9703210 9703166
9704043 9703166
9704044 9703166
9704104 9703166
9704170 9703166
9704198 9703166
9705022 9703166
9705199 9703166
9705232 9703166
9706047 9703166
9706050 9703166
9706082 9703166
9706109 9703166
9706127 9703166
9706131 9703166
9707027 9703166
9707192 9703166
9707244 9703166
9707247 9703166
9708015 9703166
9708044 9703166
9708082 9703166
9708118 9703166
9708122 9703166
9708127 9703166
9708134 9703166
9708168 9703166
9709096 9703166
9711083 9703166
9711143 9703166
9712005 9703166
9712149 9703166
9712172 9703166
9712193 9703166
9704043 9703210
9704044 9703210
9704061 9703210
9704104 9703210
9704170 9703210
9704198 9703210
9705004 9703210
9705022 9703210
9705106 9703210
9705199 9703210
9705232 9703210
9706047 9703210
9706082 9703210
9706109 9703210
9706127 9703210
9706131 9703210
9707027 9703210
9707192 9703210
9707244 9703210
9707247 9703210
9708015 9703210
9708044 9703210
9708082 9703210
9708118 9703210
9708122 9703210
9708127 9703210
9708134 9703210
9708168 9703210
9709096 9703210
9710020 9703210
9712005 9703210
9712149 9703210
9712172 9703210
9712193 9703210
9704061 9704043
9704104 9704043
9704170 9704043
9704198 9704043
9705004 9704043
9705022 9704043
9705106 9704043
9705199 9704043
9705232 9704043
9706047 9704043
9706082 9704043
9706109 9704043
9706127 9704043
9706131 9704043
9707027 9704043
9707192 9704043
9707244 9704043
9707247 9704043
9708015 9704043
9708044 9704043
9708082 9704043
9708118 9704043
9708122 9704043
9708127 9704043
9708134 9704043
9708168 9704043
9709096 9704043
9710020 9704043
9712005 9704043
9712149 9704043
9712193 9704043
9704061 9704044
9704104 9704044
9704170 9704044
9704198 9704044
9705004 9704044
9705022 9704044
9705106 9704044
9705199 9704044
9705232 9704044
9706047 9704044
9706050 9704044
9706082 9704044
9706109 9704044
9706127 9704044
9706131 9704044
9707027 9704044
9707192 9704044
9707244 9704044
9708015 9704044
9708044 9704044
9708082 9704044
9708118 9704044
9708122 9704044
9708127 9704044
9708134 9704044
9708168 9704044
9709096 9704044
9710020 9704044
9711083 9704044
9712005 9704044
9712149 9704044
9704104 9704061
9704170 9704061
9704198 9704061
9705004 9704061
9705106 9704061
9705232 9704061
9706047 9704061
9706082 9704061
9706127 9704061
9707027 9704061
9707192 9704061
9707244 9704061
9708015 9704061
9708044 9704061
9708082 9704061
9708122 9704061
9708127 9704061
9709096 9704061
9710020 9704061
9712005 9704061
9712149 9704061
9704170 9704104
9704198 9704104
9705004 9704104
9705022 9704104
9705106 9704104
9705199 9704104
9705232 9704104
9706047 9704104
9706050 9704104
9706082 9704104
9706109 9704104
9706127 9704104
9706131 9704104
9707027 9704104
9707192 9704104
9707244 9704104
9707247 9704104
9708015 9704104
9708044 9704104
9708082 9704104
9708118 9704104
9708122 9704104
9708127 9704104
9708134 9704104
9708168 9704104
9709096 9704104
9710020 9704104
9711083 9704104
9711143 9704104
9712005 9704104
9712149 9704104
9712172 9704104
9712193 9704104
9704198 9704170
9705004 9704170
9705022 9704170
9705106 9704170
9705199 9704170
9706047 9704170
9706050 9704170
9706082 9704170
9706109 9704170
9706127 9704170
9706131 9704170
9707027 9704170
9707192 9704170
9707244 9704170
9708015 9704170
9708044 9704170
9708082 9704170
9708118 9704170
9708122 9704170
9708127 9704170
9708168 9704170
9709096 9704170
9712005 9704170
9712149 9704170
9705004 9704198
9705106 9704198
9705232 9704198
9706047 9704198
9706082 9704198
9706109 9704198
9706127 9704198
9706131 9704198
9707027 9704198
9707192 9704198
9707244 9704198
9707247 9704198
9708015 9704198
9708044 9704198
9708082 9704198
9708118 9704198
9708122 9704198
9708127 9704198
9708134 9704198
9708168 9704198
9709096 9704198
9710020 9704198
9712005 9704198
9712149 9704198
9705106 9705004
9705232 9705004
9706047 9705004
9706082 9705004
9706127 9705004
9707027 9705004
9707192 9705004
9707244 9705004
9708015 9705004
9708082 9705004
9708122 9705004
9708127 9705004
9709096 9705004
9710020 9705004
9712005 9705004
9712149 9705004
9705106 9705022
9706047 9705022
9706082 9705022
9706109 9705022
9706127 9705022
9706131 9705022
9707027 9705022
9707192 9705022
9707244 9705022
9708044 9705022
9708127 9705022
9708168 9705022
9709096 9705022
9712005 9705022
9712149 9705022
9705232 9705106
9706047 9705106
9706050 9705106
9706082 9705106
9706127 9705106
9707027 9705106
9707192 9705106
9707244 9705106
9708015 9705106
9708044 9705106
9708082 9705106
9708122 9705106
9708127 9705106
9708168 9705106
9709096 9705106
9710020 9705106
9712005 9705106
9712149 9705106
9706047 9705199
9706050 9705199
9706082 9705199
9706109 9705199
9706127 9705199
9706131 9705199
9707027 9705199
9707192 9705199
9707244 9705199
9707247 9705199
9708015 9705199
9708044 9705199
9708082 9705199
9708118 9705199
9708122 9705199
9708127 9705199
9708134 9705199
9708168 9705199
9709096 9705199
9712005 9705199
9712149 9705199
9712172 9705199
9712193 9705199
9706047 9705232
9706050 9705232
9706082 9705232
9706109 9705232
9706127 9705232
9706131 9705232
9707027 9705232
9707192 9705232
9707244 9705232
9707247 9705232
9708015 9705232
9708044 9705232
9708082 9705232
9708122 9705232
9708127 9705232
9708134 9705232
9708168 9705232
9709096 9705232
9710020 9705232
9712005 9705232
9712149 9705232
9712172 9705232
9712193 9705232
9706082 9706047
9706127 9706047
9707027 9706047
9707192 9706047
9707244 9706047
9708044 9706047
9708118 9706047
9708127 9706047
9708134 9706047
9708168 9706047
9709096 9706047
9710020 9706047
9712005 9706047
9712149 9706047
9706109 9706050
9706127 9706050
9707027 9706050
9707244 9706050
9708044 9706050
9708127 9706050
9708168 9706050
9712005 9706050
9712149 9706050
9706109 9706082
9706127 9706082
9706131 9706082
9707027 9706082
9707192 9706082
9707244 9706082
9707247 9706082
9708015 9706082
9708044 9706082
9708082 9706082
9708118 9706082
9708122 9706082
9708127 9706082
9708134 9706082
9708168 9706082
9709096 9706082
9710020 9706082
9711083 9706082
9711143 9706082
9712005 9706082
9712149 9706082
9712172 9706082
9712193 9706082
9706131 9706109
9707027 9706109
9707192 9706109
9707244 9706109
9707247 9706109
9708015 9706109
9708044 9706109
9708082 9706109
9708118 9706109
9708122 9706109
9708127 9706109
9708134 9706109
9708168 9706109
9709096 9706109
9711083 9706109
9711143 9706109
9712005 9706109
9712149 9706109
9712172 9706109
9712193 9706109
9707027 9706127
9707192 9706127
9707244 9706127
9707247 9706127
9708015 9706127
9708044 9706127
9708082 9706127
9708118 9706127
9708122 9706127
9708127 9706127
9708134 9706127
9708168 9706127
9709096 9706127
9710020 9706127
9711083 9706127
9711143 9706127
9712005 9706127
9712149 9706127
9712193 9706127
9707027 9706131
9708127 9706131
9709096 9706131
9712005 9706131
9712149 9706131
9707192 9707027
9707244 9707027
9708015 9707027
9708044 9707027
9708082 9707027
9708122 9707027
9708127 9707027
9708134 9707027
9708168 9707027
9709096 9707027
9711083 9707027
9712005 9707027
9712149 9707027
9708044 9707192
9708127 9707192
9708168 9707192
9709096 9707192
9710020 9707192
9712005 9707192
9712149 9707192
9708015 9707244
9708044 9707244
9708082 9707244
9708118 9707244
9708122 9707244
9708127 9707244
9708134 9707244
9708168 9707244
9709096 9707244
9711083 9707244
9712005 9707244
9712149 9707244
9712193 9707244
9708015 9707247
9708044 9707247
9708082 9707247
9708118 9707247
9708122 9707247
9708127 9707247
9708134 9707247
9708168 9707247
9709096 9707247
9712005 9707247
9712149 9707247
9712172 9707247
9708044 9708015
9708082 9708015
9708118 9708015
9708122 9708015
9708127 9708015
9708134 9708015
9708168 9708015
9709096 9708015
9711083 9708015
9711143 9708015
9712005 9708015
9712149 9708015
9712172 9708015
9712193 9708015
9708082 9708044
9708122 9708044
9708127 9708044
9708168 9708044
9709096 9708044
9711083 9708044
9711143 9708044
9712005 9708044
9712149 9708044
9712172 9708044
9712193 9708044
9708118 9708082
9708122 9708082
9708127 9708082
9708134 9708082
9708168 9708082
9709096 9708082
9711083 9708082
9711143 9708082
9712005 9708082
9712149 9708082
9712172 9708082
9712193 9708082
9708168 9708118
9709096 9708118
9712005 9708118
9712149 9708118
9712193 9708118
9708168 9708122
9709096 9708122
9712005 9708122
9712149 9708122
9708168 9708127
9709096 9708127
9711083 9708127
9711143 9708127
9712005 9708127
9712149 9708127
9712172 9708127
9712193 9708127
9708168 9708134
9709096 9708134
9712005 9708134
9712149 9708134
9712193 9708134
9709096 9708168
9711143 9708168
9712005 9708168
9712149 9708168
9712193 9708168
9711083 9709096
9711143 9709096
9712005 9709096
9712149 9709096
9712172 9709096
9712193 9709096
9712005 9710020
9712149 9710020
9712005 9711083
9712149 9711083
9712005 9711143
9712149 9711143
9712149 9712005
9712172 9712005
9712193 9712005
9712172 9712149
