# The links inside the directed communities at k=3
# from /Users/bogna/dev/role-mining/datasets/enron/timeslots/1-2000.edges
# at no lower link weight threshold,
# and at no upper link weight threshold.
# Links were treated as directed.
# No time limit was set for the clique search.

0:
10208 1609
10208 3078
10208 3647
10208 4232
10208 4429
10208 6607
10208 7472
5177 10208
3647 1609
787 1609
3647 3078
3647 4232
3647 4429
3647 6607
3647 7472
15689 3647
3647 1612
3647 2259
34425 3647
3647 4269
787 3647
3647 3559
3647 46583
5177 3647
787 4232
787 4429
787 5461
3559 5461
6607 7472
787 6607
787 7472
3559 7472
15689 5632
34425 5632
787 5632
15689 425
34425 425
15689 102
15689 1612
15689 2259
15689 29174
15689 34425
15689 3605
15689 4252
15689 4269
15689 5411
15689 5493
15689 563
15689 564
15689 581
15689 764
15689 787
34425 102
787 102
34425 1612
787 1612
3559 1612
34425 2259
34425 29174
787 29174
34425 5411
34425 563
34425 564
34425 581
34425 764
787 3605
787 4252
787 5411
787 5493
3559 5493
787 564
787 581
787 3559
787 46583
787 5177
3559 46583
1:
10250 14474
10250 15757
10250 17234
10250 17247
10250 2878
10250 3468
10250 3592
10250 48936
10250 5315
10250 5326
10250 5328
33768 10250
2876 10250
4748 10250
14474 17234
14474 5328
14474 17235
14474 5292
14474 5604
14474 9315
151 14474
33768 14474
34408 14474
6111 14474
2876 14474
17234 15757
17247 15757
48936 15757
5326 15757
15612 15757
33768 15757
33806 15757
5599 15757
4748 15757
17234 17247
2878 17234
17234 3468
17234 48936
5315 17234
17234 5326
17234 11297
17234 17235
17234 3950
17234 5292
17234 17125
3481 17234
17234 5579
7838 17234
17234 15612
17234 15741
17234 15774
17234 29163
17234 34506
17234 33768
17234 5309
17234 15805
17145 17234
34408 17234
17234 4666
17234 17248
17234 18197
17234 2958
17234 33766
17234 33806
17234 33808
17234 4642
17234 5552
17234 5559
17234 5599
17234 6111
4110 17234
5311 17234
36598 17234
53919 17234
66558 17234
17247 3468
48936 17247
17247 5315
17235 17247
33806 17247
3468 2878
2878 48936
2878 18197
2876 2878
151 29755
7838 29755
33860 29755
3468 3592
3468 48936
18197 3468
3468 33766
6111 3468
3468 2876
3468 5603
36598 3468
33768 3592
2876 3592
48936 5315
48936 5326
48936 17235
48936 17248
4110 48936
5315 5326
18197 5315
6111 5315
5326 33768
5326 15805
5326 5559
5326 10256
4748 5326
7838 5328
33768 5328
4110 5328
3213 118
123 3213
3213 138
3213 148
3213 261
3213 437
3213 444
3213 457
3213 498
3213 515
3213 7463
3213 1230
3213 12376
3213 142
3213 448
3213 714
3213 15126
3213 17747
52496 3213
3213 5459
15724 3213
3213 15916
3213 17973
3213 3669
3213 4805
3213 10229
3213 15953
3213 17351
3213 19452
3213 20022
3099 3213
3213 3203
3213 3218
3213 3233
3213 33884
3213 34940
3213 667
3213 80465
3213 80560
280 3213
3213 129
3213 3412
3213 37340
3213 37341
3213 447
3213 5551
3213 7473
3213 80337
4988 3213
6018 3213
106 10755
106 118
106 119
106 196
106 203
106 3
106 36549
106 51
106 744
174 106
2353 106
493 106
174 10755
118 3
118 51
174 118
4 118
3233 118
2353 118
493 118
36478 118
174 119
4 119
720 196
174 196
4 196
2353 196
493 196
174 203
36549 3
744 3
10759 3
10761 3
174 3
2105 3
2353 3
493 3
36478 3
36549 2105
36549 463
36549 471
720 51
174 51
29654 51
89 51
2353 51
493 51
29732 51
1068 786
558 1068
1310 1068
786 558
786 1070
786 641
509 786
786 498
786 12376
786 142
1310 786
786 1066
1548 786
786 1552
786 489
491 786
786 519
786 762
786 851
786 854
786 1375
786 5240
786 8619
786 518
786 1550
786 3191
786 3382
786 5580
786 1541
786 28435
786 28792
786 889
786 927
786 5380
786 17184
20047 786
786 545
786 17265
786 3298
786 3701
1069 5467
1069 558
2249 1069
558 5467
5467 28229
558 641
1310 558
558 1336
558 1548
558 1552
558 1586
558 489
558 628
558 854
558 1550
558 599
558 761
558 889
558 927
558 10184
558 334
558 17286
558 825
17317 558
558 7644
558 2249
558 28229
558 1062
558 1063
558 28199
558 5198
558 592
558 8173
1070 641
663 1070
641 663
1310 641
641 1066
641 1336
641 1548
641 1552
641 1586
641 519
641 600
641 628
641 714
641 726
641 851
641 854
641 928
641 985
641 1375
641 3722
641 518
641 3191
641 3382
641 5580
641 1541
641 5380
641 5293
641 6017
641 825
641 17317
641 7644
641 3923
641 4558
641 17265
641 3298
641 3307
641 1062
641 1063
641 28199
641 5198
641 592
641 10259
641 19985
641 3312
641 3948
641 1236
641 3701
641 4215
10759 11679
10759 2106
10759 4250
10759 452
10759 527
2262 10759
174 10759
505 10759
20676 10759
2262 11679
505 11679
1246 663
1246 775
174 2106
20676 2106
4250 452
11671 4250
14890 4250
174 4250
505 4250
20676 4250
4250 30
4250 604
11671 452
2262 452
491 452
14890 452
174 452
505 452
547 452
20676 452
1310 509
11695 527
2262 527
663 527
491 527
905 527
174 527
505 527
527 125
10761 110
10761 29655
174 10761
89 10761
89 110
89 29655
5459 3050
17973 3050
11297 17235
11297 3950
11297 5292
6111 11297
2876 11297
3481 17235
17235 15612
17235 15741
17235 15774
33768 17235
17235 15805
17145 17235
34408 17235
4666 17235
17235 17248
17235 33766
17235 33806
17235 33808
4642 17235
17235 5599
17235 10256
17235 33807
17235 5596
4748 17235
53919 17235
3950 3481
3950 4642
3950 15813
3950 3231
3950 5291
3950 5547
3950 33860
3950 34955
7838 4696
17263 4696
4110 4696
7838 5292
17145 5292
5604 33768
4748 5604
151 9315
7838 9315
174 3228
3228 112
3228 181
3228 201
3228 4
3228 8326
3228 8601
3228 2024
3228 8336
3228 8351
11695 540
2262 540
540 544
20676 540
11695 2262
11695 492
2262 492
2262 544
2262 20689
492 1884
492 20684
492 544
20676 492
151 429
151 142
151 5314
151 17125
151 3191
151 4163
151 5580
151 7699
151 7838
151 9952
17714 151
885 151
33860 151
123 138
123 148
123 261
123 437
123 444
123 457
123 498
123 515
123 7463
3412 138
3412 148
3412 261
663 4217
905 4217
505 4217
663 425
905 425
505 425
6018 437
663 457
491 457
905 457
505 457
663 498
1310 498
498 448
498 489
491 498
498 519
498 616
498 714
498 835
905 498
498 28435
498 599
505 498
498 447
663 565
489 565
491 565
905 565
505 565
663 656
905 656
505 656
1230 429
17973 1230
280 1230
4988 1230
17714 429
429 280
12376 142
1550 12376
17973 12376
20047 12376
37340 12376
491 142
5314 142
142 1550
3191 142
663 775
1310 663
1538 663
663 489
491 663
663 519
663 623
674 663
663 823
663 851
663 905
663 985
663 764
663 505
663 30
663 765
4259 663
663 545
663 645
663 125
663 1236
663 4215
663 4218
1310 775
1310 1066
1310 1336
1310 1492
1310 1538
1310 1548
1310 1552
1310 1586
1310 448
1310 489
1310 491
1310 519
1310 531
1310 572
1310 600
1310 611
1310 616
1310 623
1310 625
1310 628
1310 674
1310 714
1310 722
1310 726
1310 762
1310 823
1310 835
1310 851
1310 854
1310 905
1310 928
1310 985
1492 1066
1492 519
1492 600
1492 928
1492 1061
1492 3351
1492 3431
1492 3745
1492 456
1492 5313
6111 1492
1548 489
1548 854
1552 10184
1552 334
489 448
489 491
519 489
489 531
489 572
611 489
489 616
489 623
489 625
489 628
489 674
489 714
489 854
905 489
489 419
489 518
489 453
927 489
489 764
547 489
489 554
489 566
489 573
489 607
489 645
491 519
491 611
491 419
491 453
491 599
491 764
491 547
491 30
491 447
491 765
491 545
491 554
491 566
491 573
491 645
905 519
519 3351
3745 519
456 519
927 519
17263 519
3297 519
47971 519
5442 519
674 616
1550 628
628 5293
628 6017
628 17317
628 7644
628 3923
628 8173
628 10259
628 19985
628 3312
628 3948
674 722
674 607
720 2353
905 764
905 505
905 30
905 765
905 125
905 4218
6111 928
1375 3722
1375 5240
1375 8619
547 419
5314 885
7838 5548
4110 5548
1550 1541
1550 28435
1550 28792
1550 599
1550 761
1550 889
1550 927
20047 1550
3351 1061
456 1061
4110 1061
47971 1061
5442 1061
3351 3431
3351 456
3351 5313
3351 5510
3351 7838
3351 17263
3351 33778
3351 3918
3351 3990
3297 3351
3351 17292
3351 3026
3351 5547
3351 939
3351 17855
3351 18405
3351 2986
3351 300
3351 3460
3351 3466
3351 3868
3351 3894
3351 4110
3351 47936
3351 47962
3351 47968
3351 47971
3351 5163
3351 5300
3351 5381
3351 5442
3351 7698
3351 7707
3351 8355
47966 3351
47956 3351
48148 3351
48185 3351
456 3431
47936 3431
47971 3431
5442 3431
7707 3431
456 3745
47971 3745
5442 3745
3745 47982
456 5313
4110 456
47971 456
5442 456
4110 5313
47936 5313
7838 17125
2876 17125
17145 3481
34408 3481
4642 3481
3481 15813
3481 3231
3481 5291
3481 5547
4110 3481
7712 3481
7838 4163
4110 4163
3297 5510
15612 5579
7838 5580
7838 7699
7838 9952
7838 5380
7838 2958
7838 4642
17263 7838
7838 15813
7838 33778
7838 3918
7838 2876
7838 5529
7838 3231
7838 3990
7838 5291
7838 5547
7838 17855
7838 4110
7838 5163
7838 5381
7838 7698
7838 33860
7838 5532
7838 48944
15126 17747
15126 52496
15126 5459
17973 15126
17747 17973
17747 3669
17747 4805
52496 5459
17973 52496
5459 15724
17973 5459
5459 3669
5459 15953
5459 19578
5459 27365
5459 35100
5459 37321
5459 49737
5459 6871
3412 5459
37341 5459
17184 1541
20047 1541
927 599
17184 889
33806 15612
5559 15612
505 764
15741 15774
15741 29163
15741 34506
33806 15741
5596 15741
5311 15741
53919 15741
15774 33768
15774 5309
33806 15774
53919 15774
53919 29163
53919 34506
33768 15805
18197 33768
33768 5559
5599 33768
6111 33768
33768 10256
33768 15817
33768 2876
33768 5327
33768 5603
4748 33768
17145 5309
33806 5309
53919 5309
17263 5380
33806 15805
5311 15805
4748 15805
53919 15805
66558 15805
37341 15916
80337 15916
17145 34408
17145 4666
34408 5552
4642 4666
4666 15813
4666 3231
4666 5291
4666 5547
67642 17973
3218 67642
33884 67642
33806 17248
18197 15817
33806 33766
33806 33808
33806 5599
33806 10256
33806 33807
33806 5596
33806 5311
4642 15813
4642 3231
4642 5291
4642 5547
4642 34955
4642 48944
5559 10256
4748 5559
5578 3231
5578 5291
6111 15817
6111 5301
2876 6111
4748 10256
53919 33807
17263 15813
17263 33778
17263 3918
3297 17263
4110 15813
7712 15813
3297 33778
33778 17292
33778 2986
4110 33778
3297 3918
3918 5547
3918 3868
4110 3918
3918 47936
3918 7707
17286 825
825 2271
28229 825
17317 7644
174 10
174 111
174 112
174 171
174 178
174 179
174 181
174 201
174 231
174 256
174 29654
174 389
174 4
174 5033
174 505
174 547
174 5611
174 723
174 76
174 78
174 8326
174 8601
174 89
174 9
174 92
174 95
4 10
4 111
89 111
4 112
4 171
4 178
4 179
4 201
4 231
4 256
4 29654
29732 29654
4 389
4 5033
4 76
4 78
4 8326
4 8601
4 9
4 2024
4 8336
4 8351
505 30
505 765
505 604
505 645
547 723
4259 547
547 545
89 5611
89 92
89 95
29732 89
33860 17714
17973 3669
17973 4805
17973 10229
17973 15953
17973 17351
17973 19452
17973 19578
17973 20022
17973 27365
17973 3099
17973 3203
17973 3218
17973 3233
17973 33884
17973 33977
17973 34940
17973 35100
17973 37321
17973 40398
17973 49737
17973 667
17973 6871
17973 69324
17973 80465
17973 80560
17973 81884
3669 7473
37340 4805
3218 17351
4988 19452
3218 3099
3218 3203
3218 33977
3218 40398
3218 49737
69324 3218
34940 33884
81884 33884
37340 33884
37341 33884
4988 33884
34940 35100
4988 34940
4988 35100
4988 667
2876 5301
1884 20684
1884 544
948 1884
20676 544
20689 544
948 544
2105 463
2105 471
28229 2271
2353 11691
2353 30
2353 36591
2353 36642
2353 493
493 11691
493 30
493 36591
493 36642
280 129
4988 129
2876 5327
2876 5529
2876 5603
4110 2876
4748 2876
4748 5327
4110 5529
4110 5603
37341 37340
4988 5551
6018 5551
3231 3990
3231 5291
3231 5549
4110 3231
7712 3231
4110 5291
7712 5291
4110 5549
3297 17292
3297 3026
3297 5547
3297 939
47936 17292
7707 17292
4110 5547
47936 5547
7707 5547
7712 5547
4110 939
4110 17855
4110 18405
47962 18405
47936 2986
4110 300
47936 3460
47936 3466
7707 3868
4110 3894
47962 3894
4110 5163
4110 8355
47936 47962
47936 5300
7707 47936
47936 47966
47936 48172
47962 7707
47962 47956
47962 48148
47971 47968
5442 47971
47971 47982
47971 48150
7707 5300
5442 48150
7707 47966
7707 48172
7707 48185
53919 5311
33860 34955
33860 5532
4259 545
4558 17265
4558 3298
4558 3307
47966 48148
2:
12521 527
527 954
12521 954
3:
1300 807
1310 1300
1310 807
807 720
807 857
1310 720
1310 857
4:
2876 2934
2876 6035
2934 6035
5:
3213 14873
34899 3213
34899 14873
6:
33027 5205
5205 58384
5205 79
33027 58384
33027 79
7:
3351 47939
3351 47961
47939 47961
8:
33723 151
5336 151
33723 5336
9:
3647 46575
46574 3647
46574 46575
10:
663 4224
4254 663
4254 4224
11:
6111 787
787 5299
6111 5299
12:
63968 143
64037 143
64039 143
64040 143
64055 143
64036 143
63968 64037
63968 64039
63968 64040
63968 64041
63968 64049
63968 64051
63968 64053
63968 64054
63968 64055
63968 64056
63968 64057
63968 64062
63968 64063
63968 64064
63968 64069
63968 64070
63968 64071
63968 64072
63968 64076
63968 64077
63968 64078
63968 64079
63968 64080
63968 64081
63968 64082
63968 64099
64037 64039
64040 64037
64037 64049
64037 64051
64037 64053
64037 64054
64037 64055
64037 64056
64037 64057
64037 64063
64037 64064
64037 64069
64037 64070
64037 64071
64037 64072
64037 64076
64037 64077
64037 64078
64037 64079
64037 64080
64037 64081
64036 64037
64037 64042
64037 64043
64037 64044
64037 64046
64037 64047
64037 64048
64037 64050
64037 64052
64037 64058
64037 64059
64037 64060
64037 64061
64037 64065
64037 64066
64037 64067
64037 64068
64037 64073
64037 64074
64037 64075
64037 64083
64037 64084
64039 64040
64039 64041
64039 64049
64039 64051
64039 64053
64039 64054
64039 64055
64039 64056
64039 64057
64039 64062
64039 64063
64039 64064
64039 64069
64039 64070
64039 64071
64039 64072
64039 64076
64039 64077
64039 64078
64039 64079
64039 64080
64039 64081
64039 64082
64039 64099
64039 64042
64039 64043
64039 64044
64039 64046
64039 64047
64039 64048
64039 64050
64039 64052
64039 64058
64039 64059
64039 64060
64039 64061
64039 64065
64039 64066
64039 64067
64039 64068
64039 64073
64039 64074
64039 64075
64039 64045
64039 64085
64039 64086
64039 64087
64039 64088
64040 64041
64040 64049
64040 64051
64040 64053
64040 64054
64040 64055
64040 64056
64040 64057
64040 64062
64040 64063
64040 64064
64040 64069
64040 64070
64040 64071
64040 64072
64040 64076
64040 64077
64040 64078
64040 64079
64040 64080
64040 64081
64040 64082
64040 64042
64040 64043
64040 64044
64040 64046
64040 64047
64040 64048
64040 64050
64040 64052
64040 64058
64040 64059
64040 64060
64040 64061
64040 64065
64040 64066
64040 64067
64040 64068
64040 64073
64040 64074
64040 64075
64040 64083
64040 64084
64040 64045
64040 64085
64040 64086
64040 64087
64088 64040
64055 64049
64055 64051
64055 64053
64055 64054
64055 64056
64055 64057
64055 64063
64055 64064
64055 64069
64055 64070
64055 64071
64055 64072
64055 64076
64055 64078
64055 64079
64055 64080
64055 64081
64055 64042
64055 64044
64055 64047
64055 64048
64055 64050
64055 64052
64055 64059
64055 64060
64055 64061
64055 64065
64055 64066
64055 64067
64055 64068
64055 64073
64055 64075
13:
11426 3228
11426 6627
6627 3228
14:
123 151
151 450
151 656
123 450
123 656
15:
786 1364
786 2100
1364 2100
16:
1399 1608
1399 5314
5314 1608
17:
143 29018
143 3854
3854 29018
18:
151 33219
29732 151
29732 33219
19:
8612 151
8612 19097
19097 151
20:
492 143
492 925
925 143
21:
10759 1246
20684 10759
20684 1246
22:
11671 532
15405 532
15405 11671
23:
123 143
123 565
143 565
