# The directed communities at k=3
# from /Users/bogna/dev/role-mining/datasets/enron/timeslots/1-2000.edges
# at no lower link weight threshold,
# and at no upper link weight threshold.
# Links were treated as directed.
# No time limit was set for the clique search.

0: 10208 1609 3078 3647 4232 4429 5461 6607 7472 5632 425 15689 102 1612 2259 29174 34425 3605 4252 4269 5411 5493 563 564 581 764 787 3559 46583 5177 
1: 10250 14474 15757 17234 17247 2878 29755 3468 3592 48936 5315 5326 5328 3213 106 10755 118 119 196 203 3 36549 51 744 1068 786 1069 5467 558 1070 641 10759 11679 1246 2106 4250 452 509 527 10761 110 29655 3050 11297 17235 3950 4696 5292 5604 9315 3228 11671 540 11695 2262 492 151 123 138 148 261 4217 425 437 444 457 498 515 565 656 7463 1230 429 12376 142 663 775 1310 1066 1336 1492 1538 1548 1552 1586 448 489 491 519 531 572 600 611 616 623 625 628 674 714 720 722 726 762 823 835 851 854 905 928 985 1375 3722 5240 8619 419 5314 5548 518 1550 14890 1061 3351 3431 3745 456 5313 17125 3191 3382 3481 4163 453 5510 5579 5580 7699 7838 9952 15126 17747 52496 5459 1541 28435 28792 599 761 889 927 10184 334 15612 764 15724 15741 15774 29163 34506 33768 5309 5380 15805 15916 17145 34408 4666 5293 6017 67642 17184 17248 18197 2958 33766 33806 33808 4642 5552 5559 5578 5599 6111 10256 33807 5596 17263 15813 33778 3918 17286 825 17317 7644 174 10 111 112 171 178 179 181 201 231 256 29654 389 4 5033 505 547 5611 723 76 78 8326 8601 89 9 92 95 17714 17973 3669 4805 10229 15953 17351 19452 19578 20022 27365 3099 3203 3218 3233 33884 33977 34940 35100 37321 40398 49737 667 6871 69324 80465 80560 81884 15817 5301 1884 20684 544 3923 20047 20676 20689 2105 463 471 2249 2271 2353 11691 30 36591 36642 493 280 129 28229 2876 5327 5529 5603 29732 3412 37340 37341 447 5551 7473 80337 885 2024 8336 8351 3231 3990 5291 5549 3297 17292 3026 5547 939 17855 18405 2986 300 3460 3466 3868 3894 4110 47936 47962 47968 47971 5163 5300 5381 5442 7698 7707 8355 5311 33860 34955 5532 765 36478 36598 47982 604 4259 545 4558 17265 3298 3307 48944 4748 47966 48172 47956 48148 48150 48185 554 566 573 607 645 4988 125 53919 1062 1063 28199 5198 592 8173 6018 10259 19985 3312 3948 1236 3701 4215 4218 66558 7712 948 
2: 527 12521 954 
3: 1300 807 1310 720 857 
4: 2876 2934 6035 
5: 3213 14873 34899 
6: 5205 33027 58384 79 
7: 3351 47939 47961 
8: 151 33723 5336 
9: 3647 46575 46574 
10: 663 4224 4254 
11: 787 6111 5299 
12: 143 63968 64037 64039 64040 64041 64049 64051 64053 64054 64055 64056 64057 64062 64063 64064 64069 64070 64071 64072 64076 64077 64078 64079 64080 64081 64082 64099 64036 64042 64043 64044 64046 64047 64048 64050 64052 64058 64059 64060 64061 64065 64066 64067 64068 64073 64074 64075 64083 64084 64045 64085 64086 64087 64088 
13: 11426 3228 6627 
14: 151 123 450 656 
15: 786 1364 2100 
16: 1399 1608 5314 
17: 143 29018 3854 
18: 151 33219 29732 
19: 8612 151 19097 
20: 492 143 925 
21: 10759 1246 20684 
22: 532 11671 15405 
23: 123 143 565 
