# The contained directed cliques in the directed communities at k=3
# from /Users/bogna/dev/role-mining/datasets/enron/timeslots/1-2000.edges
# at no lower link weight threshold,
# and at no upper link weight threshold.
# Links were treated as directed.
# No time limit was set for the clique search.

0: 0 114 116 118 234 244 115 117 119 221 233 245 322 362 363 120 163 162 25 26 156 159 161 274 327 365 155 157 158 160 272 273 326 361 364 452 473 27 
1: 1 2 328 446 506 559 329 31 32 33 34 36 37 38 40 41 42 176 177 178 179 282 284 285 448 561 35 66 67 68 283 43 180 288 449 508 3 4 450 590 251 564 610 252 565 566 567 577 126 609 127 608 510 538 511 195 512 539 540 371 370 372 222 487 534 489 113 235 256 305 340 384 416 451 455 456 471 472 488 605 606 607 611 304 383 388 415 454 470 604 615 89 90 145 152 230 349 460 591 9 10 11 15 139 141 146 258 261 343 344 347 419 599 602 603 138 13 111 112 125 140 142 143 260 341 346 418 420 513 598 600 124 151 223 225 243 357 366 426 467 498 545 224 84 226 170 358 171 271 22 121 269 270 359 504 542 585 586 592 14 253 601 201 259 268 360 387 543 581 587 200 257 345 613 5 6 130 132 134 137 254 414 131 133 255 505 164 183 356 369 376 44 45 46 47 49 51 53 54 128 184 185 187 188 190 289 291 292 354 355 436 438 457 568 48 50 52 189 434 435 55 186 191 197 202 439 459 196 458 417 203 135 294 374 293 167 290 375 65 541 64 437 389 350 386 533 348 385 468 469 544 204 144 342 424 514 547 351 425 461 464 548 352 353 462 463 465 73 74 212 217 378 390 466 491 550 211 377 483 484 485 70 153 207 524 525 549 208 72 78 210 215 216 303 551 209 86 214 228 229 77 199 205 218 262 267 332 445 526 532 556 616 265 301 263 264 28 335 588 333 334 336 475 593 595 596 29 172 275 276 278 428 474 478 495 496 499 500 516 517 519 520 521 579 582 173 175 379 380 429 431 479 482 497 174 165 166 381 382 432 433 569 476 480 518 536 614 430 441 477 522 535 537 154 409 440 442 443 493 494 558 247 277 408 410 411 570 571 572 246 248 198 300 444 576 594 597 413 481 523 412 299 192 296 580 295 578 573 574 219 528 552 575 584 220 502 529 530 531 501 503 368 553 554 555 69 583 557 85 206 589 527 331 367 492 20 21 266 324 338 427 323 325 181 182 80 337 213 88 227 76 87 82 515 546 96 281 91 92 93 94 95 98 99 100 101 168 169 194 279 280 486 30 297 123 298 122 58 17 18 19 23 24 12 231 39 286 509 287 447 59 60 61 422 490 507 560 423 249 562 563 373 56 57 
2: 7 
3: 8 16 421 
4: 62 
5: 63 
6: 71 302 
7: 75 
8: 79 
9: 81 
10: 83 
11: 97 
12: 102 236 237 238 306 391 392 393 394 395 396 397 398 399 400 401 402 403 404 405 406 407 612 106 107 108 109 110 239 240 241 242 307 308 309 310 311 312 313 314 315 316 317 318 319 320 321 104 105 103 
13: 129 
14: 136 339 
15: 147 
16: 148 
17: 149 
18: 150 
19: 193 
20: 232 
21: 250 
22: 330 
23: 453 
