# The links from /Users/bogna/dev/role-mining/datasets/enron/timeslots/06-filtered2.edges
# at no lower link weight threshold,
# and at no upper link weight threshold.
# Links were treated as directed.
# No time limit was set for the clique search.
# (self-links were removed)

00002 00020
00002 00070
00006 00036
00006 00066
00006 00107
00009 00013
00009 00048
00009 00050
00009 00057
00009 00067
00010 00073
00013 00009
00013 00048
00013 00050
00013 00057
00013 00067
00014 00027
00018 00020
00018 00028
00020 00070
00027 00014
00027 00052
00027 00147
00028 00018
00028 00020
00033 00057
00033 00075
00036 00078
00038 00057
00038 00075
00044 00010
00044 00036
00044 00058
00044 00078
00044 00126
00044 00150
00048 00006
00048 00009
00048 00027
00048 00050
00048 00067
00049 00024
00049 00073
00049 00082
00050 00009
00050 00013
00050 00048
00050 00057
00050 00067
00050 00147
00052 00027
00052 00076
00052 00136
00053 00077
00053 00078
00053 00092
00057 00067
00057 00075
00057 00076
00058 00107
00066 00020
00066 00070
00067 00009
00067 00013
00067 00048
00067 00050
00067 00057
00069 00073
00070 00020
00073 00038
00073 00049
00073 00069
00075 00033
00075 00038
00076 00009
00076 00033
00076 00052
00076 00057
00076 00075
00076 00136
00076 00142
00078 00107
00081 00114
00083 00092
00085 00086
00086 00133
00092 00083
00092 00107
00092 00109
00092 00126
00092 00132
00100 00044
00100 00111
00107 00027
00107 00069
00107 00078
00111 00044
00114 00128
00122 00092
00122 00107
00126 00057
00128 00100
00128 00105
00132 00092
00133 00086
00133 00132
00136 00057
00136 00076
00136 00142
00142 00033
00142 00076
00142 00136
00147 00009
00147 00013
00147 00027
00147 00050
00147 00067
00150 00107
