# The directed communities at k=7
# from /Users/bogna/dev/role-mining/datasets/hepth/timeslots/cit-HepTh-2001.edges
# at no lower link weight threshold,
# and at no upper link weight threshold.
# Links were treated as directed.
# No time limit was set for the clique search.

0: 9207094 0011017 0102122 0011257 0102183 0104147 0104200 0105063 0107063 0107152 0107162 0109069 0110071 0110288 0111239 0112029 
1: 9508068 9906055 9309075 0012072 9312172 9411198 9507143 0103220 0104136 9512154 9804076 0104238 9502038 9510041 0105023 0106206 9411099 0105062 0105220 0105308 0106079 0107002 0107116 0108075 0108140 0108196 0109019 0110077 0110099 0110107 0110200 0110164 0110170 0110186 0111051 0111154 0111155 0111177 0111199 0111212 0112059 0112101 0112173 0112199 
2: 0103239 0108187 0109050 0109004 0112026 0112128 0112249 
3: 0009142 0011139 0103217 0103256 0104017 0104095 0105311 0106213 0107251 
4: 0001084 0002211 9503099 0102085 9912120 0104230 0105230 0105319 0106107 0112231 
5: 0005182 0010137 9906188 0103230 9908163 0104016 0105254 0106238 0106249 0107071 0107212 0112251 
6: 0104005 0104035 0104179 0105153 0106126 0109082 0110188 
7: 0101014 0001084 0002117 0002211 0002237 0003031 0003220 0004015 0005036 0006240 0007153 0008033 0008053 0008101 0008252 0009103 0009105 0009148 0009191 0010108 0010190 0011238 0012251 9902105 9911116 9912249 0003160 0005031 9904207 0011226 9208027 9210065 0101162 0002223 0010240 9303143 0003278 0011009 9311177 0102071 0008227 0008231 0102085 0102112 0103085 0103103 0104230 0105024 0105058 0105059 0105227 0105129 0105156 0105168 0105175 0105184 0105246 0105312 0105319 0106010 0106027 0106036 0106068 0106107 0106157 0106242 0107007 0107046 0107101 0107197 0108150 0109049 0109182 0110124 0110136 0110204 0111034 0111069 0111087 0111092 0111129 0111153 0111199 0111208 0111281 0112169 0112202 0112214 0112231 
8: 9407025 0108091 0108219 0110232 0110302 0111012 0111048 0111165 
9: 9908142 0003160 0010060 0101199 0010101 0012259 0103256 0104090 0104143 0110122 0111094 
10: 0102016 0006114 0102092 0102181 0102137 0102188 0104264 
11: 9606139 9912204 0007024 0011073 0012156 0008250 0007090 0105155 9503030 0105208 0107036 0107138 0107143 0107166 0111179 0112015 0112174 
12: 0007191 9807080 0008001 9912152 0101206 0008142 0011089 0011256 0012136 0102185 0103011 0103067 9811131 0103167 0103115 0103155 0011130 9903093 0103223 0104037 9506150 0104124 0104208 0105045 0105066 0105096 0105225 0106026 0106034 0106040 0106055 0106162 0106177 0107166 0107177 0108080 0108091 0108120 0108165 0108219 0108226 0108229 0108245 0109025 0109076 0109152 0110028 0110050 0110115 0110171 0110184 0110232 0111012 0111048 0111050 0111128 0111165 0111198 0112040 0112113 
13: 0011256 0103011 0106034 0107177 0108245 0111096 0112098 0112113 0112138 0112235 
14: 9908142 0008013 0011131 9910053 0009101 0104036 0104045 0104139 0106024 0107087 0107172 0108104 0112238 
15: 9711200 9802109 9802150 9905111 9906064 9409089 0001192 0003052 0004097 0007064 9910149 9910219 9912287 9905012 0004126 0101073 0002145 0008140 0009244 0010127 0011115 0101076 0101083 0101164 9806039 9901147 9902088 9902126 9904120 9905177 9906022 9911002 9803131 9902173 0101091 9902121 9903225 9806146 9807127 9808069 9911082 0101176 0102035 0102042 0102077 0007146 0010252 0102113 0012052 0102138 0102184 0103078 0103108 9810169 0103171 0103241 0104141 0104159 0105036 0105048 0105052 0105070 0105093 0105117 0105160 0105214 0105249 0106054 9807216 0106086 0112045 0106109 0106113 0106127 0106151 0106184 0106191 0106209 0106247 0107031 0107067 0107091 0107134 0107169 0107234 0107238 0108092 0108119 0109213 0110007 0110087 0110108 0112218 0112223 0112226 0108172 0109057 0109122 0110031 0110062 0110064 0110169 0110234 0110238 0110265 0111008 0111093 0111201 0111238 0111247 0111276 0112140 0110123 0111085 0111136 0111182 0111217 0112002 0112009 0112066 0112093 0112152 0112253 
16: 0007018 0008001 9802042 0011288 9511222 0012195 0103080 0011190 0103167 0103115 0105019 0105049 0105250 0106055 0106117 0106160 0108080 0109039 0109092 0109177 0110034 0112126 
17: 0101013 0008076 0008081 0011077 0011193 9507012 9711200 9911096 9911161 0009211 9603167 0006060 0104026 0106014 0105258 0106061 0106117 0106160 0106186 0107057 0108016 0110281 0112126 0112145 0112195 
18: 0012041 9309140 0002222 0005247 9912123 0105045 0108064 0108229 0108234 0109075 0109214 0110171 0111113 
19: 9908142 0101029 0010105 0103013 0103179 0106011 0106016 0106048 0107178 0107200 0108096 0109176 0111013 0112185 
20: 9910053 0103030 0103148 0105095 0106012 0108207 0110039 0112034 
21: 9812193 0012234 0105038 9901122 0106129 0108001 0109150 0109200 0112178 0112198 
22: 0012234 0001053 9901122 0105252 0106005 0106129 0107189 0108001 0109150 0110008 0112178 0112188 0112198 
23: 9812193 0105038 0108044 0108142 0111189 0111230 0112078 0112193 
24: 9505175 0102212 0106205 0107099 0109084 0109102 0110291 
25: 9906064 9603142 9803235 9710208 9806051 0103239 0104073 0105199 0105212 0106241 0106282 0107176 0109004 0111279 0112128 0112249 
26: 0101029 0010264 0102016 0102092 0102181 0102188 0103013 0103139 0103179 0104091 0106011 0106072 0109176 0111109 
27: 0008042 0008075 0008205 0011125 9910004 0007089 0002075 9912072 0106121 0107106 0110113 0110066 0110215 0111145 0112176 
28: 0003160 0005006 0005031 0101199 0010101 0103256 0104090 0104143 0106180 0107251 
29: 0009103 0009148 0010108 9911116 9912249 0003101 0012198 0012210 9208027 9210065 0101200 0101207 9303143 0010218 0102192 0103089 0103102 0104099 0105115 0106033 0104164 0105059 0105098 0105227 0105238 0105312 0106002 0106201 0106010 0107098 0107197 0109032 0109187 0111208 
30: 9910053 0103030 0103148 0105062 0106012 0111156 0112180 
31: 9908142 0011125 0104036 0104045 0104139 0105242 0105311 0110035 
32: 0007191 0011023 0101096 0102185 0103155 0105096 0106162 0106177 0107177 
33: 0011017 0102198 0104147 0104200 0104254 0109013 0110071 
34: 0005006 0005031 0102076 0105058 0105059 0105129 0105242 0106010 
