# The contained directed cliques in the directed communities at k=7
# from /Users/bogna/dev/role-mining/datasets/hepth/timeslots/cit-HepTh-2001.edges
# at no lower link weight threshold,
# and at no upper link weight threshold.
# Links were treated as directed.
# No time limit was set for the clique search.

0: 4868 13126 13132 16419 13127 13129 13130 13133 13135 13128 13136 13131 13134 13137 16943 16420 16942 16418 
1: 5071 5072 14628 16727 17077 16732 17081 12178 12646 14205 14629 16731 16734 16736 16742 17078 17080 18316 12176 12177 12179 12175 12180 15129 12187 18017 12188 12190 18018 12192 18317 12189 23452 12191 12193 12194 12651 14637 16743 16745 18355 20961 12196 16744 18005 12186 12195 14644 16748 18003 12182 14641 16740 18008 12653 14638 16737 18011 10067 12643 12647 12652 12654 12655 12656 12730 14630 14639 16728 18004 18009 18010 18014 19205 10064 10065 10066 18020 19456 19457 18015 16489 18016 16487 15137 16488 18006 18007 15135 12642 12645 12648 14634 16735 17076 17079 18012 18013 19920 19921 19922 19923 20963 6334 12640 12641 12650 14636 17075 6626 12340 12341 12342 12504 14635 17074 12170 12343 12345 12347 12348 12489 12497 12501 12181 12492 12493 12495 12502 12503 12488 12490 12494 12496 12498 12506 12491 12505 12499 14640 16739 17082 12185 14643 14632 15131 16747 15128 16730 15126 15130 12507 12508 12346 12723 12724 12728 12729 7969 12734 12735 7966 7970 12733 12732 20962 14633 14642 16746 14631 16733 12644 19206 18315 18314 16726 16741 6618 16738 6619 14204 
2: 5211 
3: 5519 11187 11189 
4: 5522 11404 17150 18234 
5: 5736 5738 11126 11143 11166 11131 11149 11171 11127 11144 11167 
6: 5777 
7: 5984 5986 5987 10734 10740 10735 10742 10736 10737 11805 11806 11807 11808 11810 11832 11835 11838 11839 11840 11846 11852 11853 11854 13760 13761 13762 13763 13764 13765 13766 13767 13768 13769 13770 13771 14882 14883 14884 14885 14886 14887 14888 14889 14890 14891 14892 14893 14904 14906 16122 16133 16512 16513 16514 16515 16516 16517 16518 16519 16520 16521 16522 16523 16524 16525 16526 16527 16528 16529 16530 17465 17467 17469 17470 17479 17481 20663 20664 20665 20666 20667 20668 20669 20670 20671 20672 20673 20674 20676 20678 20679 20682 20684 20686 20687 20688 20690 20692 20693 20695 20696 20754 20796 22706 22708 22711 22712 22713 22714 22715 22716 22717 22723 22741 10739 16531 20675 20677 20698 22748 22750 22778 20661 11733 11809 11833 11834 11836 11837 11842 11843 11845 11848 11849 11851 13772 13773 13774 13775 13776 13777 17459 17460 17461 17462 17463 17464 17466 17468 20659 20660 20662 20681 20683 20685 20689 20691 20694 20697 20699 20703 20744 20745 20746 20749 20750 20755 20756 20761 20763 20771 20775 20776 20777 20778 21009 21012 21015 21016 21024 21025 21028 21459 21540 22709 22779 22780 22790 11731 11735 11732 17472 17474 17476 17478 17480 17482 11285 11855 14352 14898 14899 14901 14903 14907 15914 15915 15917 17471 17473 17475 17477 19588 21389 21390 21392 21409 22760 22762 22763 22770 22771 22772 22774 22775 22913 11277 11282 11284 11812 14351 11273 11279 21400 21402 21407 22680 22685 22687 22689 22694 11275 11281 22667 22668 15816 16138 22665 22666 22669 22781 15807 15812 15814 15815 15817 15804 15805 15806 15808 15797 15798 15799 15800 15801 15802 15803 22751 14405 15486 16118 18426 20004 20006 20009 20015 20490 22743 22744 22745 22746 23576 8662 8665 8666 10387 10388 10389 10791 10803 10807 10811 10812 11930 11931 11933 11934 11936 11939 12543 12544 12800 12801 12805 12807 12808 13191 14304 14305 14306 14307 14391 14392 14393 14394 14396 14397 14398 14399 14400 14401 14402 14403 14404 14407 14408 14409 14410 14412 14413 14414 14415 14416 15473 15474 15475 15477 15478 15479 15481 15482 15483 15484 15485 15488 15489 15490 15491 15495 15496 15497 15906 16104 16105 16109 16110 16111 16113 16114 16115 16116 16117 16120 16125 16126 16127 16129 16130 16131 16132 16135 16136 16144 16145 16146 17130 18229 18416 18417 18419 18420 18422 18423 18424 18425 18432 18433 18434 18443 18444 18445 18449 19098 19099 19100 19584 19996 19997 19998 20000 20001 20002 20005 20007 20008 20011 20012 20014 20019 20020 20021 20477 20478 20479 20481 20482 20483 20485 20486 20487 20488 20489 20492 20493 20495 20496 20500 20501 20502 20701 20747 20751 20757 20759 20779 20786 20787 20789 20792 20793 20795 20797 20806 21020 21021 21022 21035 21406 21408 21412 21415 21416 21458 21462 21713 22660 22661 22662 22663 22705 22707 22710 22718 22719 22720 22721 22722 22724 22725 22726 22727 22728 22729 22730 22731 22732 22733 22734 22735 22736 22737 22738 22739 22740 22742 22747 22749 22752 22753 22754 22755 22757 22759 22761 22764 22765 22766 22767 22768 22773 22777 22782 22783 22784 22785 22786 22787 22789 22800 22801 22805 22808 22809 22810 22812 22813 22814 22815 22819 22820 22821 22822 22824 22825 23024 23025 23026 23027 23028 23029 23030 23031 23032 23033 23034 23035 23036 23037 23038 23039 23040 23041 23306 23307 23308 23310 23311 23317 23318 23319 23577 23578 23579 23580 23581 23706 23707 23712 23713 23714 23715 23716 23717 23718 23719 23837 23838 23839 23843 23844 23847 23848 23849 23850 23851 23855 23929 23930 23931 23932 23933 23934 23935 23937 23938 23940 23941 24052 24053 24059 24060 24061 24062 24063 24064 24065 24066 24067 24068 24147 24247 24248 8660 8663 8664 10808 10809 11932 12545 15480 16112 18448 20003 20484 20790 21029 21030 21031 23710 23711 8659 8661 10804 11927 12541 16106 18441 24054 24055 24056 10802 11926 12540 18440 20785 23936 24050 24051 10816 10384 10817 10820 12044 14059 14411 15492 15608 16141 18429 19095 20016 20497 20798 22816 23314 23817 23818 23819 23820 23821 23822 10385 10386 12046 12796 15493 16142 18430 19096 20017 20498 22817 23315 23824 23825 23826 23827 23854 15609 20799 23828 23829 20748 20803 16123 20742 20752 20758 20774 22799 16124 24244 10805 11928 14395 14894 14895 15476 16107 16134 19999 20480 20743 20753 21010 21011 21013 21014 21017 21018 21019 12542 18418 21023 21034 11940 11937 11938 11941 11945 15905 16128 18245 18421 18447 21026 21032 21033 21036 21038 21039 21040 23044 23045 23708 23709 11944 12045 12549 15494 16143 18431 18453 19097 20018 20499 22818 22823 23042 23316 23725 23833 23834 23835 23836 23840 23841 23842 23943 24146 24148 24149 10818 12797 15657 18454 20800 23845 23846 23852 10819 10821 20801 23853 14902 11841 11847 11850 14896 14900 14908 14909 15929 17483 17484 19585 11844 15916 18767 15930 15912 15923 15928 19589 15909 15910 15911 15913 15921 18230 18237 18246 20770 21391 15920 15922 18231 18247 18233 22826 18254 18762 18761 18771 18240 18251 20783 20784 21413 21395 21396 21467 22802 22806 20762 21393 21466 20760 20781 21387 21394 21411 21464 20768 20782 20769 21405 21388 14905 11811 14897 21457 21461 21465 22769 20680 20702 21027 22788 20700 22756 22758 22776 21456 21460 21463 18763 18769 20805 20807 20802 19586 18766 21474 18768 19587 19590 22804 12799 23942 12798 12804 23733 23731 14070 15624 23723 23729 23730 23732 14068 15621 23721 23722 23724 13199 17145 21723 13188 13200 10788 13189 13190 13193 17127 17128 21710 21711 10789 10790 10792 10787 10793 10786 13187 14406 15487 16121 17126 18427 20010 20491 21709 22811 23309 23414 13184 13186 15472 16103 16108 17124 18415 19995 20476 21706 21708 22655 22656 22657 22658 22807 23305 23410 23411 23416 23417 23418 13185 17125 21707 10806 13192 20788 22659 22664 10813 10810 20794 11935 16119 18446 20791 22672 22673 22674 22675 16137 21714 22677 22678 22692 18450 21712 17129 21719 17140 10794 13195 17136 17142 10795 13196 21720 13194 17139 21718 21717 18226 17137 18243 17138 22684 16140 16139 23313 23413 23312 23415 15811 15809 15810 15813 17146 21724 23043 23046 22570 24005 14353 14354 24245 12551 12550 15622 14308 14309 14310 14311 10741 23514 
8: 6953 6956 
9: 7024 10709 10715 10719 10725 
10: 7071 
11: 7260 7262 9410 12111 13983 16149 9412 13984 16151 9418 9065 9416 9876 11013 13993 14369 9063 9061 9874 11010 12118 13990 14368 9415 9872 11008 12116 13988 14367 
12: 7267 7268 14105 21621 21622 14104 14106 21626 21627 21628 22336 23099 23109 23912 14107 14109 14114 15570 19752 19758 19767 22329 22330 22331 22355 23097 23098 23104 23107 23108 23114 23677 23910 23911 23914 23601 23603 11023 11025 14010 14015 14017 14018 14019 14029 19607 19749 19751 19753 19759 19768 19805 20181 20183 20184 20193 20195 20196 20197 20198 20210 20214 20223 20229 20235 20236 20634 20635 20637 20642 21419 21422 21423 21436 21437 21443 21445 21446 21677 21685 21686 21687 21688 21690 21692 21693 22332 22333 22335 22342 22343 22349 23089 23090 23091 23095 23096 23101 23102 23103 23106 23111 23112 23542 23543 23544 23545 23550 23599 23600 23602 23643 23678 23679 23685 23880 11018 11027 11016 11017 11019 11020 14008 14009 14016 14021 14022 14028 20182 23100 23110 23538 23539 11021 14011 14013 20185 20186 11022 20191 20192 20212 20213 20218 20219 20220 20224 20636 13016 13535 13690 13691 13692 13693 14012 14020 19600 19606 19608 19620 19624 19636 19637 19638 19639 19640 19643 19648 19777 19801 19806 19821 19822 19823 19824 19826 19828 20187 20188 20189 20194 20199 20201 20202 20203 20205 20208 20215 20216 20217 20221 20222 20225 20226 20227 20228 20230 20231 20232 20233 20641 20649 20651 20655 21417 13010 13017 13019 13024 13047 13051 13008 13013 13023 13043 13011 13014 13015 13045 13053 13534 13688 13689 19635 13684 13695 13700 13701 13703 19605 19609 19618 19619 19623 19631 19632 19634 19647 19650 21418 21441 21700 9841 13537 13685 13696 13702 17101 17104 17105 17113 21699 23598 13538 13539 23407 13704 21448 17103 19622 21442 17102 17100 21679 21683 22347 14035 19755 19799 20209 20211 21678 21680 21681 21682 21689 21695 21696 21697 22326 22344 22345 22350 22352 22353 23644 23645 23883 14014 14034 21684 21691 19797 20654 19793 19796 19811 19819 19748 19750 19754 19757 19764 19766 19773 19774 19792 19794 19795 19798 19802 19803 19804 19808 19809 19812 19813 19814 19816 19817 19820 19827 20648 22334 22338 22341 23551 23879 17029 19756 19761 19762 19763 19765 19770 19771 19772 19776 19780 20640 21694 22337 22348 23105 23113 17030 17033 17035 17039 17034 17036 17040 19807 17042 17041 20445 21698 21676 23547 23549 23684 23882 23907 23908 21425 21675 23913 23915 23918 22351 23681 23683 23909 22346 23682 23920 23540 15573 19760 22307 23541 23546 23548 9771 19769 19775 19778 19779 19781 19782 19783 19784 19785 19788 19800 19810 19815 19825 20190 20206 20644 9765 9769 9772 9766 20207 14027 19616 19787 19789 20200 20204 20234 22308 22311 22312 22313 14024 14026 14023 14025 19602 19614 19617 19626 19628 19645 19601 19603 19629 19604 19615 19621 19633 21420 14030 14033 23885 14031 14032 22354 23686 19644 21438 19646 21433 21434 21439 21447 21427 19630 19625 19649 19627 19641 19642 13033 13031 13032 13036 13044 13029 13030 13041 13034 13037 13038 13042 13046 23093 13040 13050 20646 13021 13039 13048 20643 13020 13027 20638 20639 20650 20652 20656 21985 21986 23115 23092 23094 13049 20645 13035 13052 19786 19790 22309 22310 22316 23687 23884 14116 22360 23680 23881 22362 22340 22357 14115 24255 23916 19818 20653 14111 17025 17027 19651 19652 19653 11029 11028 13536 13708 13694 17112 17114 17115 21435 20633 22950 22946 15571 15568 15569 21619 21618 21620 21629 
13: 7405 7406 7409 7407 
14: 7410 7411 7414 21475 21476 9987 11480 17605 9985 9992 9996 
15: 7532 9404 10178 14494 16614 16615 16616 16618 16628 16629 16630 16631 16634 17684 17685 17686 17688 17698 17699 17700 17701 17704 22405 22409 22418 22422 22930 23151 23152 23402 23403 8174 9403 11467 16625 16626 16632 16633 16635 16636 16637 16638 16649 16650 16651 16652 16655 16656 16657 16658 16660 16670 16671 16672 16673 16676 16697 17189 17695 17696 17702 17703 17705 17706 17707 17708 17719 17720 17721 17722 17725 17726 17727 17728 17730 17740 17741 17742 17743 17746 17767 18978 18979 18980 18981 18994 18995 18996 18997 19000 19001 19002 19003 19009 19054 19187 19188 19193 19194 19195 19196 19293 19294 21826 21827 21828 21829 21837 21838 21839 21840 21843 21871 22391 22395 22396 22401 22406 22419 22423 22428 22931 22932 22934 22936 23148 23149 23155 23400 23401 23405 10177 14493 18992 18993 18998 18999 19180 19181 19184 19185 15884 15885 15886 15887 15888 15889 15890 15891 15892 15894 16617 16619 16620 16621 16622 16623 16624 16627 16639 16640 16641 16642 16643 16644 16645 16646 16647 16653 16654 16659 16661 16662 16663 16665 16667 16668 16674 16675 16677 16678 16679 16680 16682 16683 16684 16688 16691 16692 16693 16694 16695 16850 16851 16852 16853 16854 16855 16856 16857 16858 16859 16860 16861 16862 16863 16864 16865 16866 16867 16868 16869 16870 16871 16872 16873 16875 16876 16877 16878 17485 17486 17487 17488 17687 17689 17690 17691 17692 17693 17694 17697 17709 17710 17711 17712 17713 17714 17715 17716 17717 17723 17724 17729 17731 17732 17733 17735 17737 17738 17744 17745 17747 17748 17749 17750 17752 17753 17754 17758 17761 17762 17763 17764 17765 18982 18983 18984 18985 18986 18987 18988 18989 18990 18991 19004 19005 19006 19007 19008 19010 19011 19012 19013 19014 19015 19016 19017 19018 19019 19020 19021 19022 19023 19024 19025 19026 19027 19028 19029 19030 19031 19032 19033 19034 19035 19036 19037 19038 19039 19040 19041 19042 19043 19044 19045 19046 19048 19049 19050 19051 19052 19053 19055 19056 19057 19058 19059 19060 19061 19062 19063 19064 19065 19067 19068 19069 19070 19153 19154 19155 19156 19157 19158 19159 19160 19161 19162 19163 19164 19165 19166 19168 19169 19170 19171 19172 19173 19174 19175 19176 19177 19178 19179 19182 19183 19186 19189 19190 19191 19192 19197 19198 19199 19200 19288 19289 19290 19291 19295 19296 21110 21114 21116 21121 21122 21123 21124 21125 21385 21386 21830 21831 21832 21833 21835 21836 21841 21842 21850 21851 21852 21853 21854 21856 21857 21859 21863 21865 21866 21867 21868 21869 22168 22169 22170 22171 22172 22175 22178 22180 22184 22188 22190 22191 22392 22393 22394 22397 22398 22399 22402 22404 22407 22408 22410 22420 22421 22424 22425 22426 22427 22429 22933 23150 23156 23406 16070 16071 19280 21847 21860 21870 21882 21883 22411 22412 22413 22414 22516 23158 23473 24210 24249 24304 24305 24306 24307 16037 16047 16055 16056 16059 16061 16062 16063 16065 16073 19279 19298 16031 16033 16035 19272 19276 23663 23674 16032 16048 23657 23671 15941 16034 16036 16049 21052 21072 15942 15943 16051 21054 21073 16050 16054 21068 21076 16053 16064 24207 24251 16042 16066 24209 24252 16038 16039 16040 16041 16043 16044 16045 18838 19869 19870 19873 21063 21064 21139 21140 21269 21270 21271 21272 21273 21274 21275 22000 22001 22002 22003 22007 22008 22009 22010 22228 22233 22234 22240 22456 22457 22458 22459 22460 22461 22462 22463 22464 22465 22466 22467 22468 22469 23069 24007 24008 24009 24010 24028 24030 24031 24043 24044 16046 18834 18835 18836 18837 18840 18844 18846 18847 18849 19080 19081 19085 19087 19866 19871 19872 20320 21061 21062 21237 21238 21241 21507 21516 22011 22229 22230 22235 22236 22239 22243 24029 24034 24035 18841 19277 19278 19867 11566 14792 16992 16993 16994 16995 16996 16999 17839 18828 18829 18839 18842 18843 18845 18848 18850 18851 18852 18853 18854 18855 18856 18857 18869 19078 19082 19084 19841 19859 19864 19865 19868 19877 20133 20135 20144 20145 20146 20147 20148 20359 20360 20387 20393 20394 20395 20908 20914 20916 20918 20922 21060 21065 21066 21137 21141 21142 21143 21144 21145 21146 21147 21239 21240 21242 21243 21503 21504 21506 21511 21998 22004 22005 22006 22012 22013 22014 22231 22232 22237 22238 22241 22242 23070 23071 23072 23230 23231 23232 23664 24032 24033 7597 10232 11563 11564 11565 11567 11568 11569 11570 11571 16205 16991 16997 17007 17011 17015 17021 17023 17808 17810 17812 17817 17840 19946 20130 20131 20132 20134 20356 20357 20358 20361 20362 20363 20385 20389 20390 20396 20433 20625 20626 20627 20629 20630 20899 20902 20903 20904 20905 20912 21132 21133 21135 21233 21235 21236 21250 21252 21253 21254 21258 21259 21260 21264 21267 21268 21280 21281 21285 21286 21295 21298 21299 21304 22015 22016 22019 22036 22043 22044 22045 22057 22293 23229 23247 24041 8541 13372 13374 13384 13386 16204 17811 17815 17827 17832 19945 20139 20628 20631 20901 20920 20952 21234 21244 21246 21251 21255 21257 21261 21265 21276 21283 21292 21297 21302 22248 22267 22268 22269 22270 22284 22285 23227 23235 23237 23615 23665 23953 23954 23967 23969 24026 24027 24037 24039 8537 8539 8542 8545 19880 20321 20344 20348 20364 20365 20386 20388 20391 20392 20427 20951 22022 8538 8543 20323 20340 20342 20345 20349 20354 20368 20370 20371 21303 22488 22494 8540 20341 20343 20346 20350 20327 20347 20351 20366 20367 20376 21294 22020 22027 22028 22038 22041 22042 22046 22047 22050 22053 22054 22055 22056 22058 22059 22251 22259 22261 22262 22263 22265 22272 22273 23964 20322 20324 20326 20316 21510 22245 22246 22250 22252 22254 20315 20319 21495 21997 23223 24022 20317 20318 21134 21262 21263 21497 22445 22446 22447 22451 22474 23224 24021 21266 21505 22452 22453 24025 10535 13371 13373 13375 13377 13381 18889 18891 18900 20624 20709 21245 21248 21256 21277 21278 21279 21284 21301 21999 22244 22249 22280 22281 23065 23066 23067 23068 23073 23079 23228 23656 23948 24023 24042 8454 10532 10534 10536 10537 10538 10927 13376 8452 8453 17807 20617 20620 21300 22264 23078 23236 23239 23251 23252 23769 23770 10533 10928 13378 23241 23254 13379 13382 21247 23242 23243 23245 13380 13383 13385 18902 20888 21249 22282 23083 23084 23085 23244 23777 20619 21288 22266 22274 22275 22288 23775 20618 20621 20623 20893 22271 22276 22283 22286 22287 22294 23238 23240 20894 23246 20889 20907 23250 10929 16203 20119 20898 23249 10936 16208 17809 17816 18890 20138 23248 23257 23946 10539 10934 17018 17014 17017 17000 17006 17010 17012 17013 18859 18871 16990 16998 17002 14784 16989 17001 17005 17008 17009 21498 21995 21996 22035 22255 23225 23226 23949 24020 24024 24036 14781 14782 14783 14785 14786 14788 14790 14791 20374 20399 22018 22475 14787 14793 21771 22292 14789 14795 14796 19884 22257 22258 21149 22030 22031 22033 22256 24047 24049 21148 22032 18898 18899 18901 18903 18904 18907 18910 22295 18905 22277 23776 22060 23772 23774 23970 17016 21287 21296 22029 22048 23965 17019 17022 17024 20372 20377 20378 20913 17003 17020 19088 17004 19083 19086 20710 20708 20707 24231 21282 22017 22023 22024 22040 22253 22476 22479 22480 22481 22484 22485 22486 22487 23662 23666 23667 23668 23670 23951 23957 23962 23963 24011 24012 24013 24038 24230 24265 24266 24267 20398 21290 21291 21293 22021 22025 22037 22049 22052 22472 22473 22478 22483 22500 23075 23076 23233 23234 23669 23958 23966 24014 24040 24270 20373 20375 20400 22039 22051 22496 22497 22034 22493 22501 22508 22509 22510 23956 23961 21131 21529 22450 22489 22491 23959 19838 19839 19842 19843 20382 21059 21136 21509 22454 22455 18892 19840 18893 18895 18888 18894 18919 18925 18896 18897 18908 18906 18918 18916 18909 18917 19954 18911 19947 19860 19861 19930 19950 19955 19956 19856 19857 19858 19862 19863 19957 19951 19881 19958 19882 19883 21150 21514 21520 21521 21536 21770 21774 21777 21534 21778 18858 18860 21512 21515 21524 21525 21526 21532 21535 21537 21779 22498 18861 18862 18866 18863 18865 21533 22495 22513 21527 20404 21499 21500 21502 21508 21517 21528 22448 22490 22504 20403 20406 20408 20407 20410 21501 21513 21519 22477 21518 22449 22482 22470 22471 22506 20429 21069 21070 23660 24208 20425 20428 20430 20423 20424 20426 19879 20431 17833 17838 17828 17834 19875 20397 20439 20438 20435 20437 20440 20432 21053 21055 21057 21058 21067 21071 21056 23658 21074 21077 21086 22417 23659 23661 23673 21075 21090 21092 23159 23672 21093 21095 23160 24206 24250 23154 21848 21849 22179 22182 22186 22189 22202 23153 23157 16696 17766 21844 21845 21846 21880 21881 21884 21885 22185 16648 16664 16666 16669 16681 16685 16686 16687 16689 16690 17718 17734 17736 17739 17751 17755 17756 17757 17759 17760 19047 19066 21111 21112 21113 21126 21127 21128 21834 21855 21858 21861 21862 21864 23404 16874 21106 21108 21129 21107 21115 22935 15895 16190 17668 21117 21118 21119 21873 16186 16189 16191 16185 16187 16701 16702 16703 16188 16698 16699 16700 16705 16712 16716 17667 21874 16192 16709 16710 16711 17669 22174 22177 22183 17664 17666 17663 22203 22198 22196 22197 23374 22193 22200 22201 23373 16600 17646 21207 22176 22181 23369 23371 23376 16594 16599 16602 17641 18520 18521 17645 21206 23368 23370 23923 23525 23924 23925 23926 16601 17648 21209 23375 23377 17647 21208 23372 21879 22173 21097 21100 21872 21876 21875 16704 21109 21091 21094 21087 21877 21878 16067 22415 24263 22416 16057 16058 24264 24268 24269 18830 23650 23651 23652 23653 23654 23655 23952 20152 20369 21522 23256 18870 20150 18872 18868 18873 21530 21531 21523 21496 19268 19269 19270 19274 19267 19271 19275 19273 19286 19284 19283 23474 19285 19297 20137 20151 20118 22291 23253 23081 23074 23077 23082 22247 23064 22278 22279 21289 22260 8544 22290 22503 22505 23773 23955 23968 22499 23947 22511 22512 22514 22502 22507 23960 21776 21773 21772 21079 21078 21083 21085 21082 21084 20384 20401 20355 20352 20353 20379 20911 20380 22518 22517 22519 22492 18867 21775 21151 19845 19846 19850 19937 19952 19849 19844 19931 19932 19934 19935 19953 19933 19928 19936 19929 19855 20383 20419 20411 20434 20143 22026 19090 14794 23771 16207 16209 23619 23616 17814 16210 20325 20328 19876 19878 20910 18833 19079 21886 23537 19941 19942 23859 
16: 7705 7706 9725 9726 10453 10454 10456 10457 16492 16494 16496 16498 16499 16500 17054 17056 17058 17233 17235 19253 19255 19256 19258 7707 9727 10455 17234 19254 19257 9728 17065 17067 17069 17062 17063 17064 17060 16493 16495 16497 17055 17057 17059 
17: 7905 15464 19986 21954 15458 15461 15453 15455 19979 21953 15447 19973 21952 14959 15445 15448 15449 16089 19965 19966 21943 21946 22526 14960 14957 16090 16087 19963 22524 23298 23757 11918 19964 19968 23759 15446 19967 22525 22975 21949 15450 22527 23299 15456 16175 15462 19977 21947 14968 16095 19984 21948 14967 16094 19983 21945 19976 21944 
18: 8996 10615 13709 9536 12770 13738 
19: 9116 14721 18946 9328 14720 10621 18933 18934 18947 18945 
20: 9234 11711 
21: 9878 9879 12684 12685 15430 
22: 9884 9885 9886 9888 12687 9889 12688 16562 9890 12692 16563 12693 16755 12691 12694 9891 12689 
23: 10751 11744 
24: 11487 
25: 12003 13513 13509 13508 13510 15862 15864 13507 15859 15858 15856 15860 15867 15865 15871 
26: 12351 13235 13814 17245 13234 14136 13231 13232 13230 
27: 13247 17440 17441 17442 17443 17444 17450 17445 
28: 13407 23161 23162 23163 
29: 13416 13417 13418 13419 13420 13421 13422 13424 13425 13427 13431 13434 19351 19353 19355 19367 19383 13428 13432 13436 19377 19379 13429 13430 13439 15646 17321 17346 13423 13433 17311 20238 19711 20239 20240 20241 17324 19712 19722 15645 17313 17322 17326 17328 17330 17332 17333 18621 19347 15644 15647 17354 19384 18657 19382 18634 18647 18653 18654 18655 18656 18658 18659 18660 19369 18620 18627 18628 18629 18630 18631 18632 18633 18613 18614 18615 18616 18617 18618 18619 18607 18608 18609 18610 18611 18612 18622 18623 18624 18625 18626 18644 18645 18643 18646 19378 19352 19376 19350 19345 20261 19346 20260 19381 20248 20262 20263 20249 20250 20269 20268 17315 17317 18648 18649 18650 18651 18652 18663 18605 18664 22594 18606 22583 22585 22584 22586 22595 22695 22690 22697 20857 22698 20871 22596 19356 19368 17319 20237 13426 13438 13435 13437 
30: 14185 
31: 14831 14832 
32: 14988 14989 21428 21557 
33: 19116 
34: 22915 22916 
