# The links inside the directed communities at k=7
# from /Users/bogna/dev/role-mining/datasets/hepth/timeslots/cit-HepTh-2001.edges
# at no lower link weight threshold,
# and at no upper link weight threshold.
# Links were treated as directed.
# No time limit was set for the clique search.

0:
0102122 9207094
0102183 9207094
0104147 9207094
0104200 9207094
0105063 9207094
0107063 9207094
0107162 9207094
0110071 9207094
0110288 9207094
0111239 9207094
0112029 9207094
0102122 0011017
0102183 0011017
0104147 0011017
0104200 0011017
0105063 0011017
0107063 0011017
0107152 0011017
0107162 0011017
0109069 0011017
0110071 0011017
0110288 0011017
0111239 0011017
0112029 0011017
0102122 0011257
0102183 0102122
0104200 0102122
0105063 0102122
0107063 0102122
0107162 0102122
0109069 0102122
0111239 0102122
0112029 0102122
0102183 0011257
0104200 0011257
0105063 0011257
0107063 0011257
0107162 0011257
0104200 0102183
0105063 0102183
0107063 0102183
0107162 0102183
0109069 0102183
0110071 0102183
0110288 0102183
0111239 0102183
0112029 0102183
0104200 0104147
0105063 0104147
0107063 0104147
0107152 0104147
0107162 0104147
0109069 0104147
0110071 0104147
0110288 0104147
0111239 0104147
0112029 0104147
0105063 0104200
0107063 0104200
0107152 0104200
0107162 0104200
0109069 0104200
0110071 0104200
0110288 0104200
0111239 0104200
0112029 0104200
0107063 0105063
0107152 0105063
0107162 0105063
0109069 0105063
0111239 0105063
0112029 0105063
0107152 0107063
0107162 0107063
0109069 0107063
0110288 0107063
0111239 0107063
0112029 0107063
0109069 0107152
0109069 0107162
0110288 0107162
0111239 0107162
0112029 0107162
0110288 0109069
0110288 0110071
0111239 0110071
0112029 0110071
0111239 0110288
0112029 0110288
0112029 0111239
1:
0104136 9508068
0104238 9508068
0105023 9508068
0106206 9508068
0105062 9508068
0106079 9508068
0107116 9508068
0108140 9508068
0108196 9508068
0110077 9508068
0110099 9508068
0110107 9508068
0110200 9508068
0110186 9508068
0111199 9508068
0111212 9508068
0112101 9508068
0112199 9508068
0104136 9906055
0104238 9906055
0106079 9906055
0107116 9906055
0108075 9906055
0108140 9906055
0108196 9906055
0109019 9906055
0110077 9906055
0110099 9906055
0110200 9906055
0110170 9906055
0111177 9906055
0104238 9309075
0106206 9309075
0105062 9309075
0105220 9309075
0106079 9309075
0107116 9309075
0108075 9309075
0110077 9309075
0110099 9309075
0110107 9309075
0110200 9309075
0110164 9309075
0110186 9309075
0111177 9309075
0112101 9309075
0103220 0012072
0104136 0012072
0104238 0012072
0105023 0012072
0106206 0012072
0105062 0012072
0105220 0012072
0105308 0012072
0106079 0012072
0107002 0012072
0107116 0012072
0108075 0012072
0108140 0012072
0108196 0012072
0109019 0012072
0110077 0012072
0110099 0012072
0110107 0012072
0110200 0012072
0110164 0012072
0110170 0012072
0110186 0012072
0111051 0012072
0111155 0012072
0111177 0012072
0111199 0012072
0111212 0012072
0112059 0012072
0112101 0012072
0112173 0012072
0112199 0012072
0104136 9312172
0104238 9312172
0105220 9312172
0106079 9312172
0107002 9312172
0107116 9312172
0108075 9312172
0108140 9312172
0108196 9312172
0110077 9312172
0110107 9312172
0110200 9312172
0110170 9312172
0110186 9312172
0111154 9312172
0111177 9312172
0112101 9312172
0104238 9411198
0105062 9411198
0110099 9411198
0110107 9411198
0110200 9411198
0112199 9411198
0103220 9507143
0104136 9507143
0104238 9507143
0105023 9507143
0106206 9507143
0105220 9507143
0105308 9507143
0106079 9507143
0107002 9507143
0107116 9507143
0108075 9507143
0108140 9507143
0108196 9507143
0110077 9507143
0110107 9507143
0110200 9507143
0110164 9507143
0110170 9507143
0110186 9507143
0111177 9507143
0111212 9507143
0112059 9507143
0112101 9507143
0104136 0103220
0108075 0103220
0108140 0103220
0110099 0103220
0110107 0103220
0110200 0103220
0104136 9512154
0104136 9804076
0104238 0104136
0105023 0104136
0106206 0104136
0105062 0104136
0105220 0104136
0105308 0104136
0106079 0104136
0107002 0104136
0107116 0104136
0108075 0104136
0108140 0104136
0108196 0104136
0109019 0104136
0110077 0104136
0110099 0104136
0110107 0104136
0110200 0104136
0110164 0104136
0110170 0104136
0110186 0104136
0111051 0104136
0111154 0104136
0111155 0104136
0111177 0104136
0111199 0104136
0111212 0104136
0112059 0104136
0112101 0104136
0112173 0104136
0112199 0104136
0104238 9512154
0105023 9512154
0106206 9512154
0105062 9512154
0106079 9512154
0107002 9512154
0107116 9512154
0108196 9512154
0110077 9512154
0110099 9512154
0110107 9512154
0110200 9512154
0110164 9512154
0110170 9512154
0110186 9512154
0111177 9512154
0112059 9512154
0112101 9512154
0104238 9804076
0105023 9804076
0106206 9804076
0108140 9804076
0110107 9804076
0110170 9804076
0104238 9502038
0104238 9510041
0105023 0104238
0106206 0104238
0105062 0104238
0105220 0104238
0105308 0104238
0106079 0104238
0107116 0104238
0108140 0104238
0108196 0104238
0110077 0104238
0110099 0104238
0110107 0104238
0110200 0104238
0110164 0104238
0110170 0104238
0111154 0104238
0111177 0104238
0111199 0104238
0111212 0104238
0112059 0104238
0112199 0104238
0108196 9502038
0110099 9502038
0110107 9502038
0110200 9502038
0110186 9502038
0111177 9502038
0112101 9502038
0112199 9502038
0105023 9510041
0106079 9510041
0107116 9510041
0108140 9510041
0110099 9510041
0110107 9510041
0110200 9510041
0111212 9510041
0105023 0106206
0105023 9411099
0105062 0105023
0105220 0105023
0105308 0105023
0106079 0105023
0107002 0105023
0107116 0105023
0108075 0105023
0108140 0105023
0108196 0105023
0110077 0105023
0110099 0105023
0110107 0105023
0110200 0105023
0110164 0105023
0110170 0105023
0110186 0105023
0111154 0105023
0111177 0105023
0111212 0105023
0112059 0105023
0112101 0105023
0112199 0105023
0106206 9411099
0106206 0105062
0106206 0105220
0107116 0106206
0108196 0106206
0110107 0106206
0110200 0106206
0110164 0106206
0110170 0106206
0111177 0106206
0112101 0106206
0105062 9411099
0108196 9411099
0110107 9411099
0110200 9411099
0105220 0105062
0108196 0105062
0110099 0105062
0110107 0105062
0110200 0105062
0110164 0105062
0110170 0105062
0110186 0105062
0111177 0105062
0112101 0105062
0112199 0105062
0108196 0105220
0110200 0105220
0110164 0105220
0110186 0105220
0111177 0105220
0110107 0105308
0110170 0105308
0107116 0106079
0108196 0106079
0109019 0106079
0110077 0106079
0110099 0106079
0110186 0106079
0111155 0106079
0111212 0106079
0112101 0106079
0107116 0107002
0108196 0107002
0110107 0107002
0110164 0107002
0110170 0107002
0111177 0107002
0112101 0107002
0110077 0107116
0110099 0107116
0110164 0107116
0110186 0107116
0111155 0107116
0111177 0107116
0111212 0107116
0112101 0107116
0108140 0108075
0108196 0108075
0109019 0108075
0110077 0108075
0110099 0108075
0110107 0108075
0110200 0108075
0110186 0108075
0111051 0108075
0111154 0108075
0111155 0108075
0111199 0108075
0111212 0108075
0112101 0108075
0112173 0108075
0110077 0108140
0110099 0108140
0110107 0108140
0110200 0108140
0110170 0108140
0111154 0108140
0110099 0108196
0110107 0108196
0110200 0108196
0110164 0108196
0110170 0108196
0110186 0108196
0111177 0108196
0112059 0108196
0112101 0108196
0110077 0109019
0110099 0109019
0110200 0109019
0111154 0109019
0111212 0109019
0110099 0110077
0110200 0110077
0110170 0110077
0110186 0110077
0111154 0110077
0111155 0110077
0111177 0110077
0111199 0110077
0111212 0110077
0112101 0110077
0112199 0110077
0110099 0110107
0110099 0110200
0110170 0110099
0110186 0110099
0111177 0110099
0111199 0110099
0111212 0110099
0112059 0110099
0112101 0110099
0112199 0110099
0110200 0110107
0110170 0110107
0110186 0110107
0111154 0110107
0111177 0110107
0112101 0110107
0112199 0110107
0110200 0110170
0110200 0110186
0111154 0110200
0111177 0110200
0111212 0110200
0112059 0110200
0112101 0110200
0112199 0110200
0111177 0110164
0111212 0110164
0112101 0110164
0111177 0110170
0112101 0110170
0111177 0110186
0111199 0110186
0111212 0110186
0112059 0110186
0112101 0110186
0112199 0110186
0111154 0111051
0111155 0111051
0111199 0111051
0111212 0111051
0112101 0111051
0112173 0111051
0111199 0111154
0111212 0111154
0112101 0111154
0112173 0111154
0111199 0111155
0111212 0111155
0112101 0111155
0112173 0111155
0112101 0111177
0111199 0111212
0112101 0111199
0112173 0111199
0112199 0111199
0112101 0111212
0112173 0111212
0112199 0111212
0112199 0112059
0112199 0112101
2:
0103239 0108187
0103239 0109050
0109004 0103239
0112026 0103239
0112128 0103239
0112249 0103239
0109050 0108187
0109004 0108187
0112026 0108187
0112128 0108187
0112249 0108187
0109050 0109004
0112026 0109050
0112128 0109050
0112249 0109050
0112026 0109004
0112128 0109004
0112249 0109004
0112128 0112026
0112249 0112026
0112249 0112128
3:
0103217 0009142
0103256 0009142
0104017 0009142
0104095 0009142
0105311 0009142
0106213 0009142
0107251 0009142
0103217 0011139
0103256 0011139
0104017 0011139
0104095 0011139
0105311 0011139
0107251 0011139
0103256 0103217
0104017 0103217
0104095 0103217
0105311 0103217
0106213 0103217
0107251 0103217
0104017 0103256
0104095 0103256
0105311 0103256
0106213 0103256
0107251 0103256
0104095 0104017
0105311 0104017
0106213 0104017
0107251 0104017
0105311 0104095
0107251 0104095
0106213 0105311
0107251 0105311
0107251 0106213
4:
0102085 0001084
0104230 0001084
0105230 0001084
0105319 0001084
0106107 0001084
0112231 0001084
0102085 0002211
0104230 0002211
0105230 0002211
0105319 0002211
0106107 0002211
0112231 0002211
0102085 9503099
0104230 9503099
0105230 9503099
0105319 9503099
0106107 9503099
0112231 9503099
0102085 9912120
0104230 0102085
0105230 0102085
0105319 0102085
0106107 0102085
0112231 0102085
0104230 9912120
0105230 9912120
0105319 9912120
0106107 9912120
0112231 9912120
0105230 0104230
0105319 0104230
0106107 0104230
0112231 0104230
0105319 0105230
0106107 0105230
0112231 0105230
0106107 0105319
0112231 0105319
0112231 0106107
5:
0103230 0005182
0104016 0005182
0105254 0005182
0106238 0005182
0106249 0005182
0107071 0005182
0107212 0005182
0112251 0005182
0103230 0010137
0104016 0010137
0105254 0010137
0106238 0010137
0106249 0010137
0107071 0010137
0107212 0010137
0112251 0010137
0103230 9906188
0104016 9906188
0105254 9906188
0106238 9906188
0106249 9906188
0107071 9906188
0107212 9906188
0112251 9906188
0103230 9908163
0104016 0103230
0105254 0103230
0106238 0103230
0106249 0103230
0107071 0103230
0107212 0103230
0112251 0103230
0104016 9908163
0105254 9908163
0106238 9908163
0107071 9908163
0107212 9908163
0112251 9908163
0106238 0104016
0106249 0104016
0107071 0104016
0107212 0104016
0112251 0104016
0106238 0105254
0107071 0105254
0107212 0105254
0112251 0105254
0107071 0106238
0107212 0106238
0112251 0106238
0107071 0106249
0107212 0106249
0112251 0106249
0107212 0107071
0112251 0107071
0112251 0107212
6:
0104035 0104005
0104179 0104005
0105153 0104005
0106126 0104005
0109082 0104005
0110188 0104005
0104179 0104035
0105153 0104035
0106126 0104035
0109082 0104035
0110188 0104035
0105153 0104179
0106126 0104179
0109082 0104179
0110188 0104179
0106126 0105153
0109082 0105153
0110188 0105153
0109082 0106126
0110188 0106126
0110188 0109082
7:
0101014 0001084
0101014 0002117
0101014 0002211
0101014 0002237
0101014 0003031
0101014 0003220
0101014 0004015
0101014 0005036
0101014 0006240
0101014 0007153
0101014 0008033
0101014 0008053
0101014 0008101
0101014 0008252
0101014 0009103
0101014 0009105
0101014 0009148
0101014 0009191
0101014 0010108
0101014 0010190
0101014 0011238
0101014 0012251
0101014 9902105
0101014 9911116
0101014 9912249
0101162 0101014
0102085 0101014
0102112 0101014
0103103 0101014
0104230 0101014
0105024 0101014
0105059 0101014
0105156 0101014
0105168 0101014
0105184 0101014
0105312 0101014
0106010 0101014
0106068 0101014
0107046 0101014
0107197 0101014
0109182 0101014
0110136 0101014
0111129 0101014
0111208 0101014
0112169 0101014
0101162 0001084
0102071 0001084
0102085 0001084
0103103 0001084
0104230 0001084
0105024 0001084
0105059 0001084
0105246 0001084
0105312 0001084
0105319 0001084
0106068 0001084
0106107 0001084
0109182 0001084
0111208 0001084
0101162 0002117
0102071 0002117
0102085 0002117
0102112 0002117
0103103 0002117
0104230 0002117
0105024 0002117
0105059 0002117
0105156 0002117
0105168 0002117
0105184 0002117
0105246 0002117
0105312 0002117
0106010 0002117
0106068 0002117
0109182 0002117
0110136 0002117
0111129 0002117
0111208 0002117
0112169 0002117
0101162 0002211
0102071 0002211
0102085 0002211
0103103 0002211
0104230 0002211
0105024 0002211
0105059 0002211
0105246 0002211
0105312 0002211
0105319 0002211
0106068 0002211
0106107 0002211
0107197 0002211
0109182 0002211
0111208 0002211
0101162 0002237
0102071 0002237
0102085 0002237
0102112 0002237
0103085 0002237
0103103 0002237
0104230 0002237
0105024 0002237
0105059 0002237
0105156 0002237
0105168 0002237
0105184 0002237
0105246 0002237
0105312 0002237
0106010 0002237
0106036 0002237
0106068 0002237
0107046 0002237
0107197 0002237
0108150 0002237
0109182 0002237
0110136 0002237
0111069 0002237
0111092 0002237
0111208 0002237
0112169 0002237
0101162 0003031
0102071 0003031
0102085 0003031
0102112 0003031
0103103 0003031
0104230 0003031
0105024 0003031
0105059 0003031
0105156 0003031
0105168 0003031
0105184 0003031
0105246 0003031
0105312 0003031
0106010 0003031
0106068 0003031
0109182 0003031
0110136 0003031
0111129 0003031
0111208 0003031
0112169 0003031
0101162 0003220
0102071 0003220
0102085 0003220
0103103 0003220
0104230 0003220
0105024 0003220
0105059 0003220
0105246 0003220
0105312 0003220
0106068 0003220
0107197 0003220
0109182 0003220
0111208 0003220
0101162 0004015
0102085 0004015
0103103 0004015
0104230 0004015
0105024 0004015
0105059 0004015
0105246 0004015
0106068 0004015
0109182 0004015
0111208 0004015
0101162 0005036
0102071 0005036
0102085 0005036
0102112 0005036
0103103 0005036
0104230 0005036
0105024 0005036
0105059 0005036
0105156 0005036
0105168 0005036
0105184 0005036
0105312 0005036
0106010 0005036
0106068 0005036
0109182 0005036
0110136 0005036
0111208 0005036
0112169 0005036
0101162 0006240
0102071 0006240
0102085 0006240
0102112 0006240
0103103 0006240
0104230 0006240
0105024 0006240
0105058 0006240
0105059 0006240
0105129 0006240
0105156 0006240
0105168 0006240
0105175 0006240
0105184 0006240
0105246 0006240
0105312 0006240
0106010 0006240
0106027 0006240
0106036 0006240
0106068 0006240
0107007 0006240
0107046 0006240
0107101 0006240
0107197 0006240
0108150 0006240
0109182 0006240
0110124 0006240
0110136 0006240
0110204 0006240
0111034 0006240
0111069 0006240
0111087 0006240
0111129 0006240
0111153 0006240
0111208 0006240
0111281 0006240
0112169 0006240
0112202 0006240
0112214 0006240
0112231 0006240
0101162 0007153
0102071 0007153
0102085 0007153
0102112 0007153
0103103 0007153
0105024 0007153
0105059 0007153
0105168 0007153
0105184 0007153
0105312 0007153
0106010 0007153
0110136 0007153
0111069 0007153
0111129 0007153
0101162 0008033
0102071 0008033
0102085 0008033
0102112 0008033
0103085 0008033
0103103 0008033
0105024 0008033
0105059 0008033
0105168 0008033
0105184 0008033
0105312 0008033
0106010 0008033
0107197 0008033
0110136 0008033
0111129 0008033
0111208 0008033
0101162 0008053
0102071 0008053
0102085 0008053
0102112 0008053
0103103 0008053
0104230 0008053
0105024 0008053
0105059 0008053
0105168 0008053
0105184 0008053
0105246 0008053
0105312 0008053
0106010 0008053
0106068 0008053
0109182 0008053
0110136 0008053
0111129 0008053
0111208 0008053
0112169 0008053
0101162 0008101
0102071 0008101
0102085 0008101
0102112 0008101
0103103 0008101
0104230 0008101
0105024 0008101
0105059 0008101
0105168 0008101
0105184 0008101
0105246 0008101
0105312 0008101
0106010 0008101
0106068 0008101
0109182 0008101
0110136 0008101
0111129 0008101
0111208 0008101
0112169 0008101
0101162 0008252
0102071 0008252
0102085 0008252
0102112 0008252
0105058 0008252
0105059 0008252
0105129 0008252
0105168 0008252
0105175 0008252
0105184 0008252
0105312 0008252
0106010 0008252
0106027 0008252
0106036 0008252
0107101 0008252
0107197 0008252
0108150 0008252
0109182 0008252
0110204 0008252
0111034 0008252
0111069 0008252
0111087 0008252
0111129 0008252
0111208 0008252
0111281 0008252
0112169 0008252
0112214 0008252
0112231 0008252
0101162 0009103
0102071 0009103
0102085 0009103
0102112 0009103
0103085 0009103
0103103 0009103
0104230 0009103
0105024 0009103
0105059 0009103
0105227 0009103
0105168 0009103
0105312 0009103
0106010 0009103
0109182 0009103
0111129 0009103
0111208 0009103
0101162 0009105
0102071 0009105
0102085 0009105
0102112 0009105
0103085 0009105
0103103 0009105
0104230 0009105
0105024 0009105
0105059 0009105
0105156 0009105
0105168 0009105
0105184 0009105
0105312 0009105
0106010 0009105
0106068 0009105
0107046 0009105
0107197 0009105
0108150 0009105
0109182 0009105
0110136 0009105
0111129 0009105
0111208 0009105
0112214 0009105
0101162 0009148
0102071 0009148
0102085 0009148
0102112 0009148
0103085 0009148
0103103 0009148
0104230 0009148
0105024 0009148
0105059 0009148
0105227 0009148
0105168 0009148
0105246 0009148
0105312 0009148
0106010 0009148
0106027 0009148
0109182 0009148
0111129 0009148
0111208 0009148
0101162 0009191
0102071 0009191
0102085 0009191
0102112 0009191
0103085 0009191
0103103 0009191
0105024 0009191
0105059 0009191
0105168 0009191
0105312 0009191
0106010 0009191
0107197 0009191
0111129 0009191
0111208 0009191
0101162 0010108
0102085 0010108
0104230 0010108
0107197 0010108
0109182 0010108
0111208 0010108
0101162 0010190
0102071 0010190
0102085 0010190
0102112 0010190
0105059 0010190
0105168 0010190
0105184 0010190
0105312 0010190
0106010 0010190
0107197 0010190
0109182 0010190
0110136 0010190
0111129 0010190
0111208 0010190
0101162 0011238
0102085 0011238
0102112 0011238
0105059 0011238
0105168 0011238
0105184 0011238
0105312 0011238
0106010 0011238
0109182 0011238
0110136 0011238
0111129 0011238
0101162 0012251
0102071 0012251
0102085 0012251
0102112 0012251
0103085 0012251
0103103 0012251
0105024 0012251
0105058 0012251
0105059 0012251
0105129 0012251
0105168 0012251
0105184 0012251
0105246 0012251
0105312 0012251
0105319 0012251
0106010 0012251
0106036 0012251
0106068 0012251
0106107 0012251
0106157 0012251
0106242 0012251
0107007 0012251
0107046 0012251
0107101 0012251
0107197 0012251
0108150 0012251
0109049 0012251
0109182 0012251
0110136 0012251
0110204 0012251
0111034 0012251
0111087 0012251
0111092 0012251
0111129 0012251
0111153 0012251
0111199 0012251
0111208 0012251
0111281 0012251
0112169 0012251
0112202 0012251
0112214 0012251
0112231 0012251
0101162 9902105
0102071 9902105
0102085 9902105
0102112 9902105
0103103 9902105
0105024 9902105
0105168 9902105
0105184 9902105
0105246 9902105
0105312 9902105
0106010 9902105
0106036 9902105
0106068 9902105
0107046 9902105
0108150 9902105
0109182 9902105
0111034 9902105
0111129 9902105
0111208 9902105
0112214 9902105
0112231 9902105
0102071 9911116
0102085 9911116
0102112 9911116
0103085 9911116
0104230 9911116
0105059 9911116
0105227 9911116
0105156 9911116
0105168 9911116
0105184 9911116
0105312 9911116
0106010 9911116
0106036 9911116
0106068 9911116
0106157 9911116
0106242 9911116
0107007 9911116
0107197 9911116
0108150 9911116
0109049 9911116
0109182 9911116
0110136 9911116
0111034 9911116
0111069 9911116
0111129 9911116
0111153 9911116
0111208 9911116
0112169 9911116
0112202 9911116
0112231 9911116
0101162 9912249
0102071 9912249
0102085 9912249
0102112 9912249
0103085 9912249
0103103 9912249
0104230 9912249
0105024 9912249
0105059 9912249
0105227 9912249
0105156 9912249
0105168 9912249
0105184 9912249
0105246 9912249
0105312 9912249
0106010 9912249
0106036 9912249
0106068 9912249
0107007 9912249
0107046 9912249
0107197 9912249
0108150 9912249
0109182 9912249
0110136 9912249
0111092 9912249
0111129 9912249
0111208 9912249
0112169 9912249
0102112 0003160
0105058 0003160
0105129 0003160
0105175 0003160
0106010 0003160
0106027 0003160
0111069 0003160
0111208 0003160
0112214 0003160
0102112 0005031
0105058 0005031
0105059 0005031
0105129 0005031
0105175 0005031
0106010 0005031
0106027 0005031
0107007 0005031
0101162 9904207
0102085 9904207
0102112 9904207
0103103 9904207
0105024 9904207
0105168 9904207
0105184 9904207
0105319 9904207
0106010 9904207
0106027 9904207
0106036 9904207
0106107 9904207
0107007 9904207
0108150 9904207
0111034 9904207
0111129 9904207
0111208 9904207
0112214 9904207
0112231 9904207
0102071 0011226
0102085 0011226
0103103 0011226
0105024 0011226
0105059 0011226
0105168 0011226
0105312 0011226
0106010 0011226
0106068 0011226
0109182 0011226
0101162 9208027
0102085 9208027
0102112 9208027
0103103 9208027
0105024 9208027
0105168 9208027
0105246 9208027
0106010 9208027
0109182 9208027
0111129 9208027
0111208 9208027
0101162 9210065
0102071 9210065
0102112 9210065
0103103 9210065
0105024 9210065
0105168 9210065
0105246 9210065
0105312 9210065
0106010 9210065
0111129 9210065
0102085 0101162
0102112 0101162
0103085 0101162
0103103 0101162
0104230 0101162
0105024 0101162
0105059 0101162
0105168 0101162
0105184 0101162
0105246 0101162
0105312 0101162
0105319 0101162
0106010 0101162
0106068 0101162
0106107 0101162
0107197 0101162
0108150 0101162
0109049 0101162
0109182 0101162
0110136 0101162
0111129 0101162
0111208 0101162
0112169 0101162
0112214 0101162
0102071 0002223
0102085 0002223
0103085 0002223
0105059 0002223
0105227 0002223
0105168 0002223
0105312 0002223
0106010 0002223
0109182 0002223
0102071 0010240
0102085 0010240
0103085 0010240
0105059 0010240
0105227 0010240
0105168 0010240
0105312 0010240
0106010 0010240
0109182 0010240
0111129 0010240
0111208 0010240
0102112 9303143
0103103 9303143
0105024 9303143
0105168 9303143
0106010 9303143
0111129 9303143
0102071 0003278
0102085 0003278
0102112 0003278
0103103 0003278
0105024 0003278
0105059 0003278
0105168 0003278
0105312 0003278
0106010 0003278
0106068 0003278
0109182 0003278
0111208 0003278
0102071 0011009
0105024 0011009
0105059 0011009
0105168 0011009
0105312 0011009
0106010 0011009
0102112 9311177
0103103 9311177
0105024 9311177
0105168 9311177
0106010 9311177
0111129 9311177
0102071 0008227
0102071 0008231
0102085 0102071
0102112 0102071
0103103 0102071
0105024 0102071
0105059 0102071
0105168 0102071
0105312 0102071
0106010 0102071
0106068 0102071
0109182 0102071
0111208 0102071
0102085 0008227
0103103 0008227
0105024 0008227
0105059 0008227
0105168 0008227
0106010 0008227
0106068 0008227
0109182 0008227
0111208 0008227
0112169 0008227
0102085 0008231
0102112 0008231
0103103 0008231
0105024 0008231
0105059 0008231
0105168 0008231
0105312 0008231
0106010 0008231
0106068 0008231
0109182 0008231
0111208 0008231
0104230 0102085
0105168 0102085
0105312 0102085
0106010 0102085
0106036 0102085
0106068 0102085
0106107 0102085
0107007 0102085
0107197 0102085
0108150 0102085
0109182 0102085
0110124 0102085
0110136 0102085
0111087 0102085
0111129 0102085
0111208 0102085
0112169 0102085
0112214 0102085
0112231 0102085
0103085 0102112
0103103 0102112
0105024 0102112
0105058 0102112
0105059 0102112
0105129 0102112
0105168 0102112
0105175 0102112
0105184 0102112
0105246 0102112
0105312 0102112
0105319 0102112
0106010 0102112
0106027 0102112
0106036 0102112
0106068 0102112
0106107 0102112
0106157 0102112
0106242 0102112
0107007 0102112
0107046 0102112
0107101 0102112
0107197 0102112
0108150 0102112
0109049 0102112
0109182 0102112
0110124 0102112
0110136 0102112
0110204 0102112
0111034 0102112
0111069 0102112
0111087 0102112
0111092 0102112
0111129 0102112
0111199 0102112
0111208 0102112
0111281 0102112
0112169 0102112
0112214 0102112
0112231 0102112
0103103 0103085
0104230 0103085
0105024 0103085
0105059 0103085
0105227 0103085
0105156 0103085
0105168 0103085
0105184 0103085
0105246 0103085
0105312 0103085
0105319 0103085
0106010 0103085
0106036 0103085
0106068 0103085
0106107 0103085
0106242 0103085
0107197 0103085
0108150 0103085
0109049 0103085
0109182 0103085
0110136 0103085
0111092 0103085
0111129 0103085
0111208 0103085
0112169 0103085
0112214 0103085
0104230 0103103
0105024 0103103
0105059 0103103
0105168 0103103
0105184 0103103
0105246 0103103
0105312 0103103
0105319 0103103
0106010 0103103
0106068 0103103
0106107 0103103
0109049 0103103
0109182 0103103
0110136 0103103
0111129 0103103
0112169 0103103
0106068 0104230
0109182 0104230
0111208 0104230
0105058 0105024
0105059 0105024
0105156 0105024
0105168 0105024
0105184 0105024
0105246 0105024
0105312 0105024
0105319 0105024
0106010 0105024
0106027 0105024
0106036 0105024
0106068 0105024
0106107 0105024
0108150 0105024
0109049 0105024
0109182 0105024
0110136 0105024
0111129 0105024
0111208 0105024
0112169 0105024
0112214 0105024
0105058 0105059
0105129 0105058
0105168 0105058
0105175 0105058
0105184 0105058
0105246 0105058
0105312 0105058
0105319 0105058
0106010 0105058
0106027 0105058
0106036 0105058
0106068 0105058
0106107 0105058
0106157 0105058
0106242 0105058
0107007 0105058
0107046 0105058
0107101 0105058
0108150 0105058
0109049 0105058
0109182 0105058
0110124 0105058
0110136 0105058
0110204 0105058
0111034 0105058
0111069 0105058
0111092 0105058
0111129 0105058
0111199 0105058
0111208 0105058
0111281 0105058
0112169 0105058
0112214 0105058
0112231 0105058
0105227 0105059
0105129 0105059
0105168 0105059
0105175 0105059
0105184 0105059
0105246 0105059
0105312 0105059
0105319 0105059
0106010 0105059
0106027 0105059
0106036 0105059
0106068 0105059
0106107 0105059
0106157 0105059
0106242 0105059
0107007 0105059
0107101 0105059
0107197 0105059
0108150 0105059
0109049 0105059
0110124 0105059
0110136 0105059
0110204 0105059
0111034 0105059
0111069 0105059
0111087 0105059
0111092 0105059
0111129 0105059
0111208 0105059
0111281 0105059
0112169 0105059
0112214 0105059
0112231 0105059
0105227 0105168
0105312 0105227
0106010 0105227
0109182 0105227
0105168 0105129
0105246 0105129
0105319 0105129
0106010 0105129
0106036 0105129
0106068 0105129
0106107 0105129
0106157 0105129
0106242 0105129
0107007 0105129
0107101 0105129
0108150 0105129
0109049 0105129
0110124 0105129
0110204 0105129
0111034 0105129
0111087 0105129
0111129 0105129
0111208 0105129
0112169 0105129
0112214 0105129
0105184 0105156
0106068 0105156
0107197 0105156
0109182 0105156
0111208 0105156
0105175 0105168
0105184 0105168
0105246 0105168
0105312 0105168
0105319 0105168
0106010 0105168
0106027 0105168
0106036 0105168
0106068 0105168
0106107 0105168
0107007 0105168
0107046 0105168
0107101 0105168
0108150 0105168
0109049 0105168
0109182 0105168
0110136 0105168
0110204 0105168
0111034 0105168
0111069 0105168
0111087 0105168
0111129 0105168
0111153 0105168
0111199 0105168
0111208 0105168
0111281 0105168
0112169 0105168
0112202 0105168
0112214 0105168
0112231 0105168
0105319 0105175
0106010 0105175
0106027 0105175
0106036 0105175
0106068 0105175
0106107 0105175
0107007 0105175
0107101 0105175
0109049 0105175
0111069 0105175
0111087 0105175
0111208 0105175
0112169 0105175
0112214 0105175
0105246 0105184
0105319 0105184
0106010 0105184
0106036 0105184
0106068 0105184
0106107 0105184
0107007 0105184
0107101 0105184
0109049 0105184
0109182 0105184
0111069 0105184
0111129 0105184
0111208 0105184
0112169 0105184
0112214 0105184
0112231 0105184
0106068 0105246
0109182 0105246
0111208 0105246
0106010 0105312
0106068 0105312
0109182 0105312
0106068 0105319
0106107 0105319
0109049 0105319
0112231 0105319
0106068 0106010
0106107 0106010
0107007 0106010
0107046 0106010
0107101 0106010
0108150 0106010
0109049 0106010
0109182 0106010
0110124 0106010
0110204 0106010
0111034 0106010
0111087 0106010
0111129 0106010
0111153 0106010
0111199 0106010
0111208 0106010
0111281 0106010
0112169 0106010
0112202 0106010
0112214 0106010
0112231 0106010
0106068 0106027
0107007 0106027
0107101 0106027
0111087 0106027
0111208 0106027
0112214 0106027
0106068 0106036
0106107 0106036
0106157 0106036
0106242 0106036
0107007 0106036
0107101 0106036
0107197 0106036
0108150 0106036
0109049 0106036
0110124 0106036
0110136 0106036
0110204 0106036
0111034 0106036
0111069 0106036
0111087 0106036
0111092 0106036
0111129 0106036
0111208 0106036
0111281 0106036
0112169 0106036
0112214 0106036
0112231 0106036
0107197 0106068
0109182 0106068
0111208 0106068
0112169 0106068
0107007 0106107
0107197 0106107
0111208 0106107
0112231 0106107
0107101 0106157
0111069 0106157
0111208 0106157
0112169 0106157
0107197 0106242
0109182 0106242
0111208 0106242
0112214 0106242
0107101 0107007
0109049 0107007
0111087 0107007
0111208 0107007
0112169 0107007
0112214 0107007
0109182 0107046
0112169 0107046
0108150 0107101
0109049 0107101
0110124 0107101
0110204 0107101
0111034 0107101
0111069 0107101
0111087 0107101
0111129 0107101
0111208 0107101
0111281 0107101
0112169 0107101
0112214 0107101
0109182 0107197
0111208 0107197
0110124 0108150
0111034 0108150
0111069 0108150
0111087 0108150
0111129 0108150
0111153 0108150
0111208 0108150
0111281 0108150
0112169 0108150
0112202 0108150
0112214 0108150
0112231 0108150
0111208 0109182
0112169 0109182
0112214 0109182
0112231 0109182
0111034 0110124
0111069 0110124
0111087 0110124
0111092 0110124
0111129 0110124
0111208 0110124
0112169 0110124
0112214 0110124
0110204 0110136
0111069 0110136
0111087 0110136
0111129 0110136
0111208 0110136
0112214 0110136
0112231 0110136
0111034 0110204
0111069 0110204
0111087 0110204
0111129 0110204
0111208 0110204
0111281 0110204
0112169 0110204
0112214 0110204
0111087 0111034
0111129 0111034
0111153 0111034
0111208 0111034
0111281 0111034
0112169 0111034
0112202 0111034
0112214 0111034
0112231 0111034
0111129 0111069
0111153 0111069
0111208 0111069
0111281 0111069
0112214 0111069
0112231 0111069
0111129 0111087
0111208 0111087
0112169 0111087
0112214 0111087
0111129 0111092
0111208 0111092
0112214 0111092
0111153 0111129
0111199 0111129
0111208 0111129
0111281 0111129
0112169 0111129
0112214 0111129
0112231 0111129
0111208 0111153
0111281 0111153
0112169 0111153
0112202 0111153
0112214 0111153
0112169 0111208
0112214 0111208
0112231 0111208
0112214 0111281
0112231 0111281
0112214 0112169
0112214 0112231
8:
0108091 9407025
0108219 9407025
0110232 9407025
0110302 9407025
0111012 9407025
0111048 9407025
0111165 9407025
0108219 0108091
0110232 0108091
0110302 0108091
0111012 0108091
0111048 0108091
0110232 0108219
0110302 0108219
0111012 0108219
0111048 0108219
0111165 0108219
0110302 0110232
0111012 0110232
0111048 0110232
0111165 0110232
0111012 0110302
0111048 0110302
0111165 0110302
0111048 0111012
0111165 0111012
0111165 0111048
9:
0101199 9908142
0103256 9908142
0104090 9908142
0104143 9908142
0110122 9908142
0111094 9908142
0101199 0003160
0103256 0003160
0104090 0003160
0104143 0003160
0110122 0003160
0111094 0003160
0101199 0010060
0103256 0010060
0104090 0010060
0104143 0010060
0110122 0010060
0111094 0010060
0101199 0010101
0101199 0012259
0103256 0101199
0104090 0101199
0104143 0101199
0110122 0101199
0111094 0101199
0103256 0010101
0104090 0010101
0104143 0010101
0110122 0010101
0111094 0010101
0103256 0012259
0104090 0012259
0104143 0012259
0110122 0012259
0111094 0012259
0104090 0103256
0104143 0103256
0110122 0103256
0111094 0103256
0104143 0104090
0110122 0104090
0111094 0104090
0110122 0104143
0111094 0104143
0111094 0110122
10:
0102016 0006114
0102092 0102016
0102181 0102016
0102137 0102016
0102188 0102016
0104264 0102016
0102092 0006114
0102181 0006114
0102137 0006114
0102188 0006114
0104264 0006114
0102092 0102181
0102137 0102092
0102188 0102092
0104264 0102092
0102181 0102137
0102188 0102181
0104264 0102181
0102188 0102137
0104264 0102137
0104264 0102188
11:
0105155 9606139
0105208 9606139
0107036 9606139
0107138 9606139
0107143 9606139
0107166 9606139
0111179 9606139
0112015 9606139
0112174 9606139
0105155 9912204
0105208 9912204
0107036 9912204
0107138 9912204
0107143 9912204
0107166 9912204
0111179 9912204
0112015 9912204
0112174 9912204
0105155 0007024
0105208 0007024
0107036 0007024
0107138 0007024
0107143 0007024
0107166 0007024
0111179 0007024
0112015 0007024
0112174 0007024
0105155 0011073
0105208 0011073
0107036 0011073
0107138 0011073
0107166 0011073
0111179 0011073
0112015 0011073
0112174 0011073
0105155 0012156
0107036 0012156
0107138 0012156
0107143 0012156
0107166 0012156
0111179 0012156
0112015 0012156
0112174 0012156
0105155 0008250
0105208 0008250
0107138 0008250
0107143 0008250
0107166 0008250
0111179 0008250
0112174 0008250
0105155 0007090
0107036 0007090
0107138 0007090
0107143 0007090
0107166 0007090
0111179 0007090
0112015 0007090
0112174 0007090
0105155 9503030
0105208 0105155
0107036 0105155
0107138 0105155
0107143 0105155
0107166 0105155
0111179 0105155
0112015 0105155
0112174 0105155
0107036 9503030
0107138 9503030
0107143 9503030
0107166 9503030
0111179 9503030
0112015 9503030
0112174 9503030
0107138 0105208
0107143 0105208
0107166 0105208
0111179 0105208
0112174 0105208
0107138 0107036
0107166 0107036
0112015 0107036
0112174 0107036
0107166 0107138
0111179 0107138
0112015 0107138
0112174 0107138
0107166 0107143
0111179 0107143
0112015 0107143
0112174 0107143
0111179 0107166
0112015 0107166
0112174 0107166
0112015 0111179
0112174 0111179
0112174 0112015
12:
0103067 0007191
0103167 0007191
0104037 0007191
0105066 0007191
0105225 0007191
0106040 0007191
0106162 0007191
0107177 0007191
0108120 0007191
0110028 0007191
0110050 0007191
0110115 0007191
0110171 0007191
0110184 0007191
0112040 0007191
0112113 0007191
0104037 9807080
0105066 9807080
0106040 9807080
0108120 9807080
0110028 9807080
0110171 9807080
0110184 9807080
0112040 9807080
0103167 0008001
0103115 0008001
0105225 0008001
0106055 0008001
0106162 0008001
0107177 0008001
0112113 0008001
0103067 9912152
0104037 9912152
0105045 9912152
0105066 9912152
0106034 9912152
0108120 9912152
0108229 9912152
0110028 9912152
0110115 9912152
0110171 9912152
0111165 9912152
0112040 9912152
0101206 0008142
0101206 0011089
0101206 0011256
0101206 0012136
0103011 0101206
0103167 0101206
0103115 0101206
0103223 0101206
0105066 0101206
0106034 0101206
0106040 0101206
0107166 0101206
0107177 0101206
0108245 0101206
0109076 0101206
0110115 0101206
0111050 0101206
0112040 0101206
0112113 0101206
0103011 0008142
0103067 0008142
0103167 0008142
0103115 0008142
0104037 0008142
0105045 0008142
0105066 0008142
0105225 0008142
0106034 0008142
0106040 0008142
0106055 0008142
0107166 0008142
0107177 0008142
0108091 0008142
0108120 0008142
0108229 0008142
0110028 0008142
0110050 0008142
0110115 0008142
0110171 0008142
0110232 0008142
0111012 0008142
0111048 0008142
0111165 0008142
0111198 0008142
0112040 0008142
0112113 0008142
0103011 0011089
0103067 0011089
0103167 0011089
0103115 0011089
0103155 0011089
0103223 0011089
0104037 0011089
0104124 0011089
0104208 0011089
0105045 0011089
0105066 0011089
0105096 0011089
0105225 0011089
0106026 0011089
0106034 0011089
0106040 0011089
0106055 0011089
0106162 0011089
0106177 0011089
0107166 0011089
0107177 0011089
0108091 0011089
0108165 0011089
0108219 0011089
0108226 0011089
0108229 0011089
0108245 0011089
0109076 0011089
0109152 0011089
0110028 0011089
0110115 0011089
0110171 0011089
0110232 0011089
0111012 0011089
0111048 0011089
0111050 0011089
0111198 0011089
0112040 0011089
0112113 0011089
0102185 0011256
0103011 0011256
0103067 0011256
0103167 0011256
0103115 0011256
0103155 0011256
0103223 0011256
0104037 0011256
0104124 0011256
0104208 0011256
0105045 0011256
0105066 0011256
0105096 0011256
0105225 0011256
0106026 0011256
0106034 0011256
0106040 0011256
0106055 0011256
0106162 0011256
0106177 0011256
0107166 0011256
0107177 0011256
0108080 0011256
0108091 0011256
0108165 0011256
0108219 0011256
0108226 0011256
0108229 0011256
0108245 0011256
0109025 0011256
0109152 0011256
0110028 0011256
0110115 0011256
0110171 0011256
0110232 0011256
0111012 0011256
0111048 0011256
0111050 0011256
0111128 0011256
0111165 0011256
0111198 0011256
0112040 0011256
0112113 0011256
0103011 0012136
0103115 0012136
0103223 0012136
0104037 0012136
0105066 0012136
0105225 0012136
0106034 0012136
0106040 0012136
0107177 0012136
0108091 0012136
0108245 0012136
0110115 0012136
0112040 0012136
0103155 0102185
0104208 0102185
0106034 0102185
0106162 0102185
0107177 0102185
0108226 0102185
0108245 0102185
0109025 0102185
0111198 0102185
0103167 0103011
0103115 0103011
0103223 0103011
0104124 0103011
0105066 0103011
0106034 0103011
0106055 0103011
0107177 0103011
0108091 0103011
0108219 0103011
0108245 0103011
0109025 0103011
0109076 0103011
0111012 0103011
0112040 0103011
0103067 9811131
0103167 0103067
0103115 0103067
0103223 0103067
0104037 0103067
0105066 0103067
0105225 0103067
0106034 0103067
0106040 0103067
0107177 0103067
0108091 0103067
0108120 0103067
0108229 0103067
0108245 0103067
0110028 0103067
0110050 0103067
0110171 0103067
0110184 0103067
0110232 0103067
0111012 0103067
0111048 0103067
0111165 0103067
0112040 0103067
0104037 9811131
0105045 9811131
0105066 9811131
0105225 9811131
0106040 9811131
0107177 9811131
0108120 9811131
0108245 9811131
0110028 9811131
0110050 9811131
0110115 9811131
0110171 9811131
0112040 9811131
0103167 0103115
0103167 0011130
0103223 0103167
0104037 0103167
0104124 0103167
0104208 0103167
0105045 0103167
0105066 0103167
0105096 0103167
0105225 0103167
0106026 0103167
0106034 0103167
0106040 0103167
0106055 0103167
0106162 0103167
0106177 0103167
0107166 0103167
0107177 0103167
0108080 0103167
0108091 0103167
0108219 0103167
0108226 0103167
0108229 0103167
0108245 0103167
0109076 0103167
0110115 0103167
0110171 0103167
0110232 0103167
0111012 0103167
0111048 0103167
0111050 0103167
0111128 0103167
0111165 0103167
0111198 0103167
0112040 0103167
0112113 0103167
0103155 0103115
0103223 0103115
0104037 0103115
0104124 0103115
0104208 0103115
0105045 0103115
0105066 0103115
0105096 0103115
0105225 0103115
0106026 0103115
0106034 0103115
0106040 0103115
0106055 0103115
0106162 0103115
0107166 0103115
0107177 0103115
0108080 0103115
0108091 0103115
0108226 0103115
0108245 0103115
0109025 0103115
0109076 0103115
0110115 0103115
0110232 0103115
0111012 0103115
0111048 0103115
0111165 0103115
0111198 0103115
0112040 0103115
0112113 0103115
0104208 0103155
0105096 0103155
0106026 0103155
0106034 0103155
0106055 0103155
0106162 0103155
0107177 0103155
0108080 0103155
0108091 0103155
0108219 0103155
0108226 0103155
0109025 0103155
0109076 0103155
0110232 0103155
0111048 0103155
0111165 0103155
0111198 0103155
0112113 0103155
0103223 0011130
0106055 0011130
0107177 0011130
0110115 0011130
0110232 0011130
0111012 0011130
0111048 0011130
0111050 0011130
0104037 9903093
0105066 9903093
0106040 9903093
0110028 9903093
0110050 9903093
0110171 9903093
0112040 9903093
0104124 0103223
0105045 0103223
0105066 0103223
0105096 0103223
0106026 0103223
0106034 0103223
0106040 0103223
0106055 0103223
0106162 0103223
0107177 0103223
0108091 0103223
0108245 0103223
0109076 0103223
0110115 0103223
0110171 0103223
0110232 0103223
0111012 0103223
0111048 0103223
0111050 0103223
0112040 0103223
0112113 0103223
0104124 0104037
0105066 0104037
0105225 0104037
0106034 0104037
0106040 0104037
0106055 0104037
0108091 0104037
0108120 0104037
0108229 0104037
0108245 0104037
0110028 0104037
0110050 0104037
0110171 0104037
0110184 0104037
0110232 0104037
0111012 0104037
0111048 0104037
0111165 0104037
0112040 0104037
0112113 0104037
0106034 9506150
0107177 9506150
0108245 9506150
0109025 9506150
0111165 9506150
0112113 9506150
0105066 0104124
0105096 0104124
0106026 0104124
0106034 0104124
0106040 0104124
0106055 0104124
0106162 0104124
0107177 0104124
0108091 0104124
0108245 0104124
0109076 0104124
0110115 0104124
0110232 0104124
0111012 0104124
0111048 0104124
0111050 0104124
0112040 0104124
0112113 0104124
0106034 0104208
0107177 0104208
0108219 0104208
0108226 0104208
0108245 0104208
0111050 0104208
0111165 0104208
0105066 0105045
0105225 0105045
0106034 0105045
0106055 0105045
0108229 0105045
0110115 0105045
0110171 0105045
0111165 0105045
0112040 0105045
0105225 0105066
0106034 0105066
0106040 0105066
0106055 0105066
0108091 0105066
0108120 0105066
0108229 0105066
0110028 0105066
0110050 0105066
0110115 0105066
0110171 0105066
0110184 0105066
0110232 0105066
0111012 0105066
0111048 0105066
0112040 0105066
0106026 0105096
0106055 0105096
0106162 0105096
0107166 0105096
0107177 0105096
0108245 0105096
0109076 0105096
0106026 0105225
0106034 0105225
0106040 0105225
0106055 0105225
0106162 0105225
0106177 0105225
0107177 0105225
0108229 0105225
0108245 0105225
0109025 0105225
0110028 0105225
0110115 0105225
0110171 0105225
0110232 0105225
0111012 0105225
0111048 0105225
0111050 0105225
0111165 0105225
0112040 0105225
0112113 0105225
0106040 0106026
0106055 0106026
0106162 0106026
0107166 0106026
0107177 0106026
0108219 0106026
0108226 0106026
0108245 0106026
0109076 0106026
0110171 0106026
0111050 0106026
0111128 0106026
0111165 0106026
0112113 0106026
0106040 0106034
0106055 0106034
0106162 0106034
0106177 0106034
0107166 0106034
0107177 0106034
0108080 0106034
0108091 0106034
0108219 0106034
0108226 0106034
0108245 0106034
0109025 0106034
0109076 0106034
0110115 0106034
0110171 0106034
0110232 0106034
0111048 0106034
0111050 0106034
0111128 0106034
0111165 0106034
0111198 0106034
0112040 0106034
0112113 0106034
0106055 0106040
0106162 0106040
0107166 0106040
0108120 0106040
0108229 0106040
0108245 0106040
0110028 0106040
0110050 0106040
0110115 0106040
0110171 0106040
0110184 0106040
0110232 0106040
0111048 0106040
0112040 0106040
0106162 0106055
0108080 0106055
0109025 0106055
0109076 0106055
0110115 0106055
0110232 0106055
0111048 0106055
0111050 0106055
0111165 0106055
0111198 0106055
0112040 0106055
0112113 0106055
0107166 0106162
0107177 0106162
0108091 0106162
0108226 0106162
0108245 0106162
0111050 0106162
0111128 0106162
0111165 0106162
0112040 0106162
0112113 0106162
0107177 0106177
0108245 0106177
0108245 0107166
0110232 0107166
0112113 0107166
0108080 0107177
0108091 0107177
0108165 0107177
0108219 0107177
0108226 0107177
0108245 0107177
0109025 0107177
0109076 0107177
0109152 0107177
0110028 0107177
0110050 0107177
0110115 0107177
0110171 0107177
0110232 0107177
0111012 0107177
0111165 0107177
0111198 0107177
0112040 0107177
0112113 0107177
0108245 0108080
0111198 0108080
0108219 0108091
0108245 0108091
0109076 0108091
0110232 0108091
0111012 0108091
0111048 0108091
0111050 0108091
0111128 0108091
0108229 0108120
0110028 0108120
0110050 0108120
0110171 0108120
0110184 0108120
0110232 0108120
0111048 0108120
0112040 0108120
0108245 0108165
0109152 0108165
0110050 0108165
0110171 0108165
0110232 0108165
0111048 0108165
0111165 0108165
0112040 0108165
0112113 0108165
0108245 0108219
0109076 0108219
0110232 0108219
0111012 0108219
0111048 0108219
0111050 0108219
0111165 0108219
0108245 0108226
0109025 0108226
0111165 0108226
0111198 0108226
0112113 0108226
0110050 0108229
0110115 0108229
0110171 0108229
0108245 0109025
0111050 0108245
0111128 0108245
0111165 0108245
0111198 0108245
0112040 0108245
0112113 0108245
0109076 0109025
0111048 0109025
0111165 0109025
0111198 0109025
0112113 0109025
0111048 0109076
0111050 0109076
0110050 0109152
0110171 0109152
0110232 0109152
0111012 0109152
0111048 0109152
0111165 0109152
0112040 0109152
0112113 0109152
0110050 0110028
0110115 0110028
0110171 0110028
0110184 0110028
0110232 0110028
0111048 0110028
0111050 0110028
0112040 0110028
0110115 0110050
0110184 0110050
0110232 0110050
0111048 0110050
0111165 0110050
0112040 0110050
0110171 0110115
0110232 0110115
0111012 0110115
0111048 0110115
0111050 0110115
0112040 0110115
0112113 0110115
0110232 0110171
0111012 0110171
0111048 0110171
0111050 0110171
0111165 0110171
0112040 0110171
0112113 0110171
0111012 0110232
0111048 0110232
0111050 0110232
0111165 0110232
0112040 0110232
0111048 0111012
0111050 0111012
0111165 0111012
0112040 0111012
0111165 0111048
0112040 0111048
0112113 0111128
0111198 0111165
0112040 0111165
0112113 0111165
0112113 0111198
0112113 0112040
13:
0103011 0011256
0106034 0011256
0107177 0011256
0108245 0011256
0112098 0011256
0112113 0011256
0112138 0011256
0106034 0103011
0107177 0103011
0108245 0103011
0112098 0103011
0112138 0103011
0107177 0106034
0108245 0106034
0111096 0106034
0112098 0106034
0112113 0106034
0112138 0106034
0112235 0106034
0108245 0107177
0112098 0107177
0112113 0107177
0112138 0107177
0112235 0107177
0111096 0108245
0112098 0108245
0112113 0108245
0112138 0108245
0112235 0108245
0112098 0111096
0112113 0111096
0112138 0111096
0112235 0111096
0112113 0112098
0112138 0112098
0112235 0112098
0112138 0112113
0112235 0112113
0112235 0112138
14:
0104036 9908142
0104045 9908142
0104139 9908142
0106024 9908142
0107087 9908142
0107172 9908142
0108104 9908142
0112238 9908142
0104036 0008013
0104045 0008013
0104139 0008013
0106024 0008013
0107087 0008013
0107172 0008013
0108104 0008013
0112238 0008013
0104036 0011131
0104045 0011131
0104139 0011131
0106024 0011131
0107087 0011131
0107172 0011131
0108104 0011131
0104036 9910053
0104045 9910053
0104139 9910053
0107087 9910053
0107172 9910053
0112238 9910053
0104036 0009101
0104045 0009101
0104139 0009101
0106024 0009101
0107087 0009101
0107172 0009101
0108104 0009101
0104036 0104045
0104036 0104139
0106024 0104036
0107087 0104036
0107172 0104036
0108104 0104036
0112238 0104036
0104139 0104045
0106024 0104045
0107087 0104045
0107172 0104045
0108104 0104045
0112238 0104045
0106024 0104139
0107087 0104139
0107172 0104139
0108104 0104139
0112238 0104139
0107087 0106024
0107172 0106024
0108104 0106024
0107172 0107087
0108104 0107087
0112238 0107087
0112238 0107172
15:
0101073 9711200
0101083 9711200
0101164 9711200
0102035 9711200
0102042 9711200
0102113 9711200
0103078 9711200
0103108 9711200
0103171 9711200
0105048 9711200
0105052 9711200
0105117 9711200
0105160 9711200
0105214 9711200
0106054 9711200
0106086 9711200
0112045 9711200
0106113 9711200
0106127 9711200
0106151 9711200
0106191 9711200
0107067 9711200
0107091 9711200
0107134 9711200
0109213 9711200
0110007 9711200
0110087 9711200
0110108 9711200
0112218 9711200
0112223 9711200
0112226 9711200
0108172 9711200
0109057 9711200
0109122 9711200
0110031 9711200
0110234 9711200
0110265 9711200
0111008 9711200
0111238 9711200
0111247 9711200
0112140 9711200
0110123 9711200
0111085 9711200
0111136 9711200
0111182 9711200
0112009 9711200
0112152 9711200
0112253 9711200
0102042 9802109
0102113 9802109
0103078 9802109
0103108 9802109
0105052 9802109
0105093 9802109
0105117 9802109
0105160 9802109
0105214 9802109
0105249 9802109
0106054 9802109
0106086 9802109
0112045 9802109
0106127 9802109
0106191 9802109
0107134 9802109
0110087 9802109
0110108 9802109
0112218 9802109
0112223 9802109
0112226 9802109
0108172 9802109
0109122 9802109
0110234 9802109
0110265 9802109
0111008 9802109
0111238 9802109
0111247 9802109
0112140 9802109
0110123 9802109
0111085 9802109
0111136 9802109
0111182 9802109
0112009 9802109
0102042 9802150
0102113 9802150
0102138 9802150
0103078 9802150
0103108 9802150
0105048 9802150
0105052 9802150
0105093 9802150
0105117 9802150
0105160 9802150
0105214 9802150
0105249 9802150
0106054 9802150
0106086 9802150
0112045 9802150
0106113 9802150
0106127 9802150
0106151 9802150
0106191 9802150
0107134 9802150
0109213 9802150
0110087 9802150
0110108 9802150
0112218 9802150
0112223 9802150
0112226 9802150
0108172 9802150
0109122 9802150
0110062 9802150
0110234 9802150
0110265 9802150
0111008 9802150
0111238 9802150
0111247 9802150
0112140 9802150
0110123 9802150
0111085 9802150
0111136 9802150
0111182 9802150
0112002 9802150
0112009 9802150
0112066 9802150
0112152 9802150
0103171 9905111
0105117 9905111
0112045 9905111
0106191 9905111
0106247 9905111
0107134 9905111
0108172 9905111
0109057 9905111
0109122 9905111
0110062 9905111
0111008 9905111
0112002 9905111
0112066 9905111
0112152 9905111
0101091 9906064
0102035 9906064
0102042 9906064
0102184 9906064
0103078 9906064
0104159 9906064
0105048 9906064
0105070 9906064
0105117 9906064
0105160 9906064
0105214 9906064
0106054 9906064
0106086 9906064
0106127 9906064
0107134 9906064
0108092 9906064
0108172 9906064
0111008 9906064
0111238 9906064
0111136 9906064
0111182 9906064
0112009 9906064
0101073 9409089
0101076 9409089
0101083 9409089
0102138 9409089
0103171 9409089
0104141 9409089
0105214 9409089
0106086 9409089
0110108 9409089
0112226 9409089
0110031 9409089
0110265 9409089
0111238 9409089
0111182 9409089
0112093 9409089
0101164 0001192
0102035 0001192
0102042 0001192
0103078 0001192
0105048 0001192
0105160 0001192
0106054 0001192
0106127 0001192
0107134 0001192
0108172 0001192
0102035 0003052
0102042 0003052
0103078 0003052
0105048 0003052
0105160 0003052
0106054 0003052
0106127 0003052
0107134 0003052
0108172 0003052
0101164 0004097
0102035 0004097
0102042 0004097
0103078 0004097
0105048 0004097
0105160 0004097
0106054 0004097
0106127 0004097
0107134 0004097
0108172 0004097
0101164 0007064
0101091 0007064
0102035 0007064
0102042 0007064
0103078 0007064
0103241 0007064
0104159 0007064
0105048 0007064
0105070 0007064
0105160 0007064
0105214 0007064
0106054 0007064
0106127 0007064
0107134 0007064
0108092 0007064
0108172 0007064
0111238 0007064
0112140 0007064
0111085 0007064
0111182 0007064
0101091 9910149
0102035 9910149
0102042 9910149
0102184 9910149
0103241 9910149
0104159 9910149
0105070 9910149
0105214 9910149
0106127 9910149
0108092 9910149
0108172 9910149
0112140 9910149
0111136 9910149
0101091 9910219
0102042 9910219
0102184 9910219
0103241 9910219
0104159 9910219
0105070 9910219
0105160 9910219
0108092 9910219
0111008 9910219
0111238 9910219
0111136 9910219
0111182 9910219
0101091 9912287
0102035 9912287
0102042 9912287
0102184 9912287
0103241 9912287
0104159 9912287
0105070 9912287
0105160 9912287
0106127 9912287
0108092 9912287
0108172 9912287
0111136 9912287
0101091 9905012
0102184 9905012
0103241 9905012
0104159 9905012
0105070 9905012
0108092 9905012
0108172 9905012
0111008 9905012
0111238 9905012
0111182 9905012
0101091 0004126
0102042 0004126
0102184 0004126
0103241 0004126
0104159 0004126
0105070 0004126
0106127 0004126
0108092 0004126
0108172 0004126
0112140 0004126
0111136 0004126
0101073 0008140
0101073 0009244
0101073 0010127
0101073 0011115
0101073 0101076
0101073 0101083
0101073 9806039
0101073 9902088
0101073 9902126
0101073 9904120
0101073 9905177
0101073 9911002
0102042 0101073
0102113 0101073
0102138 0101073
0102184 0101073
0103078 0101073
0103108 0101073
0103241 0101073
0104141 0101073
0104159 0101073
0105052 0101073
0105070 0101073
0105093 0101073
0105117 0101073
0105160 0101073
0105214 0101073
0105249 0101073
0106086 0101073
0107134 0101073
0107234 0101073
0108092 0101073
0108172 0101073
0111008 0101073
0111093 0101073
0111238 0101073
0111276 0101073
0112140 0101073
0111136 0101073
0111182 0101073
0112009 0101073
0101176 0002145
0103171 0002145
0106113 0002145
0106184 0002145
0106247 0002145
0107067 0002145
0107169 0002145
0109213 0002145
0110007 0002145
0110108 0002145
0112218 0002145
0112223 0002145
0108172 0002145
0110031 0002145
0112002 0002145
0101076 0008140
0101083 0008140
0102042 0008140
0102113 0008140
0102138 0008140
0102184 0008140
0103078 0008140
0103108 0008140
0103241 0008140
0104141 0008140
0104159 0008140
0105036 0008140
0105052 0008140
0105070 0008140
0105093 0008140
0105117 0008140
0105214 0008140
0105249 0008140
0106086 0008140
0107134 0008140
0107234 0008140
0107238 0008140
0108092 0008140
0110108 0008140
0112226 0008140
0108172 0008140
0109122 0008140
0110265 0008140
0111008 0008140
0111093 0008140
0111238 0008140
0111276 0008140
0112140 0008140
0111085 0008140
0111136 0008140
0111182 0008140
0112009 0008140
0112093 0008140
0112253 0008140
0101076 0009244
0101083 0009244
0102042 0009244
0102113 0009244
0102138 0009244
0102184 0009244
0103078 0009244
0103108 0009244
0103241 0009244
0104141 0009244
0104159 0009244
0105052 0009244
0105070 0009244
0105117 0009244
0105214 0009244
0106086 0009244
0107134 0009244
0108092 0009244
0108172 0009244
0111008 0009244
0111093 0009244
0111238 0009244
0112140 0009244
0111136 0009244
0111182 0009244
0101076 0010127
0101083 0010127
0102042 0010127
0102113 0010127
0102138 0010127
0102184 0010127
0103078 0010127
0103108 0010127
0103241 0010127
0104141 0010127
0104159 0010127
0105052 0010127
0105070 0010127
0105117 0010127
0105214 0010127
0106086 0010127
0107134 0010127
0107238 0010127
0108092 0010127
0108172 0010127
0111008 0010127
0111093 0010127
0111238 0010127
0112140 0010127
0111136 0010127
0111182 0010127
0102042 0011115
0102113 0011115
0102138 0011115
0102184 0011115
0103078 0011115
0103108 0011115
0103241 0011115
0104141 0011115
0104159 0011115
0105036 0011115
0105052 0011115
0105070 0011115
0105093 0011115
0105117 0011115
0105160 0011115
0105214 0011115
0105249 0011115
0106086 0011115
0107134 0011115
0107234 0011115
0108092 0011115
0108172 0011115
0111008 0011115
0111093 0011115
0111238 0011115
0111276 0011115
0112140 0011115
0111136 0011115
0111182 0011115
0101076 0101083
0101076 9803131
0102042 0101076
0102113 0101076
0102138 0101076
0102184 0101076
0103108 0101076
0103241 0101076
0104141 0101076
0104159 0101076
0105036 0101076
0105052 0101076
0105070 0101076
0105093 0101076
0105117 0101076
0105160 0101076
0105214 0101076
0105249 0101076
0106086 0101076
0107134 0101076
0107234 0101076
0108092 0101076
0108172 0101076
0111008 0101076
0111093 0101076
0111238 0101076
0111276 0101076
0112140 0101076
0111085 0101076
0111136 0101076
0111182 0101076
0112253 0101076
0101083 9806039
0101083 9902088
0101083 9902126
0101083 9904120
0101083 9905177
0101083 9911002
0101083 9803131
0101083 9902173
0102042 0101083
0102113 0101083
0102138 0101083
0102184 0101083
0103078 0101083
0103108 0101083
0103241 0101083
0104141 0101083
0104159 0101083
0105052 0101083
0105070 0101083
0105117 0101083
0105160 0101083
0105214 0101083
0106086 0101083
0107134 0101083
0107234 0101083
0108092 0101083
0108172 0101083
0111008 0101083
0111093 0101083
0111238 0101083
0112140 0101083
0111136 0101083
0111182 0101083
0102035 0101164
0103078 0101164
0106127 0101164
0107134 0101164
0108172 0101164
0102042 9806039
0102138 9806039
0103078 9806039
0105249 9806039
0106086 9806039
0111238 9806039
0111182 9806039
0103171 9901147
0106113 9901147
0106184 9901147
0106247 9901147
0107067 9901147
0110007 9901147
0110108 9901147
0112218 9901147
0112223 9901147
0108172 9901147
0110031 9901147
0110123 9901147
0102042 9902088
0102138 9902088
0103078 9902088
0105249 9902088
0106086 9902088
0111238 9902088
0111182 9902088
0102042 9902126
0102138 9902126
0106086 9902126
0111238 9902126
0111182 9902126
0102042 9904120
0102138 9904120
0103078 9904120
0105249 9904120
0106086 9904120
0111238 9904120
0111182 9904120
0102138 9905177
0103078 9905177
0106086 9905177
0111238 9905177
0111182 9905177
0112045 9906022
0106109 9906022
0106113 9906022
0106247 9906022
0107169 9906022
0109213 9906022
0110007 9906022
0112218 9906022
0110031 9906022
0110064 9906022
0110169 9906022
0110238 9906022
0111238 9906022
0111182 9906022
0112093 9906022
0112152 9906022
0102138 9911002
0106086 9911002
0111238 9911002
0111182 9911002
0102042 9803131
0102113 9803131
0103108 9803131
0105036 9803131
0105070 9803131
0105093 9803131
0105214 9803131
0105249 9803131
0106086 9803131
0107238 9803131
0111093 9803131
0111276 9803131
0111136 9803131
0102042 9902173
0102138 9902173
0103078 9902173
0111238 9902173
0111182 9902173
0102042 0101091
0102184 0101091
0103241 0101091
0104159 0101091
0106127 0101091
0108092 0101091
0108172 0101091
0112140 0101091
0111136 0101091
0112045 9902121
0106113 9902121
0106247 9902121
0110007 9902121
0110108 9902121
0112218 9902121
0108172 9902121
0109057 9902121
0109122 9902121
0110234 9902121
0110265 9902121
0111093 9902121
0111217 9902121
0112002 9902121
0112066 9902121
0112093 9902121
0102042 9903225
0102184 9903225
0105214 9903225
0108172 9903225
0111238 9903225
0111182 9903225
0103171 9806146
0112045 9806146
0106113 9806146
0106191 9806146
0106209 9806146
0106247 9806146
0107031 9806146
0107067 9806146
0107134 9806146
0108119 9806146
0109213 9806146
0110007 9806146
0110087 9806146
0110108 9806146
0112218 9806146
0112223 9806146
0112226 9806146
0108172 9806146
0109122 9806146
0110031 9806146
0110062 9806146
0110064 9806146
0110238 9806146
0111008 9806146
0111093 9806146
0111238 9806146
0111182 9806146
0112066 9806146
0112152 9806146
0112253 9806146
0103171 9807127
0109213 9807127
0110108 9807127
0112226 9807127
0111093 9807127
0111238 9807127
0111182 9807127
0103171 9808069
0109213 9808069
0110108 9808069
0112226 9808069
0110062 9808069
0111093 9808069
0111238 9808069
0111182 9808069
0103171 9911082
0106113 9911082
0106247 9911082
0107134 9911082
0109213 9911082
0110007 9911082
0110087 9911082
0110108 9911082
0112226 9911082
0108172 9911082
0110031 9911082
0110062 9911082
0111093 9911082
0111238 9911082
0111182 9911082
0112253 9911082
0103171 0101176
0112045 0101176
0106113 0101176
0106184 0101176
0106191 0101176
0106247 0101176
0107067 0101176
0107134 0101176
0110007 0101176
0112218 0101176
0112223 0101176
0108172 0101176
0110031 0101176
0110064 0101176
0112152 0101176
0102042 0102035
0103078 0102035
0103241 0102035
0104159 0102035
0105048 0102035
0105160 0102035
0106054 0102035
0106127 0102035
0107134 0102035
0108172 0102035
0111085 0102035
0102113 0102042
0102138 0102042
0102184 0102042
0103078 0102042
0103108 0102042
0103241 0102042
0104141 0102042
0104159 0102042
0105036 0102042
0105048 0102042
0105052 0102042
0105070 0102042
0105093 0102042
0105117 0102042
0105160 0102042
0105214 0102042
0105249 0102042
0106054 0102042
0106086 0102042
0112045 0102042
0106127 0102042
0107134 0102042
0107234 0102042
0107238 0102042
0108092 0102042
0112226 0102042
0108172 0102042
0111008 0102042
0111093 0102042
0111238 0102042
0111247 0102042
0111276 0102042
0112140 0102042
0111085 0102042
0111136 0102042
0111182 0102042
0112009 0102042
0102077 0007146
0102077 0010252
0103171 0102077
0106109 0102077
0106113 0102077
0106184 0102077
0106247 0102077
0107067 0102077
0107134 0102077
0110007 0102077
0110108 0102077
0112223 0102077
0108172 0102077
0110031 0102077
0103171 0007146
0106109 0007146
0106113 0007146
0106184 0007146
0106209 0007146
0106247 0007146
0107031 0007146
0107067 0007146
0108119 0007146
0109213 0007146
0110007 0007146
0110087 0007146
0110108 0007146
0112218 0007146
0112226 0007146
0110031 0007146
0110062 0007146
0110169 0007146
0110265 0007146
0111238 0007146
0111182 0007146
0103171 0010252
0112045 0010252
0106109 0010252
0106113 0010252
0106184 0010252
0109213 0010252
0110007 0010252
0110108 0010252
0112218 0010252
0112226 0010252
0110031 0010252
0110169 0010252
0110234 0010252
0110265 0010252
0111093 0010252
0111238 0010252
0112140 0010252
0110123 0010252
0111182 0010252
0112066 0010252
0102138 0102113
0103078 0102113
0103108 0102113
0103241 0102113
0104141 0102113
0104159 0102113
0105036 0102113
0105052 0102113
0105070 0102113
0105093 0102113
0105117 0102113
0105160 0102113
0105214 0102113
0105249 0102113
0106086 0102113
0107134 0102113
0107234 0102113
0107238 0102113
0108092 0102113
0112226 0102113
0108172 0102113
0111008 0102113
0111093 0102113
0111238 0102113
0111276 0102113
0112140 0102113
0111136 0102113
0111182 0102113
0112253 0102113
0103171 0012052
0106113 0012052
0106184 0012052
0107134 0012052
0107169 0012052
0109213 0012052
0110007 0012052
0110108 0012052
0112218 0012052
0112223 0012052
0112226 0012052
0110031 0012052
0110265 0012052
0111238 0012052
0110123 0012052
0111182 0012052
0112093 0012052
0103078 0102138
0103108 0102138
0103241 0102138
0104141 0102138
0104159 0102138
0105036 0102138
0105048 0102138
0105052 0102138
0105070 0102138
0105093 0102138
0105117 0102138
0105160 0102138
0105214 0102138
0105249 0102138
0106086 0102138
0107134 0102138
0108092 0102138
0108172 0102138
0111008 0102138
0111093 0102138
0111238 0102138
0111276 0102138
0112140 0102138
0111136 0102138
0111182 0102138
0103078 0102184
0103108 0102184
0103241 0102184
0104141 0102184
0104159 0102184
0105052 0102184
0105070 0102184
0105093 0102184
0105117 0102184
0105160 0102184
0105214 0102184
0106086 0102184
0107134 0102184
0108092 0102184
0108172 0102184
0111008 0102184
0111093 0102184
0111238 0102184
0112140 0102184
0111136 0102184
0111182 0102184
0103108 0103078
0103241 0103078
0104141 0103078
0104159 0103078
0105036 0103078
0105052 0103078
0105070 0103078
0105093 0103078
0105214 0103078
0105249 0103078
0106054 0103078
0106086 0103078
0112045 0103078
0106127 0103078
0107134 0103078
0108092 0103078
0108172 0103078
0111008 0103078
0111093 0103078
0111238 0103078
0111276 0103078
0112140 0103078
0111085 0103078
0111136 0103078
0111182 0103078
0103241 0103108
0104141 0103108
0104159 0103108
0105036 0103108
0105052 0103108
0105070 0103108
0105093 0103108
0105117 0103108
0105160 0103108
0105214 0103108
0105249 0103108
0106086 0103108
0107134 0103108
0107234 0103108
0107238 0103108
0108092 0103108
0108172 0103108
0111008 0103108
0111093 0103108
0111238 0103108
0111276 0103108
0112140 0103108
0111136 0103108
0111182 0103108
0112253 0103108
0106113 9810169
0106184 9810169
0107067 9810169
0107134 9810169
0110007 9810169
0112218 9810169
0112223 9810169
0108172 9810169
0110031 9810169
0112045 0103171
0106113 0103171
0106184 0103171
0106191 0103171
0106209 0103171
0106247 0103171
0107031 0103171
0107067 0103171
0107134 0103171
0107169 0103171
0109213 0103171
0110007 0103171
0110087 0103171
0110108 0103171
0112218 0103171
0112223 0103171
0112226 0103171
0108172 0103171
0109057 0103171
0110031 0103171
0110062 0103171
0110064 0103171
0110169 0103171
0110238 0103171
0111093 0103171
0111238 0103171
0111182 0103171
0112002 0103171
0112066 0103171
0112152 0103171
0112253 0103171
0104141 0103241
0104159 0103241
0105052 0103241
0105070 0103241
0105093 0103241
0105117 0103241
0105160 0103241
0105214 0103241
0112045 0103241
0106127 0103241
0107134 0103241
0107234 0103241
0108092 0103241
0108172 0103241
0111093 0103241
0111238 0103241
0112140 0103241
0111136 0103241
0111182 0103241
0105036 0104141
0105052 0104141
0105070 0104141
0105093 0104141
0105117 0104141
0105160 0104141
0105214 0104141
0105249 0104141
0107134 0104141
0107234 0104141
0107238 0104141
0108172 0104141
0111008 0104141
0111093 0104141
0111238 0104141
0111276 0104141
0111085 0104141
0111136 0104141
0111182 0104141
0105052 0104159
0105070 0104159
0105117 0104159
0105160 0104159
0105214 0104159
0112045 0104159
0106127 0104159
0107134 0104159
0108092 0104159
0108172 0104159
0111093 0104159
0111136 0104159
0105070 0105036
0105093 0105036
0105117 0105036
0105160 0105036
0105214 0105036
0105249 0105036
0107134 0105036
0107234 0105036
0107238 0105036
0108172 0105036
0111008 0105036
0111093 0105036
0111238 0105036
0111136 0105036
0111182 0105036
0105160 0105048
0106127 0105048
0107134 0105048
0108172 0105048
0105093 0105052
0105117 0105052
0105160 0105052
0105214 0105052
0105249 0105052
0107134 0105052
0107238 0105052
0112226 0105052
0108172 0105052
0111008 0105052
0111093 0105052
0111238 0105052
0111276 0105052
0112140 0105052
0111182 0105052
0112009 0105052
0105093 0105070
0105117 0105070
0105160 0105070
0105214 0105070
0105249 0105070
0106127 0105070
0107134 0105070
0108092 0105070
0108172 0105070
0111008 0105070
0111093 0105070
0111238 0105070
0111276 0105070
0112140 0105070
0111136 0105070
0111182 0105070
0105117 0105093
0105160 0105093
0105214 0105093
0105249 0105093
0107134 0105093
0107238 0105093
0108172 0105093
0111093 0105093
0111238 0105093
0111276 0105093
0111182 0105093
0105214 0105117
0105249 0105117
0112045 0105117
0106127 0105117
0107134 0105117
0107238 0105117
0108172 0105117
0109122 0105117
0111008 0105117
0111093 0105117
0111238 0105117
0111276 0105117
0111182 0105117
0112045 0105160
0107134 0105160
0108172 0105160
0105249 0105214
0106054 0105214
0106127 0105214
0107238 0105214
0108172 0105214
0110234 0105214
0111008 0105214
0111093 0105214
0111238 0105214
0111276 0105214
0111136 0105214
0111182 0105214
0107234 0105249
0107238 0105249
0108092 0105249
0108172 0105249
0111093 0105249
0111238 0105249
0111276 0105249
0106127 0106054
0108172 0106054
0106113 9807216
0106184 9807216
0106247 9807216
0107067 9807216
0107134 9807216
0110007 9807216
0110108 9807216
0112218 9807216
0112223 9807216
0108172 9807216
0110031 9807216
0110169 9807216
0110123 9807216
0107134 0106086
0107238 0106086
0108172 0106086
0111008 0106086
0111093 0106086
0111238 0106086
0111182 0106086
0112009 0106086
0112045 0106109
0112045 0106113
0112045 0106151
0112045 0106184
0112045 0106191
0112045 0106247
0112045 0107134
0112045 0107169
0112045 0109213
0112045 0110007
0112045 0110108
0112223 0112045
0112226 0112045
0112045 0108172
0112045 0109057
0112045 0109122
0112045 0110031
0112045 0110062
0112045 0110064
0112045 0110169
0112045 0110234
0112045 0110238
0112045 0110265
0112045 0111008
0112045 0111093
0112045 0111201
0112045 0111238
0112045 0111247
0112045 0111276
0112140 0112045
0112045 0110123
0112045 0111085
0112045 0111182
0112045 0111217
0112045 0112009
0112066 0112045
0112093 0112045
0112152 0112045
0106184 0106109
0106191 0106109
0106209 0106109
0106247 0106109
0107031 0106109
0107067 0106109
0107091 0106109
0107134 0106109
0107169 0106109
0108119 0106109
0109213 0106109
0110007 0106109
0110108 0106109
0112218 0106109
0112223 0106109
0112226 0106109
0108172 0106109
0109057 0106109
0109122 0106109
0110031 0106109
0110062 0106109
0110064 0106109
0110169 0106109
0110238 0106109
0110265 0106109
0111093 0106109
0111238 0106109
0112140 0106109
0110123 0106109
0111182 0106109
0111217 0106109
0112002 0106109
0112066 0106109
0112093 0106109
0112152 0106109
0112253 0106109
0106151 0106113
0106184 0106113
0106191 0106113
0106209 0106113
0106247 0106113
0107031 0106113
0107067 0106113
0107091 0106113
0107134 0106113
0107169 0106113
0108119 0106113
0109213 0106113
0110007 0106113
0110087 0106113
0110108 0106113
0112218 0106113
0112223 0106113
0112226 0106113
0108172 0106113
0109057 0106113
0109122 0106113
0110031 0106113
0110062 0106113
0110064 0106113
0110169 0106113
0110234 0106113
0110238 0106113
0110265 0106113
0111008 0106113
0111093 0106113
0111201 0106113
0111238 0106113
0110123 0106113
0111085 0106113
0111182 0106113
0111217 0106113
0112002 0106113
0112009 0106113
0112066 0106113
0112093 0106113
0112152 0106113
0112253 0106113
0107134 0106127
0108172 0106127
0111085 0106127
0107134 0106151
0108119 0106151
0110108 0106151
0112218 0106151
0112226 0106151
0108172 0106151
0109122 0106151
0110031 0106151
0110062 0106151
0110064 0106151
0110234 0106151
0111008 0106151
0111093 0106151
0111238 0106151
0111182 0106151
0111217 0106151
0112066 0106151
0112152 0106151
0112253 0106151
0106247 0106184
0107031 0106184
0107067 0106184
0110007 0106184
0110108 0106184
0112218 0106184
0112223 0106184
0112226 0106184
0108172 0106184
0109057 0106184
0109122 0106184
0110031 0106184
0110064 0106184
0111093 0106184
0111201 0106184
0111238 0106184
0111182 0106184
0112152 0106184
0106247 0106191
0107067 0106191
0107134 0106191
0108119 0106191
0109213 0106191
0110007 0106191
0110108 0106191
0112218 0106191
0112226 0106191
0108172 0106191
0109057 0106191
0109122 0106191
0110031 0106191
0110062 0106191
0110064 0106191
0110169 0106191
0110234 0106191
0110238 0106191
0111008 0106191
0111093 0106191
0111201 0106191
0111238 0106191
0112140 0106191
0111085 0106191
0111182 0106191
0112002 0106191
0112066 0106191
0112093 0106191
0112152 0106191
0112253 0106191
0110007 0106209
0112226 0106209
0111008 0106209
0111238 0106209
0111182 0106209
0107031 0106247
0107067 0106247
0107134 0106247
0108119 0106247
0109213 0106247
0110007 0106247
0110108 0106247
0112218 0106247
0112223 0106247
0112226 0106247
0108172 0106247
0109057 0106247
0110031 0106247
0110062 0106247
0110064 0106247
0110169 0106247
0110234 0106247
0110238 0106247
0110265 0106247
0111008 0106247
0111093 0106247
0111201 0106247
0111238 0106247
0112140 0106247
0110123 0106247
0111085 0106247
0111182 0106247
0111217 0106247
0112002 0106247
0112066 0106247
0112093 0106247
0112152 0106247
0112253 0106247
0107031 0107067
0110007 0107031
0112218 0107031
0112226 0107031
0109057 0107031
0110031 0107031
0111008 0107031
0111238 0107031
0111182 0107031
0110007 0107067
0112218 0107067
0112223 0107067
0108172 0107067
0109057 0107067
0109122 0107067
0110031 0107067
0110064 0107067
0111093 0107067
0111201 0107067
0112152 0107067
0108119 0107091
0110007 0107091
0112218 0107091
0112223 0107091
0112226 0107091
0109057 0107091
0111008 0107091
0111093 0107091
0111238 0107091
0111182 0107091
0109213 0107134
0110007 0107134
0112218 0107134
0112223 0107134
0112226 0107134
0108172 0107134
0109057 0107134
0109122 0107134
0110031 0107134
0110064 0107134
0110238 0107134
0111008 0107134
0111093 0107134
0111201 0107134
0111238 0107134
0112140 0107134
0111085 0107134
0111182 0107134
0112093 0107134
0112152 0107134
0110007 0107169
0112218 0107169
0112223 0107169
0112226 0107169
0109057 0107169
0109122 0107169
0111008 0107169
0111093 0107169
0111238 0107169
0111182 0107169
0112093 0107169
0112152 0107169
0111093 0107234
0108172 0107238
0111008 0107238
0111093 0107238
0111238 0107238
0111182 0107238
0108172 0108092
0108119 0109213
0108119 0110007
0108119 0110087
0108119 0110108
0108119 0112218
0108119 0112223
0108119 0112226
0109057 0108119
0109122 0108119
0110062 0108119
0111008 0108119
0111093 0108119
0111238 0108119
0111182 0108119
0112066 0108119
0110007 0109213
0110108 0109213
0112218 0109213
0112223 0109213
0112226 0109213
0109122 0109213
0110031 0109213
0110062 0109213
0110169 0109213
0110238 0109213
0111008 0109213
0111093 0109213
0111201 0109213
0111238 0109213
0111085 0109213
0111182 0109213
0112066 0109213
0112152 0109213
0112218 0110007
0112223 0110007
0112226 0110007
0110007 0109057
0109122 0110007
0110031 0110007
0110062 0110007
0110064 0110007
0110234 0110007
0110265 0110007
0111008 0110007
0111093 0110007
0111238 0110007
0110123 0110007
0111182 0110007
0112002 0110007
0112009 0110007
0112066 0110007
0112093 0110007
0112152 0110007
0112253 0110007
0112218 0110087
0112223 0110087
0112226 0110087
0110234 0110087
0110265 0110087
0111008 0110087
0111093 0110087
0111238 0110087
0111085 0110087
0111182 0110087
0112066 0110087
0112093 0110087
0110108 0112218
0112223 0110108
0112226 0110108
0110108 0109057
0109122 0110108
0110108 0110031
0110108 0110062
0110169 0110108
0110234 0110108
0110265 0110108
0111008 0110108
0111093 0110108
0111201 0110108
0111238 0110108
0111276 0110108
0110123 0110108
0111085 0110108
0111182 0110108
0111217 0110108
0112002 0110108
0112066 0110108
0112093 0110108
0112152 0110108
0112253 0110108
0112223 0112218
0112218 0108172
0112218 0109057
0109122 0112218
0112218 0110031
0112218 0110062
0112218 0110169
0112218 0110234
0112218 0110265
0112218 0111008
0112218 0111093
0112218 0110123
0112218 0111085
0109122 0112223
0112223 0110031
0112223 0110062
0112223 0110064
0112223 0110169
0112223 0110234
0112223 0110265
0112223 0111008
0112223 0111093
0112223 0111276
0112223 0112140
0112223 0111217
0112223 0112002
0112223 0112066
0112223 0112152
0112226 0108172
0112226 0109057
0112226 0110031
0112226 0110062
0112226 0110064
0112226 0110169
0112226 0110234
0112226 0110265
0112226 0111008
0112226 0111093
0112226 0111238
0112226 0112140
0112226 0110123
0112226 0111085
0112226 0111182
0112226 0111217
0112226 0112066
0112226 0112093
0112226 0112152
0112253 0112226
0109122 0108172
0110031 0108172
0110062 0108172
0110064 0108172
0110234 0108172
0111008 0108172
0111093 0108172
0111238 0108172
0111182 0108172
0112002 0108172
0112152 0108172
0112253 0108172
0109122 0109057
0110031 0109057
0110062 0109057
0110064 0109057
0111008 0109057
0111093 0109057
0111201 0109057
0111238 0109057
0111182 0109057
0112002 0109057
0112093 0109057
0112152 0109057
0109122 0110031
0109122 0110062
0109122 0110064
0109122 0110169
0109122 0110234
0109122 0110238
0109122 0110265
0109122 0111008
0109122 0111093
0109122 0111201
0109122 0111238
0109122 0111276
0109122 0112140
0110062 0110031
0110064 0110031
0110169 0110031
0111008 0110031
0111093 0110031
0111238 0110031
0112140 0110031
0110123 0110031
0111182 0110031
0112002 0110031
0112152 0110031
0111008 0110062
0111093 0110062
0111238 0110062
0111182 0110062
0111217 0110062
0112066 0110062
0112152 0110062
0111008 0110064
0111238 0110064
0111182 0110064
0112002 0110064
0112152 0110064
0111093 0110169
0110169 0110123
0112152 0110169
0110265 0110234
0111008 0110234
0111093 0110234
0111238 0110234
0110234 0110123
0111182 0110234
0111217 0110234
0112002 0110234
0112152 0110234
0112253 0110234
0112152 0110238
0111093 0110265
0111201 0110265
0111238 0110265
0111276 0110265
0110265 0110123
0111182 0110265
0112009 0110265
0112093 0110265
0112152 0110265
0112253 0110265
0111008 0111093
0111238 0111008
0111276 0111008
0112140 0111008
0111182 0111008
0112009 0111008
0112066 0111008
0112093 0111008
0112152 0111008
0111201 0111093
0111238 0111093
0111276 0111093
0112140 0111093
0111093 0110123
0111182 0111093
0112009 0111093
0112066 0111093
0112093 0111093
0112152 0111093
0112253 0111093
0112152 0111201
0111276 0111238
0112140 0111238
0111238 0110123
0111238 0111085
0111238 0111182
0112009 0111238
0112093 0111238
0112152 0111238
0112140 0111247
0111247 0111085
0112009 0111247
0112140 0111276
0111276 0111182
0112009 0111276
0112152 0111276
0112140 0110123
0112140 0111085
0112140 0111136
0112140 0111217
0112140 0112009
0112253 0112140
0111182 0110123
0111217 0110123
0112152 0110123
0111182 0111085
0112009 0111085
0112066 0111085
0112152 0111085
0112009 0111182
0112066 0111182
0112093 0111182
0112152 0111182
0112002 0111217
0112066 0111217
0112152 0111217
0112253 0111217
0112152 0112002
0112253 0112002
0112152 0112009
0112152 0112066
0112152 0112093
0112253 0112093
16:
0103080 0007018
0103167 0007018
0103115 0007018
0105019 0007018
0105049 0007018
0105250 0007018
0106055 0007018
0106117 0007018
0106160 0007018
0108080 0007018
0109039 0007018
0109092 0007018
0109177 0007018
0110034 0007018
0112126 0007018
0103080 0008001
0103167 0008001
0103115 0008001
0105019 0008001
0105049 0008001
0105250 0008001
0106055 0008001
0106117 0008001
0106160 0008001
0108080 0008001
0109039 0008001
0109092 0008001
0109177 0008001
0110034 0008001
0112126 0008001
0103080 9802042
0103167 9802042
0105019 9802042
0106117 9802042
0109177 9802042
0110034 9802042
0103080 0011288
0103167 0011288
0103115 0011288
0105019 0011288
0105250 0011288
0106055 0011288
0106117 0011288
0108080 0011288
0109039 0011288
0109092 0011288
0110034 0011288
0103080 9511222
0103167 9511222
0103115 9511222
0105019 9511222
0105049 9511222
0105250 9511222
0106055 9511222
0106117 9511222
0106160 9511222
0108080 9511222
0109039 9511222
0109092 9511222
0109177 9511222
0110034 9511222
0112126 9511222
0103080 0012195
0103167 0012195
0103115 0012195
0105019 0012195
0105250 0012195
0106055 0012195
0106117 0012195
0108080 0012195
0109039 0012195
0109092 0012195
0109177 0012195
0110034 0012195
0103080 0011190
0103080 0103167
0103115 0103080
0105019 0103080
0105250 0103080
0106055 0103080
0106117 0103080
0108080 0103080
0109039 0103080
0109092 0103080
0109177 0103080
0110034 0103080
0112126 0103080
0103167 0011190
0103115 0011190
0105019 0011190
0105049 0011190
0105250 0011190
0106055 0011190
0106117 0011190
0108080 0011190
0109039 0011190
0109092 0011190
0110034 0011190
0103167 0103115
0105019 0103167
0105049 0103167
0105250 0103167
0106055 0103167
0106117 0103167
0108080 0103167
0109039 0103167
0109092 0103167
0109177 0103167
0110034 0103167
0112126 0103167
0106055 0103115
0108080 0103115
0109092 0103115
0109177 0103115
0112126 0103115
0105049 0105019
0105250 0105019
0106055 0105019
0106117 0105019
0108080 0105019
0109039 0105019
0109092 0105019
0109177 0105019
0110034 0105019
0105250 0105049
0106055 0105049
0106117 0105049
0108080 0105049
0109039 0105049
0109092 0105049
0110034 0105049
0106055 0105250
0106117 0105250
0108080 0105250
0109039 0105250
0109092 0105250
0109177 0105250
0110034 0105250
0112126 0105250
0106117 0106055
0108080 0106055
0109039 0106055
0109092 0106055
0109177 0106055
0110034 0106055
0106160 0106117
0108080 0106117
0109039 0106117
0109092 0106117
0109177 0106117
0110034 0106117
0112126 0106117
0108080 0106160
0109039 0106160
0109177 0106160
0110034 0106160
0112126 0106160
0109039 0108080
0109092 0108080
0109177 0108080
0110034 0108080
0112126 0108080
0109177 0109039
0110034 0109039
0110034 0109177
0112126 0109177
0112126 0110034
17:
0101013 0008076
0101013 0008081
0101013 0011077
0101013 0011193
0101013 9507012
0101013 9711200
0101013 9911096
0101013 9911161
0104026 0101013
0105258 0101013
0106061 0101013
0106160 0101013
0106186 0101013
0107057 0101013
0108016 0101013
0110281 0101013
0112145 0101013
0112195 0101013
0106014 0008076
0105258 0008076
0106061 0008076
0106117 0008076
0106160 0008076
0106186 0008076
0107057 0008076
0112145 0008076
0112195 0008076
0106014 0008081
0105258 0008081
0106061 0008081
0106117 0008081
0106160 0008081
0106186 0008081
0107057 0008081
0112145 0008081
0112195 0008081
0104026 0011077
0106014 0011077
0105258 0011077
0106061 0011077
0106117 0011077
0106160 0011077
0106186 0011077
0107057 0011077
0108016 0011077
0110281 0011077
0112126 0011077
0112145 0011077
0112195 0011077
0104026 0011193
0106014 0011193
0105258 0011193
0106061 0011193
0106117 0011193
0106160 0011193
0106186 0011193
0107057 0011193
0108016 0011193
0110281 0011193
0112126 0011193
0112145 0011193
0112195 0011193
0104026 9507012
0105258 9507012
0106186 9507012
0107057 9507012
0112195 9507012
0105258 9711200
0106061 9711200
0106186 9711200
0107057 9711200
0112195 9711200
0104026 9911096
0105258 9911096
0106061 9911096
0106186 9911096
0107057 9911096
0108016 9911096
0110281 9911096
0112145 9911096
0112195 9911096
0104026 9911161
0106014 9911161
0105258 9911161
0106061 9911161
0106117 9911161
0106160 9911161
0106186 9911161
0107057 9911161
0108016 9911161
0110281 9911161
0112126 9911161
0112145 9911161
0112195 9911161
0104026 0009211
0105258 0009211
0106160 0009211
0106186 0009211
0107057 0009211
0112195 0009211
0104026 9603167
0105258 9603167
0106061 9603167
0106186 9603167
0107057 9603167
0112195 9603167
0106014 0006060
0106117 0006060
0106160 0006060
0107057 0006060
0112126 0006060
0112145 0006060
0105258 0104026
0106061 0104026
0106117 0104026
0106160 0104026
0106186 0104026
0107057 0104026
0108016 0104026
0110281 0104026
0112126 0104026
0112145 0104026
0112195 0104026
0106117 0106014
0106160 0106014
0106186 0106014
0107057 0106014
0112126 0106014
0112145 0106014
0112195 0106014
0106061 0105258
0106160 0105258
0106186 0105258
0107057 0105258
0108016 0105258
0110281 0105258
0112126 0105258
0112145 0105258
0112195 0105258
0106186 0106061
0107057 0106061
0110281 0106061
0112195 0106061
0106160 0106117
0106186 0106117
0107057 0106117
0112126 0106117
0112145 0106117
0112195 0106117
0106186 0106160
0107057 0106160
0110281 0106160
0112126 0106160
0112145 0106160
0112195 0106160
0107057 0106186
0110281 0106186
0112145 0106186
0112195 0106186
0108016 0107057
0112126 0107057
0112145 0107057
0112195 0107057
0112195 0108016
0112145 0112126
18:
0105045 0012041
0108064 0012041
0108229 0012041
0108234 0012041
0109075 0012041
0109214 0012041
0110171 0012041
0111113 0012041
0105045 9309140
0108229 9309140
0109075 9309140
0109214 9309140
0110171 9309140
0111113 9309140
0105045 0002222
0108229 0002222
0108234 0002222
0109214 0002222
0110171 0002222
0111113 0002222
0105045 0005247
0108229 0005247
0108234 0005247
0109214 0005247
0110171 0005247
0111113 0005247
0105045 9912123
0108064 9912123
0108229 9912123
0108234 9912123
0109075 9912123
0109214 9912123
0111113 9912123
0108064 0105045
0108229 0105045
0108234 0105045
0109075 0105045
0109214 0105045
0110171 0105045
0111113 0105045
0108229 0108064
0108234 0108064
0109075 0108064
0109214 0108064
0111113 0108064
0108234 0108229
0109075 0108229
0109214 0108229
0110171 0108229
0111113 0108229
0109075 0108234
0109214 0108234
0110171 0108234
0111113 0108234
0109214 0109075
0110171 0109075
0111113 0109075
0110171 0109214
0111113 0109214
0111113 0110171
19:
0101029 9908142
0103179 9908142
0106048 9908142
0107178 9908142
0107200 9908142
0108096 9908142
0109176 9908142
0111013 9908142
0112185 9908142
0101029 0010105
0103013 0101029
0103179 0101029
0106011 0101029
0106016 0101029
0106048 0101029
0107178 0101029
0107200 0101029
0108096 0101029
0109176 0101029
0111013 0101029
0112185 0101029
0103013 0010105
0103179 0010105
0107178 0010105
0107200 0010105
0108096 0010105
0111013 0010105
0103179 0103013
0106011 0103013
0106016 0103013
0106048 0103013
0107178 0103013
0107200 0103013
0108096 0103013
0109176 0103013
0111013 0103013
0112185 0103013
0106011 0103179
0106016 0103179
0106048 0103179
0107178 0103179
0107200 0103179
0108096 0103179
0109176 0103179
0111013 0103179
0112185 0103179
0109176 0106011
0111013 0106011
0112185 0106011
0107178 0106016
0111013 0106016
0112185 0106016
0107178 0106048
0109176 0106048
0111013 0106048
0112185 0106048
0107178 0107200
0108096 0107178
0111013 0107178
0112185 0107178
0108096 0107200
0111013 0107200
0112185 0107200
0111013 0108096
0111013 0109176
0112185 0109176
0112185 0111013
20:
0103030 9910053
0103148 9910053
0105095 9910053
0106012 9910053
0108207 9910053
0110039 9910053
0103148 0103030
0105095 0103030
0106012 0103030
0108207 0103030
0110039 0103030
0112034 0103030
0105095 0103148
0106012 0103148
0108207 0103148
0110039 0103148
0112034 0103148
0105095 0106012
0108207 0105095
0110039 0105095
0112034 0105095
0108207 0106012
0110039 0106012
0112034 0106012
0110039 0108207
0112034 0108207
0112034 0110039
21:
0105038 9812193
0106129 9812193
0108001 9812193
0109150 9812193
0109200 9812193
0112198 9812193
0105038 0012234
0106129 0012234
0108001 0012234
0109150 0012234
0109200 0012234
0112178 0012234
0112198 0012234
0105038 9901122
0106129 0105038
0108001 0105038
0109150 0105038
0109200 0105038
0112178 0105038
0112198 0105038
0106129 9901122
0108001 9901122
0109150 9901122
0109200 9901122
0112178 9901122
0112198 9901122
0108001 0106129
0109150 0106129
0109200 0106129
0112178 0106129
0112198 0106129
0109150 0108001
0109200 0108001
0112178 0108001
0112198 0108001
0109200 0109150
0112178 0109150
0112198 0109150
0112178 0109200
0112198 0109200
22:
0105252 0012234
0106005 0012234
0106129 0012234
0107189 0012234
0108001 0012234
0109150 0012234
0110008 0012234
0112178 0012234
0112188 0012234
0112198 0012234
0105252 0001053
0106005 0001053
0106129 0001053
0107189 0001053
0108001 0001053
0109150 0001053
0112188 0001053
0112198 0001053
0105252 9901122
0106005 9901122
0106129 9901122
0107189 9901122
0108001 9901122
0109150 9901122
0110008 9901122
0112178 9901122
0112188 9901122
0112198 9901122
0106129 0105252
0107189 0105252
0108001 0105252
0109150 0105252
0110008 0105252
0112178 0105252
0112188 0105252
0106129 0106005
0107189 0106005
0108001 0106005
0109150 0106005
0110008 0106005
0112178 0106005
0112188 0106005
0112198 0106005
0107189 0106129
0108001 0106129
0109150 0106129
0110008 0106129
0112178 0106129
0112188 0106129
0112198 0106129
0108001 0107189
0109150 0107189
0110008 0107189
0112178 0107189
0112188 0107189
0112198 0107189
0109150 0108001
0110008 0108001
0112178 0108001
0112188 0108001
0112198 0108001
0112178 0109150
0112188 0109150
0112198 0109150
0112178 0110008
23:
0105038 9812193
0108044 9812193
0108142 9812193
0111189 9812193
0112078 9812193
0112193 9812193
0108044 0105038
0108142 0105038
0111189 0105038
0111230 0105038
0112078 0105038
0112193 0105038
0108142 0108044
0111189 0108044
0111230 0108044
0112078 0108044
0112193 0108044
0111189 0108142
0111230 0108142
0112078 0108142
0112193 0108142
0111230 0111189
0112078 0111189
0112193 0111189
0112078 0111230
0112193 0111230
0112193 0112078
24:
0102212 9505175
0106205 9505175
0107099 9505175
0109084 9505175
0109102 9505175
0110291 9505175
0106205 0102212
0107099 0102212
0109084 0102212
0109102 0102212
0110291 0102212
0107099 0106205
0109084 0106205
0109102 0106205
0110291 0106205
0109084 0107099
0109102 0107099
0110291 0107099
0109102 0109084
0110291 0109084
0110291 0109102
25:
0103239 9906064
0104073 9906064
0105199 9906064
0106241 9906064
0106282 9906064
0107176 9906064
0111279 9906064
0103239 9603142
0104073 9603142
0105199 9603142
0105212 9603142
0106241 9603142
0106282 9603142
0107176 9603142
0111279 9603142
0103239 9803235
0104073 9803235
0105199 9803235
0105212 9803235
0106241 9803235
0106282 9803235
0107176 9803235
0109004 9803235
0111279 9803235
0112128 9803235
0103239 9710208
0104073 9710208
0105212 9710208
0106241 9710208
0109004 9710208
0112128 9710208
0103239 9806051
0104073 9806051
0105199 9806051
0106241 9806051
0106282 9806051
0107176 9806051
0111279 9806051
0103239 0104073
0105199 0103239
0105212 0103239
0106241 0103239
0106282 0103239
0107176 0103239
0109004 0103239
0111279 0103239
0112128 0103239
0112249 0103239
0104073 0105199
0104073 0105212
0104073 0106241
0106282 0104073
0107176 0104073
0109004 0104073
0111279 0104073
0112128 0104073
0112249 0104073
0106241 0105199
0106282 0105199
0107176 0105199
0109004 0105199
0111279 0105199
0106241 0105212
0106282 0105212
0107176 0105212
0109004 0105212
0111279 0105212
0112128 0105212
0106282 0106241
0107176 0106241
0109004 0106241
0111279 0106241
0112128 0106241
0112249 0106241
0107176 0106282
0109004 0106282
0111279 0106282
0112249 0106282
0111279 0109004
0112128 0109004
0112249 0109004
0112249 0111279
26:
0101029 0010264
0102016 0101029
0102092 0101029
0102181 0101029
0102188 0101029
0103013 0101029
0103139 0101029
0103179 0101029
0104091 0101029
0106011 0101029
0106072 0101029
0109176 0101029
0111109 0101029
0102016 0010264
0102092 0010264
0102181 0010264
0102188 0010264
0103013 0010264
0103139 0010264
0103179 0010264
0104091 0010264
0106011 0010264
0106072 0010264
0102092 0102016
0102181 0102016
0102188 0102016
0103013 0102016
0103139 0102016
0102092 0102181
0102188 0102092
0103139 0102092
0104091 0102092
0102188 0102181
0103013 0102181
0103139 0102181
0103179 0102181
0104091 0102181
0106011 0102181
0106072 0102181
0109176 0102181
0111109 0102181
0103013 0102188
0103139 0102188
0103179 0102188
0104091 0102188
0106011 0102188
0106072 0102188
0109176 0102188
0111109 0102188
0103139 0103013
0103179 0103013
0104091 0103013
0106011 0103013
0106072 0103013
0109176 0103013
0111109 0103013
0104091 0103139
0104091 0103179
0106011 0103179
0106072 0103179
0109176 0103179
0111109 0103179
0109176 0104091
0106011 0106072
0109176 0106011
0111109 0106011
27:
0106121 0008042
0107106 0008042
0110066 0008042
0110215 0008042
0111145 0008042
0112176 0008042
0106121 0008075
0107106 0008075
0110113 0008075
0110066 0008075
0110215 0008075
0111145 0008075
0112176 0008075
0106121 0008205
0107106 0008205
0110113 0008205
0110066 0008205
0110215 0008205
0111145 0008205
0112176 0008205
0106121 0011125
0107106 0011125
0110113 0011125
0110066 0011125
0110215 0011125
0111145 0011125
0112176 0011125
0106121 9910004
0107106 9910004
0110113 9910004
0110066 9910004
0110215 9910004
0111145 9910004
0112176 9910004
0106121 0007089
0107106 0007089
0110066 0007089
0110215 0007089
0111145 0007089
0112176 0007089
0106121 0002075
0107106 0002075
0110113 0002075
0110066 0002075
0111145 0002075
0112176 0002075
0106121 9912072
0107106 9912072
0110113 9912072
0110066 9912072
0110215 9912072
0111145 9912072
0112176 9912072
0107106 0106121
0110113 0106121
0110066 0106121
0110215 0106121
0111145 0106121
0112176 0106121
0110113 0107106
0110066 0107106
0110215 0107106
0111145 0107106
0112176 0107106
0110113 0110066
0110215 0110113
0111145 0110113
0112176 0110113
0110215 0110066
0111145 0110066
0112176 0110066
0111145 0110215
0112176 0110215
0112176 0111145
28:
0101199 0003160
0103256 0003160
0104090 0003160
0104143 0003160
0106180 0003160
0107251 0003160
0101199 0005006
0103256 0005006
0104090 0005006
0104143 0005006
0106180 0005006
0107251 0005006
0101199 0005031
0103256 0005031
0104090 0005031
0104143 0005031
0106180 0005031
0107251 0005031
0101199 0010101
0103256 0101199
0104090 0101199
0104143 0101199
0106180 0101199
0107251 0101199
0103256 0010101
0104090 0010101
0104143 0010101
0106180 0010101
0107251 0010101
0104090 0103256
0104143 0103256
0106180 0103256
0107251 0103256
0104143 0104090
0106180 0104090
0107251 0104090
0106180 0104143
0107251 0104143
0107251 0106180
29:
0101207 0009103
0102192 0009103
0103089 0009103
0103102 0009103
0104099 0009103
0105115 0009103
0106033 0009103
0104164 0009103
0105059 0009103
0105098 0009103
0105227 0009103
0105312 0009103
0106201 0009103
0106010 0009103
0107098 0009103
0109032 0009103
0109187 0009103
0101207 0009148
0102192 0009148
0103089 0009148
0103102 0009148
0104099 0009148
0105115 0009148
0106033 0009148
0104164 0009148
0105059 0009148
0105098 0009148
0105227 0009148
0105238 0009148
0105312 0009148
0106002 0009148
0106201 0009148
0106010 0009148
0107098 0009148
0109032 0009148
0109187 0009148
0102192 0010108
0103089 0010108
0103102 0010108
0104099 0010108
0105115 0010108
0104164 0010108
0105227 0010108
0105238 0010108
0106201 0010108
0107098 0010108
0107197 0010108
0109032 0010108
0109187 0010108
0111208 0010108
0104099 9911116
0105115 9911116
0105098 9911116
0107098 9911116
0107197 9911116
0111208 9911116
0102192 9912249
0103089 9912249
0104099 9912249
0105115 9912249
0104164 9912249
0105059 9912249
0105098 9912249
0105227 9912249
0105312 9912249
0106010 9912249
0107098 9912249
0107197 9912249
0111208 9912249
0102192 0003101
0103089 0003101
0104099 0003101
0104164 0003101
0105238 0003101
0106201 0003101
0109032 0003101
0109187 0003101
0103089 0012198
0103102 0012198
0104099 0012198
0105115 0012198
0106033 0012198
0104164 0012198
0105227 0012198
0105238 0012198
0107098 0012198
0107197 0012198
0109032 0012198
0111208 0012198
0103089 0012210
0103102 0012210
0104099 0012210
0105115 0012210
0106033 0012210
0104164 0012210
0105227 0012210
0105238 0012210
0107098 0012210
0109032 0012210
0101200 9208027
0101207 9208027
0102192 9208027
0103089 9208027
0104099 9208027
0105115 9208027
0106033 9208027
0105098 9208027
0105227 9208027
0105238 9208027
0106002 9208027
0106201 9208027
0107098 9208027
0107197 9208027
0109187 9208027
0111208 9208027
0101207 9210065
0102192 9210065
0103089 9210065
0103102 9210065
0104099 9210065
0105115 9210065
0106033 9210065
0104164 9210065
0105098 9210065
0105227 9210065
0105238 9210065
0105312 9210065
0106002 9210065
0106201 9210065
0106010 9210065
0107098 9210065
0109032 9210065
0109187 9210065
0105115 0101200
0105098 0101200
0105238 0101200
0107098 0101200
0107197 0101200
0111208 0101200
0102192 0101207
0104099 0101207
0106033 0101207
0104164 0101207
0105098 0101207
0105238 0101207
0106002 0101207
0106201 0101207
0107098 0101207
0109032 0101207
0109187 0101207
0103089 9303143
0103102 9303143
0104099 9303143
0105115 9303143
0106033 9303143
0104164 9303143
0105098 9303143
0105227 9303143
0105238 9303143
0106201 9303143
0107098 9303143
0109032 9303143
0109187 9303143
0104099 0010218
0105115 0010218
0106033 0010218
0104164 0010218
0105098 0010218
0105238 0010218
0107098 0010218
0109032 0010218
0104099 0102192
0105115 0102192
0104164 0102192
0105098 0102192
0105238 0102192
0106201 0102192
0107098 0102192
0109032 0102192
0109187 0102192
0103102 0103089
0104099 0103089
0105115 0103089
0104164 0103089
0105238 0103089
0107098 0103089
0107197 0103089
0109032 0103089
0109187 0103089
0111208 0103089
0104099 0103102
0105115 0103102
0104164 0103102
0105227 0103102
0105238 0103102
0107098 0103102
0107197 0103102
0109032 0103102
0109187 0103102
0104099 0105115
0104099 0106033
0104164 0104099
0105059 0104099
0105098 0104099
0105227 0104099
0105238 0104099
0105312 0104099
0106002 0104099
0106201 0104099
0106010 0104099
0107098 0104099
0107197 0104099
0109032 0104099
0109187 0104099
0111208 0104099
0105115 0106033
0105115 0104164
0105115 0105098
0105115 0105227
0107098 0105115
0107197 0105115
0109032 0105115
0111208 0105115
0106033 0104164
0106033 0105098
0106033 0105227
0106033 0105238
0107098 0106033
0109032 0106033
0105059 0104164
0105098 0104164
0105227 0104164
0105238 0104164
0105312 0104164
0106201 0104164
0106010 0104164
0107098 0104164
0109032 0104164
0109187 0104164
0105227 0105059
0105312 0105059
0106010 0105059
0105227 0105098
0105238 0105098
0105312 0105098
0106002 0105098
0106201 0105098
0106010 0105098
0107098 0105098
0107197 0105098
0109032 0105098
0109187 0105098
0111208 0105098
0105312 0105227
0106201 0105227
0106010 0105227
0107098 0105227
0109032 0105227
0109187 0105227
0105312 0105238
0106002 0105238
0106201 0105238
0106010 0105238
0107098 0105238
0107197 0105238
0109032 0105238
0109187 0105238
0111208 0105238
0106010 0105312
0109187 0105312
0106002 0106201
0107098 0106002
0109187 0106201
0107197 0107098
0111208 0107098
0111208 0107197
0109187 0109032
30:
0103030 9910053
0103148 9910053
0105062 9910053
0106012 9910053
0111156 9910053
0112180 9910053
0103148 0103030
0105062 0103030
0106012 0103030
0111156 0103030
0112180 0103030
0105062 0103148
0106012 0103148
0111156 0103148
0112180 0103148
0106012 0105062
0111156 0105062
0112180 0105062
0111156 0106012
0112180 0106012
0111156 0112180
31:
0104036 9908142
0104045 9908142
0104139 9908142
0105242 9908142
0105311 9908142
0110035 9908142
0104036 0011125
0104045 0011125
0104139 0011125
0105242 0011125
0105311 0011125
0110035 0011125
0104036 0104045
0104036 0104139
0105242 0104036
0105311 0104036
0110035 0104036
0104139 0104045
0105242 0104045
0105311 0104045
0110035 0104045
0105242 0104139
0105311 0104139
0110035 0104139
0105311 0105242
0110035 0105242
0110035 0105311
32:
0101096 0007191
0102185 0007191
0103155 0007191
0105096 0007191
0106162 0007191
0106177 0007191
0107177 0007191
0101096 0011023
0102185 0011023
0103155 0011023
0105096 0011023
0106162 0011023
0106177 0011023
0107177 0011023
0102185 0101096
0103155 0101096
0105096 0101096
0106162 0101096
0106177 0101096
0107177 0101096
0103155 0102185
0105096 0102185
0106162 0102185
0106177 0102185
0107177 0102185
0105096 0103155
0106162 0103155
0106177 0103155
0107177 0103155
0106162 0105096
0106177 0105096
0107177 0105096
0107177 0106162
0107177 0106177
33:
0102198 0011017
0104147 0011017
0104200 0011017
0104254 0011017
0109013 0011017
0110071 0011017
0104147 0102198
0104200 0102198
0104254 0102198
0109013 0102198
0110071 0102198
0104200 0104147
0104254 0104147
0109013 0104147
0110071 0104147
0104254 0104200
0109013 0104200
0110071 0104200
0109013 0104254
0110071 0104254
0110071 0109013
34:
0102076 0005006
0105058 0005006
0105059 0005006
0105129 0005006
0105242 0005006
0106010 0005006
0102076 0005031
0105058 0005031
0105059 0005031
0105129 0005031
0105242 0005031
0106010 0005031
0105058 0102076
0105059 0102076
0105129 0102076
0105242 0102076
0106010 0102076
0105058 0105059
0105129 0105058
0105242 0105058
0106010 0105058
0105129 0105059
0105242 0105059
0106010 0105059
0105242 0105129
0106010 0105129
0106010 0105242
