# The directed communities at k=4
# from /Users/bogna/dev/role-mining/datasets/hepth/timeslots/cit-HepTh-1995.edges
# at no lower link weight threshold,
# and at no upper link weight threshold.
# Links were treated as directed.
# No time limit was set for the clique search.

0: 9501007 9410202 9411063 9503053 9504040 9506080 
1: 9501029 9306044 9310130 9405014 9501059 9507010 9510171 
2: 9501038 9208031 9401030 9403190 9404056 9405004 9405096 9407096 9502029 9506089 
3: 9501075 9204083 9310144 9402097 9402107 9501099 9212090 9212149 9301003 9301068 9305047 9305097 9307085 9310041 9310134 9310165 9404004 9404175 9408115 9303046 9503020 9507060 9510154 9510155 9510187 9512009 
4: 9203051 9204071 9209115 9304046 9501113 9201004 9201020 9208035 9303156 9307036 9309025 9312168 9405113 9411055 9502141 9502143 9510213 9510216 9512102 9512103 
5: 9411176 9304065 9201067 9501136 9203076 9209024 9406197 9503079 9506169 9509007 
6: 9502070 9411201 9502100 9509173 
7: 9308124 9502073 9312059 9401091 9404098 9405110 9504070 9508152 
8: 9503030 9310151 9509115 9510164 
9: 9210010 9502108 9406005 9503042 9411168 9503118 9411156 9503159 9509072 9510061 9510072 
10: 9503207 0208020 9311183 9506014 9509080 
11: 9307178 9504001 9404146 9509135 9510076 
12: 9501098 9202069 9304141 9306002 9309142 9310188 9404108 9501105 9201067 9502011 9503083 9311027 9503088 9504018 9207025 9407148 9410026 9505138 9506031 9509153 9510071 9510084 9512011 9512085 9512174 
13: 9305005 9306035 9204019 9206096 9210060 9208013 9504030 9209041 9210029 9301080 9307071 9403019 9406214 9408049 9504084 9405095 9406054 9504138 9505041 9405111 9505093 9506096 9506133 9510075 9511091 
14: 9504149 9202074 9505089 9506171 
15: 9503021 9505034 9411190 9507004 9512014 
16: 9505151 9411076 9505167 9506020 
17: 9503055 9402006 9505194 9506001 
18: 9501020 9203071 9204030 9205068 9212045 9304102 9307158 9308124 9402032 9402073 9405024 9407087 9410212 9412209 9501022 9402002 9406128 9408074 9501030 9205081 9207053 9208055 9209016 9211056 9303057 9305142 9305185 9306052 9311120 9406105 9406198 9407021 9407111 9408040 9408083 9408099 9409021 9410167 9412184 9302103 9201056 9401139 9303017 9304055 9501068 9304154 9307049 9309145 9405124 9209023 9402016 9401070 9309140 9406067 9205027 9501096 9301042 9309097 9501131 9409096 9410206 9502001 9207016 9302033 9410104 9502013 9402044 9408013 9408155 9411048 9411057 9411149 9211097 9301083 9405117 9411187 9202014 9502057 9411178 9412158 9502065 9210121 9301005 9406063 9406206 9408060 9410230 9410237 9502072 9204035 9205051 9206016 9210068 9408036 9502077 9202046 9205009 9307171 9308083 9402005 9406055 9211040 9208046 9502099 9409119 9410046 9403040 9407031 9502119 9209125 9503022 9302038 9210119 9406059 9409060 9503029 9406009 9412162 9503057 9305069 9404151 9503078 9502002 9503082 9503084 9503086 9403198 9211121 9306080 9503115 9407106 9503121 9503124 9503127 9204060 9205004 9503154 9503157 9401017 9401021 9411160 9503163 9204102 9503179 9503186 0208020 9212030 9503228 9503237 9504006 9207091 9412200 9504027 9504034 9504047 9504080 9504081 9401025 9504090 9504095 9410073 9504102 9504113 9308122 9504120 9411004 9504129 9504145 9504147 9504148 9505004 9505006 9505018 9205094 9505023 9505025 9505035 9303100 9505039 9505045 9505046 9208024 9505051 9505052 9210031 9305066 9312058 9505053 9505054 9505062 9505067 9505073 9505075 9505088 9505091 9505097 9505098 9505100 9505105 9505123 9505135 9505150 9505162 9505170 9505177 9505186 9505187 9505190 9506011 9506024 9506037 9506048 9506057 9506065 9212029 9506075 9506076 9506077 9506084 9506086 9506091 9506098 9506101 9506102 9506106 9506110 9506112 9411234 9506113 9506122 9206080 9308062 9506126 9506137 9506139 9506144 9506148 9506150 9506156 9506160 9205110 9506178 9506181 9506192 9506194 9506196 9506200 9506205 9506207 9507005 9507008 9507009 9507011 9507012 9507013 9507018 9507022 9507027 9507032 9507036 9507040 9507048 9507050 9507051 9507064 9507090 9507112 9507113 9507115 9507121 9507144 9507151 9507153 9507158 9507160 9507164 9507168 9507169 9507171 9508002 9508021 9508033 9508042 9508043 9508044 9508045 9508046 9508053 9508056 9508058 9508064 9508071 9508072 9508073 9508091 9508094 9508096 9508132 9508143 9508144 9508154 9508155 9508159 9508163 9508177 9509009 9509017 9509042 9509050 9509066 9509070 9509090 9509102 9509106 9509108 9509118 9509130 9509132 9509145 9509146 9509148 9509151 9509160 9509161 9509162 9509165 9509175 9509176 9510009 9510017 9510018 9510023 9510028 9510034 9510041 9510053 9510055 9510074 9510079 9510080 9510086 9510093 9510094 9510097 9510098 9510101 9510103 9510129 9510134 9510135 9510142 9510143 9510148 9510161 9510169 9510173 9510178 9510182 9510183 9510186 9510190 9510200 9510204 9510207 9510209 9510222 9510223 9510224 9510225 9510227 9510228 9510229 9510233 9510234 9510241 9511017 9511019 9511026 9511030 9511043 9511048 9511052 9511053 9511056 9511058 9511061 9511064 9511065 9511079 9511080 9511088 9511098 9511108 9511115 9511116 9511126 9511142 9511152 9511154 9511157 9511159 9511162 9511164 9511171 9511173 9511178 9511180 9511203 9511204 9511213 9511218 9511222 9511228 9511230 9512004 9512005 9512006 9512012 9512016 9512017 9512019 9512024 9512031 9512039 9512042 9512043 9512046 9512053 9512059 9512060 9512061 9512062 9512063 9512077 9512078 9512081 9512089 9512121 9512124 9512127 9512129 9512137 9512138 9512139 9512140 9512145 9512149 9512152 9512153 9512155 9512156 9512157 9512161 9512165 9512173 9512177 9512180 9512181 9512188 9512191 9512192 9512196 9512203 9512219 9512226 
19: 9506153 9410180 9508061 9508106 
20: 9211102 9301046 9301086 9305114 9312043 9403073 9406020 9407191 9408086 9411009 9412030 9412108 9412154 9408136 9501088 9303013 9501134 9305024 9404116 9502118 9410033 9504052 9304056 9505083 9507072 9307056 9508050 9508079 9508110 9510168 9512182 
21: 9509142 9509147 9509174 9511223 
22: 9501012 9412165 9505016 9510067 9411137 9510197 9511221 9512112 
23: 9510167 9509084 9511068 9511176 
24: 9212003 9308007 9501004 9507023 9509111 
25: 9501026 9503132 9406047 9509079 9509075 9510206 
26: 9501092 9304114 9407193 9508003 9509002 9509034 
27: 9501100 9402064 9505142 9508005 9512214 
28: 9501143 9210032 9303038 9406196 9502121 9511018 
29: 9502066 9407182 9505049 9508075 
30: 9203046 9203047 9502079 9502080 9306006 9511195 9511201 
31: 9405143 9309145 9401070 9303048 9401072 9401125 9402004 9408089 9501127 9407001 9502006 9408066 9412027 9502155 9503016 9401159 9403108 9407064 9504022 9408068 9412020 9504033 9506066 9506182 9506206 9510156 9511227 9512184 
32: 9503034 9211007 9212153 9510007 9511071 
33: 9304154 9411235 9503182 9506109 9509052 
34: 9503133 9407175 9408164 9503184 9505144 9507036 9510157 
35: 9302133 9501135 9307045 9312047 9503134 9406207 9412120 9504094 9510137 9510199 
36: 9503099 9407190 9503232 9406101 9411101 9412179 9508100 9512189 
37: 9401153 9409019 9212009 9309128 9504026 9307146 9403038 9405176 9504150 9509143 
38: 9501039 9304011 9402156 9411028 9503125 9204028 9207011 9503172 9504091 9309115 9507141 9511214 
39: 9205088 9210115 9502030 9302050 9502031 9211096 9303136 9309011 9505009 9301103 9405112 9505156 9508034 9508174 9510201 9511020 9511066 
40: 9505017 9310122 9402038 9408167 9506087 9509120 
41: 9307168 9308100 9308139 9402136 9502074 9306069 9409089 9505074 9312107 9402125 9506138 9507094 9508151 9512148 
42: 9505084 9310031 9407027 9507155 9511101 
43: 9208027 9505134 9210065 9303143 9409023 9509097 9511153 
44: 9405109 9505173 9304057 9405194 9509035 9510195 9510087 
45: 9306002 9506157 9509056 9512085 
46: 9206070 9501071 9505136 9401031 9501016 9505139 9506128 9506202 9511133 9512187 
47: 9507046 9303112 9409139 9511028 9511072 9511166 
48: 9306132 9509028 9509159 9511003 
49: 9502107 9409111 9505032 9506101 9506147 9507121 9508096 9510153 9512117 
50: 9501065 9504143 9505171 9511016 9511123 
51: 9504097 9208059 9509158 9511141 9511148 9512123 
52: 9501065 9402007 9412079 9504143 9505171 9506207 9510022 9511131 
53: 9501077 9412185 9501142 9502120 9505192 9506044 9507150 
54: 9501144 9311062 9407131 9503143 9505052 9505125 
55: 9502029 9211097 9405106 9407018 9407134 9503017 9505122 9506089 9508026 
56: 9308139 9502074 9306069 9408039 9507035 9510115 
57: 9502081 9306132 9412136 9502082 9503204 9509028 9504132 9510136 9512110 
58: 9407087 9408074 9408099 9403195 9411102 9503105 9208029 9211121 9305028 9404115 9411205 9503201 9504010 9505186 9506002 9507140 9508162 9511037 
59: 9210010 9410203 9304125 9210037 9503217 9409016 9508084 9510001 9512118 9512119 
60: 9211021 9406216 9203033 9308023 9506027 9509074 9510117 
61: 9503002 9407194 9503235 9507114 9510139 9511191 
62: 9211021 9309023 9501066 9504083 9506140 9507017 9509127 
63: 9504020 9409113 9504086 9505113 9506069 
64: 9204095 9504127 9201080 9506180 9207032 9510059 9512175 
65: 9505068 9409043 9508139 9509103 
66: 9402006 9505194 9508068 9510041 
67: 9505157 9506042 9507096 9508082 9508088 9510020 9511060 
68: 9303160 9509166 9510149 9512210 
69: 9307111 9311015 9409019 9212009 9403038 9405176 9509020 9509027 9509036 9510013 9510104 9512106 9512135 9512179 
70: 9501055 9308112 9309023 9205046 9502007 9406216 9502136 9503142 9504057 
71: 9502045 9409041 9503034 9510007 
72: 9502045 9409041 9504053 9510069 
73: 9501020 9304102 9311185 9402073 9411099 9411198 9305083 9309075 9312172 9502038 9306048 9405117 9503030 9209032 9506071 9507051 9507143 9508068 9508078 9509017 9509043 9510041 9511043 9512034 
74: 9301042 9309110 9406090 9501131 9503150 9503212 9505164 9506104 9509170 9510055 9510241 
75: 9407182 9504066 9509133 9511212 
76: 9309106 9502094 9505068 9509103 
77: 9502069 9201059 9506081 9506109 9509052 
78: 9502125 9309055 9508131 9508136 9510021 9510036 9511158 9512068 9512080 
79: 9404171 9501067 9505132 9511031 
80: 9501111 9301042 9307038 9309110 9406090 9502012 9509170 
81: 9502092 9409098 9411021 9411025 9412203 9503041 9510210 9512166 
82: 9309075 9505021 9510029 9512154 
83: 9209076 9210021 9308112 9401139 9303038 9402031 9302033 9303016 9210015 9309039 9403155 9406206 9410237 9502122 9308154 9401006 9409011 9411003 9502126 9503045 9503226 9406082 9507014 9508021 9509013 9509095 9509123 9510092 9510103 9511024 9512025 9512040 9512124 9512126 
84: 9501101 9309016 9506214 9512074 
85: 9306002 9503227 9508099 9509071 9510199 
86: 9404192 9503043 9512065 9512147 
87: 9407182 9502100 9503194 9509173 
88: 9407031 9504108 9510017 9510182 
89: 9304011 9506122 9509132 9511127 
90: 9407087 9501024 9209049 9306013 9307111 9311015 9503033 9504150 9506063 9511104 
91: 9205027 9503029 9505116 9506113 
92: 9404114 9501144 9503205 9505129 9511187 
93: 9501098 9306002 9310188 9404108 9501105 9506064 9512183 
94: 9309097 9504090 9505025 9512016 
95: 9309097 9504145 9504149 9506171 
96: 9301042 9503212 9507121 9511228 
97: 9301042 9504145 9506122 9510233 
