# The contained directed cliques in the directed communities at k=4
# from /Users/bogna/dev/role-mining/datasets/hepth/timeslots/cit-HepTh-1995.edges
# at no lower link weight threshold,
# and at no upper link weight threshold.
# Links were treated as directed.
# No time limit was set for the clique search.

0: 205 838 
1: 210 211 488 489 
2: 214 850 853 1159 1399 2496 2986 
3: 232 1422 2748 3693 4020 2749 2751 521 881 882 884 885 1176 1179 1181 1436 1756 2510 2756 3005 3466 883 2757 3006 3467 4064 2758 886 1180 1183 1437 1758 2511 3007 3468 
4: 242 888 1965 1752 1753 2241 2242 866 890 893 1171 1187 1754 867 526 887 891 894 1172 1186 1188 1441 527 892 895 1173 1442 2243 
5: 244 536 897 1427 2042 2994 898 1620 
6: 259 
7: 261 570 929 1230 1788 
8: 283 
9: 293 1519 2287 1522 1518 1521 2292 2420 1517 2290 2419 2289 2417 2291 2288 2418 
10: 314 991 
11: 324 902 
12: 326 1265 2387 2388 2389 2390 2391 2652 674 1293 2507 2648 2653 2654 2655 3463 2649 2650 2651 2426 2421 2427 2428 2429 2422 2423 2424 2454 4173 2425 2455 4174 2430 2766 1643 2761 2765 880 1641 1642 879 1640 3662 2754 2760 3663 2762 1827 1826 3464 
13: 329 627 679 680 993 1547 1548 1824 1855 1859 1860 2117 482 726 1523 727 1549 1861 2437 1550 1856 1862 2118 2438 1305 1857 1014 1525 1713 1526 1524 1662 1659 1660 1661 
14: 350 
15: 362 834 
16: 384 
17: 386 
18: 398 1095 2999 5610 5656 1096 5860 5862 3808 4444 4449 5215 5394 5721 5852 5861 5977 5978 5979 5984 7145 3806 3809 5599 5858 6659 3807 6667 3615 5035 5037 5356 5360 5370 5372 5605 5606 5665 5677 5680 5681 5682 5685 5727 6188 6194 6200 6364 6368 6415 6419 6479 6695 6709 6713 6715 6716 6720 6733 6863 7088 7132 7252 7254 7259 7260 7261 7284 2715 2717 3610 3611 3614 3799 3802 3803 4100 4109 4368 4370 4780 5039 5364 5377 5602 5724 5728 6176 6191 6192 6195 6373 6430 6697 6707 6708 6710 6718 6721 6723 6727 6810 6867 6908 6923 7079 7083 7084 7086 7087 7089 7090 7093 7253 7255 7256 7262 7286 7293 7300 2711 2712 2713 2714 2716 2718 4098 4107 4352 4354 4595 4786 4995 5002 5014 5019 5341 5347 5618 6206 6207 6398 6403 6413 6428 6687 6690 6724 6725 6870 6872 6883 2222 2710 3302 3798 4905 5715 6488 6489 6490 6491 6492 7080 7085 2218 2220 2221 2223 5951 6493 7081 7082 7091 7092 7094 2216 2217 3608 3796 4901 5944 2016 2076 2224 2709 3606 3612 3794 3800 4899 5622 1737 2077 3609 3797 3881 4904 5651 2069 2079 2080 4906 2072 1032 2772 2176 2842 2174 2175 2200 2845 2177 2843 2844 4907 2178 2402 2404 1910 2403 2406 1911 1912 1195 1913 2405 1194 2771 2774 2773 1045 4902 1714 4903 1715 4900 2225 3607 3795 2227 2226 3613 3801 3884 2081 3882 4478 2075 6726 6728 2917 2918 3529 3531 3739 3958 3959 3960 3961 3976 4099 4101 4104 4105 4106 4108 4110 4112 4113 4115 4117 4118 4272 4273 4275 4279 4281 4283 4286 4288 4309 4316 4349 4353 4357 4361 4365 4369 4373 4376 4377 4379 4385 4408 4409 4410 4411 4412 4414 4416 4417 4419 4433 4434 4482 4485 4486 4487 4493 4497 4498 4499 4596 4597 4598 4777 4781 4783 4784 4785 4787 4788 4789 4790 4852 4887 4893 4994 4996 4997 4998 4999 5001 5003 5004 5005 5006 5007 5008 5009 5010 5011 5013 5015 5016 5018 5020 5021 5028 5036 5038 5041 5043 5044 5119 5120 5123 5124 5126 5163 5165 5166 5182 5183 5192 5199 5340 5342 5343 5344 5345 5346 5348 5349 5350 5351 5352 5353 5358 5362 5366 5367 5369 5371 5373 5374 5375 5376 5378 5379 5380 5381 5382 5483 5484 5485 5486 5487 5488 5489 5490 5494 5496 5497 5498 5499 5500 5503 5506 5509 5511 5512 5513 5515 5518 5524 5528 5662 5663 5664 5666 5667 5668 5669 5670 5671 5672 5673 5674 5675 5676 5678 5679 5683 5686 5687 5688 5689 5690 5691 5693 5865 5868 5869 5870 5872 5881 5887 5897 5898 5899 5900 5903 5905 5906 5907 5909 5910 5911 5912 5913 5914 5915 5916 5917 5918 5919 5920 5921 5923 5957 5960 6006 6007 6008 6009 6011 6012 6013 6014 6019 6029 6030 6106 6112 6162 6163 6164 6165 6166 6167 6168 6169 6170 6171 6172 6173 6175 6177 6178 6179 6180 6186 6187 6189 6190 6193 6196 6197 6198 6199 6201 6202 6205 6208 6209 6210 6211 6213 6215 6217 6219 6255 6257 6261 6262 6263 6264 6274 6276 6282 6283 6284 6285 6286 6337 6338 6339 6340 6343 6344 6345 6346 6347 6348 6349 6352 6366 6371 6375 6376 6378 6381 6386 6388 6389 6397 6399 6400 6402 6404 6405 6411 6414 6416 6417 6418 6420 6421 6422 6423 6425 6426 6429 6431 6432 6433 6434 6435 6437 6438 6439 6440 6481 6547 6553 6648 6650 6651 6652 6653 6654 6655 6664 6681 6682 6683 6684 6685 6686 6688 6689 6691 6692 6693 6694 6696 6698 6699 6700 6701 6702 6703 6704 6705 6706 6711 6712 6714 6717 6719 6722 6729 6730 6731 6732 6734 6735 6736 6812 6813 6814 6815 6819 6821 6823 6866 6871 6873 6874 6875 6877 6878 6879 6880 6881 6882 6884 6885 6886 6887 6888 6889 6890 6891 6907 6911 6912 6914 6919 6924 6925 6929 6930 6932 6935 6939 6940 6941 6942 6943 6944 6945 6946 6947 6951 6953 6954 6955 6956 6957 6961 7064 7095 7108 7109 7110 7111 7112 7113 7114 7115 7116 7117 7118 7119 7120 7121 7124 7125 7126 7127 7128 7130 7131 7137 7140 7141 7169 7170 7178 7179 7228 7240 7241 7243 7251 7287 7292 7294 7296 7297 7298 7299 7301 7317 7318 7319 7324 7345 7347 7349 7371 7372 7373 2919 2920 2921 2923 2924 2925 2926 3740 3752 3779 3956 3957 3973 4263 4271 4278 4282 4308 4422 4429 4430 4489 4502 5169 5173 5181 5185 5187 5189 5194 5201 5202 5408 5510 5514 5516 5815 5958 5959 5962 5964 5965 6010 6016 6017 6028 6032 6034 6035 6174 6185 6204 6212 6216 6427 6649 6660 6661 6663 6665 6771 6822 6846 6849 6876 6920 6934 7073 7101 7186 7207 7208 7305 7374 7381 3743 4326 5363 5695 5880 5901 5902 6372 6380 6817 6865 6906 6952 7323 3741 3744 3745 5517 5529 5922 6181 6184 7104 7123 7188 7257 3742 3755 3773 5212 5401 5807 6259 6775 6854 6856 6858 6894 7147 7210 7308 7320 7321 7357 7375 3753 4563 4565 5403 5843 6520 6521 7194 2664 2665 3746 3749 3754 4166 4186 4983 5305 5320 5832 6050 6062 6063 6064 6065 6068 6071 6073 6222 6297 6306 6309 6310 6311 6312 6502 6503 6510 6518 6758 6763 6765 6766 6769 6770 2658 2660 2661 2662 2663 3603 5542 6069 6070 6142 6509 6764 6838 6841 7148 7166 2657 2934 2659 2931 3600 5053 5055 2002 2000 1141 1999 2001 3566 3567 4441 4442 4976 5310 5396 3769 3770 3771 3783 3785 3981 3982 3983 3984 3994 3995 3999 4015 4435 4436 4438 4440 4443 4448 4450 4455 4972 4973 4974 4975 5045 5046 5047 5048 5049 5050 5062 5383 5555 6592 6800 2673 2674 2675 2679 3757 3758 3759 3761 3762 3763 3764 3765 3991 5298 5301 5322 5323 2676 2677 2678 3552 3553 3588 4633 4634 4635 4971 5054 3557 3559 3561 3556 3554 3555 5659 3563 3564 3565 5658 5660 5705 6037 6038 6042 6047 6606 7020 7022 7038 7039 7270 7273 3088 3089 3091 3560 3562 3832 3833 3873 3962 4028 4029 4030 4039 4431 4510 4512 4527 4533 4535 4545 4850 4853 4854 4856 4863 4930 4931 4933 4935 5100 5101 5102 5103 5184 5193 5243 5248 5249 5252 5259 5266 5267 5270 5271 5272 5273 5274 5454 5463 5632 5633 5634 5643 5644 5645 5646 5647 5648 5768 5769 5779 5798 5799 5801 5939 5940 5967 5968 5969 5970 5972 5989 5990 5992 5994 6005 6025 6031 6039 6043 6044 6077 6085 6117 6118 6122 6123 6133 6134 6139 6140 6143 6224 6225 6226 6227 6228 6240 6519 6524 6597 6598 6602 6604 6605 6607 6609 6738 6740 6742 6743 6962 6963 6964 6990 6991 6993 6994 6996 6997 6998 7000 7007 7018 7021 7023 7028 7029 7030 7031 7037 7040 7043 7044 7045 7046 7047 7048 7049 7070 7096 7097 7146 7150 7151 7204 7206 7209 7212 7224 7232 7267 7274 7277 7280 7288 7358 7376 7377 7380 2364 2721 3090 3092 3541 3543 4622 5091 5107 5188 5200 5220 5250 5251 5409 5702 5706 5770 5771 5784 5928 5932 5938 5946 5966 6033 6046 6078 6079 6119 6314 6317 6357 6469 6833 6834 6855 6971 6975 6999 7042 7056 7067 7229 7230 7248 7283 7379 2361 2362 2363 2367 2370 7378 1001 2359 2360 5460 5461 4032 4421 4427 4428 4509 4511 4929 4932 5213 5263 5264 5265 5451 5452 5630 5637 5777 5796 5890 5891 5904 5991 5993 6004 6120 6125 6135 6136 6141 6144 6203 6231 6504 6522 6818 6970 6972 7098 7162 7221 3971 4033 4034 4037 4038 5269 5502 5778 3955 3964 3968 3970 3974 3776 3953 3954 3966 3969 3975 4329 4425 4516 4517 4518 4519 4520 4521 4522 4523 4525 4526 4528 4531 4532 4536 4539 4540 4541 4542 4548 4775 4791 5167 5171 5180 5186 5221 5222 5223 5224 5225 5226 5227 5228 5229 5230 5231 5232 5233 5234 5240 5241 5244 5245 5246 5405 5501 5813 5892 5893 5894 5908 6015 6018 6024 6026 6027 6036 6045 6214 6342 6351 6390 6837 6840 6844 6845 6848 6850 6913 6915 6931 6960 7071 7139 7222 3777 4264 5170 5174 6910 6926 6933 7074 7075 7078 3778 3780 4979 3775 3782 3784 3985 3986 3988 3989 3992 4000 4001 4002 4003 4006 4007 4008 4035 6785 3774 3998 3997 4451 4453 5835 5842 3996 4004 4447 4446 4439 4445 5850 5851 5854 6599 7102 7103 4437 5384 5389 5392 5397 5859 3781 4452 5308 5390 4454 5312 6053 7052 7059 5321 6512 7053 7057 7060 4165 4987 5302 5309 5311 5316 5324 6048 6049 6302 6305 6511 4164 4268 4980 5178 5539 5540 5827 5829 5830 5831 6051 6052 6066 6067 6072 6124 6137 6220 6221 6294 6295 6300 6303 6304 6307 6508 7051 7055 7072 2369 3206 4171 6121 6130 6292 6296 7066 2368 2372 2371 6126 2365 2373 2366 6237 6238 3203 3471 4585 4861 5191 5803 6041 6086 6093 6507 6750 6751 7069 7158 7227 7236 7272 7276 7278 7282 7368 3202 3204 3207 3209 1163 1954 3205 1164 5532 5530 5531 5533 5534 5535 5536 5537 5541 5543 5818 5819 5826 5837 6127 6147 5538 5820 5825 5833 6129 6132 6146 6293 5546 5548 5550 5552 6783 4982 6794 4985 4986 4989 5306 5974 6241 6795 5554 6799 7107 6784 6798 3747 4184 5303 6232 7099 3748 7100 7364 1893 4386 5953 7106 1889 1890 1892 4387 4388 4391 4392 4351 4355 4359 4362 4363 4367 4371 4374 4375 4348 4350 4356 4358 4364 4366 4372 4378 4380 4381 4383 4594 4778 4779 6482 4102 4103 4114 4116 4360 4382 4384 4389 4500 5684 6182 6256 6260 6275 6477 6480 6657 7181 7183 7250 4111 4119 5597 5601 5603 6861 7129 4514 4547 4782 4851 4855 5236 5237 5238 6021 6022 6356 6358 6843 6897 6948 6949 7016 7036 7265 7289 7302 4513 4515 4543 5703 5808 5811 3107 3916 4544 4546 4549 5464 5792 6892 6893 3095 3099 3104 3108 3096 4561 4562 4564 3097 3100 3105 4566 4567 4568 3101 3106 3110 4571 4574 4575 4576 4577 5624 5628 5297 5623 5626 5828 5834 5844 6074 4977 4978 5056 5057 5299 5300 5307 5314 5315 5839 5846 5848 6233 6514 6853 6986 6988 6989 4981 4984 4988 6239 6515 6762 5756 5765 6243 6516 6517 3880 4581 4582 4584 4588 5745 5746 5755 5757 5764 5766 5767 6301 6308 6505 6506 6523 6525 7163 3879 5747 5748 4570 5749 5752 4572 4579 4587 4578 4580 5407 5758 6835 4586 5190 5164 5168 5172 5195 5197 6847 4262 5717 5723 7061 7062 7063 4270 4274 7369 4265 4285 4287 4266 4267 4276 6266 4269 4277 5175 5176 6248 6258 6277 6278 6279 6280 5179 5177 5198 6138 6755 7077 5196 5387 6747 7054 7058 7065 7068 7076 5051 4895 5052 5059 5388 5391 7363 4490 4896 4080 4483 4484 4488 4491 4492 4494 4503 4504 4506 4507 4508 4858 4894 6379 6384 6385 6387 6406 6424 6436 6782 7019 7295 7303 7304 7306 7309 7310 7312 7314 4081 4082 4083 4084 4089 4280 4496 2465 4085 4086 4087 4088 4090 4091 4092 4093 4289 4501 5000 5136 5137 5142 5143 5149 5692 5864 5866 5867 7168 2466 2469 2470 5138 5139 5140 5144 5145 5146 5147 5150 5151 5871 6772 3309 4314 4315 5012 5022 5433 5620 5739 5879 5882 5885 5886 5888 5889 6113 6603 7172 7187 3305 3307 3308 3303 3304 5734 5877 5883 3306 3312 5354 5616 5733 6362 6862 6901 7285 7291 3311 5027 5040 5031 4342 5025 5026 5029 5030 5042 6116 6412 6549 7176 7189 3077 3079 3081 3381 3387 3393 3397 3399 3400 3443 3446 3668 3669 3670 3676 3717 3720 4310 4312 4313 4319 4321 4322 4323 4328 4330 4332 4333 4334 4338 4339 4340 4341 4343 4745 4762 5741 6153 6545 6548 6552 6555 1926 2855 3066 3067 3068 3070 3071 3073 3075 3076 3078 3080 3379 3382 3383 3388 3394 3426 3427 3674 3702 3711 3729 4317 4694 4712 4731 4742 4743 4744 4746 4748 4759 4760 4761 4763 4825 4843 4946 4948 5114 5280 5291 5742 6149 6330 6542 6543 6544 6546 6550 1927 1928 1929 2858 2862 2869 3384 3389 3395 3401 3705 3714 3723 4318 4324 4335 4681 4687 4699 4705 4733 4750 4810 4833 4940 5292 5293 5294 5475 2856 2859 2863 2866 2870 2873 3390 3432 3433 3434 3706 3707 4325 4689 4707 4735 4752 4811 4817 4842 4944 4955 5282 5478 2857 2860 2861 2864 2865 2867 2868 2871 2872 2874 2875 3396 3715 3716 4336 4683 4691 4701 4709 4737 4754 4813 6156 3392 3402 3712 3713 3724 3725 4344 4685 4693 4696 4703 4711 4714 4719 4727 4739 4756 4769 3380 3385 3386 3391 3398 3675 3700 3701 3708 3709 3710 3718 3719 3727 3728 4311 4320 4331 4682 4690 4700 4708 4718 4726 4730 4736 4747 4753 4768 5441 4680 4686 4698 4704 4716 4722 4732 4749 4764 5437 3695 3721 4684 4688 4692 4695 4697 4702 4706 4710 4717 4720 4721 4723 4724 4728 4734 4738 4740 4834 4839 4841 4890 5276 1101 2791 3127 3128 3129 3419 3420 3694 3696 4888 4889 4943 5130 5131 5132 5133 5277 5278 5279 5281 5325 6099 6100 6101 6102 6103 6104 6105 3118 3122 3664 4765 5283 5284 5285 5286 5287 5621 3119 3120 3121 3123 3126 3124 3125 4945 3296 3293 3294 3295 2949 3284 3285 3286 3287 3288 3289 3290 3291 3292 3370 3371 3372 3378 4208 4218 4235 4236 4298 4299 4300 4301 4302 4643 4647 4668 4675 4881 4882 4883 4884 4885 4886 4922 4923 4953 4961 4962 4963 4964 4965 4966 5473 5474 5476 5477 5479 5480 6155 6157 6483 6484 2945 2946 2947 2948 2950 2952 2953 2954 2976 3575 3576 3577 3578 3579 3580 4026 4027 2944 2951 2964 2966 2968 2970 2972 2974 2978 3568 3569 3570 3571 3572 3921 3922 3923 3927 3928 3933 3934 4022 4024 4205 4216 4237 4238 4239 4240 4241 4248 4255 4292 4293 4294 4295 4303 4306 4480 4644 4649 4814 4818 4819 4821 4824 4831 4867 4868 4869 4871 4873 4874 4875 4877 4921 4951 4952 4956 4957 4958 4959 4968 4969 5339 6148 1125 2329 3926 3930 1126 1127 1128 2328 2330 2331 2323 2327 2322 2876 2879 2880 3087 2877 2882 2884 2886 5439 6150 2878 6556 2883 2885 4662 1666 3364 3365 3366 3369 3374 4023 4203 4213 4641 4642 4645 4646 4648 4651 4652 4659 4663 4664 4666 4667 4669 4673 4870 4872 4876 4924 5337 5438 1668 1669 4665 4654 2969 2971 4025 4252 4254 4653 4655 4656 4657 4658 4816 2965 2967 2973 2975 2977 2979 2980 2981 4244 4245 4246 4251 4253 4256 4257 4815 4243 4826 4247 4242 4828 4249 5117 3503 4204 4206 4207 4219 4220 4250 4554 4650 4879 4880 4920 5115 5116 6152 6154 3504 3505 3506 3507 3508 3510 3511 3513 4209 4210 4211 4212 4214 4215 4217 4878 4925 4949 4950 4954 4960 4970 5338 5440 5442 5444 5446 5743 3512 3514 4305 3573 3574 3581 4297 4307 4674 4676 4677 4678 3363 3367 3373 3377 3582 3924 4296 4304 4553 4679 3368 3375 3376 5336 6151 6109 6551 7346 6110 6111 6108 3665 6107 6115 1898 3069 3074 3437 3440 3666 3667 3671 3672 3673 5017 5288 5289 5290 6114 6401 6820 7182 1019 1078 3072 3425 3429 3430 3431 3444 3699 4751 4766 5434 3424 3436 3438 3445 3447 3450 3439 3441 3448 3451 3722 3703 3704 3730 3731 4713 4715 4729 4755 4758 4771 4847 4942 4947 4725 4741 4767 4770 4840 4941 4757 4837 4838 5295 4835 4836 4849 4845 4844 4846 4848 4829 4812 4820 4823 4827 4830 3509 4822 4832 1982 1979 1980 1981 4928 3929 3931 4661 4672 3925 3932 3936 4670 4671 3935 4660 4926 4927 3533 3532 3726 5296 5436 5445 5443 6558 6554 6557 6656 5210 5598 5719 5722 5726 6658 6668 5207 5208 5209 5211 6441 6797 7258 4413 4505 4857 4864 2682 4415 4418 4420 7012 7013 7014 7015 7017 7024 7025 7026 7050 7266 7271 2190 2191 2684 2685 2186 2187 2188 4590 4591 6611 6612 7027 4044 4031 4040 4042 4046 4047 6313 6572 6574 6578 6581 6584 6588 6589 6091 6229 6315 6316 6318 6322 6092 3472 5631 5639 5948 6095 6096 6098 6587 1050 1875 3862 6094 6097 6968 1049 1873 3860 5064 5081 5083 5563 5568 6463 6465 6562 6563 3858 3857 3859 6462 6464 6559 6969 2089 2823 5095 5419 6460 730 1414 2090 2091 3845 6443 6807 6976 2092 2824 3844 6461 6829 2830 3847 6457 6466 6672 1915 2821 2825 2831 2832 3650 4154 4155 4159 5088 6456 6671 6673 1914 3015 4123 4152 4153 4158 3172 3173 4161 5080 6449 6569 1817 3170 4127 4799 4800 4802 4803 4804 5068 5075 5082 5422 6444 6445 6446 6450 6451 6454 1816 3646 3651 3654 2806 3647 4126 4131 4611 4613 4618 5074 5420 6560 6561 6967 6974 6992 7001 7002 7003 7195 7198 7202 7226 2294 2803 2807 3229 3230 4607 5427 5428 7225 3231 4599 4600 4614 4620 4125 4601 4602 4617 5071 5701 6965 7004 7244 7245 4124 4129 4156 4157 6754 6804 3011 6741 6753 3963 5578 6059 6131 6744 6745 7149 7154 7155 7211 7269 7275 3967 3972 6023 6040 3965 5809 7216 7249 7311 4423 6341 6350 6608 6896 6898 6900 7152 7214 7268 7281 7359 4424 5268 4426 6610 7263 7264 6020 6618 6623 4524 4534 6613 6614 6615 7033 3598 4529 4530 4537 4538 5261 5262 5247 5235 5239 5242 5253 5258 5526 6242 6669 6824 6921 6958 7192 5254 5255 5507 5508 5772 6959 5256 5257 5504 5505 5775 5788 5849 5895 5896 5996 5999 6000 6001 5522 5776 5493 5520 5521 5525 5491 5492 5495 5519 5725 7350 5716 5718 5729 1232 1738 5593 5720 5214 5652 5983 5982 5981 5973 5980 6620 5986 6591 6621 7193 5774 5985 5988 5773 5781 5987 5998 5780 5782 5789 5997 6922 6928 6927 6826 5400 5704 5785 5790 5791 5793 6851 5402 5404 5406 5759 5761 5763 5751 5760 2123 5750 5754 2124 3219 5753 3216 3149 3215 3217 3413 3877 4558 4559 5111 566 1224 3145 3146 3148 1223 3410 3411 3412 3536 3537 3538 4557 2475 2704 1884 1886 2706 2705 3188 565 1785 3218 4555 4556 564 1784 3143 5458 4606 5456 5457 4603 4604 4605 4612 5562 7006 3732 5099 5557 5559 5560 5569 5573 5762 6805 7005 7247 3733 3734 4162 5561 3174 3736 4798 5566 3735 3171 3169 2893 3168 3737 1581 1674 2889 1673 1675 4170 4167 4169 6995 3054 3549 4051 5077 2722 3052 3053 3055 3056 4623 5649 5650 5707 5635 5580 5636 7217 5577 5579 5410 5575 5576 6128 5411 5412 5414 7213 5413 4048 4049 4050 4053 4459 7233 7279 7325 4464 5713 7237 7332 7333 7334 7335 7336 5709 5711 3835 5105 5708 6627 6628 6629 6630 6631 6632 2569 3820 3834 3836 2565 2567 2568 2570 2563 2564 2566 3825 3824 3818 3822 3823 3819 3821 6535 6537 3334 3867 4468 4908 5104 6533 6536 6538 6540 6541 1342 2095 2849 3032 3034 3035 3037 3038 3325 3326 3327 3328 3331 3332 3335 3336 3337 3338 3339 3340 3341 3342 3348 3351 4466 4467 4909 4910 4914 5465 5467 5468 5471 1343 2096 2097 3329 3333 5112 5430 5431 2099 4915 2100 3033 3036 3354 3353 3355 3359 3360 3361 4052 4912 2098 3356 3362 4916 3350 3330 5466 835 2850 2851 3349 4911 5470 6534 3871 6532 3812 2640 3811 3814 3816 2639 2641 3063 3813 3815 2642 3064 3060 3061 4258 2589 3083 3947 2590 2591 2594 3940 2592 3941 3945 3948 3944 3939 3942 3943 3946 3951 3535 3827 3829 3826 5158 3839 3870 5109 5157 5160 5800 5874 7307 5110 5154 5155 7231 7234 7235 6080 7153 2316 4457 6081 6082 6088 2313 2312 2314 7370 6983 7329 6979 6984 490 845 4458 6594 6980 6981 3760 6593 6595 3768 3766 3767 4637 5385 5544 6582 6583 3601 4182 4183 6298 6617 6759 3589 3597 3604 3590 4636 4639 2350 6299 2347 2348 2349 6573 6575 6579 2346 4638 6796 6244 6576 4181 6577 6586 6760 6982 6987 4185 4172 6761 5824 5304 5629 5821 5822 5627 5823 3875 5840 5836 5838 5841 6056 6145 6737 6054 6055 6058 6057 6060 6061 6852 5661 6839 4180 4175 6842 5963 6662 6802 7167 4291 4347 4865 5817 5961 6218 6825 7105 4284 4866 5697 6801 5694 5878 6359 6360 6899 6950 7290 1229 1484 1653 2434 3685 3686 3687 4462 5032 5355 5357 5359 5617 5696 5698 5700 5884 6363 6365 6367 6370 6374 6496 6857 6860 6864 6868 6869 6902 6909 6916 1227 1228 1483 1545 2558 2559 3689 3691 3690 3688 3692 4463 1485 6252 6253 1543 5122 6249 6250 6254 6267 6271 6272 6273 6281 6291 6392 6251 6265 7316 7322 6183 6247 6268 6269 6270 6290 5125 5365 5924 5925 6383 7133 4390 5118 5121 6369 6377 6382 3156 6287 3155 3154 6288 6289 6936 6937 6938 6600 6601 3993 6478 6476 5368 7122 5361 6778 7220 1654 6497 1650 1651 1652 1991 5736 6393 6408 7184 1987 6407 6494 7177 1988 1989 1990 1993 1996 1994 1997 1995 1992 1998 7185 6859 7180 5875 6410 6895 5873 5876 5023 5699 6409 7143 5024 6500 5033 6501 5034 5735 5737 5738 5619 5740 4290 4495 4859 5810 6780 5806 7205 7215 7156 6781 6791 6792 6793 6776 6513 6076 6075 7331 7164 7313 7160 7161 7165 7159 5802 6670 5804 3592 5260 5795 5797 5947 3591 3595 3593 3594 3599 5952 1952 3596 3605 3602 5950 5949 5954 6624 5787 5794 5786 5955 6768 6836 5845 6236 6395 6396 6528 6394 6526 6527 7171 7173 7175 7174 7242 5732 6495 6499 6498 6917 7032 7034 7035 7348 7041 6777 6361 6353 6355 6905 4794 6903 6904 4776 4792 4793 3481 3482 5931 6002 5943 6003 1544 2431 4094 4337 5816 6767 6596 5975 5976 7366 7355 7365 7367 7356 5386 5398 5399 4628 5393 5395 5527 6590 6616 4043 5655 5847 6580 3990 4036 4041 6622 2680 4045 5853 5863 4018 4014 4011 4016 5657 3788 2445 3791 2446 3790 3792 6087 6090 7157 4610 4616 2802 4619 2540 2798 2800 2801 3483 2539 3640 3250 3641 5448 2799 3239 3246 3249 933 3238 3242 3243 3485 3490 3643 934 935 3644 3642 4806 5072 6564 4805 4808 4809 4797 5063 4150 5571 3182 4065 4405 5094 5572 6452 6471 6472 3157 3175 3177 3183 2696 3162 3164 3165 3166 3167 3843 2694 2695 2697 3159 3160 4068 3158 4401 4402 3161 4394 4395 3635 4145 4146 4403 4404 6566 6748 3630 3631 3634 1934 3632 3633 4057 5093 6473 6565 6567 1932 1933 1935 4059 5424 4060 4058 6626 6966 6973 3018 3163 3919 4133 4135 4136 4138 4140 4148 5066 6474 6625 1663 3920 4134 4139 4141 4142 4143 4144 5065 5067 5069 5070 5073 5076 5084 5085 5087 6453 6455 4137 3850 4147 6978 3848 3849 2691 2690 6977 5079 3178 3486 5567 3176 3487 3488 5714 6448 3241 3489 3240 3244 3245 6570 6571 3484 5564 6447 4801 6806 2127 2358 3846 4807 2125 2128 2356 2826 2827 2833 2829 3551 2828 3539 3540 5926 5086 6827 3655 6468 6467 6470 5453 5450 5447 5570 5421 5425 5098 5423 5097 6676 7197 6675 2304 5558 4934 5106 6635 6636 6637 6638 4569 4621 5642 5640 5641 7008 5638 6323 4163 7246 3345 1628 3346 5523 6619 7223 4592 4593 2907 6674 3738 3652 2906 5929 5941 5971 5625 6230 3756 836 6223 2189 5319 5318 5060 4862 4120 5596 5600 5604 5595 2546 5435 4891 4892 2395 2394 2396 1946 3883 1943 1945 1942 4021 4481 4967 7138 1557 649 1532 1841 831 1840 1839 577 725 3530 3314 5148 3029 3493 5141 3028 3030 3492 3494 3469 2959 6158 3210 2932 5058 3208 3987 6816 2726 3545 6083 3153 3558 3316 1795 2838 2443 2836 2319 2442 2444 2318 2320 6326 6811 3585 3586 
19: 401 
20: 413 941 1009 1153 1391 1396 1703 2004 2030 2031 2032 2204 2206 2210 2699 2809 2810 1174 1175 1923 1924 1925 2005 2207 2700 2811 2812 2840 2983 1705 1706 3185 1008 2841 1394 1393 531 532 
21: 430 
22: 436 1156 1135 1155 
23: 446 
24: 477 478 
25: 487 641 642 
26: 516 518 1359 
27: 522 
28: 543 942 943 
29: 568 
30: 573 574 1219 1220 575 
31: 604 2252 3623 4193 4473 4477 1004 1450 1769 1810 1853 2036 2299 2514 3051 3622 4075 4076 4077 1002 1003 1851 858 1768 1770 1850 2513 2515 2781 2782 2783 2784 3045 3047 3049 857 2512 4078 4079 2185 2183 4195 4192 1446 1449 1448 3044 3046 3048 3050 1809 2298 2940 2938 
32: 614 1262 
33: 638 655 
34: 643 644 1270 987 
35: 645 1527 2263 2517 2993 2052 2050 2051 2055 2053 2054 
36: 667 997 999 1828 
37: 677 1789 2275 2378 2494 2553 2728 
38: 689 2129 2130 1721 2233 1720 976 978 2753 
39: 717 914 917 1217 1444 1562 2061 2062 2261 912 913 915 1215 2259 916 1216 1961 2260 1960 1471 1655 1472 
40: 719 721 723 
41: 732 1056 1415 1430 2020 3636 3677 3678 1417 2022 3093 3094 2199 2019 3003 3004 
42: 734 797 
43: 742 743 744 1560 
44: 749 2115 2172 1327 
45: 770 
46: 776 1882 1883 1569 1896 1570 1571 1572 1897 1895 2145 
47: 786 1107 
48: 814 
49: 820 821 2400 2524 1040 
50: 829 830 
51: 832 1018 1665 
52: 861 862 863 
53: 869 870 1082 871 
54: 900 901 1205 1206 
55: 905 1466 1468 1909 1469 
56: 930 1958 1959 
57: 932 1235 1021 1236 1022 1023 1024 
58: 974 1269 2336 2337 2338 2339 2340 3022 3278 3491 3620 3656 3657 3658 3659 2332 2341 2342 2343 2344 2345 2333 2334 2335 3283 3403 3404 3405 3406 3407 
59: 986 1286 1509 1832 1148 1287 1147 1382 1380 
60: 992 1075 1775 1931 
61: 1000 1247 
62: 1012 1338 1340 1339 
63: 1016 1546 
64: 1020 1102 1870 
65: 1052 
66: 1083 
67: 1109 1111 1367 1657 1368 1658 
68: 1132 
69: 1145 1633 2180 1632 1635 1634 2179 2461 3113 2279 2382 2462 2463 2464 2277 2278 2380 2555 2730 3114 2381 2556 2731 2182 2181 
70: 1166 1167 1773 2008 2009 1774 2010 2011 
71: 1221 
72: 1222 
73: 1260 2273 2482 2270 2272 2274 2493 2899 4560 2269 2490 3197 3629 2489 3196 2491 2745 2747 2486 3198 2478 2487 2702 3187 3194 2479 2703 2898 2667 2668 2602 2603 2481 2740 5217 
74: 1275 1578 1577 2049 2162 2161 2257 
75: 1302 
76: 1322 
77: 1333 1787 
78: 1351 1352 1354 2164 1355 1679 1353 1680 1978 2165 
79: 1370 
80: 1439 2047 2256 2767 
81: 1495 1496 1497 1498 1819 1820 1821 1822 
82: 1564 
83: 1586 1587 1800 2003 2518 2582 2583 2584 2585 2586 2778 2816 2819 3256 3258 3261 3263 3460 3462 3852 3854 3898 3899 3900 3901 4228 4232 4919 4939 1783 2519 2961 2962 2963 2814 3255 3260 3458 3851 4227 4231 4918 5329 2587 2588 2813 2815 2818 3131 3133 3134 3135 3136 3137 3257 3262 3461 3853 3878 3902 3903 3904 3905 2908 3138 2909 2910 2817 2911 2820 2913 3459 2787 3140 3141 3142 3786 3787 3139 2529 3132 2526 2530 2531 2527 2528 1801 3084 3086 
84: 1594 
85: 1624 1625 
86: 1807 
87: 1847 
88: 1869 
89: 1977 
90: 2228 2229 2230 2231 2719 2720 2935 2936 2937 2573 
91: 2385 
92: 2500 2501 
93: 2508 4475 4476 2763 2764 
94: 2956 
95: 3864 
96: 4234 
97: 5653 
