# The links inside the directed communities at k=8
# from /Users/bogna/dev/role-mining/datasets/hepth/timeslots/cit-HepTh-1998.edges
# at no lower link weight threshold,
# and at no upper link weight threshold.
# Links were treated as directed.
# No time limit was set for the clique search.

0:
9803084 9802030
9803121 9802030
9803156 9802030
9803178 9802030
9803210 9802030
9804106 9802030
9805012 9802030
9803121 9803084
9803156 9803084
9803178 9803084
9803210 9803084
9804106 9803084
9805012 9803084
9803156 9803121
9803178 9803121
9803210 9803121
9804106 9803121
9805012 9803121
9803178 9803156
9803210 9803156
9804106 9803156
9805012 9803156
9803210 9803178
9804106 9803178
9805012 9803178
9804106 9803210
9805012 9803210
9805012 9804106
1:
9807198 9711162
9810099 9711162
9803166 9711162
9810185 9711162
9810219 9711162
9811159 9711162
9811213 9711162
9810099 9807198
9807198 9803166
9810185 9807198
9810219 9807198
9811159 9807198
9811213 9807198
9810099 9803166
9810185 9810099
9810219 9810099
9811159 9810099
9811213 9810099
9810185 9803166
9810219 9803166
9811159 9803166
9811213 9803166
9810219 9810185
9811159 9810185
9811213 9810185
9811159 9810219
9811213 9810219
9811213 9811159
2:
9803027 9504150
9803170 9504150
9806133 9504150
9808120 9504150
9809165 9504150
9811083 9504150
9811254 9504150
9803170 9803027
9806133 9803027
9808120 9803027
9809165 9803027
9811083 9803027
9811254 9803027
9806133 9803170
9808120 9803170
9809165 9803170
9811083 9803170
9811254 9803170
9808120 9806133
9809165 9806133
9811083 9806133
9811254 9806133
9809165 9808120
9811083 9808120
9811254 9808120
9811083 9809165
9811254 9809165
9811254 9811083
3:
9801076 9711138
9801206 9711138
9802109 9711138
9802126 9711138
9802150 9711138
9802183 9711138
9802195 9711138
9802198 9711138
9802203 9711138
9803131 9711138
9803263 9711138
9803013 9711138
9803028 9711138
9803051 9711138
9803060 9711138
9803061 9711138
9803077 9711138
9803082 9711138
9803090 9711138
9803109 9711138
9803119 9711138
9803137 9711138
9803167 9711138
9803171 9711138
9803174 9711138
9803193 9711138
9803214 9711138
9803220 9711138
9803231 9711138
9803251 9711138
9804006 9711138
9804031 9711138
9804058 9711138
9804060 9711138
9804141 9711138
9804182 9711138
9805082 9711138
9805162 9711138
9806042 9711138
9807150 9711138
9809193 9711138
9811057 9711138
9801076 9711200
9801206 9711200
9802042 9711200
9802047 9711200
9802109 9711200
9802126 9711200
9802183 9711200
9802195 9711200
9802198 9711200
9803001 9711200
9803131 9711200
9803135 9711200
9805129 9711200
9803002 9711200
9803013 9711200
9803023 9711200
9803028 9711200
9803039 9711200
9803051 9711200
9803061 9711200
9803068 9711200
9803076 9711200
9803077 9711200
9803082 9711200
9803085 9711200
9803090 9711200
9803109 9711200
9803111 9711200
9803119 9711200
9803138 9711200
9803167 9711200
9803171 9711200
9803174 9711200
9803193 9711200
9803214 9711200
9803220 9711200
9803231 9711200
9803251 9711200
9803252 9711200
9804006 9711200
9804031 9711200
9804035 9711200
9804058 9711200
9804060 9711200
9804083 9711200
9804093 9711200
9804099 9711200
9804170 9711200
9804175 9711200
9804182 9711200
9804184 9711200
9805096 9711200
9805105 9711200
9805112 9711200
9805131 9711200
9805139 9711200
9805145 9711200
9805162 9711200
9806004 9711200
9806012 9711200
9806021 9711200
9806041 9711200
9806042 9711200
9806074 9711200
9806091 9711200
9806125 9711200
9806158 9711200
9806159 9711200
9806162 9711200
9806171 9711200
9806180 9711200
9806216 9711200
9806235 9711200
9807033 9711200
9807046 9711200
9807080 9711200
9807093 9711200
9807097 9711200
9807098 9711200
9807164 9711200
9807173 9711200
9807196 9711200
9807200 9711200
9811010 9711200
9808006 9711200
9808014 9711200
9808019 9711200
9808037 9711200
9808048 9711200
9808075 9711200
9808100 9711200
9808117 9711200
9808139 9711200
9808143 9711200
9808157 9711200
9808182 9711200
9809009 9711200
9809067 9711200
9809106 9711200
9809132 9711200
9809179 9711200
9809193 9711200
9810051 9711200
9810063 9711200
9810151 9711200
9810186 9711200
9810206 9711200
9810244 9711200
9811028 9711200
9811035 9711200
9811042 9711200
9811047 9711200
9811057 9711200
9811060 9711200
9811097 9711200
9811106 9711200
9811152 9711200
9811156 9711200
9811172 9711200
9811208 9711200
9811230 9711200
9811257 9711200
9812007 9711200
9812025 9711200
9812067 9711200
9812109 9711200
9812194 9711200
9812238 9711200
9802109 9602135
9802116 9602135
9802150 9602135
9803131 9602135
9803023 9602135
9803028 9602135
9803051 9602135
9803076 9602135
9803082 9602135
9803119 9602135
9803167 9602135
9803174 9602135
9803193 9602135
9803214 9602135
9804058 9602135
9804170 9602135
9806042 9602135
9806074 9602135
9807033 9602135
9808157 9602135
9810243 9602135
9811060 9602135
9801076 9711161
9801206 9711161
9802047 9711161
9802126 9711161
9802150 9711161
9802183 9711161
9802195 9711161
9802203 9711161
9803131 9711161
9803263 9711161
9803013 9711161
9803039 9711161
9803053 9711161
9803060 9711161
9803090 9711161
9803109 9711161
9803119 9711161
9803137 9711161
9803171 9711161
9803231 9711161
9803251 9711161
9804006 9711161
9804058 9711161
9804060 9711161
9804141 9711161
9805082 9711161
9807150 9711161
9801076 9712073
9801206 9712073
9802047 9712073
9802150 9712073
9802183 9712073
9802195 9712073
9802203 9712073
9803131 9712073
9803263 9712073
9803039 9712073
9803060 9712073
9803061 9712073
9803077 9712073
9803082 9712073
9803085 9712073
9803090 9712073
9803109 9712073
9803119 9712073
9803137 9712073
9803138 9712073
9803171 9712073
9803174 9712073
9803193 9712073
9803220 9712073
9803231 9712073
9804006 9712073
9804031 9712073
9804058 9712073
9804060 9712073
9804141 9712073
9805082 9712073
9807150 9712073
9808100 9712073
9801076 9712239
9801206 9712239
9802047 9712239
9802126 9712239
9802150 9712239
9803131 9712239
9803135 9712239
9803263 9712239
9803013 9712239
9803028 9712239
9803051 9712239
9803061 9712239
9803068 9712239
9803076 9712239
9803077 9712239
9803082 9712239
9803085 9712239
9803090 9712239
9803111 9712239
9803119 9712239
9803137 9712239
9803138 9712239
9803167 9712239
9803171 9712239
9803174 9712239
9803193 9712239
9803214 9712239
9803220 9712239
9803231 9712239
9803251 9712239
9804006 9712239
9804058 9712239
9804060 9712239
9804141 9712239
9807033 9712239
9808100 9712239
9808157 9712239
9811060 9712239
9801076 9307049
9801206 9801076
9802047 9801076
9802183 9801076
9802195 9801076
9803060 9801076
9803061 9801076
9803090 9801076
9803109 9801076
9803119 9801076
9803138 9801076
9803171 9801076
9803174 9801076
9803220 9801076
9803231 9801076
9804006 9801076
9804058 9801076
9804060 9801076
9804182 9801076
9807173 9801076
9808100 9801076
9801206 9307049
9802047 9307049
9802126 9307049
9802203 9307049
9803060 9307049
9803061 9307049
9803090 9307049
9803109 9307049
9803171 9307049
9803231 9307049
9804006 9307049
9802183 9603167
9803015 9603167
9805139 9603167
9806180 9603167
9807080 9603167
9808075 9603167
9810201 9603167
9811004 9603167
9811230 9603167
9812025 9603167
9812226 9603167
9802042 9710014
9802047 9710014
9802150 9710014
9803131 9710014
9803263 9710014
9803051 9710014
9803076 9710014
9803077 9710014
9803137 9710014
9803167 9710014
9803193 9710014
9803214 9710014
9804058 9710014
9802042 9705117
9803015 9705117
9803051 9705117
9803053 9705117
9803068 9705117
9803109 9705117
9803167 9705117
9804060 9705117
9806041 9705117
9808182 9705117
9802047 9801206
9802126 9801206
9802150 9801206
9802183 9801206
9802203 9801206
9803131 9801206
9803135 9801206
9803263 9801206
9803013 9801206
9803028 9801206
9803039 9801206
9803060 9801206
9803061 9801206
9803077 9801206
9803082 9801206
9803085 9801206
9803090 9801206
9803109 9801206
9803111 9801206
9803137 9801206
9803138 9801206
9803171 9801206
9803174 9801206
9803193 9801206
9803220 9801206
9803231 9801206
9803251 9801206
9804006 9801206
9804031 9801206
9804058 9801206
9804060 9801206
9804141 9801206
9805082 9801206
9807173 9801206
9808100 9801206
9802042 9711002
9802126 9802042
9802150 9802042
9802195 9802042
9802203 9802042
9803131 9802042
9803135 9802042
9803263 9802042
9805129 9802042
9803002 9802042
9803028 9802042
9803039 9802042
9803051 9802042
9803060 9802042
9803061 9802042
9803068 9802042
9803076 9802042
9803077 9802042
9803082 9802042
9803085 9802042
9803090 9802042
9803109 9802042
9803111 9802042
9803119 9802042
9803137 9802042
9803138 9802042
9803167 9802042
9803174 9802042
9803193 9802042
9803214 9802042
9803220 9802042
9803231 9802042
9803252 9802042
9804031 9802042
9804058 9802042
9804060 9802042
9804175 9802042
9804182 9802042
9806021 9802042
9806041 9802042
9806075 9802042
9806158 9802042
9806159 9802042
9811010 9802042
9808100 9802042
9808182 9802042
9809033 9802042
9811042 9802042
9802109 9711002
9802150 9711002
9803002 9711002
9803023 9711002
9803028 9711002
9803051 9711002
9803076 9711002
9803077 9711002
9803082 9711002
9803111 9711002
9803167 9711002
9803193 9711002
9803214 9711002
9804141 9711002
9802150 9802047
9802195 9802047
9802203 9802047
9803131 9802047
9803263 9802047
9803028 9802047
9803051 9802047
9803060 9802047
9803061 9802047
9803068 9802047
9803077 9802047
9803082 9802047
9803090 9802047
9803109 9802047
9803119 9802047
9803137 9802047
9803167 9802047
9803174 9802047
9803193 9802047
9803214 9802047
9803220 9802047
9803231 9802047
9803251 9802047
9804006 9802047
9804031 9802047
9804058 9802047
9804060 9802047
9804141 9802047
9804182 9802047
9805082 9802047
9808100 9802047
9802109 9702076
9802109 9703040
9802109 9708005
9802150 9802109
9802183 9802109
9802198 9802109
9802203 9802109
9803001 9802109
9803131 9802109
9803135 9802109
9803263 9802109
9805129 9802109
9803002 9802109
9803023 9802109
9803028 9802109
9803051 9802109
9803053 9802109
9803060 9802109
9803061 9802109
9803068 9802109
9803076 9802109
9803077 9802109
9803082 9802109
9803085 9802109
9803109 9802109
9803111 9802109
9803119 9802109
9803137 9802109
9803138 9802109
9803167 9802109
9803171 9802109
9803174 9802109
9803193 9802109
9803214 9802109
9803220 9802109
9803231 9802109
9803251 9802109
9804006 9802109
9804031 9802109
9804035 9802109
9804058 9802109
9804060 9802109
9804083 9802109
9804093 9802109
9804099 9802109
9804141 9802109
9804170 9802109
9804175 9802109
9804182 9802109
9804184 9802109
9805082 9802109
9805096 9802109
9805105 9802109
9805112 9802109
9805131 9802109
9805139 9802109
9805145 9802109
9805162 9802109
9806004 9802109
9806021 9802109
9806041 9802109
9806042 9802109
9806074 9802109
9806075 9802109
9806091 9802109
9806125 9802109
9806128 9802109
9806158 9802109
9806159 9802109
9806162 9802109
9806171 9802109
9806180 9802109
9806216 9802109
9807033 9802109
9807046 9802109
9807080 9802109
9807090 9802109
9807093 9802109
9807097 9802109
9807098 9802109
9807150 9802109
9807164 9802109
9807196 9802109
9807200 9802109
9811010 9802109
9808006 9802109
9808014 9802109
9808019 9802109
9808037 9802109
9808048 9802109
9808075 9802109
9808100 9802109
9808139 9802109
9808143 9802109
9808157 9802109
9808182 9802109
9808184 9802109
9809009 9802109
9809067 9802109
9809106 9802109
9809132 9802109
9809179 9802109
9809193 9802109
9810051 9802109
9810063 9802109
9810151 9802109
9810186 9802109
9810201 9802109
9810206 9802109
9810243 9802109
9810244 9802109
9811028 9802109
9811035 9802109
9811042 9802109
9811047 9802109
9811057 9802109
9811060 9802109
9811097 9802109
9811106 9802109
9811152 9802109
9811156 9802109
9811172 9802109
9811208 9802109
9811230 9802109
9811257 9802109
9812007 9802109
9812025 9802109
9812067 9802109
9812109 9802109
9812194 9802109
9812238 9802109
9802150 9702076
9803131 9702076
9803135 9702076
9805129 9702076
9803023 9702076
9803028 9702076
9803051 9702076
9803076 9702076
9803077 9702076
9803082 9702076
9803167 9702076
9803174 9702076
9803193 9702076
9803214 9702076
9804058 9702076
9804083 9702076
9804175 9702076
9804184 9702076
9805139 9702076
9806021 9702076
9806042 9702076
9806074 9702076
9806091 9702076
9806125 9702076
9807090 9702076
9807097 9702076
9808048 9702076
9808075 9702076
9811035 9702076
9811152 9702076
9802150 9703040
9803131 9703040
9803135 9703040
9805129 9703040
9803002 9703040
9803023 9703040
9803028 9703040
9803051 9703040
9803076 9703040
9803077 9703040
9803082 9703040
9803167 9703040
9803174 9703040
9803193 9703040
9803214 9703040
9803252 9703040
9804058 9703040
9804175 9703040
9805082 9703040
9806021 9703040
9806042 9703040
9806075 9703040
9806125 9703040
9811035 9703040
9802150 9708005
9802183 9708005
9803131 9708005
9803135 9708005
9803002 9708005
9803015 9708005
9803023 9708005
9803051 9708005
9803076 9708005
9803077 9708005
9803082 9708005
9803119 9708005
9803167 9708005
9803193 9708005
9803214 9708005
9804058 9708005
9804083 9708005
9804184 9708005
9805082 9708005
9805139 9708005
9806042 9708005
9806074 9708005
9806091 9708005
9806125 9708005
9807033 9708005
9807080 9708005
9807097 9708005
9807164 9708005
9808048 9708005
9808075 9708005
9811152 9708005
9802126 9802116
9802150 9802116
9802183 9802116
9802195 9802116
9802198 9802116
9802203 9802116
9803131 9802116
9803135 9802116
9803263 9802116
9805129 9802116
9803002 9802116
9803023 9802116
9803028 9802116
9803051 9802116
9803060 9802116
9803061 9802116
9803076 9802116
9803077 9802116
9803082 9802116
9803085 9802116
9803090 9802116
9803109 9802116
9803111 9802116
9803137 9802116
9803138 9802116
9803167 9802116
9803174 9802116
9803193 9802116
9803214 9802116
9803220 9802116
9803231 9802116
9804006 9802116
9804060 9802116
9804083 9802116
9804141 9802116
9804182 9802116
9804184 9802116
9805082 9802116
9805131 9802116
9806021 9802116
9806041 9802116
9806125 9802116
9807097 9802116
9808100 9802116
9809033 9802116
9802150 9802126
9802203 9802126
9803131 9802126
9803135 9802126
9803263 9802126
9803013 9802126
9803039 9802126
9803060 9802126
9803068 9802126
9803085 9802126
9803090 9802126
9803109 9802126
9803111 9802126
9803119 9802126
9803137 9802126
9803138 9802126
9803171 9802126
9803174 9802126
9803220 9802126
9803231 9802126
9803251 9802126
9804006 9802126
9804060 9802126
9804141 9802126
9804182 9802126
9805082 9802126
9805131 9802126
9806041 9802126
9807090 9802126
9807150 9802126
9812067 9802126
9812194 9802126
9802183 9802150
9802195 9802150
9802198 9802150
9802203 9802150
9803001 9802150
9803131 9802150
9803135 9802150
9803263 9802150
9805129 9802150
9803002 9802150
9803013 9802150
9803023 9802150
9803028 9802150
9803039 9802150
9803051 9802150
9803053 9802150
9803060 9802150
9803061 9802150
9803068 9802150
9803076 9802150
9803077 9802150
9803082 9802150
9803085 9802150
9803090 9802150
9803109 9802150
9803111 9802150
9803119 9802150
9803137 9802150
9803138 9802150
9803167 9802150
9803171 9802150
9803174 9802150
9803193 9802150
9803214 9802150
9803220 9802150
9803231 9802150
9803251 9802150
9803252 9802150
9804006 9802150
9804031 9802150
9804035 9802150
9804058 9802150
9804060 9802150
9804083 9802150
9804093 9802150
9804099 9802150
9804141 9802150
9804170 9802150
9804175 9802150
9804182 9802150
9804184 9802150
9805082 9802150
9805096 9802150
9805105 9802150
9805112 9802150
9805131 9802150
9805139 9802150
9805145 9802150
9805162 9802150
9806004 9802150
9806021 9802150
9806041 9802150
9806042 9802150
9806074 9802150
9806075 9802150
9806091 9802150
9806125 9802150
9806128 9802150
9806158 9802150
9806159 9802150
9806162 9802150
9806171 9802150
9806180 9802150
9806216 9802150
9806235 9802150
9807033 9802150
9807046 9802150
9807080 9802150
9807090 9802150
9807093 9802150
9807097 9802150
9807098 9802150
9807150 9802150
9807164 9802150
9807196 9802150
9807200 9802150
9811010 9802150
9808006 9802150
9808014 9802150
9808019 9802150
9808037 9802150
9808048 9802150
9808075 9802150
9808100 9802150
9808117 9802150
9808139 9802150
9808143 9802150
9808157 9802150
9808184 9802150
9809009 9802150
9809033 9802150
9809067 9802150
9809106 9802150
9809132 9802150
9809179 9802150
9809193 9802150
9810051 9802150
9810063 9802150
9810151 9802150
9810186 9802150
9810206 9802150
9810243 9802150
9810244 9802150
9811028 9802150
9811035 9802150
9811042 9802150
9811047 9802150
9811057 9802150
9811060 9802150
9811097 9802150
9811106 9802150
9811152 9802150
9811156 9802150
9811172 9802150
9811208 9802150
9811230 9802150
9811257 9802150
9812007 9802150
9812025 9802150
9812067 9802150
9812109 9802150
9812194 9802150
9812238 9802150
9802195 9802183
9803131 9802183
9803135 9802183
9803263 9802183
9803015 9802183
9803023 9802183
9803028 9802183
9803039 9802183
9803051 9802183
9803060 9802183
9803061 9802183
9803076 9802183
9803077 9802183
9803082 9802183
9803085 9802183
9803090 9802183
9803109 9802183
9803111 9802183
9803119 9802183
9803137 9802183
9803138 9802183
9803167 9802183
9803174 9802183
9803193 9802183
9803214 9802183
9803220 9802183
9803231 9802183
9803249 9802183
9803251 9802183
9804006 9802183
9804058 9802183
9804060 9802183
9804093 9802183
9804141 9802183
9804182 9802183
9804184 9802183
9805096 9802183
9805112 9802183
9805131 9802183
9805139 9802183
9806008 9802183
9806012 9802183
9806041 9802183
9806042 9802183
9806091 9802183
9806159 9802183
9806180 9802183
9807033 9802183
9807080 9802183
9807164 9802183
9807173 9802183
9807200 9802183
9811010 9802183
9808014 9802183
9808019 9802183
9808048 9802183
9808075 9802183
9808100 9802183
9808139 9802183
9808143 9802183
9808182 9802183
9810201 9802183
9810206 9802183
9810244 9802183
9811004 9802183
9811230 9802183
9812025 9802183
9812226 9802183
9803131 9802195
9803263 9802195
9803039 9802195
9803051 9802195
9803060 9802195
9803061 9802195
9803076 9802195
9803077 9802195
9803082 9802195
9803085 9802195
9803109 9802195
9803111 9802195
9803119 9802195
9803137 9802195
9803138 9802195
9803167 9802195
9803174 9802195
9803193 9802195
9803214 9802195
9803220 9802195
9803231 9802195
9803251 9802195
9804006 9802195
9804058 9802195
9804060 9802195
9804093 9802195
9804141 9802195
9804182 9802195
9805131 9802195
9806041 9802195
9807200 9802195
9811010 9802195
9808014 9802195
9808100 9802195
9808143 9802195
9808182 9802195
9810201 9802195
9810244 9802195
9803131 9802198
9803263 9802198
9803028 9802198
9803051 9802198
9803061 9802198
9803076 9802198
9803077 9802198
9803082 9802198
9803119 9802198
9803137 9802198
9803167 9802198
9803174 9802198
9803193 9802198
9803214 9802198
9803220 9802198
9804060 9802198
9804141 9802198
9804182 9802198
9803131 9802203
9803135 9802203
9803263 9802203
9803013 9802203
9803023 9802203
9803028 9802203
9803039 9802203
9803051 9802203
9803053 9802203
9803060 9802203
9803061 9802203
9803068 9802203
9803076 9802203
9803077 9802203
9803082 9802203
9803085 9802203
9803109 9802203
9803111 9802203
9803137 9802203
9803138 9802203
9803167 9802203
9803171 9802203
9803174 9802203
9803193 9802203
9803214 9802203
9803220 9802203
9803231 9802203
9803251 9802203
9804006 9802203
9804058 9802203
9804060 9802203
9804083 9802203
9804093 9802203
9804099 9802203
9804141 9802203
9804182 9802203
9805082 9802203
9805131 9802203
9806004 9802203
9806021 9802203
9806041 9802203
9806042 9802203
9807033 9802203
9807046 9802203
9807090 9802203
9807097 9802203
9807098 9802203
9807150 9802203
9808100 9802203
9810206 9802203
9811060 9802203
9812067 9802203
9812194 9802203
9803001 9803131
9803001 9803135
9803001 9803263
9803001 9805129
9803023 9803001
9803028 9803001
9803051 9803001
9803060 9803001
9803061 9803001
9803076 9803001
9803077 9803001
9803082 9803001
9803085 9803001
9803090 9803001
9803109 9803001
9803111 9803001
9803137 9803001
9803138 9803001
9803167 9803001
9803174 9803001
9803214 9803001
9803220 9803001
9803231 9803001
9803251 9803001
9803252 9803001
9804006 9803001
9804058 9803001
9804060 9803001
9804141 9803001
9804175 9803001
9804182 9803001
9805112 9803001
9805131 9803001
9806041 9803001
9806158 9803001
9806159 9803001
9806162 9803001
9806235 9803001
9807093 9803001
9811010 9803001
9808037 9803001
9808182 9803001
9811028 9803001
9811042 9803001
9811156 9803001
9811208 9803001
9812007 9803001
9812109 9803001
9803135 9803131
9803263 9803131
9805129 9803131
9803131 9803002
9803131 9803013
9803131 9803015
9803131 9803023
9803131 9803028
9803131 9803039
9803131 9803051
9803131 9803053
9803131 9803061
9803131 9803068
9803131 9803076
9803131 9803077
9803131 9803082
9803131 9803085
9803131 9803109
9803131 9803111
9803131 9803119
9803167 9803131
9803171 9803131
9803174 9803131
9803193 9803131
9803214 9803131
9803220 9803131
9803231 9803131
9803251 9803131
9803252 9803131
9804006 9803131
9804031 9803131
9804058 9803131
9804060 9803131
9804141 9803131
9804175 9803131
9804182 9803131
9804184 9803131
9805082 9803131
9805131 9803131
9806004 9803131
9806021 9803131
9806041 9803131
9806042 9803131
9806075 9803131
9806091 9803131
9806125 9803131
9806128 9803131
9806158 9803131
9806171 9803131
9806235 9803131
9807093 9803131
9807164 9803131
9807196 9803131
9808037 9803131
9808048 9803131
9808117 9803131
9808182 9803131
9809033 9803131
9809106 9803131
9809133 9803131
9810186 9803131
9810206 9803131
9811028 9803131
9811035 9803131
9811042 9803131
9811156 9803131
9811208 9803131
9812007 9803131
9812109 9803131
9803263 9803135
9805129 9803135
9803135 9803002
9803135 9803015
9803135 9803053
9803135 9803060
9803135 9803076
9803135 9803085
9803135 9803111
9803167 9803135
9803171 9803135
9803174 9803135
9803214 9803135
9803220 9803135
9803231 9803135
9803251 9803135
9803252 9803135
9804006 9803135
9804058 9803135
9804060 9803135
9804141 9803135
9804175 9803135
9805082 9803135
9805131 9803135
9806021 9803135
9806075 9803135
9806125 9803135
9806158 9803135
9806235 9803135
9807093 9803135
9807196 9803135
9809033 9803135
9811042 9803135
9811156 9803135
9811208 9803135
9812007 9803135
9812109 9803135
9805129 9803263
9803263 9803002
9803263 9803013
9803263 9803015
9803263 9803023
9803263 9803028
9803263 9803039
9803263 9803051
9803263 9803053
9803263 9803068
9803263 9803076
9803263 9803082
9803263 9803109
9803263 9803111
9803263 9803119
9803263 9803138
9803263 9803167
9803263 9803171
9803263 9803174
9803263 9803193
9804058 9803263
9804060 9803263
9804175 9803263
9804182 9803263
9806075 9803263
9806158 9803263
9806235 9803263
9807093 9803263
9808037 9803263
9808117 9803263
9809033 9803263
9809106 9803263
9809133 9803263
9810186 9803263
9811042 9803263
9811156 9803263
9811208 9803263
9812007 9803263
9812109 9803263
9805129 9803002
9805129 9803111
9805129 9803252
9805129 9804175
9805129 9805112
9806021 9805129
9806041 9805129
9806075 9805129
9806125 9805129
9806158 9805129
9806162 9805129
9806171 9805129
9806235 9805129
9807093 9805129
9807196 9805129
9811010 9805129
9808117 9805129
9808182 9805129
9809033 9805129
9809106 9805129
9809133 9805129
9810186 9805129
9811028 9805129
9811035 9805129
9811042 9805129
9811156 9805129
9811208 9805129
9812007 9805129
9812109 9805129
9803023 9803002
9803028 9803002
9803051 9803002
9803060 9803002
9803061 9803002
9803076 9803002
9803077 9803002
9803082 9803002
9803085 9803002
9803090 9803002
9803109 9803002
9803111 9803002
9803137 9803002
9803138 9803002
9803167 9803002
9803174 9803002
9803193 9803002
9803214 9803002
9803220 9803002
9803231 9803002
9803251 9803002
9803252 9803002
9804006 9803002
9804058 9803002
9804060 9803002
9804141 9803002
9804175 9803002
9804182 9803002
9805082 9803002
9805112 9803002
9805131 9803002
9806041 9803002
9806075 9803002
9806125 9803002
9806158 9803002
9806159 9803002
9806162 9803002
9806235 9803002
9807093 9803002
9807164 9803002
9807196 9803002
9811010 9803002
9808100 9803002
9808117 9803002
9808182 9803002
9809033 9803002
9809133 9803002
9810186 9803002
9810206 9803002
9811028 9803002
9811042 9803002
9811156 9803002
9811208 9803002
9812007 9803002
9812109 9803002
9803028 9803013
9803051 9803013
9803060 9803013
9803077 9803013
9803082 9803013
9803085 9803013
9803111 9803013
9803137 9803013
9803167 9803013
9803171 9803013
9803174 9803013
9803193 9803013
9803214 9803013
9803220 9803013
9803231 9803013
9804006 9803013
9804058 9803013
9804060 9803013
9804141 9803013
9804182 9803013
9805082 9803013
9803023 9803015
9803028 9803015
9803039 9803015
9803051 9803015
9803060 9803015
9803061 9803015
9803076 9803015
9803077 9803015
9803082 9803015
9803085 9803015
9803109 9803015
9803111 9803015
9803119 9803015
9803137 9803015
9803138 9803015
9803167 9803015
9803174 9803015
9803193 9803015
9803214 9803015
9803220 9803015
9803231 9803015
9803249 9803015
9803251 9803015
9804006 9803015
9804060 9803015
9804093 9803015
9804141 9803015
9804182 9803015
9804184 9803015
9805096 9803015
9805131 9803015
9805139 9803015
9806008 9803015
9806041 9803015
9806091 9803015
9806159 9803015
9806180 9803015
9807080 9803015
9807164 9803015
9811010 9803015
9808014 9803015
9808019 9803015
9808048 9803015
9808075 9803015
9808100 9803015
9808143 9803015
9808182 9803015
9810201 9803015
9810244 9803015
9811004 9803015
9811139 9803015
9811230 9803015
9812025 9803015
9812226 9803015
9803028 9803023
9803051 9803023
9803076 9803023
9803077 9803023
9803082 9803023
9803085 9803023
9803119 9803023
9803137 9803023
9803167 9803023
9803174 9803023
9803193 9803023
9803214 9803023
9803220 9803023
9804058 9803023
9804060 9803023
9804083 9803023
9804141 9803023
9804182 9803023
9805082 9803023
9806021 9803023
9807097 9803023
9803051 9803028
9803060 9803028
9803077 9803028
9803082 9803028
9803090 9803028
9803109 9803028
9803119 9803028
9803137 9803028
9803138 9803028
9803167 9803028
9803174 9803028
9803220 9803028
9803231 9803028
9803251 9803028
9804006 9803028
9804035 9803028
9804058 9803028
9804083 9803028
9804141 9803028
9804182 9803028
9805105 9803028
9805131 9803028
9806004 9803028
9806216 9803028
9807046 9803028
9807097 9803028
9809009 9803028
9809132 9803028
9811097 9803028
9811106 9803028
9811152 9803028
9812238 9803028
9803051 9803039
9803060 9803039
9803061 9803039
9803077 9803039
9803082 9803039
9803085 9803039
9803090 9803039
9803109 9803039
9803119 9803039
9803137 9803039
9803167 9803039
9803174 9803039
9803193 9803039
9803214 9803039
9803220 9803039
9803231 9803039
9804006 9803039
9804031 9803039
9804058 9803039
9804060 9803039
9804141 9803039
9804182 9803039
9805082 9803039
9805131 9803039
9807173 9803039
9808014 9803039
9808100 9803039
9810201 9803039
9803060 9803051
9803068 9803051
9803076 9803051
9803077 9803051
9803082 9803051
9803085 9803051
9803090 9803051
9803109 9803051
9803111 9803051
9803119 9803051
9803137 9803051
9803138 9803051
9803167 9803051
9803174 9803051
9803193 9803051
9803214 9803051
9803220 9803051
9803231 9803051
9803251 9803051
9804006 9803051
9804031 9803051
9804058 9803051
9804060 9803051
9804093 9803051
9804141 9803051
9804182 9803051
9805112 9803051
9805131 9803051
9806021 9803051
9806041 9803051
9806159 9803051
9806180 9803051
9807150 9803051
9807200 9803051
9811010 9803051
9808014 9803051
9808143 9803051
9808182 9803051
9809009 9803051
9810201 9803051
9810206 9803051
9810244 9803051
9803060 9803053
9803068 9803053
9803077 9803053
9803082 9803053
9803085 9803053
9803109 9803053
9803111 9803053
9803119 9803053
9803137 9803053
9803138 9803053
9803167 9803053
9803174 9803053
9803193 9803053
9803214 9803053
9803220 9803053
9803231 9803053
9803251 9803053
9804006 9803053
9804031 9803053
9804058 9803053
9804060 9803053
9804093 9803053
9804141 9803053
9804182 9803053
9805131 9803053
9806041 9803053
9807150 9803053
9807200 9803053
9811010 9803053
9808143 9803053
9808182 9803053
9810206 9803053
9810244 9803053
9803090 9803060
9803109 9803060
9803111 9803060
9803119 9803060
9803167 9803060
9803171 9803060
9803193 9803060
9803214 9803060
9803231 9803060
9804006 9803060
9804058 9803060
9804060 9803060
9804182 9803060
9805131 9803060
9807150 9803060
9810201 9803060
9803090 9803061
9803109 9803061
9803111 9803061
9803138 9803061
9803167 9803061
9803171 9803061
9803174 9803061
9803193 9803061
9803214 9803061
9803220 9803061
9803231 9803061
9803251 9803061
9804006 9803061
9804058 9803061
9804060 9803061
9805131 9803061
9807173 9803061
9808014 9803061
9808100 9803061
9810201 9803061
9803090 9803068
9803109 9803068
9803111 9803068
9803119 9803068
9803137 9803068
9803167 9803068
9803174 9803068
9803214 9803068
9803220 9803068
9803231 9803068
9803251 9803068
9804006 9803068
9804058 9803068
9804060 9803068
9804093 9803068
9804141 9803068
9804182 9803068
9805131 9803068
9806041 9803068
9807200 9803068
9811010 9803068
9808143 9803068
9808182 9803068
9809009 9803068
9810244 9803068
9803090 9803076
9803109 9803076
9803111 9803076
9803119 9803076
9803137 9803076
9803167 9803076
9803174 9803076
9803193 9803076
9803214 9803076
9803220 9803076
9803231 9803076
9803249 9803076
9803251 9803076
9804006 9803076
9804058 9803076
9804060 9803076
9804141 9803076
9804184 9803076
9805096 9803076
9805131 9803076
9805139 9803076
9806008 9803076
9806041 9803076
9806042 9803076
9806091 9803076
9806159 9803076
9807033 9803076
9807080 9803076
9807164 9803076
9807200 9803076
9808019 9803076
9808048 9803076
9808075 9803076
9808139 9803076
9810201 9803076
9803090 9803077
9803109 9803077
9803111 9803077
9803119 9803077
9803138 9803077
9803167 9803077
9803193 9803077
9803214 9803077
9803220 9803077
9803231 9803077
9803251 9803077
9804006 9803077
9804031 9803077
9804058 9803077
9804060 9803077
9804093 9803077
9804182 9803077
9805131 9803077
9806041 9803077
9807150 9803077
9807200 9803077
9811010 9803077
9808143 9803077
9808182 9803077
9810206 9803077
9810244 9803077
9803137 9803082
9803167 9803082
9803174 9803082
9803193 9803082
9803214 9803082
9803220 9803082
9804060 9803082
9804083 9803082
9804141 9803082
9804182 9803082
9805082 9803082
9803111 9803085
9803137 9803085
9803167 9803085
9803174 9803085
9803193 9803085
9803214 9803085
9803220 9803085
9803231 9803085
9804006 9803085
9804058 9803085
9804060 9803085
9804141 9803085
9805131 9803085
9803109 9803090
9803220 9803090
9803231 9803090
9804006 9803090
9804058 9803090
9804060 9803090
9804182 9803090
9805131 9803090
9807173 9803090
9803137 9803109
9803167 9803109
9803174 9803109
9803193 9803109
9803214 9803109
9803220 9803109
9803231 9803109
9803251 9803109
9804006 9803109
9804031 9803109
9804058 9803109
9804060 9803109
9804093 9803109
9804141 9803109
9804182 9803109
9805131 9803109
9806041 9803109
9807173 9803109
9807200 9803109
9811010 9803109
9808143 9803109
9808182 9803109
9810201 9803109
9810244 9803109
9803137 9803111
9803167 9803111
9803174 9803111
9803193 9803111
9803214 9803111
9803220 9803111
9803231 9803111
9803251 9803111
9803252 9803111
9804006 9803111
9804058 9803111
9804060 9803111
9804141 9803111
9804175 9803111
9805082 9803111
9806125 9803111
9806158 9803111
9806162 9803111
9808037 9803111
9811042 9803111
9812007 9803111
9803137 9803119
9803167 9803119
9803174 9803119
9803193 9803119
9803220 9803119
9803231 9803119
9803251 9803119
9804006 9803119
9804031 9803119
9804058 9803119
9804060 9803119
9804093 9803119
9804141 9803119
9804182 9803119
9805131 9803119
9806004 9803119
9806041 9803119
9807200 9803119
9811010 9803119
9808143 9803119
9808182 9803119
9810201 9803119
9810244 9803119
9803167 9803137
9803171 9803137
9803174 9803137
9803214 9803137
9803220 9803137
9803231 9803137
9803251 9803137
9803252 9803137
9804006 9803137
9804058 9803137
9804060 9803137
9804141 9803137
9804175 9803137
9805082 9803137
9805131 9803137
9806021 9803137
9806158 9803137
9806235 9803137
9807196 9803137
9808037 9803137
9811042 9803137
9812007 9803137
9803167 9803138
9803174 9803138
9803193 9803138
9803214 9803138
9803220 9803138
9803231 9803138
9804006 9803138
9804058 9803138
9804182 9803138
9803171 9803167
9803174 9803167
9803193 9803167
9803214 9803167
9803220 9803167
9803231 9803167
9803251 9803167
9804006 9803167
9804058 9803167
9804060 9803167
9804093 9803167
9804182 9803167
9805096 9803167
9805131 9803167
9805139 9803167
9806021 9803167
9806041 9803167
9806042 9803167
9806159 9803167
9806180 9803167
9807173 9803167
9811010 9803167
9808014 9803167
9808100 9803167
9808143 9803167
9808182 9803167
9810201 9803167
9810244 9803167
9812194 9803167
9803214 9803171
9803220 9803171
9803231 9803171
9803251 9803171
9804006 9803171
9804058 9803171
9804060 9803171
9805082 9803171
9805131 9803171
9807033 9803171
9807090 9803171
9807150 9803171
9808157 9803171
9811060 9803171
9812067 9803171
9812194 9803171
9803214 9803174
9803220 9803174
9803231 9803174
9803251 9803174
9804006 9803174
9804182 9803174
9805131 9803174
9806042 9803174
9803214 9803193
9803220 9803193
9803231 9803193
9803251 9803193
9804006 9803193
9804031 9803193
9804060 9803193
9805131 9803193
9807200 9803193
9808100 9803193
9810201 9803193
9803220 9803214
9803249 9803214
9804006 9803214
9804058 9803214
9804060 9803214
9804184 9803214
9805096 9803214
9805112 9803214
9805131 9803214
9805139 9803214
9806008 9803214
9806012 9803214
9806041 9803214
9806091 9803214
9807033 9803214
9811010 9803214
9808019 9803214
9808048 9803214
9808075 9803214
9808139 9803214
9808143 9803214
9808182 9803214
9803231 9803220
9803251 9803220
9804006 9803220
9804058 9803220
9804060 9803220
9804182 9803220
9808037 9803220
9811042 9803220
9804006 9803231
9804058 9803231
9804060 9803231
9804182 9803231
9807150 9803231
9807173 9803231
9808100 9803231
9804184 9803249
9805096 9803249
9805131 9803249
9805139 9803249
9806008 9803249
9806091 9803249
9806159 9803249
9807080 9803249
9807164 9803249
9808019 9803249
9808048 9803249
9808075 9803249
9810201 9803249
9804035 9803251
9804058 9803251
9804060 9803251
9804083 9803251
9804182 9803251
9805131 9803251
9805145 9803251
9805162 9803251
9806004 9803251
9806074 9803251
9806216 9803251
9807033 9803251
9807046 9803251
9807097 9803251
9807098 9803251
9808006 9803251
9808037 9803251
9808157 9803251
9808184 9803251
9809009 9803251
9809132 9803251
9809193 9803251
9810151 9803251
9811057 9803251
9811060 9803251
9811097 9803251
9811106 9803251
9811152 9803251
9812194 9803251
9812238 9803251
9804058 9803252
9804060 9803252
9804175 9803252
9806021 9803252
9806125 9803252
9806235 9803252
9807196 9803252
9811042 9803252
9811156 9803252
9804058 9804006
9804060 9804006
9804182 9804006
9805131 9804006
9804060 9804031
9805131 9804031
9804083 9804035
9804182 9804035
9805105 9804035
9805162 9804035
9806004 9804035
9806074 9804035
9806216 9804035
9807033 9804035
9807046 9804035
9807097 9804035
9807098 9804035
9808006 9804035
9808037 9804035
9808184 9804035
9809009 9804035
9809067 9804035
9809193 9804035
9810051 9804035
9811057 9804035
9811106 9804035
9811152 9804035
9811257 9804035
9812194 9804035
9812238 9804035
9804083 9804058
9804099 9804058
9804170 9804058
9804182 9804058
9805096 9804058
9805105 9804058
9805131 9804058
9805145 9804058
9805162 9804058
9806004 9804058
9806042 9804058
9806074 9804058
9806125 9804058
9806216 9804058
9807033 9804058
9807046 9804058
9807090 9804058
9807097 9804058
9807098 9804058
9807150 9804058
9807164 9804058
9808006 9804058
9808037 9804058
9808157 9804058
9808184 9804058
9809009 9804058
9809067 9804058
9809179 9804058
9809193 9804058
9810051 9804058
9810151 9804058
9811047 9804058
9811057 9804058
9811060 9804058
9811106 9804058
9811152 9804058
9811257 9804058
9812194 9804058
9812238 9804058
9804093 9804060
9805131 9804060
9806041 9804060
9807200 9804060
9811010 9804060
9808143 9804060
9808182 9804060
9810206 9804060
9810244 9804060
9804099 9804083
9804182 9804083
9805082 9804083
9805105 9804083
9805145 9804083
9805162 9804083
9806004 9804083
9806042 9804083
9806074 9804083
9806216 9804083
9807046 9804083
9807090 9804083
9807097 9804083
9807098 9804083
9808006 9804083
9808037 9804083
9808184 9804083
9809009 9804083
9809193 9804083
9810151 9804083
9811057 9804083
9811106 9804083
9811152 9804083
9812194 9804083
9812238 9804083
9805131 9804093
9806041 9804093
9807200 9804093
9811010 9804093
9808014 9804093
9808143 9804093
9808182 9804093
9810201 9804093
9810244 9804093
9805105 9804099
9806004 9804099
9806216 9804099
9807098 9804099
9809009 9804099
9804182 9804141
9808037 9804141
9811042 9804141
9812007 9804141
9805145 9804170
9805162 9804170
9806004 9804170
9806074 9804170
9807033 9804170
9807098 9804170
9808006 9804170
9808037 9804170
9808157 9804170
9809067 9804170
9809193 9804170
9810051 9804170
9810063 9804170
9810243 9804170
9811047 9804170
9811057 9804170
9811060 9804170
9806021 9804175
9806125 9804175
9806158 9804175
9806235 9804175
9807196 9804175
9808037 9804175
9811028 9804175
9811042 9804175
9811156 9804175
9805131 9804182
9806216 9804182
9807097 9804182
9809009 9804182
9809132 9804182
9810151 9804182
9811097 9804182
9811152 9804182
9812238 9804182
9805096 9804184
9805112 9804184
9805131 9804184
9805139 9804184
9806008 9804184
9806012 9804184
9806041 9804184
9806091 9804184
9806159 9804184
9807164 9804184
9811010 9804184
9808019 9804184
9808048 9804184
9808075 9804184
9808139 9804184
9808143 9804184
9805131 9805082
9806042 9805082
9807090 9805082
9812194 9805082
9805112 9805096
9805131 9805096
9806008 9805096
9806012 9805096
9806041 9805096
9806091 9805096
9806159 9805096
9807164 9805096
9811010 9805096
9808019 9805096
9808048 9805096
9808075 9805096
9808143 9805096
9808182 9805096
9810201 9805096
9810244 9805096
9805145 9805105
9805162 9805105
9806074 9805105
9806216 9805105
9807033 9805105
9807046 9805105
9807098 9805105
9808006 9805105
9808037 9805105
9808184 9805105
9809009 9805105
9809067 9805105
9809193 9805105
9810051 9805105
9810151 9805105
9811057 9805105
9811060 9805105
9811106 9805105
9811152 9805105
9812194 9805105
9812238 9805105
9805131 9805112
9806012 9805112
9806021 9805112
9806041 9805112
9806091 9805112
9806125 9805112
9806158 9805112
9806159 9805112
9806162 9805112
9807164 9805112
9811010 9805112
9808014 9805112
9808075 9805112
9808143 9805112
9808182 9805112
9810201 9805112
9811042 9805112
9812025 9805112
9806041 9805131
9806159 9805131
9807080 9805131
9808014 9805131
9808075 9805131
9810201 9805131
9810244 9805131
9811139 9805131
9811230 9805131
9812025 9805131
9806041 9805139
9806180 9805139
9807080 9805139
9808075 9805139
9808139 9805139
9810201 9805139
9811004 9805139
9812226 9805139
9806074 9805145
9806216 9805145
9807046 9805145
9807097 9805145
9807098 9805145
9808037 9805145
9808184 9805145
9809009 9805145
9809132 9805145
9809193 9805145
9811057 9805145
9811060 9805145
9811097 9805145
9811106 9805145
9811152 9805145
9812194 9805145
9812238 9805145
9806074 9805162
9806216 9805162
9807033 9805162
9807046 9805162
9807097 9805162
9807098 9805162
9808006 9805162
9808037 9805162
9808184 9805162
9809009 9805162
9809193 9805162
9811057 9805162
9811060 9805162
9811106 9805162
9811152 9805162
9812194 9805162
9812238 9805162
9807097 9806004
9807098 9806004
9808006 9806004
9808037 9806004
9810151 9806004
9806091 9806008
9808019 9806008
9808048 9806008
9806091 9806012
9808019 9806012
9808048 9806012
9806041 9806021
9806125 9806021
9806128 9806021
9806158 9806021
9806171 9806021
9806235 9806021
9811010 9806021
9808117 9806021
9809106 9806021
9810186 9806021
9811028 9806021
9811035 9806021
9811042 9806021
9811156 9806021
9811208 9806021
9812007 9806021
9812109 9806021
9811010 9806041
9808143 9806041
9808182 9806041
9810201 9806041
9810244 9806041
9807090 9806042
9807150 9806042
9812067 9806042
9812194 9806042
9806216 9806074
9807033 9806074
9807046 9806074
9807090 9806074
9807097 9806074
9807098 9806074
9808006 9806074
9808037 9806074
9808184 9806074
9809009 9806074
9809067 9806074
9809179 9806074
9809193 9806074
9810063 9806074
9810151 9806074
9811047 9806074
9811057 9806074
9811060 9806074
9811106 9806074
9811152 9806074
9811172 9806074
9811257 9806074
9812067 9806074
9812194 9806074
9812238 9806074
9808019 9806091
9808048 9806091
9806158 9806125
9806235 9806125
9811010 9806125
9808117 9806125
9810186 9806125
9811028 9806125
9811035 9806125
9811042 9806125
9811156 9806125
9811208 9806125
9812007 9806125
9812109 9806125
9808117 9806128
9810186 9806128
9811156 9806128
9812007 9806128
9806162 9806158
9811010 9806158
9808037 9806158
9808182 9806158
9811042 9806158
9806180 9806159
9807080 9806159
9807164 9806159
9811010 9806159
9808048 9806159
9808075 9806159
9808143 9806159
9808182 9806159
9810201 9806159
9810244 9806159
9811139 9806159
9812025 9806159
9811010 9806162
9811042 9806162
9808117 9806171
9810186 9806171
9812007 9806171
9807080 9806180
9811010 9806180
9808075 9806180
9808143 9806180
9808182 9806180
9810201 9806180
9811004 9806180
9811230 9806180
9807097 9806216
9807098 9806216
9808006 9806216
9808037 9806216
9808184 9806216
9809009 9806216
9809132 9806216
9809193 9806216
9810151 9806216
9811057 9806216
9811097 9806216
9811106 9806216
9812238 9806216
9807093 9806235
9807196 9806235
9809133 9806235
9811042 9806235
9812109 9806235
9807097 9807033
9807150 9807033
9808157 9807033
9809009 9807033
9809067 9807033
9810243 9807033
9811047 9807033
9811060 9807033
9811152 9807033
9812067 9807033
9809132 9807046
9810151 9807046
9811097 9807046
9811106 9807046
9812238 9807046
9807164 9807080
9811010 9807080
9808014 9807080
9808075 9807080
9808143 9807080
9810201 9807080
9810244 9807080
9811004 9807080
9811139 9807080
9811230 9807080
9812025 9807080
9812226 9807080
9807150 9807090
9811152 9807090
9812067 9807090
9812194 9807090
9809133 9807093
9811042 9807093
9812109 9807093
9808006 9807097
9808037 9807097
9808184 9807097
9809009 9807097
9809067 9807097
9809132 9807097
9809179 9807097
9809193 9807097
9810051 9807097
9810063 9807097
9810151 9807097
9811057 9807097
9811097 9807097
9811106 9807097
9811152 9807097
9811172 9807097
9811257 9807097
9812067 9807097
9812194 9807097
9808006 9807098
9808037 9807098
9808184 9807098
9809067 9807098
9809179 9807098
9809193 9807098
9810051 9807098
9810063 9807098
9810151 9807098
9811047 9807098
9811057 9807098
9811060 9807098
9811172 9807098
9811257 9807098
9811060 9807150
9812067 9807150
9812194 9807150
9808014 9807164
9808075 9807164
9808143 9807164
9810201 9807164
9810244 9807164
9811139 9807164
9811230 9807164
9812025 9807164
9808100 9807173
9811028 9807196
9811042 9807196
9812109 9807196
9807200 9811010
9810206 9807200
9811010 9808075
9811010 9808143
9811010 9808182
9808037 9808006
9808157 9808006
9808184 9808006
9809009 9808006
9809067 9808006
9809132 9808006
9809179 9808006
9809193 9808006
9810051 9808006
9810063 9808006
9810151 9808006
9811057 9808006
9811060 9808006
9811097 9808006
9811106 9808006
9811152 9808006
9811172 9808006
9811257 9808006
9812067 9808006
9812194 9808006
9808075 9808014
9810201 9808014
9810244 9808014
9812025 9808014
9808048 9808019
9809193 9808037
9811057 9808037
9812007 9808037
9808143 9808048
9808143 9808075
9808182 9808075
9810201 9808075
9810244 9808075
9811139 9808075
9811230 9808075
9812025 9808075
9810186 9808117
9811156 9808117
9812007 9808117
9812109 9808117
9808182 9808143
9810201 9808143
9810244 9808143
9809067 9808157
9810243 9808157
9811060 9808157
9810201 9808182
9809009 9808184
9809132 9808184
9809193 9808184
9810151 9808184
9811057 9808184
9811097 9808184
9811106 9808184
9812194 9808184
9812238 9808184
9809193 9809009
9811057 9809009
9811106 9809009
9812194 9809009
9812238 9809009
9810051 9809067
9810063 9809067
9810151 9809067
9811060 9809067
9811152 9809067
9812067 9809067
9810186 9809106
9811035 9809106
9811156 9809106
9811208 9809106
9812007 9809106
9811097 9809132
9811106 9809132
9812194 9809132
9812238 9809132
9812109 9809133
9810051 9809179
9810063 9809179
9810151 9809179
9811152 9809179
9811172 9809179
9811257 9809179
9812194 9809179
9811057 9809193
9810063 9810051
9810151 9810051
9811060 9810051
9811106 9810051
9811152 9810051
9811257 9810051
9812194 9810063
9811097 9810151
9811106 9810151
9812238 9810151
9811035 9810186
9811156 9810186
9811208 9810186
9812007 9810186
9812109 9810186
9810244 9810201
9811004 9810201
9811139 9810201
9811230 9810201
9812025 9810201
9812226 9810201
9811060 9810243
9812025 9810244
9811230 9811004
9812025 9811004
9812226 9811004
9811156 9811028
9811156 9811035
9811208 9811035
9811060 9811047
9811152 9811060
9812194 9811060
9811106 9811097
9812194 9811097
9812238 9811097
9812238 9811106
9811230 9811139
9812025 9811139
9811257 9811152
9812067 9811152
9812194 9811152
9811208 9811156
9812007 9811156
9812109 9811156
9811257 9811172
9812025 9811230
9812194 9811257
9812226 9812025
9812194 9812067
4:
9806018 9610043
9806066 9610043
9806108 9610043
9806109 9610043
9806136 9610043
9807071 9610043
9808188 9610043
9810021 9610043
9806018 9706072
9806066 9706072
9806108 9706072
9806136 9706072
9807071 9706072
9808188 9706072
9810021 9706072
9805007 9710174
9806018 9710174
9806066 9710174
9806108 9710174
9806109 9710174
9806136 9710174
9806166 9710174
9807071 9710174
9808188 9710174
9810021 9710174
9806018 9805007
9806066 9805007
9806109 9805007
9806166 9805007
9807071 9805007
9808188 9805007
9806066 9806018
9806108 9806018
9806109 9806018
9806136 9806018
9806166 9806018
9807071 9806018
9808188 9806018
9810021 9806018
9806108 9806066
9806109 9806066
9806136 9806066
9806166 9806066
9807071 9806066
9808188 9806066
9810021 9806066
9806136 9806108
9806166 9806108
9807071 9806108
9808188 9806108
9810021 9806108
9806136 9806109
9806166 9806109
9807071 9806109
9808188 9806109
9810021 9806109
9807071 9806136
9808188 9806136
9810021 9806136
9807071 9806166
9808188 9806166
9810021 9806166
9808188 9807071
9810021 9807071
9810021 9808188
5:
9802109 9711200
9804170 9711200
9805112 9711200
9806103 9711200
9806197 9711200
9807033 9711200
9807156 9711200
9807241 9711200
9809055 9711200
9810195 9711200
9802150 9802109
9808017 9802109
9804058 9802109
9804170 9802109
9805112 9802109
9806103 9802109
9806197 9802109
9807033 9802109
9807156 9802109
9807241 9802109
9809055 9802109
9810195 9802109
9808017 9802150
9804058 9802150
9804170 9802150
9805112 9802150
9806103 9802150
9806197 9802150
9807033 9802150
9807156 9802150
9807241 9802150
9809055 9802150
9810195 9802150
9808017 9804058
9808017 9804170
9808017 9806103
9808017 9806197
9808017 9807033
9809055 9808017
9810195 9808017
9804170 9804058
9806103 9804058
9807033 9804058
9810195 9804058
9805112 9804170
9806103 9804170
9807033 9804170
9807156 9804170
9807241 9804170
9809055 9804170
9810195 9804170
9806103 9805112
9806197 9805112
9807033 9805112
9807156 9805112
9807241 9805112
9809055 9805112
9810195 9805112
9806197 9806103
9807033 9806103
9807156 9806103
9807241 9806103
9809055 9806103
9810195 9806103
9807033 9806197
9807156 9806197
9809055 9806197
9810195 9806197
9807156 9807033
9807241 9807033
9809055 9807033
9810195 9807033
9810195 9807156
9810195 9807241
9810195 9809055
6:
9805019 9604091
9805170 9604091
9807138 9604091
9808141 9604091
9810188 9604091
9812003 9604091
9812031 9604091
9812135 9604091
9805019 9604156
9805170 9604156
9807138 9604156
9808141 9604156
9810188 9604156
9812003 9604156
9812031 9604156
9812135 9604156
9805019 9511194
9805170 9511194
9807138 9511194
9808141 9511194
9810188 9511194
9812003 9511194
9812031 9511194
9812135 9511194
9805170 9805019
9807138 9805019
9808141 9805019
9810188 9805019
9812003 9805019
9812031 9805019
9812135 9805019
9807138 9805170
9808141 9805170
9810188 9805170
9812003 9805170
9812031 9805170
9812135 9805170
9808141 9807138
9810188 9807138
9812003 9807138
9812031 9807138
9812135 9807138
9810188 9808141
9812003 9808141
9812031 9808141
9812135 9808141
9812003 9810188
9812031 9810188
9812135 9810188
9812031 9812003
9812135 9812031
7:
9802109 9711200
9805028 9711200
9805217 9711200
9806095 9711200
9807115 9711200
9809213 9711200
9808020 9711200
9808038 9711200
9808052 9711200
9808088 9711200
9809045 9711200
9809145 9711200
9809164 9711200
9810024 9711200
9810136 9711200
9812062 9711200
9812087 9711200
9802150 9802109
9805028 9802109
9805217 9802109
9806095 9802109
9809213 9802109
9808020 9802109
9808038 9802109
9808052 9802109
9809045 9802109
9809145 9802109
9809164 9802109
9810136 9802109
9805028 9802150
9805217 9802150
9806095 9802150
9809213 9802150
9808020 9802150
9808038 9802150
9808052 9802150
9809045 9802150
9809145 9802150
9810136 9802150
9805217 9805028
9806095 9805028
9809213 9805028
9807206 9805028
9808020 9805028
9808038 9805028
9808052 9805028
9808088 9805028
9808146 9805028
9809045 9805028
9809076 9805028
9809145 9805028
9809164 9805028
9810024 9805028
9810136 9805028
9812062 9805028
9812087 9805028
9806095 9805217
9809213 9805217
9807206 9805217
9808020 9805217
9808038 9805217
9808052 9805217
9808088 9805217
9808146 9805217
9809045 9805217
9809076 9805217
9809145 9805217
9809164 9805217
9810024 9805217
9810136 9805217
9812062 9805217
9812087 9805217
9809213 9806095
9807206 9806095
9808038 9806095
9808052 9806095
9808088 9806095
9809045 9806095
9809076 9806095
9809164 9806095
9810024 9806095
9810136 9806095
9807115 9809213
9807206 9807115
9808020 9807115
9808038 9807115
9808088 9807115
9808146 9807115
9809045 9807115
9809076 9807115
9809145 9807115
9810024 9807115
9810136 9807115
9809213 9807206
9809213 9808020
9809213 9808038
9809213 9808052
9809213 9808088
9809213 9808146
9809213 9809045
9809213 9809076
9809213 9809145
9809213 9809164
9810024 9809213
9810136 9809213
9812062 9809213
9808020 9807206
9808038 9807206
9808052 9807206
9808088 9807206
9808146 9807206
9809045 9807206
9809145 9807206
9809164 9807206
9810024 9807206
9812062 9807206
9808038 9808020
9808088 9808020
9808146 9808020
9809045 9808020
9809076 9808020
9809145 9808020
9810024 9808020
9810136 9808020
9812062 9808020
9812087 9808020
9808088 9808038
9808146 9808038
9809045 9808038
9809076 9808038
9809145 9808038
9809164 9808038
9810024 9808038
9810136 9808038
9812062 9808038
9812087 9808038
9809045 9808052
9810024 9808052
9810136 9808052
9812062 9808052
9808146 9808088
9809045 9808088
9809076 9808088
9809145 9808088
9809164 9808088
9810024 9808088
9810136 9808088
9812062 9808088
9812087 9808088
9809076 9808146
9809145 9808146
9810024 9808146
9812062 9808146
9810024 9809045
9810136 9809045
9812062 9809045
9812087 9809045
9810024 9809076
9810136 9809076
9812062 9809076
9809164 9809145
9812062 9809145
9812062 9809164
9810136 9810024
9812062 9810024
9812062 9810136
8:
9801147 9510135
9801170 9510135
9810099 9510135
9803031 9510135
9803044 9510135
9803067 9510135
9803166 9510135
9806099 9510135
9810072 9510135
9810116 9510135
9810179 9510135
9801170 9610043
9807198 9610043
9810099 9610043
9803031 9610043
9803044 9610043
9803067 9610043
9806099 9610043
9805034 9610043
9809039 9610043
9810072 9610043
9810116 9610043
9810219 9610043
9811213 9610043
9801147 9611042
9801170 9611042
9802052 9611042
9807198 9611042
9810099 9611042
9803031 9611042
9803044 9611042
9803067 9611042
9803166 9611042
9809039 9611042
9810116 9611042
9810219 9611042
9811213 9611042
9812143 9611042
9812219 9611042
9801147 9711162
9801170 9711162
9802052 9711162
9807198 9711162
9810099 9711162
9803031 9711162
9803044 9711162
9803067 9711162
9803166 9711162
9806099 9711162
9805034 9711162
9809039 9711162
9810072 9711162
9810116 9711162
9810179 9711162
9810219 9711162
9811213 9711162
9812143 9711162
9812172 9711162
9812219 9711162
9802052 9711165
9807198 9711165
9810099 9711165
9803031 9711165
9803044 9711165
9803067 9711165
9803166 9711165
9806099 9711165
9805034 9711165
9809039 9711165
9810072 9711165
9810116 9711165
9810179 9711165
9810219 9711165
9811213 9711165
9801147 9712201
9801170 9801147
9802052 9801147
9807198 9801147
9810099 9801147
9803031 9801147
9803044 9801147
9803067 9801147
9803166 9801147
9806099 9801147
9805034 9801147
9809039 9801147
9810072 9801147
9810116 9801147
9810179 9801147
9810219 9801147
9811213 9801147
9812143 9801147
9812172 9801147
9812219 9801147
9801170 9712201
9802052 9712201
9807198 9712201
9810099 9712201
9803031 9712201
9803044 9712201
9803166 9712201
9806099 9712201
9805034 9712201
9810116 9712201
9810219 9712201
9811213 9712201
9812143 9712201
9802052 9801170
9807198 9801170
9810099 9801170
9803031 9801170
9803044 9801170
9803067 9801170
9806099 9801170
9805034 9801170
9810116 9801170
9810219 9801170
9811213 9801170
9812143 9801170
9803031 9802052
9803044 9802052
9803067 9802052
9803166 9802052
9806099 9802052
9805034 9802052
9809039 9802052
9810072 9802052
9810116 9802052
9810179 9802052
9810219 9802052
9812219 9802052
9810099 9807198
9807198 9803031
9807198 9803044
9807198 9803166
9807198 9806099
9807198 9805034
9809039 9807198
9810116 9807198
9810179 9807198
9810219 9807198
9811213 9807198
9812143 9807198
9810099 9803031
9810099 9803044
9810099 9803067
9810099 9803166
9810099 9806099
9810099 9805034
9810099 9810072
9810179 9810099
9810219 9810099
9811213 9810099
9812143 9810099
9803044 9803031
9803067 9803031
9803166 9803031
9806099 9803031
9805034 9803031
9809039 9803031
9810072 9803031
9810116 9803031
9810179 9803031
9810219 9803031
9811213 9803031
9812143 9803031
9812172 9803031
9812219 9803031
9803067 9803044
9806099 9803044
9805034 9803044
9809039 9803044
9810072 9803044
9810116 9803044
9810179 9803044
9810219 9803044
9811213 9803044
9812143 9803044
9812172 9803044
9812219 9803044
9803166 9803067
9806099 9803067
9810072 9803067
9810116 9803067
9810179 9803067
9810219 9803067
9811213 9803067
9812143 9803067
9812172 9803067
9812219 9803067
9806099 9803166
9810072 9803166
9810116 9803166
9810179 9803166
9810219 9803166
9811213 9803166
9812143 9803166
9812172 9803166
9812219 9803166
9806099 9805034
9811213 9806099
9809039 9805034
9810116 9805034
9810179 9805034
9810219 9805034
9811213 9805034
9810116 9809039
9810219 9809039
9810116 9810072
9810179 9810072
9810219 9810072
9811213 9810072
9812143 9810072
9812172 9810072
9810179 9810116
9810219 9810116
9812143 9810116
9812172 9810116
9812219 9810116
9811213 9810219
9:
9802109 9711200
9804085 9711200
9805165 9711200
9806104 9711200
9806194 9711200
9811002 9711200
9812100 9711200
9802150 9802109
9804085 9802109
9805165 9802109
9806104 9802109
9806194 9802109
9811002 9802109
9812100 9802109
9804085 9802150
9805165 9802150
9806104 9802150
9806194 9802150
9811002 9802150
9812100 9802150
9805165 9804085
9806104 9804085
9806194 9804085
9811002 9804085
9812100 9804085
9806104 9805165
9806194 9805165
9811002 9805165
9812100 9805165
9806194 9806104
9811002 9806104
9812100 9806104
9811002 9806194
9812100 9806194
9812100 9811002
10:
9802109 9702076
9802109 9703040
9802109 9708005
9802150 9802109
9802203 9802109
9803023 9802109
9803082 9802109
9804019 9802109
9804058 9802109
9804149 9802109
9805014 9802109
9805064 9802109
9805082 9802109
9805140 9802109
9806021 9802109
9806132 9802109
9807185 9802109
9802150 9702076
9803023 9702076
9803082 9702076
9804019 9702076
9804058 9702076
9804149 9702076
9805014 9702076
9805064 9702076
9805082 9702076
9805140 9702076
9806021 9702076
9806132 9702076
9807185 9702076
9802150 9703040
9803023 9703040
9803082 9703040
9804058 9703040
9804149 9703040
9805014 9703040
9805064 9703040
9805082 9703040
9806021 9703040
9806132 9703040
9802150 9708005
9803023 9708005
9803082 9708005
9804019 9708005
9804058 9708005
9804149 9708005
9805014 9708005
9805064 9708005
9805082 9708005
9805140 9708005
9806132 9708005
9807185 9708005
9802203 9802150
9803023 9802150
9803082 9802150
9804019 9802150
9804058 9802150
9804149 9802150
9805014 9802150
9805064 9802150
9805082 9802150
9805140 9802150
9806021 9802150
9806132 9802150
9807185 9802150
9803023 9802203
9803082 9802203
9804149 9802203
9805064 9802203
9805082 9802203
9806021 9802203
9803082 9803023
9804019 9803023
9804058 9803023
9804149 9803023
9805014 9803023
9805064 9803023
9805082 9803023
9805140 9803023
9806021 9803023
9806132 9803023
9807185 9803023
9804019 9803082
9804149 9803082
9805064 9803082
9805082 9803082
9806132 9803082
9804058 9804019
9804149 9804019
9805064 9804019
9805140 9804019
9806132 9804019
9807185 9804019
9804149 9804058
9805014 9804058
9805064 9804058
9805140 9804058
9806132 9804058
9805064 9804149
9805082 9804149
9806021 9804149
9805064 9805014
9806132 9805014
9805082 9805064
9806021 9805064
9806132 9805064
9806021 9805082
9806132 9805140
9807185 9805140
9807185 9806132
11:
9801134 9611230
9803086 9611230
9803186 9611230
9803232 9611230
9805139 9611230
9806092 9611230
9807082 9611230
9810254 9611230
9803033 9801134
9803086 9801134
9803186 9801134
9803232 9801134
9805139 9801134
9806092 9801134
9807082 9801134
9810254 9801134
9803086 9803033
9803186 9803033
9803232 9803033
9805139 9803033
9806092 9803033
9807082 9803033
9810254 9803033
9803186 9803086
9803232 9803086
9805139 9803086
9806092 9803086
9807082 9803086
9810254 9803086
9803232 9803186
9805139 9803186
9806092 9803186
9807082 9803186
9810254 9803186
9805139 9803232
9807082 9803232
9810254 9803232
9806092 9805139
9807082 9805139
9810254 9805139
9807082 9806092
9810254 9806092
9810254 9807082
12:
9804026 9510017
9804092 9510017
9804110 9510017
9805157 9510017
9806008 9510017
9806044 9510017
9806143 9510017
9807240 9510017
9809147 9510017
9811193 9510017
9812163 9510017
9803141 9601038
9803214 9601038
9804026 9601038
9804092 9601038
9804110 9601038
9804184 9601038
9805157 9601038
9806008 9601038
9806044 9601038
9806091 9601038
9806131 9601038
9806143 9601038
9808048 9601038
9803141 9602022
9803214 9602022
9804092 9602022
9804110 9602022
9804184 9602022
9806008 9602022
9806091 9602022
9808048 9602022
9803141 9510169
9803214 9510169
9804092 9510169
9804110 9510169
9804184 9510169
9805157 9510169
9806008 9510169
9806044 9510169
9806091 9510169
9806143 9510169
9803141 9604129
9803214 9604129
9804026 9604129
9804092 9604129
9804110 9604129
9804184 9604129
9805157 9604129
9806008 9604129
9806044 9604129
9806091 9604129
9806131 9604129
9806143 9604129
9808048 9604129
9803141 9604178
9803214 9604178
9804026 9604178
9804092 9604178
9804110 9604178
9804184 9604178
9805157 9604178
9806008 9604178
9806044 9604178
9806091 9604178
9806131 9604178
9806143 9604178
9808048 9604178
9803141 9605049
9803214 9605049
9804026 9605049
9804092 9605049
9804110 9605049
9804184 9605049
9805157 9605049
9806008 9605049
9806044 9605049
9806091 9605049
9806131 9605049
9806143 9605049
9807240 9605049
9808019 9605049
9808048 9605049
9808139 9605049
9809147 9605049
9811193 9605049
9812163 9605049
9803141 9606169
9803214 9606169
9804026 9606169
9804092 9606169
9804110 9606169
9804184 9606169
9805157 9606169
9806008 9606169
9806044 9606169
9806091 9606169
9806131 9606169
9806143 9606169
9807240 9606169
9808019 9606169
9808048 9606169
9808139 9606169
9809147 9606169
9811193 9606169
9812163 9606169
9803141 9705163
9803214 9705163
9804026 9705163
9804092 9705163
9804110 9705163
9804184 9705163
9805157 9705163
9806008 9705163
9806044 9705163
9806091 9705163
9806131 9705163
9806143 9705163
9807240 9705163
9808019 9705163
9808048 9705163
9808139 9705163
9809147 9705163
9811193 9705163
9812163 9705163
9803141 9706051
9803214 9706051
9804026 9706051
9804092 9706051
9804110 9706051
9804184 9706051
9805157 9706051
9806008 9706051
9806044 9706051
9806091 9706051
9806131 9706051
9806143 9706051
9807240 9706051
9808019 9706051
9808048 9706051
9808139 9706051
9809147 9706051
9811193 9706051
9812163 9706051
9803141 9708040
9803214 9708040
9804026 9708040
9804092 9708040
9804110 9708040
9804184 9708040
9805157 9708040
9806008 9708040
9806044 9708040
9806091 9708040
9806131 9708040
9806143 9708040
9807240 9708040
9808019 9708040
9808048 9708040
9808139 9708040
9809147 9708040
9811193 9708040
9812163 9708040
9803141 9704059
9803214 9704059
9804026 9704059
9804092 9704059
9804110 9704059
9804184 9704059
9805157 9704059
9806008 9704059
9806044 9704059
9806091 9704059
9806131 9704059
9806143 9704059
9807240 9704059
9808019 9704059
9808048 9704059
9808139 9704059
9809147 9704059
9811193 9704059
9812163 9704059
9803214 9803141
9804092 9803141
9804110 9803141
9804184 9803141
9805157 9803141
9806008 9803141
9806044 9803141
9806091 9803141
9806131 9803141
9806143 9803141
9808019 9803141
9808048 9803141
9804092 9803214
9804184 9803214
9806008 9803214
9806044 9803214
9806091 9803214
9806143 9803214
9808019 9803214
9808048 9803214
9804092 9804026
9804110 9804026
9804184 9804026
9805157 9804026
9806008 9804026
9806044 9804026
9806091 9804026
9806131 9804026
9806143 9804026
9807240 9804026
9808019 9804026
9808048 9804026
9808139 9804026
9809147 9804026
9811193 9804026
9812163 9804026
9804110 9804092
9804184 9804092
9805157 9804092
9806008 9804092
9806044 9804092
9806091 9804092
9806131 9804092
9806143 9804092
9807240 9804092
9808019 9804092
9808048 9804092
9808139 9804092
9809147 9804092
9811193 9804092
9812163 9804092
9804184 9804110
9805157 9804110
9806008 9804110
9806044 9804110
9806091 9804110
9806131 9804110
9806143 9804110
9807240 9804110
9808019 9804110
9808048 9804110
9808139 9804110
9809147 9804110
9811193 9804110
9812163 9804110
9806008 9804184
9806044 9804184
9806091 9804184
9806143 9804184
9807240 9804184
9808019 9804184
9808048 9804184
9806008 9805157
9806044 9805157
9806143 9805157
9807240 9805157
9808019 9805157
9808048 9805157
9809147 9805157
9811193 9805157
9812163 9805157
9806044 9806008
9806091 9806008
9806131 9806008
9806143 9806008
9807240 9806008
9808019 9806008
9808048 9806008
9809147 9806008
9811193 9806008
9812163 9806008
9806091 9806044
9806131 9806044
9806143 9806044
9807240 9806044
9808019 9806044
9808048 9806044
9808139 9806044
9809147 9806044
9811193 9806044
9812163 9806044
9806143 9806091
9808019 9806091
9808048 9806091
9809147 9806091
9807240 9806131
9808019 9806131
9808048 9806131
9808139 9806131
9809147 9806131
9811193 9806131
9812163 9806131
9807240 9806143
9808019 9806143
9808048 9806143
9809147 9806143
9811193 9806143
9812163 9806143
9809147 9807240
9808048 9808019
9809147 9808048
9809147 9808139
9811193 9808139
9812163 9808139
9811193 9809147
9812163 9809147
9812163 9811193
13:
9801002 9702014
9801017 9801002
9801020 9801002
9801134 9801002
9802067 9801002
9803033 9801002
9803186 9801002
9806092 9801002
9801017 9702014
9801020 9702014
9801134 9702014
9802067 9702014
9803033 9702014
9803186 9702014
9806092 9702014
9801134 9801017
9802067 9801017
9803033 9801017
9803186 9801017
9806092 9801017
9801134 9801020
9802067 9801020
9803033 9801020
9803186 9801020
9806092 9801020
9802067 9801134
9803033 9801134
9803186 9801134
9806092 9801134
9803033 9802067
9803186 9802067
9806092 9802067
9803186 9803033
9806092 9803033
9806092 9803186
14:
9802150 9802109
9804085 9802109
9805171 9802109
9806195 9802109
9808002 9802109
9808037 9802109
9809059 9802109
9809172 9802109
9804085 9802150
9805171 9802150
9806195 9802150
9808002 9802150
9808037 9802150
9809059 9802150
9809172 9802150
9805171 9804085
9806195 9804085
9808002 9804085
9808037 9804085
9809059 9804085
9809172 9804085
9806195 9805171
9808002 9805171
9808037 9805171
9809059 9805171
9809172 9805171
9808002 9806195
9809059 9806195
9809172 9806195
9808037 9808002
9809059 9808002
9809172 9808002
9809059 9808037
9809172 9808037
9809172 9809059
15:
9802109 9711138
9802150 9711138
9804085 9711138
9805014 9711138
9806104 9711138
9809193 9711138
9810135 9711138
9811057 9711138
9812016 9711138
9802109 9711200
9804085 9711200
9805014 9711200
9806104 9711200
9808002 9711200
9809193 9711200
9812016 9711200
9802150 9802109
9804085 9802109
9805014 9802109
9806104 9802109
9808002 9802109
9809193 9802109
9810135 9802109
9811057 9802109
9812016 9802109
9804085 9802150
9805014 9802150
9806104 9802150
9808002 9802150
9809193 9802150
9810135 9802150
9811057 9802150
9812016 9802150
9805014 9804085
9806104 9804085
9808002 9804085
9809193 9804085
9810135 9804085
9811057 9804085
9812016 9804085
9806104 9805014
9808002 9805014
9809193 9805014
9810135 9805014
9811057 9805014
9812016 9805014
9808002 9806104
9809193 9806104
9812016 9806104
9809193 9808002
9812016 9808002
9810135 9809193
9811057 9809193
9812016 9809193
9811057 9810135
9812016 9810135
16:
9801205 9709013
9803142 9709013
9804210 9709013
9805076 9709013
9805220 9709013
9807117 9709013
9809026 9709013
9812028 9709013
9803142 9801205
9804210 9801205
9805076 9801205
9805220 9801205
9807117 9801205
9809026 9801205
9812028 9801205
9804210 9803142
9805076 9803142
9805220 9803142
9807117 9803142
9809026 9803142
9812028 9803142
9805076 9804210
9805220 9804210
9807117 9804210
9809026 9804210
9812028 9804210
9805220 9805076
9807117 9805076
9809026 9805076
9812028 9805076
9807117 9805220
9809026 9805220
9812028 9805220
9809026 9807117
9812028 9807117
9812028 9809026
17:
9801205 9712211
9802033 9712211
9803142 9712211
9804160 9712211
9804210 9712211
9805076 9712211
9805220 9712211
9807117 9712211
9802033 9801205
9803142 9801205
9804210 9801205
9805076 9801205
9805220 9801205
9807117 9801205
9803142 9802033
9804160 9802033
9804210 9802033
9805076 9802033
9805220 9802033
9807117 9802033
9804160 9803142
9804210 9803142
9805076 9803142
9805220 9803142
9807117 9803142
9804210 9804160
9805076 9804160
9805220 9804160
9807117 9804160
9805076 9804210
9805220 9804210
9807117 9804210
9805220 9805076
9807117 9805076
9807117 9805220
18:
9802109 9711138
9802150 9711138
9803231 9711138
9804085 9711138
9804159 9711138
9805165 9711138
9806104 9711138
9807185 9711138
9802109 9711200
9804085 9711200
9804159 9711200
9804166 9711200
9805097 9711200
9805165 9711200
9806104 9711200
9806194 9711200
9806195 9711200
9807185 9711200
9809027 9711200
9810083 9711200
9802150 9802109
9803231 9802109
9804085 9802109
9804159 9802109
9804166 9802109
9805097 9802109
9805165 9802109
9806104 9802109
9806194 9802109
9806195 9802109
9807185 9802109
9809027 9802109
9810083 9802109
9803231 9802150
9804085 9802150
9804159 9802150
9804166 9802150
9805097 9802150
9805165 9802150
9806104 9802150
9806194 9802150
9806195 9802150
9807185 9802150
9809027 9802150
9804085 9803231
9804159 9803231
9805165 9803231
9806104 9803231
9804159 9804085
9804166 9804085
9805097 9804085
9805165 9804085
9806104 9804085
9806194 9804085
9806195 9804085
9807185 9804085
9809027 9804085
9810083 9804085
9804166 9804159
9805097 9804159
9805165 9804159
9806104 9804159
9806194 9804159
9806195 9804159
9807185 9804159
9810083 9804159
9805097 9804166
9806104 9804166
9806194 9804166
9806195 9804166
9807185 9804166
9809027 9804166
9806104 9805097
9806195 9805097
9809027 9805097
9810083 9805097
9806104 9805165
9806194 9805165
9807185 9805165
9806194 9806104
9806195 9806104
9807185 9806104
9809027 9806104
9810083 9806104
9807185 9806194
9807185 9806195
9809027 9806195
9810083 9806195
19:
9806026 9712251
9804085 9712251
9804159 9712251
9805097 9712251
9806104 9712251
9806195 9712251
9810083 9712251
9806026 9804085
9806026 9804159
9806026 9805097
9806104 9806026
9806195 9806026
9810083 9806026
9804159 9804085
9805097 9804085
9806104 9804085
9806195 9804085
9810083 9804085
9805097 9804159
9806104 9804159
9806195 9804159
9810083 9804159
9806104 9805097
9806195 9805097
9810083 9805097
9806195 9806104
9810083 9806104
9810083 9806195
20:
9801002 9703166
9801002 9703210
9801002 9706082
9801002 9708118
9801017 9801002
9801020 9801002
9801060 9801002
9801207 9801002
9802067 9801002
9803197 9801002
9805029 9801002
9805158 9801002
9801020 9703166
9801060 9703166
9801207 9703166
9802067 9703166
9803197 9703166
9805029 9703166
9805158 9703166
9801017 9703210
9801020 9703210
9801060 9703210
9801207 9703210
9802067 9703210
9803197 9703210
9805029 9703210
9805158 9703210
9801020 9706082
9801060 9706082
9801207 9706082
9802067 9706082
9803197 9706082
9805029 9706082
9805158 9706082
9801017 9708118
9801020 9708118
9801060 9708118
9801207 9708118
9802067 9708118
9803197 9708118
9805029 9708118
9805158 9708118
9801060 9801017
9801207 9801017
9802067 9801017
9803197 9801017
9805029 9801017
9805158 9801017
9801060 9801020
9801207 9801020
9802067 9801020
9803197 9801020
9805029 9801020
9805158 9801020
9801207 9801060
9802067 9801060
9803197 9801060
9805029 9801060
9805158 9801060
9803197 9801207
9805029 9801207
9805158 9801207
9803197 9802067
9805029 9802067
9805158 9802067
9805029 9803197
9805158 9803197
9805158 9805029
21:
9802109 9711138
9802150 9711138
9804085 9711138
9804159 9711138
9805182 9711138
9806113 9711138
9807185 9711138
9802150 9802109
9804085 9802109
9804159 9802109
9805182 9802109
9806113 9802109
9807185 9802109
9804085 9802150
9804159 9802150
9805182 9802150
9806113 9802150
9807185 9802150
9804159 9804085
9805182 9804085
9806113 9804085
9807185 9804085
9805182 9804159
9806113 9804159
9807185 9804159
9806113 9805182
9807185 9805182
9807185 9806113
22:
9802109 9711138
9802150 9711138
9802203 9711138
9803131 9711138
9804058 9711138
9805182 9711138
9806113 9711138
9802150 9802109
9802203 9802109
9803131 9802109
9804058 9802109
9805182 9802109
9806113 9802109
9802203 9802150
9803131 9802150
9804058 9802150
9805182 9802150
9806113 9802150
9803131 9802203
9804058 9802203
9805182 9802203
9806113 9802203
9804058 9803131
9805182 9803131
9806113 9803131
9805182 9804058
9806113 9804058
9806113 9805182
23:
9802150 9802109
9808017 9802109
9804085 9802109
9805171 9802109
9808037 9802109
9809193 9802109
9812007 9802109
9808017 9802150
9804085 9802150
9805171 9802150
9808037 9802150
9809193 9802150
9812007 9802150
9808017 9804085
9808017 9805171
9808037 9808017
9809193 9808017
9812007 9808017
9805171 9804085
9808037 9804085
9809193 9804085
9812007 9804085
9808037 9805171
9809193 9805171
9812007 9805171
9809193 9808037
9812007 9808037
9812007 9809193
24:
9802150 9802109
9808017 9802109
9804058 9802109
9804170 9802109
9805171 9802109
9808037 9802109
9809193 9802109
9808017 9802150
9804058 9802150
9804170 9802150
9805171 9802150
9808037 9802150
9809193 9802150
9808017 9804058
9808017 9804170
9808017 9805171
9808037 9808017
9809193 9808017
9804170 9804058
9805171 9804058
9808037 9804058
9809193 9804058
9805171 9804170
9808037 9804170
9809193 9804170
9808037 9805171
9809193 9805171
9809193 9808037
25:
9802109 9711138
9802150 9711138
9802198 9711138
9804062 9711138
9805165 9711138
9806104 9711138
9807185 9711138
9802150 9802109
9802198 9802109
9804062 9802109
9805165 9802109
9806104 9802109
9807185 9802109
9802198 9802150
9804062 9802150
9805165 9802150
9806104 9802150
9807185 9802150
9804062 9802198
9805165 9802198
9806104 9802198
9807185 9802198
9805165 9804062
9806104 9804062
9807185 9804062
9806104 9805165
9807185 9805165
9807185 9806104
