# The directed communities at k=8
# from /Users/bogna/dev/role-mining/datasets/hepth/timeslots/cit-HepTh-1998.edges
# at no lower link weight threshold,
# and at no upper link weight threshold.
# Links were treated as directed.
# No time limit was set for the clique search.

0: 9802030 9803084 9803121 9803156 9803178 9803210 9804106 9805012 
1: 9711162 9807198 9810099 9803166 9810185 9810219 9811159 9811213 
2: 9504150 9803027 9803170 9806133 9808120 9809165 9811083 9811254 
3: 9711138 9711200 9602135 9711161 9712073 9712239 9801076 9307049 9603167 9710014 9705117 9801206 9802042 9711002 9802047 9802109 9702076 9703040 9708005 9802116 9802126 9802150 9802183 9802195 9802198 9802203 9803001 9803131 9803135 9803263 9805129 9803002 9803013 9803015 9803023 9803028 9803039 9803051 9803053 9803060 9803061 9803068 9803076 9803077 9803082 9803085 9803090 9803109 9803111 9803119 9803137 9803138 9803167 9803171 9803174 9803193 9803214 9803220 9803231 9803249 9803251 9803252 9804006 9804031 9804035 9804058 9804060 9804083 9804093 9804099 9804141 9804170 9804175 9804182 9804184 9805082 9805096 9805105 9805112 9805131 9805139 9805145 9805162 9806004 9806008 9806012 9806021 9806041 9806042 9806074 9806075 9806091 9806125 9806128 9806158 9806159 9806162 9806171 9806180 9806216 9806235 9807033 9807046 9807080 9807090 9807093 9807097 9807098 9807150 9807164 9807173 9807196 9807200 9811010 9808006 9808014 9808019 9808037 9808048 9808075 9808100 9808117 9808139 9808143 9808157 9808182 9808184 9809009 9809033 9809067 9809106 9809132 9809133 9809179 9809193 9810051 9810063 9810151 9810186 9810201 9810206 9810243 9810244 9811004 9811028 9811035 9811042 9811047 9811057 9811060 9811097 9811106 9811139 9811152 9811156 9811172 9811208 9811230 9811257 9812007 9812025 9812067 9812109 9812194 9812226 9812238 
4: 9610043 9706072 9710174 9805007 9806018 9806066 9806108 9806109 9806136 9806166 9807071 9808188 9810021 
5: 9711200 9802109 9802150 9808017 9804058 9804170 9805112 9806103 9806197 9807033 9807156 9807241 9809055 9810195 
6: 9604091 9604156 9511194 9805019 9805170 9807138 9808141 9810188 9812003 9812031 9812135 
7: 9711200 9802109 9802150 9805028 9805217 9806095 9807115 9809213 9807206 9808020 9808038 9808052 9808088 9808146 9809045 9809076 9809145 9809164 9810024 9810136 9812062 9812087 
8: 9510135 9610043 9611042 9711162 9711165 9801147 9712201 9801170 9802052 9807198 9810099 9803031 9803044 9803067 9803166 9806099 9805034 9809039 9810072 9810116 9810179 9810219 9811213 9812143 9812172 9812219 
9: 9711200 9802109 9802150 9804085 9805165 9806104 9806194 9811002 9812100 
10: 9802109 9702076 9703040 9708005 9802150 9802203 9803023 9803082 9804019 9804058 9804149 9805014 9805064 9805082 9805140 9806021 9806132 9807185 
11: 9611230 9801134 9803033 9803086 9803186 9803232 9805139 9806092 9807082 9810254 
12: 9510017 9601038 9602022 9510169 9604129 9604178 9605049 9606169 9705163 9706051 9708040 9704059 9803141 9803214 9804026 9804092 9804110 9804184 9805157 9806008 9806044 9806091 9806131 9806143 9807240 9808019 9808048 9808139 9809147 9811193 9812163 
13: 9801002 9702014 9801017 9801020 9801134 9802067 9803033 9803186 9806092 
14: 9802109 9802150 9804085 9805171 9806195 9808002 9808037 9809059 9809172 
15: 9711138 9711200 9802109 9802150 9804085 9805014 9806104 9808002 9809193 9810135 9811057 9812016 
16: 9709013 9801205 9803142 9804210 9805076 9805220 9807117 9809026 9812028 
17: 9712211 9801205 9802033 9803142 9804160 9804210 9805076 9805220 9807117 
18: 9711138 9711200 9802109 9802150 9803231 9804085 9804159 9804166 9805097 9805165 9806104 9806194 9806195 9807185 9809027 9810083 
19: 9712251 9806026 9804085 9804159 9805097 9806104 9806195 9810083 
20: 9801002 9703166 9703210 9706082 9708118 9801017 9801020 9801060 9801207 9802067 9803197 9805029 9805158 
21: 9711138 9802109 9802150 9804085 9804159 9805182 9806113 9807185 
22: 9711138 9802109 9802150 9802203 9803131 9804058 9805182 9806113 
23: 9802109 9802150 9808017 9804085 9805171 9808037 9809193 9812007 
24: 9802109 9802150 9808017 9804058 9804170 9805171 9808037 9809193 
25: 9711138 9802109 9802150 9802198 9804062 9805165 9806104 9807185 
