# The contained directed cliques in the directed communities at k=8
# from /Users/bogna/dev/role-mining/datasets/hepth/timeslots/cit-HepTh-1998.edges
# at no lower link weight threshold,
# and at no upper link weight threshold.
# Links were treated as directed.
# No time limit was set for the clique search.

0: 2603 
1: 4269 
2: 4696 
3: 4800 4803 13747 7363 13744 7358 7359 7360 7361 7362 8114 10363 13347 13735 13741 13743 13745 10351 10353 10354 13329 10350 10352 10360 10361 12431 12617 13327 13328 13344 13733 13734 13752 13753 13754 13762 10358 13325 13732 13749 8666 8680 10359 10362 12625 13341 13343 13739 13740 13758 13761 16440 8662 8668 8670 8672 8682 8685 11594 12627 8663 8664 8674 12616 8665 8675 11638 12618 8678 11579 11593 8677 8687 11582 11602 8660 11584 11597 11605 11580 11645 11581 11591 11592 11595 11598 11599 11639 12435 12436 12437 12439 12440 12441 12443 12444 12621 12629 12434 12442 12445 12614 12615 12622 12628 12432 12433 12630 13763 13764 14579 14580 14587 12438 12446 13755 11636 13330 13736 13750 13765 11637 10364 13336 13337 13345 13346 13348 13356 13738 13742 13748 16435 16446 16447 16433 18084 12448 18086 22142 22143 22720 22942 22943 12450 12454 12449 12456 18087 18088 23994 24190 16398 16766 18247 18392 18394 19284 19446 19449 19858 19868 20085 20086 20205 20253 20281 20283 20284 20286 20881 20934 20972 20983 20997 21009 21010 21011 21012 21045 21146 21172 21205 21215 21222 21230 21237 21238 21239 21258 21286 21287 21288 21505 21846 21948 22211 22224 22237 22250 22251 22252 22253 22405 22567 22771 22780 22790 22799 22800 22801 22890 22920 22931 22944 22945 22969 22985 22986 22987 22988 22997 23000 23001 23012 23013 23014 23015 23026 23027 23028 23029 23030 23031 23032 23033 23034 23035 23036 23075 23089 23094 23102 23114 23115 23129 23162 23182 23200 23221 23222 23223 23224 23235 23243 23249 23255 23256 23257 23259 23285 23505 23506 23507 23508 23514 23527 23695 23708 23712 23713 23714 23808 23846 23847 23848 23849 23850 23858 23869 23924 23927 23930 23931 23933 23934 23938 23939 23943 23944 23948 23949 23950 23952 23959 23960 23962 23964 23968 23973 23995 24009 24010 24051 24052 24053 24064 24072 24075 24078 24081 24084 24085 24189 24191 16370 16378 16382 16397 16402 16407 16408 16762 20678 22213 22214 22215 22772 22773 22774 23238 23718 23803 23805 23807 23866 24004 24076 16369 16372 22039 22040 22100 22656 22657 22691 22908 22909 23383 23384 16371 19156 19182 19216 20777 20778 20904 20905 21290 21291 21364 21697 21698 21742 16401 19158 19184 19218 20780 20907 20908 21292 21367 21699 21745 16381 16405 16406 20872 20873 20875 20876 20986 20987 21164 21224 21481 21483 21484 21829 21831 21832 21937 21938 21284 22038 18227 18239 18244 19078 19166 19167 19168 19169 19183 19189 19191 19192 19200 19201 19202 19203 19205 19207 19208 19212 19213 19214 19215 19235 19236 19237 19238 19248 19249 19250 19251 19269 19270 19271 19280 19281 19282 19283 19285 19288 19321 19322 19323 19324 19997 20001 20004 20075 20076 20080 20081 20166 20172 20198 20199 20200 20201 20202 20203 20204 20206 20207 20208 20214 20217 20245 20249 20279 20280 20282 20285 20287 20288 20589 20677 20807 20868 20869 20870 20871 20878 20879 20880 20882 20883 20884 20889 20892 20896 20918 20919 20927 20928 20936 20937 20960 20974 20975 20976 20978 20979 20984 20985 20988 20992 20993 20999 21000 21001 21004 21005 21013 21016 21017 21021 21022 21035 21036 21047 21048 21104 21105 21106 21108 21109 21110 21111 21115 21116 21133 21134 21148 21149 21158 21159 21160 21161 21162 21163 21165 21166 21167 21168 21169 21170 21171 21173 21174 21175 21176 21177 21178 21180 21183 21184 21185 21187 21188 21189 21191 21197 21202 21207 21217 21218 21220 21223 21225 21228 21232 21233 21235 21240 21242 21244 21253 21260 21285 21289 21471 21472 21473 21495 21496 21507 21508 21822 21823 21824 21839 21840 21847 21848 21879 21882 21884 21886 21887 21930 21931 21944 21949 22009 22037 23104 23105 23175 23179 23236 23237 23241 23244 23245 23247 23250 23251 23253 23266 23291 23295 23297 23298 23299 23300 23302 23696 23697 23715 23965 24005 24007 24011 9711 12478 12484 12485 12486 12488 12490 12491 12492 12493 12494 12496 12498 12499 12500 12502 12503 12504 12505 12513 12525 12526 12527 12533 12547 12553 12554 12555 12561 14060 17886 17892 17893 17896 17900 17906 17907 17908 17909 17941 17946 17950 17953 17954 17956 17957 17959 17961 17962 17964 17966 17967 17970 18151 18155 18156 18160 18164 18168 18169 18174 18176 18183 18185 18187 18188 18189 18190 18191 18193 18198 18199 18201 18202 18203 18204 18209 18210 18211 18212 18216 18217 18218 18220 18221 18222 18224 18225 18228 18229 18230 18231 18232 18233 18234 18235 18238 18240 18241 18242 18245 18248 18249 18250 18251 18254 18255 18256 18257 18258 18262 18263 18266 18267 18268 18269 18270 18271 18395 18424 18436 18440 18441 18449 18456 18458 18459 18460 18483 18513 18536 18783 19132 19142 19252 19253 19254 19255 19259 19272 19273 19277 19349 19359 19419 19450 19539 19540 19541 19542 19543 19544 19545 19546 19547 19548 19549 19550 19556 19574 19575 19576 19577 19578 19580 19585 19609 19646 19691 19873 19874 19974 19975 19977 19978 19986 19990 19992 19998 19999 20000 20002 20003 20005 20006 20007 20008 20009 20012 20015 20017 20019 20023 20037 20038 20039 20040 20041 20042 20045 20046 20047 20048 20049 20050 20052 20053 20054 20059 20062 20063 20069 20071 20073 20077 20078 20079 20082 20083 20087 20088 20089 20090 20092 20093 20094 20095 20096 20097 20099 20100 20101 20106 20107 20108 20113 20114 20115 20116 20119 20122 20123 20149 20154 20159 20167 20168 20169 20175 20178 20179 20183 20186 20187 20191 20192 20193 20209 20210 20211 20220 20233 20234 20235 20236 20237 20238 20239 20240 20241 20242 20243 20244 20246 20247 20248 20250 20251 20252 20254 20255 20256 20257 20258 20259 20260 20261 20262 20263 20264 20265 20266 20267 20268 20269 20270 20271 20272 20273 20274 20275 20276 20277 20278 20295 20296 20297 20298 20300 20314 20315 20316 20317 20323 20334 20357 20358 20359 20360 20361 20363 20364 20368 20369 20370 20375 20376 20377 20382 20389 20396 20400 20408 20461 20470 20475 20496 20497 20498 20499 20501 20513 20514 20515 20516 20521 20527 20556 20557 20558 20559 20561 20562 20565 20566 20567 20571 20572 20573 20576 20585 20590 20591 20617 20618 20619 20620 20621 20622 20623 20625 20626 20627 20630 20631 20632 20633 20634 20635 20636 20637 20638 20639 20640 20641 20642 20643 20644 20645 20646 20647 20648 20651 20652 20654 20655 20656 20657 20658 20660 20661 20886 20906 20910 20948 21026 21058 21072 21195 21198 21199 21210 21212 21214 21216 21219 21221 21226 21227 21234 21241 21245 21246 21247 21249 21256 21263 21265 21266 21267 21269 21271 21278 21280 21283 21388 21476 21521 21761 21826 21858 21892 21902 21903 21904 21905 21906 21907 21911 21916 21917 21920 21923 21926 21929 21932 21933 21935 21936 21942 21947 21952 21957 21958 21960 21963 21970 21982 21983 21984 21985 21986 21987 21990 21991 21998 22005 22010 22012 22029 22125 22219 22226 22239 22266 22295 22319 22379 22381 22382 22383 22386 22390 22395 22396 22397 22402 22408 22417 22708 22777 22782 22791 22809 22820 22834 22870 22871 22872 22873 22875 22879 22882 22883 22884 22888 22892 22899 22910 22911 22914 22922 22923 22924 22933 22958 22989 22990 22992 22993 22998 23007 23016 23021 23040 23043 23044 23050 23060 23061 23062 23064 23068 23069 23070 23077 23087 23090 23091 23092 23093 23095 23096 23097 23099 23100 23106 23107 23108 23109 23111 23112 23116 23117 23119 23120 23122 23126 23131 23135 23142 23188 23207 23271 23276 23282 23287 23290 23292 23294 23304 23323 23325 23346 23347 23348 23349 23350 23351 23352 23353 23354 23355 23356 23358 23360 23361 23367 23369 23450 23455 23456 23458 23460 23461 23462 23463 23464 23466 23470 23472 23473 23474 23479 23480 23481 23482 23484 23486 23487 23509 23512 23513 23515 23521 23524 23525 23526 23529 23530 23535 23540 23541 23542 23543 23620 23632 23633 23634 23635 23636 23637 23639 23641 23654 23655 23657 23702 23703 23704 23705 23706 23707 23709 23710 23711 23716 23717 23804 23806 23812 23813 23816 23817 23855 23870 23897 23925 23926 23928 23935 23936 23937 23940 23942 23945 23947 23955 23956 23957 23958 23961 23963 23966 23967 23969 23970 23971 23972 23974 23975 23976 23977 23978 24006 24008 24012 24013 24014 24016 24018 24020 24021 24022 24023 24024 24025 24041 24054 24056 24059 24060 24061 24062 24063 24067 24070 24073 24077 24079 24082 9697 9698 9699 9705 9712 9713 9714 9715 9725 9726 9727 9700 9701 9706 9707 9694 9702 9703 9704 9708 9710 9716 9717 9722 9728 9730 12514 12515 12517 12518 12523 12548 12551 9695 11764 11768 11769 11771 11770 20365 20563 18437 18442 18443 18446 18447 14062 14063 15558 15578 15581 15583 15587 15591 15592 15593 15602 15606 15607 15608 15609 15610 15611 15612 15613 15615 15616 15617 15618 15619 15620 15621 15622 15623 15624 15625 15626 15628 15629 15630 15634 15635 15638 15662 15663 15664 15665 15667 15668 15677 15683 15717 15718 15721 15729 15733 15734 15735 15739 15744 15773 17554 17555 17588 17637 17638 17639 17691 17692 17729 17730 18384 18385 18386 18387 18388 18389 18390 18393 18396 18397 18398 18399 18401 18405 18408 18409 18410 18411 18412 18413 18420 18421 18422 18423 18425 18426 18427 18428 18430 18431 18434 18438 18439 18444 18445 18448 18450 18451 18452 18453 18454 18455 18457 18461 18462 18463 18464 18465 18466 18467 18468 18469 18470 18472 18473 18474 18475 18476 18477 18478 18481 18485 18487 18488 18489 18504 18505 18506 18507 18508 18509 18514 18515 18520 18521 18522 18523 18528 18529 18530 18533 18534 18535 18537 18538 18540 18544 18545 18546 18547 18548 18549 18550 18551 18552 18559 18567 18568 18569 18570 18571 18572 18574 18575 18576 18577 18578 18579 18581 18582 18583 18594 18595 19082 19134 19143 19260 19261 19263 19264 19265 19266 19267 19268 19274 19275 19276 19351 19360 19441 19457 19458 19459 19461 19552 19557 19647 19648 19649 19650 19651 19654 19656 19657 19658 19660 19667 19671 19723 19852 19853 19859 19860 19861 19862 19863 19864 19865 19869 19875 19880 19891 19893 19894 19904 19924 19937 19991 20013 20043 20044 20051 20055 20056 20057 20058 20060 20061 20064 20065 20066 20067 20068 20070 20072 20074 20084 20091 20098 20102 20103 20104 20105 20109 20110 20111 20112 20117 20118 20120 20121 20124 20125 20126 20127 20129 20133 20135 20136 20137 20138 20139 20140 20141 20143 20144 20145 20150 20151 20155 20156 20157 20158 20160 20161 20162 20163 20165 20170 20171 20173 20174 20176 20177 20180 20181 20182 20184 20185 20188 20189 20190 20194 20195 20196 20197 20212 20213 20215 20216 20218 20219 20221 20229 20292 20293 20294 20299 20301 20302 20309 20311 20312 20318 20319 20320 20321 20322 20324 20325 20326 20327 20328 20329 20330 20331 20335 20337 20338 20339 20341 20342 20343 20344 20345 20346 20347 20348 20349 20350 20351 20352 20353 20354 20355 20356 20362 20366 20367 20371 20372 20373 20374 20378 20379 20380 20381 20383 20384 20385 20386 20387 20388 20390 20391 20392 20393 20394 20395 20397 20398 20399 20401 20402 20403 20404 20405 20409 20411 20412 20413 20426 20428 20429 20430 20434 20447 20453 20457 20458 20462 20464 20465 20466 20467 20468 20469 20471 20472 20473 20474 20476 20477 20478 20479 20481 20495 20500 20502 20517 20518 20520 20522 20523 20524 20526 20531 20538 20539 20541 20543 20544 20546 20548 20549 20550 20551 20552 20554 20555 20560 20564 20568 20569 20570 20574 20575 20580 20584 20586 20588 20909 20916 20917 20920 20922 20925 20926 20929 20931 20935 20938 20940 20942 20957 20958 20959 20961 20969 20970 20973 20977 20980 20989 20990 20991 20994 20995 20996 20998 21002 21003 21006 21014 21015 21018 21023 21025 21031 21032 21033 21034 21037 21038 21039 21041 21042 21046 21049 21051 21062 21063 21064 21126 21127 21132 21135 21136 21327 21469 21470 21474 21475 21482 21485 21486 21488 21490 21491 21493 21494 21497 21499 21506 21509 21511 21533 21534 21536 21537 21539 21830 21833 22041 22071 22078 22079 22080 22082 22089 22103 22128 22137 22146 22212 22216 22217 22218 22225 22227 22228 22229 22230 22232 22234 22235 22238 22240 22241 22242 22244 22254 22255 22257 22269 22297 22315 22316 22317 22318 22320 22321 22322 22323 22325 22326 22327 22329 22358 22359 22360 22365 22375 22380 22384 22385 22387 22388 22389 22391 22392 22393 22394 22398 22399 22400 22401 22403 22404 22406 22407 22409 22410 22412 22420 22421 22425 22426 22428 22429 22430 22431 22439 22473 22555 22628 22629 22631 22658 22775 22781 22783 22784 22785 22793 22802 22837 22874 22876 22878 22880 22881 22885 22887 22912 22913 22921 22925 22926 22928 22932 22934 22935 22936 22937 22939 22946 22947 22948 22950 22952 22960 22966 22970 22971 22972 22973 22978 22981 22982 22983 22991 22994 22995 22999 23002 23003 23004 23005 23006 23008 23009 23010 23011 23017 23018 23019 23020 23022 23023 23024 23037 23038 23045 23046 23047 23055 23056 23057 23065 23066 23067 23071 23072 23073 23074 23076 23078 23079 23081 23082 23083 23084 23085 23088 23098 23101 23103 23110 23113 23118 23121 23123 23124 23125 23127 23128 23130 23132 23133 23136 23137 23138 23139 23149 23190 23201 23202 23206 23208 23209 23210 23211 23226 23267 23274 23275 23277 23281 23283 23284 23286 23296 23516 23623 23856 9721 14056 14057 14058 14061 14064 14065 14066 14067 14068 14075 14076 14079 14081 9723 9724 9718 9719 9720 12497 12522 12530 12531 12532 12560 12516 12528 12556 10907 12487 12489 12495 12519 12520 12521 12524 12529 12534 12535 12536 12538 12540 12542 12549 12550 12552 12557 12558 12562 12564 17887 17889 17894 17895 17933 17934 17936 17938 17939 17951 17955 17963 17965 17968 18157 22330 22843 23638 23640 10880 10905 10908 10909 10912 10913 16193 17826 17888 17890 17942 17947 10881 10882 10883 16200 17830 16209 17832 13793 13803 13805 13806 13814 16199 16208 16217 16218 16227 16741 16749 11035 13789 13791 13792 13794 13812 13815 13819 16746 11034 11043 11046 11042 11045 13804 13800 13813 13818 13788 13799 13802 13809 13787 13790 13808 17852 13810 17842 13801 13811 16739 16226 16740 16743 17837 14047 16224 16225 16742 17838 14040 14043 14046 14048 14051 14041 14044 17848 17858 14042 14045 17846 17856 18275 9144 15927 15928 17812 9145 17813 17814 17829 17851 17899 18197 17831 17861 17905 18237 17825 17833 17862 17891 17901 17903 17925 17827 17828 17897 10906 17834 17898 10911 10884 10910 17917 17914 17916 16215 17913 16197 16206 16211 16213 16214 16195 16196 16192 16194 16198 16204 19414 12509 16201 16210 24032 12479 12506 12507 12508 12510 12511 12512 12480 12481 12482 12483 12501 12541 12543 12544 12545 12546 16212 18175 18177 19694 20662 12537 12539 12563 19572 20665 12559 17971 20579 17969 18219 20020 20022 20410 20532 20578 20581 20592 20593 20628 20649 20653 20659 20681 22481 22483 22907 23320 23378 23380 23382 14080 18152 18184 18226 19137 19690 19979 19984 19985 19987 19988 19995 20018 20440 20441 20446 20459 20463 20511 20791 20859 21610 21654 22043 22070 22086 22486 22496 22497 22504 22536 22537 22623 22626 22641 22660 22676 23185 23368 23370 23389 23453 23625 14059 14071 14072 14074 14077 14078 14082 19138 19989 14070 14073 23340 14069 20304 20305 20306 20505 20508 20303 20504 20510 15643 15666 15681 17505 17506 17507 17513 17529 17552 17557 17558 17562 17571 17575 17576 17578 17584 17587 17589 17591 17604 17632 17634 17641 17687 17690 17694 17728 18964 18965 18968 18969 18982 18983 18984 18987 19002 19015 19016 19017 19046 19296 19752 19883 19892 19895 19896 19898 19900 20153 20164 20291 20307 20308 20310 20313 20332 20333 20336 20340 20407 20414 20443 20444 20449 20450 20452 20455 20456 20460 20480 20492 20494 20506 20507 20512 20519 20525 20533 20535 20545 20553 20914 21297 21299 21301 21359 21362 21373 21374 21377 21380 21381 21383 21385 21392 21400 21408 21414 21422 21449 21463 21466 21752 22045 22047 22049 22093 22098 22108 22109 22110 22112 22113 22114 22116 22120 22122 22130 22139 22148 22153 22167 22194 22205 22208 22289 22292 22303 22304 22305 22306 22307 22308 22309 22310 22311 22312 22313 22314 22324 22328 22332 22340 22343 22344 22367 22700 22918 23063 15582 15585 15588 15589 15639 15640 15641 15642 15644 15646 15651 15653 15655 15656 15657 15658 15673 15675 15678 15682 15755 15756 15766 15767 15781 15782 15784 19882 19897 19899 19903 19926 21375 21376 22331 22333 22334 22347 22366 15579 15580 15590 15614 15627 15774 19854 19855 19871 19872 15584 15586 15631 15633 15636 15771 15772 19856 19857 19866 19867 19884 19885 22917 22919 22927 22938 22949 22951 22955 22956 22957 22959 22961 22962 15540 15541 15546 15553 15594 15597 15599 15601 15603 15632 15637 15645 15650 15652 15672 15674 15676 15679 15680 15699 15704 15706 15707 15708 15713 15715 15720 15722 15723 15731 15736 15737 15742 15743 15745 15749 15750 15751 15752 15753 15754 15765 15775 15776 15777 15778 15779 15780 15783 15787 17631 17642 17643 17675 19442 19590 19722 19724 19725 19839 19879 19881 19886 19887 19888 19889 19890 19901 19902 19905 19907 19908 19920 21293 21295 21296 21322 21323 21340 21350 21356 21361 21368 21370 21535 21538 21568 21569 22042 22069 22072 22073 22074 22083 22085 22092 22097 22099 22101 22102 22104 22105 22106 22107 22175 22176 22177 22182 22183 22184 22185 22186 22187 22202 22203 22209 22210 22231 22233 22236 22243 22256 22264 22265 22267 22268 22270 22271 22281 22282 22283 22284 22499 22500 22501 22548 22549 22550 22551 22552 22553 22554 22556 22557 22694 22915 15543 15544 15545 15549 15555 15568 15569 15570 15572 15573 15684 15700 18403 18657 18658 19157 19159 19161 19162 19163 19165 19171 19172 19173 19174 19217 19230 19234 19242 19589 19593 19606 19610 19697 20779 20783 20784 20793 20794 20795 20796 20797 20798 20803 20804 20805 20809 20810 20811 20813 20820 20822 20823 20824 21612 21722 21876 21992 22502 22503 22659 22677 22678 22679 22681 22682 22683 22695 23148 23150 23151 23314 23318 23363 23373 23385 23386 23387 23388 23391 23392 23393 23394 23395 23396 23397 23398 23399 23400 23401 23402 23403 23404 23405 23406 23407 23408 23409 23410 23411 23412 23413 23414 23415 23416 23417 23418 23615 23616 23764 23864 23867 24000 24002 15542 15550 15556 15557 15571 15605 19178 20839 22740 23614 23617 23732 23767 23768 15548 15554 19842 15547 15551 15561 19841 15552 15559 15560 15649 17624 19749 19781 19782 19843 15565 15567 15576 23852 15562 15563 15564 15566 15669 15746 17548 17549 17627 17628 19973 19983 23771 15577 15659 15671 15687 15695 15757 15759 17556 17580 17640 19133 19135 19141 19148 19154 19155 19295 19972 23775 15575 15647 15693 20781 20833 20835 20849 20850 21734 15574 15691 15762 20836 20841 21424 21786 23761 15654 15661 15688 15710 19179 19180 19181 19293 15598 15705 15714 15716 15730 15763 15764 17585 17635 21324 21329 21331 21338 21342 21358 21360 21363 21421 21423 21425 21426 21427 21428 21429 21430 21431 21432 21434 21435 21438 21439 21440 21441 21442 21443 21444 21450 21451 21452 21453 21457 21458 21459 21461 21462 21783 22166 22168 22169 22171 22172 22173 15595 15600 15604 19220 19221 19222 19223 19224 19225 19226 19227 19228 19232 19240 19241 19243 19245 20913 20915 20941 20945 20946 20949 20950 21298 21300 21302 21303 21304 21305 21306 21307 21308 21309 21310 21311 21312 21313 21314 21315 21317 21318 21319 21320 21321 21325 21326 21328 21330 21332 21333 21336 21337 21339 21341 21343 21348 21349 21351 21352 21353 21354 21355 21365 21366 21386 21387 21389 21390 21391 21393 21395 21396 21397 21398 21399 21401 21403 21404 21405 21406 21407 21409 21410 21413 21415 21416 21417 21418 21419 21467 21500 21512 21522 21523 21532 21540 21547 21548 21549 21552 21561 21563 21574 21576 21577 21578 21579 21581 21582 21596 21597 21598 21599 21600 21601 21602 21603 21609 21613 21614 21615 21616 21617 21618 21619 21623 21625 21626 21627 21628 21633 21634 21635 21638 21704 21705 21706 21707 21708 21709 21710 21711 21712 21713 21714 21715 21718 21719 21724 21727 21728 21732 21733 21877 21878 21880 21893 21894 21895 21971 21972 21973 21974 21975 21980 21981 21993 22001 22002 22046 22048 22050 22051 22053 22054 22055 22056 22057 22058 22059 22060 22061 22062 22063 22064 22065 22067 22068 22077 22081 22084 22126 22127 22129 22135 22136 22138 22144 22145 22147 22150 22152 22154 22155 22156 22157 22158 22468 22470 22472 22474 22475 22477 22480 22482 22484 22485 22488 22489 22490 22491 22493 22663 22664 22667 22668 22669 22670 23145 23146 23147 23315 23326 23328 23332 15596 15724 15725 19185 19186 19187 19188 19190 19193 19194 19195 19196 19197 19198 19199 19204 19206 19209 19210 19211 19256 19257 19258 19262 19287 21084 21085 21087 21088 21089 21095 21096 21097 21100 21101 15701 15726 15727 15728 15732 19219 19229 19231 19233 19239 19244 19247 19311 19312 19313 19314 19315 19316 19317 19318 19319 19320 19325 19326 19327 19328 19329 19330 19336 19353 20954 20955 20956 20962 20963 20964 20966 21057 21112 21113 21117 21128 21129 21131 21150 21789 21790 21799 21800 21801 22965 15703 15709 15738 19333 19334 19335 19337 19338 19339 19340 19341 19342 19343 19344 19345 19346 19347 19348 19372 21433 21445 21446 21447 21674 21690 21695 21743 21744 21746 21792 21793 21803 21804 21805 21819 21843 21851 21881 21885 22179 22743 15686 15702 15712 18747 18744 18667 18741 18745 18652 18655 18664 18668 18669 18670 18672 18674 18676 18678 18684 18686 18687 18688 18689 18698 18761 18776 18653 18654 18656 18661 18662 18663 18673 18677 18679 18682 18685 18695 18700 18708 18714 18715 18716 18717 18719 18786 18675 18683 18690 18696 18702 18709 18720 19492 21702 22044 22692 18417 18432 18479 18498 18680 18692 18699 18798 18799 18805 21723 21726 18391 18404 18414 18418 18419 18429 18433 18435 18471 18480 18486 18510 18511 18516 18517 18531 18532 18539 18541 18542 20785 20786 20790 20799 20801 20806 20814 20816 20818 20826 20861 20862 20874 20893 21345 21487 21605 21729 21730 21834 21896 21908 21909 21939 21941 21988 21995 22000 23618 23619 18400 18482 18484 18556 19943 19944 19949 19950 21231 21251 21252 21821 21838 21915 21919 21922 21940 21943 21945 21950 21954 24080 18562 19440 19844 19941 19945 23357 23656 24015 24066 24069 24083 24086 18525 18554 18555 18557 18558 18560 18561 18563 18564 18565 21854 21934 21953 22016 22263 22684 22693 22744 22779 22786 22787 22808 22894 23331 23359 23483 23660 23661 23662 23663 23811 23815 24017 24019 18524 19444 19445 19594 19595 19611 19612 19613 19614 19698 19699 19700 19701 19706 19707 23334 18526 19468 19469 19470 19591 19592 19596 19597 19675 19676 19677 19678 19685 19704 19705 22221 18491 18518 18527 18589 19710 19711 18490 18493 19791 19816 18406 18492 18494 18519 18584 18585 19624 19625 19751 19756 19763 19773 19783 19784 19790 19815 18415 18496 19750 19761 18587 19754 19764 18586 19759 19769 19758 17570 18726 19753 19757 19779 19785 19800 21808 22195 22690 22754 22755 22756 22769 22770 22861 17503 17512 17528 17547 17563 17565 17566 17569 17572 17573 17574 17577 17592 17593 17600 17603 17606 17607 17611 17612 17613 17615 17616 17617 17621 17623 17652 17653 17659 17660 17661 17663 17664 17665 17667 17670 17671 17672 17673 17674 17676 17695 17696 17701 17708 17709 17710 17712 17713 17714 17733 17734 17753 17756 17757 17758 17761 19498 19500 19623 19628 19630 19767 19777 19798 20971 21357 21454 21455 21464 21468 21489 21520 21541 21558 21571 22075 22076 22094 22095 22096 22170 22181 22196 22201 22204 22206 22207 22245 22246 22258 22259 22273 22275 22290 22294 22346 22368 22369 22373 22376 22415 22427 22440 22451 22558 22560 22561 22563 22980 22984 23059 17504 17510 17511 17518 17523 17524 17525 17534 17601 18961 18962 18963 18966 18967 18977 18978 18979 18980 18981 19009 19010 19024 19025 19062 19493 19497 19499 19504 17519 17526 17535 17602 17700 19011 19501 19502 19505 19506 19507 17521 17668 18993 18994 17514 17515 17516 17520 17540 18998 18999 19000 19001 19003 17527 17538 17539 17541 17542 17544 17619 17620 17724 17764 18970 18986 18988 18989 18996 19041 19042 19043 19044 19045 19047 19050 19051 21524 21562 21575 17531 17532 17533 17688 19019 19020 19021 20967 17545 17546 17726 17760 19022 19023 19027 19054 19055 21465 17536 17537 17735 17736 17747 17762 17766 17768 19037 19038 19048 19052 19053 19056 19057 19058 19059 19061 22274 22277 17703 17745 17746 19012 19013 19033 19034 19039 19040 17702 19626 19687 19713 19802 17683 17731 17744 19014 19551 19558 19559 19560 19562 19565 19632 19659 19686 19688 19692 19715 19793 19803 22374 17680 17681 17682 17686 17693 17718 17719 17720 19140 19789 19980 19994 17679 17717 19787 17685 17716 19786 17551 17684 17722 17550 17553 17560 17583 17625 17629 17630 20848 21806 21807 24001 17559 17561 17582 17636 19294 17567 17645 17568 17657 18763 17658 17648 17655 17656 17586 17608 17609 17749 19373 17590 17594 17721 17725 17727 17732 19289 19292 17581 17750 19150 19279 19297 19298 20493 20547 17579 17596 19771 19772 19774 19813 20021 19811 23999 18737 19627 19812 19814 19817 19819 19823 23042 17739 18729 18738 18739 17737 17738 17740 17759 17751 17610 17755 17763 18892 17614 17618 17595 17662 17646 17647 18766 17666 18727 18728 15789 18707 18730 18767 19631 19768 15694 15769 15786 15788 15692 15690 15698 15768 18743 18765 18839 15689 15741 18801 18865 15740 18809 18872 18580 18792 18804 18806 18808 18823 18837 18402 18553 18501 18780 18795 18811 18825 18768 18779 18785 18850 22197 22371 19485 19486 19488 21068 21379 21382 21460 21479 21518 21525 21528 21530 21531 21545 21546 21572 21573 21640 21666 21684 21811 22111 22115 22117 22123 22124 22131 22133 22134 22159 22198 22199 22200 22220 22222 22248 22261 22272 22276 22278 22372 22419 22455 22456 22520 22538 22568 22572 22605 22640 22701 22736 22757 22758 22759 22761 22864 23041 23053 23851 15747 19447 19471 19474 19482 19487 19679 19684 15719 15748 19448 19464 19579 19581 19582 19583 19584 19587 19666 19668 19669 19670 19672 19673 19674 19682 22974 22975 23051 23058 23215 23217 23219 23528 23536 23539 23954 19451 19452 19460 19462 19465 19472 19473 19680 22247 23025 23504 23537 19443 19453 19454 19455 19456 19598 21200 21201 21236 23510 23511 23517 19475 19476 19480 19483 19484 19489 19561 19563 19566 19849 19466 19477 19478 19481 19490 19491 19564 19601 19634 19661 19664 21542 21543 22414 22418 22434 22436 23860 19467 19554 19653 19655 23853 19479 19555 19665 21147 22639 23262 23263 23288 23289 23854 19608 19681 19683 21683 22519 22570 22571 22574 22578 22579 19494 19495 19496 19515 19516 19519 19520 19522 19525 19527 19528 19537 19568 19569 19570 19586 19588 19599 19600 19602 19603 19605 19607 19616 19617 19618 20800 21685 21691 22090 22091 22476 22492 22498 22505 22506 22507 22508 22509 22521 22534 22541 22543 22569 22573 22575 22576 22577 22582 22643 22805 23225 23230 23329 23364 23375 23951 24003 19063 19064 19503 19509 19510 19511 19512 19513 19514 19517 19523 19524 19526 19530 19533 19536 19538 19567 19604 19615 19620 19633 19637 19703 21565 22052 22066 22087 22088 22121 22161 22280 22285 22287 22302 22336 22422 22423 22446 22449 22471 22478 22494 23049 23339 23341 23342 23362 23371 23372 23374 23376 23726 23885 23886 22118 22293 22464 20415 21384 22119 22162 22163 22164 22165 22178 22337 22339 22342 22685 22699 22702 23343 23344 17622 17767 20131 20416 20417 20418 20420 20421 20423 20432 20438 17765 20422 20424 20427 20433 20436 22469 17748 17752 17754 20132 20142 20425 20431 20435 20437 20439 20487 21030 21420 21480 21529 22160 22223 22279 23054 17605 17654 17704 20601 20604 20612 20615 17564 20595 20602 20608 20603 20607 20598 20596 20442 20483 20597 20605 21624 22511 19354 19553 19663 20152 20222 20223 20406 20445 20448 20451 20454 20482 20484 20486 20528 20529 20530 20534 20587 21086 21119 21211 21564 21621 21629 21632 21650 21651 21652 21653 21655 21657 21658 21659 21663 21667 21672 21675 21687 22445 22447 22450 22457 22487 22510 22512 22513 22514 22515 22516 22517 22522 22523 22524 22527 22532 22533 22535 22540 22542 22546 22559 22585 22586 22587 22588 22594 22595 22596 22597 22598 22602 22606 22621 22622 22624 22625 22627 22630 22632 22633 22638 22646 23134 23152 23153 23154 23155 23156 23157 23158 23168 23186 23191 23193 23203 23264 23265 23268 23269 23270 23273 23278 23457 19160 19332 19350 19352 19355 19356 19357 19358 19361 19362 19363 19364 19365 19366 19367 19368 19369 19370 20227 20912 20968 21027 21028 21060 21061 21065 21066 21114 21120 21121 21122 21123 21124 21137 21138 21139 21140 21141 21142 21143 21153 21154 21155 21268 21566 21660 21661 21662 21676 22300 22301 22448 22544 22545 22634 22635 22636 22637 22644 22651 22825 22826 22866 22867 22900 22901 22916 23048 23080 23086 23140 23141 23187 23189 23194 23195 23196 23197 23198 23212 23213 23214 23216 23231 23233 23272 23279 23280 23301 23303 23305 23306 23307 23308 23309 23310 23471 23476 23546 19139 19145 19164 19170 19175 19176 19177 19246 20788 20792 20802 20819 20827 20830 20831 20857 20858 20863 20865 20866 20887 20899 21611 21703 21720 21721 21912 21999 23390 23449 23451 13980 19075 19136 19144 19146 19147 19149 19151 19152 19153 19976 19981 19982 19993 19996 20010 20011 20014 20016 20029 23622 23865 13978 13981 13982 13983 13990 13984 13985 13989 23452 23454 23845 23868 13991 13992 23166 23167 23205 23218 23227 23232 13994 22675 22968 21040 21052 21053 21054 21517 21820 22180 22188 22189 22191 22192 22260 22349 22350 22351 22361 22363 22364 22411 22562 22584 22680 22741 22746 22751 22752 22753 22766 22767 22850 22851 22858 22869 22967 22976 22977 22979 23052 23242 23248 23254 23260 23538 18870 20894 20897 20911 20981 21007 21019 21024 21029 21043 21044 21050 21055 21056 21059 21070 21073 21076 21077 21078 21079 21080 21130 21144 21179 21182 21186 21190 21193 21229 21243 21248 21254 21255 21257 21261 21262 21264 21270 21272 21273 21274 21282 21334 21371 21372 21477 21478 21501 21502 21503 21513 21514 21515 21519 21526 21527 21544 21550 21553 21554 21555 21567 21570 21584 21586 21587 21588 21670 21671 21677 21678 21679 21680 21681 21692 21749 21816 21827 21828 21835 21836 21837 21844 21845 21852 21853 21862 21863 21864 21873 21888 22013 22014 22015 22019 22020 22021 22022 22031 22432 22433 22460 22564 22788 22789 22797 22806 22814 22822 22877 23143 23544 23545 23941 18807 18845 18863 18867 18869 18871 18884 18790 18803 18821 18835 18788 18791 18781 18787 18789 18794 18818 18832 18854 18896 18911 23239 23240 18782 18784 18793 18796 18812 18826 18851 18891 18903 20679 23178 18797 18813 18827 18852 18862 18861 18868 18876 18864 18875 18800 18843 18860 18878 18815 18829 18810 18814 18816 18822 22792 13290 16441 18824 20877 23857 13289 13294 13283 13293 13284 21766 22714 22833 13282 21771 22840 13287 21093 21094 21631 23163 20860 20864 20895 20939 20951 21067 21090 21098 21099 21102 21103 21118 21151 21152 21206 21620 21636 21637 21665 21686 21689 21760 21762 21768 21772 21773 21775 21779 21798 21865 22526 22707 22722 22832 23159 23164 23165 23169 23170 23172 23229 20843 20845 20855 20856 20867 20885 20888 20891 20898 20900 21669 21673 23765 23766 23772 23859 23861 20844 20846 22745 22856 20840 22857 23621 23624 18746 20842 21725 23626 18671 18749 18666 18665 18697 18705 18890 18895 18701 18703 18704 22004 18910 20828 21914 18909 21890 18853 18802 18817 18831 18847 18855 18856 18858 18866 18880 18770 23246 18771 19076 19077 19080 18772 18836 19081 18885 22807 22893 18846 18881 18886 18842 18844 18848 22815 18877 18828 18879 18830 18874 18873 18849 18893 18894 18723 18722 18724 22697 21750 22698 20503 21585 21696 21738 21747 21748 21763 21778 21780 21817 21859 21860 21861 21868 21871 21872 21874 21875 21891 21901 21927 21961 21967 21969 22011 22030 22296 22674 22696 22729 22778 22810 22811 22812 22816 22821 22860 22905 23261 23475 23485 19821 19923 19934 20537 20540 20542 20577 20582 20583 20624 20629 20650 20947 21736 21737 21740 21759 21764 21781 21782 21815 21818 21825 21841 21849 21869 21928 21959 22673 22686 22689 22706 22712 22727 22731 22732 22765 22768 22776 22794 22803 22813 22817 22819 22838 22868 22886 23467 23468 19776 19796 19822 19828 19775 19780 19778 19621 19799 19809 19818 19824 19825 19826 22370 22458 19035 19622 19629 22291 19036 19635 15758 19636 19641 19644 19645 19716 21344 19508 19535 19642 21335 21989 22413 22467 19521 19529 19531 19532 22416 22424 22435 22437 22444 19640 19718 22592 22607 22611 22617 22619 22648 22649 22654 19643 21604 21644 22608 22610 22612 23774 19720 21994 22025 23532 23549 23647 23659 23777 23778 23780 23781 19714 19721 23784 23785 19712 19717 19807 22442 22443 22298 22299 21294 21346 21347 21369 22353 22354 22357 22438 22615 22616 22823 20782 21437 21557 21560 21592 21594 21607 21608 21700 21701 21731 21996 21997 20789 21910 23631 21717 21795 21897 21898 21899 21956 21979 23645 21593 21716 21777 22666 22672 22846 21412 21591 21595 21622 21642 21645 21978 22466 22495 22589 22590 22591 22593 22652 22653 22655 21436 21559 21646 21647 21649 21787 21794 21796 21797 21857 22355 22356 22441 22613 22854 21606 21641 21643 21648 21693 21810 21855 21856 22565 22609 22614 22620 22898 20787 21456 21682 20817 21378 21492 21316 19060 20952 20953 21394 20128 20147 20921 20923 20924 20932 20933 20943 20944 20982 21069 21074 21081 21082 21091 21092 21213 22008 22929 22930 22940 22953 22963 22964 23160 20130 20134 20146 20148 20224 20226 20419 20930 21008 21020 21402 21411 22132 22141 22151 22941 22954 22996 23039 20225 20232 20485 21209 21516 22149 22262 23174 23932 19074 20231 20488 20490 21156 23173 23183 19071 19073 19079 19072 23719 20743 22723 23176 23180 23184 23252 23258 23316 23319 23324 23327 23720 20738 20742 18243 20739 20747 18223 18259 20748 19113 19911 19912 21765 21767 21770 21774 21776 21850 22140 22661 22662 22665 22671 22705 22709 22710 22711 22713 22715 22716 22717 22718 22719 22721 22724 22725 22726 22728 22730 22747 22749 22795 22798 22804 22835 22836 22839 22841 22842 23177 23181 23330 23337 23338 23523 24074 19116 19117 19115 21842 12609 16442 12608 12610 12626 12632 12623 12473 16443 16444 21083 21498 21504 21510 21551 21656 21769 21788 21791 21802 21812 21814 21870 21921 22750 22889 21107 21181 21204 21883 21071 21196 21203 21208 21279 21918 21924 23333 23459 23503 23522 23929 23953 24057 24068 24071 21075 21192 21275 21276 21277 21281 21580 21583 21590 21668 21866 21965 22003 23204 23381 21589 21867 23144 19331 19662 21194 22033 22034 22035 22036 22459 22461 22462 22463 22904 23313 23547 19278 19286 21889 23311 23312 19652 20024 20289 20290 20680 19463 19689 19693 23518 21250 21259 24065 22017 23520 19957 20693 22006 22018 22023 22024 23548 19848 19936 19952 19956 19958 19963 17626 19762 19846 19921 19930 19971 22862 23773 19770 19922 19931 19953 22818 22863 19915 19932 19935 22847 22848 22849 22855 19906 19913 19914 19918 22735 22739 19919 19925 21735 21741 22687 22688 22764 19909 19916 21809 22762 22763 19910 19927 22703 22704 19929 19928 19942 19946 19947 19933 24055 24058 19847 19917 22734 22737 22742 22748 20536 21784 22733 22738 20509 22345 21755 21758 22827 22829 21753 21756 21757 21754 21751 22828 19290 21739 15660 19291 18712 20834 18706 18713 18762 18659 15685 18681 18691 15711 18711 18764 15761 18710 15785 15770 19371 19374 18777 18778 18725 22844 22830 22845 22895 23642 22831 22891 23171 22853 23293 22852 22896 23630 23628 23629 18214 23627 18181 18215 18253 18264 23643 18182 18207 18208 18265 23644 23648 23649 23665 22028 23664 22026 22027 21955 23658 22897 23646 23787 23650 23786 22335 23336 23651 23652 23789 22338 22341 22377 22465 22479 22604 22362 22378 22452 22453 22454 22528 22599 22600 22642 23722 23881 23892 23893 23895 23902 22190 22348 22352 22645 22580 22601 22647 22650 23725 21688 22286 22288 22525 22529 22531 22581 22583 23228 20491 21157 21556 21639 21664 21694 22539 20228 20230 20489 20606 22530 22547 22566 23234 21125 21145 23161 23192 23199 23220 20965 21630 21448 22193 22174 22249 18997 22518 20611 20614 20600 20609 20610 20599 20613 23888 23882 23887 23890 23903 23879 23884 23894 23721 23880 23891 23901 23723 23724 23727 23365 23883 23896 23899 23379 23889 23900 19619 19702 19708 19709 20829 21900 21913 21966 22032 22906 23377 19573 15402 19571 19695 19696 20664 20667 20668 20669 15400 15403 15401 15410 15417 15411 15418 20663 20666 23465 23469 21964 23814 20901 20902 20903 21962 21968 23819 23862 22902 22903 22859 21946 21951 18820 20812 22796 23946 18834 18883 20808 20815 20821 20825 20832 20847 20030 23419 20031 20032 20033 18512 20028 20034 20027 20035 19870 19951 23818 24030 16219 19413 24028 16220 16222 16221 16223 18178 18171 18273 19412 17839 19416 16216 17840 16207 16744 17849 17859 23317 23898 23345 19534 23653 22603 23335 21976 21977 22007 23531 23519 23366 23776 21785 23760 19948 20719 20728 19845 22760 21813 22865 19375 15760 22824 19961 24192 19417 18195 18196 17847 18194 18236 20682 17857 16748 17810 17860 17865 17869 20683 23558 16747 16750 16763 16745 18943 18940 17920 17919 17926 17807 17811 14296 14293 14301 9851 14295 14298 8635 9849 9850 9852 9853 9855 9856 9857 9858 9859 9860 9861 9866 9867 9869 9870 9871 9872 9876 9878 9879 9880 11743 13302 13303 13305 13306 13311 13604 14114 14294 14299 14300 14374 8624 8630 8631 8632 8634 8636 8637 8638 8639 8640 8642 8643 8644 8645 8647 8649 8650 8625 8626 8627 8628 9854 9863 9874 12198 9883 12199 9873 9877 9881 9884 9886 11731 12201 12202 12203 12206 13202 9882 12209 12214 9862 11733 9864 11732 11730 11734 11738 12200 13304 8171 9868 9888 11470 11473 11474 11486 11735 11737 11739 11744 11745 11748 11752 11753 11754 13195 13196 13197 13201 13203 13205 13208 13214 13307 13308 13602 13603 13605 13610 13611 14109 14110 14111 14112 14113 14115 14116 14118 14120 14124 14145 14146 14147 14148 14150 8159 8172 8173 8179 8160 8161 8163 11749 8162 8165 11747 8166 8174 11756 8164 8182 8180 9818 12261 7454 8168 9811 9812 12695 13612 14149 14163 14164 14168 14371 7452 7455 7453 8181 8167 9814 12687 14165 14369 12257 12256 12258 12260 12243 12259 12262 12685 12244 12245 12246 12249 12664 12665 12667 12672 14162 12248 12666 12679 10982 12669 12676 12678 14157 10976 10981 10975 11746 12668 12671 13616 14151 14153 14154 14155 14751 11755 12701 11757 12705 13217 14122 14158 11758 11741 11740 11736 12264 12691 13215 14121 12690 12693 14167 12684 12692 14144 12686 14143 12680 12688 14129 12681 12682 12683 12689 12694 14132 14385 14126 14127 14128 14130 14131 14137 14139 14140 14125 14134 13206 14133 8648 9885 9887 11471 12207 13198 13200 13204 13207 13209 13210 13211 13212 13310 14119 14123 14159 14160 8633 8641 8646 8651 8652 8653 9865 14117 11480 13199 13213 13216 13606 13607 13608 13609 13613 14152 14166 11469 11481 11483 11484 11472 11475 11478 11487 8654 11476 11479 11488 11495 14378 17391 19102 19103 14377 14373 8562 11496 11494 14381 14383 19105 14382 14384 14372 13627 13621 13623 13624 13625 13626 13617 13622 14138 14161 13615 13620 13618 13619 14156 13614 14754 14753 12675 14142 14750 19421 12677 12670 14277 11773 14141 19101 19107 19383 19384 11482 11485 8560 8558 8559 8557 9875 14135 14136 12205 12204 14169 8629 22618 23782 19806 19719 19639 19518 19638 19730 23440 19792 19801 19788 19805 19797 19804 19830 19795 19794 19820 19829 19827 18590 18740 16377 18718 18882 18833 18819 18748 20890 20852 23863 23763 23844 18098 23604 23595 12588 12591 12592 16448 18840 19029 19028 17723 17706 17705 17689 9709 9729 12459 12462 24115 18990 23878 24112 18985 24111 20616 17151 17152 17153 17169 17170 17154 17163 17165 17161 17162 18543 19766 15670 18742 18991 18992 17389 17390 17143 19438 15009 17146 15005 15010 15006 15007 15017 15018 14279 14275 14278 18499 18500 16203 16205 16202 24035 24037 24044 24046 17904 17915 17911 17912 17910 17943 17948 17940 17944 18161 18200 12599 17945 6670 12600 6671 6672 6680 6673 6682 12603 6686 12607 6684 6685 12631 6683 6679 6681 12620 12619 12602 12606 17949 18165 18246 18252 18206 18192 17902 18272 13817 14050 11048 13820 13821 11040 11049 11051 10885 11041 10887 10893 10895 17493 13776 11052 13822 17937 13518 13512 13516 11765 19306 19307 23984 13354 13355 13737 13746 8109 8110 8113 13759 15130 15131 11601 11604 11641 
4: 4808 4809 12882 4810 11523 11522 13669 13670 
5: 5327 5329 9164 12156 9166 12161 9167 9165 12162 12157 12160 12159 16854 
6: 6556 6557 6724 6725 6726 6727 
7: 7300 7301 7302 7304 9242 11099 11102 11103 11670 7303 9241 11671 7305 11652 11650 11651 11669 10269 10270 10275 11653 11672 11673 11674 10272 10273 10276 11654 9246 9244 9243 9240 11676 11675 11656 
8: 8204 8205 8206 8222 8207 8223 8217 8215 8226 8294 12282 12283 15819 15821 8216 8224 8293 11328 15831 15833 8220 11330 12011 8218 11342 12008 11332 11336 9030 9031 9033 11331 11333 11335 11340 11350 11351 11353 12005 12268 12269 9029 9032 9044 9028 11327 11329 11326 8291 11343 11361 12275 12276 8292 11346 12277 9034 11338 11348 11355 11356 11362 15811 15807 12270 12267 12273 12308 12266 12272 12265 11349 11352 12307 9045 12006 11341 12007 12009 12012 11357 12285 12286 
9: 8829 8830 
10: 9572 9573 9574 9576 9577 9578 9579 9612 9613 9596 9618 9595 9599 9598 9600 9617 13587 9601 9602 13582 13588 13583 
11: 9674 9675 9676 9677 
12: 10016 10017 10018 10019 10021 10025 10028 10623 10624 10630 10638 10639 10640 10645 10664 10665 10666 10671 10695 10696 10697 10702 11272 11273 11274 11279 11930 11931 11938 12903 12904 12905 12911 14989 14990 14992 14996 14997 17018 10022 10026 10030 10625 10641 10649 10652 10667 10675 10678 10698 10706 10709 11275 11283 11286 11932 12906 12915 12918 14991 15331 10024 10027 10029 10646 10648 10672 10674 10703 10705 11280 11282 12912 12914 14987 10031 10032 10632 10650 10651 10653 10676 10677 10679 10707 10708 10710 11284 11285 11287 11940 12916 12917 12919 14993 14994 10033 10633 10654 10655 10656 10680 10681 10682 10711 10712 10713 11288 11289 11290 11941 12920 12921 12922 15334 10657 10683 10714 11291 12923 10626 11933 15333 14998 
13: 10092 10093 
14: 10942 10943 
15: 11060 11061 11088 17974 11068 
16: 11711 
17: 13122 13124 
18: 13701 14911 14909 14912 14932 14910 14933 14922 14921 17096 17094 17105 17110 
19: 13718 
20: 13847 13849 13851 14602 13853 14603 14607 14608 14609 14604 14605 14606 
21: 14630 
22: 14633 
23: 16450 
24: 16845 
25: 17104 
