# The links inside the directed communities at k=11
# from /Users/bogna/dev/role-mining/datasets/enron/timeslots/10-2000.edges
# at no lower link weight threshold,
# and at no upper link weight threshold.
# Links were treated as directed.
# No time limit was set for the clique search.

0:
216 9045
216 2024
216 277
401 216
216 8336
216 8349
216 8351
216 251
276 216
68 216
272 216
288 216
9045 2024
9045 277
9045 401
9045 8336
9045 8349
9045 8351
9045 251
9045 276
9045 68
9045 272
9045 288
277 2024
401 2024
8351 2024
251 2024
276 2024
68 2024
272 2024
288 2024
277 401
277 8336
277 8349
277 8351
277 251
276 277
68 277
272 277
277 288
401 8336
401 8349
401 8351
251 401
276 401
68 401
272 401
288 401
8351 8336
251 8336
276 8336
68 8336
272 8336
288 8336
8351 8349
251 8349
276 8349
68 8349
272 8349
288 8349
251 8351
276 8351
68 8351
272 8351
288 8351
276 251
68 251
272 251
288 251
276 68
276 272
276 288
68 272
68 288
272 288
1:
540 544
540 452
540 527
540 547
540 723
954 540
540 30
540 604
540 804
540 1527
540 2022
20668 540
890 540
544 452
544 527
544 547
544 723
544 954
544 30
544 604
544 804
1527 544
544 2022
544 20668
544 890
452 527
452 547
452 723
954 452
452 30
452 604
452 804
452 1527
2022 452
20668 452
890 452
527 547
527 723
527 954
527 30
604 527
527 804
1527 527
2022 527
20668 527
890 527
547 723
954 547
547 30
547 604
547 804
547 1527
2022 547
20668 547
890 547
954 723
723 30
723 604
723 804
1527 723
2022 723
20668 723
890 723
954 30
954 804
20668 954
890 954
604 30
30 804
1527 30
2022 30
20668 30
890 30
604 804
1527 604
2022 604
20668 604
890 604
1527 804
20668 804
804 890
890 1527
20668 2022
890 2022
20668 890
2:
786 1336
786 558
786 641
786 1323
1310 786
786 1331
786 1335
786 1552
786 508
625 786
713 786
786 825
786 714
786 1329
756 786
786 851
1589 786
558 1336
641 1336
1323 1336
1310 1336
1331 1336
1335 1336
1552 1336
508 1336
625 1336
713 1336
825 1336
1329 1336
756 1336
851 1336
1589 1336
558 641
558 1323
1310 558
558 1331
558 1335
558 1552
508 558
625 558
713 558
558 825
714 558
558 1329
756 558
558 851
558 854
1589 558
641 1323
1310 641
641 1331
641 1335
641 1552
641 508
625 641
713 641
641 825
641 714
641 1329
756 641
641 851
641 854
1589 641
1323 1331
1335 1323
1323 1552
508 1323
625 1323
1323 713
1323 825
1323 714
1323 1329
756 1323
851 1323
1323 854
1589 1323
1310 1331
1310 1335
1310 1552
1310 508
1310 625
1310 713
1310 714
1310 1329
1310 756
1310 851
1310 854
1589 1310
1331 1335
508 1331
625 1331
713 1331
1331 825
1331 1329
756 1331
851 1331
1331 854
1589 1331
625 1335
713 1335
1335 825
1335 1329
756 1335
851 1335
1335 854
1589 1335
508 1552
625 1552
713 1552
1329 1552
1589 1552
508 625
508 713
508 825
508 714
508 1329
508 756
508 851
508 854
508 1589
625 713
625 825
625 714
625 1329
625 756
625 851
625 854
625 1589
713 825
713 714
713 1329
713 756
713 851
713 854
713 1589
714 825
825 1329
756 825
825 851
1589 825
714 1329
756 714
1589 714
756 1329
1329 851
1329 854
1589 1329
756 854
1589 756
851 854
1589 851
1589 854
