# The links inside the directed communities at k=4
# from /Users/bogna/dev/role-mining/datasets/enron/timeslots/08.edges
# at no lower link weight threshold,
# and at no upper link weight threshold.
# Links were treated as directed.
# No time limit was set for the clique search.

0:
10 17
10 41
10 71
127 10
17 41
17 71
127 17
127 41
127 71
1:
107 65
107 73
109 107
51 107
54 107
92 107
38 107
127 107
151 107
23 107
129 107
65 51
65 54
127 65
151 65
23 65
65 74
129 65
65 16
73 51
73 54
73 151
73 23
73 69
109 122
109 36
109 51
109 54
109 92
127 109
129 109
54 122
122 123
127 122
129 122
29 20
20 137
20 141
20 32
20 19
20 70
20 28
20 4
20 2
36 54
36 123
127 36
151 36
129 36
51 54
51 92
51 127
51 151
51 23
51 66
51 69
51 74
129 51
51 32
16 51
54 123
127 54
151 54
23 54
66 54
54 129
127 92
129 92
127 38
129 38
127 123
151 123
66 123
129 123
127 151
127 23
127 29
127 66
127 69
127 74
129 127
151 66
151 74
23 69
129 23
66 29
129 29
137 29
29 141
29 19
29 70
29 4
29 2
66 129
66 137
66 32
129 69
129 74
16 74
129 137
129 141
129 32
137 141
137 32
137 19
19 141
141 70
18 141
28 141
2 141
19 32
32 18
28 32
19 70
19 18
19 28
19 4
2 19
28 70
2 70
18 28
28 2
2:
65 6
65 27
65 52
27 6
6 52
27 52
3:
128 105
128 100
127 128
105 100
127 105
127 100
4:
13 57
57 33
57 76
13 33
13 76
33 76
5:
11 38
33 11
76 11
75 11
38 33
38 75
33 76
33 75
76 75
6:
17 38
17 61
127 17
17 56
127 38
56 38
127 61
61 56
127 56
7:
127 92
92 39
92 83
127 39
127 83
83 39
8:
65 48
65 6
65 13
65 50
65 67
65 76
65 9
6 48
13 48
50 48
67 48
6 13
6 50
6 67
6 9
13 50
13 67
13 76
13 9
50 67
76 50
50 9
67 9
9:
14 65
14 23
27 14
23 65
65 27
23 27
