# The directed communities at k=10
# from /Users/bogna/dev/role-mining/datasets/enron/timeslots/1-2002.edges
# at no lower link weight threshold,
# and at no upper link weight threshold.
# Links were treated as directed.
# No time limit was set for the clique search.

0: 10354 172 29768 29785 29786 29790 29791 29793 29802 29805 29806 29813 29943 32873 32874 32927 7674 8346 8608 8627 
1: 10354 172 29794 29796 29810 29821 32864 32873 32874 7659 8346 8361 8608 8627 9947 
2: 2913 2965 10257 2844 2912 2930 2936 2956 2966 2988 2998 123 2896 2944 2954 2957 3385 3387 
3: 251 10388 17781 277 322 401 8336 8349 10354 172 312 7659 8361 8608 8627 
4: 2965 1811 3163 419 422 1522 1523 4820 1178 1524 1525 123 2896 3837 3842 4033 
5: 3121 2930 3848 3860 4036 3585 3905 5560 3735 19115 19136 4046 
6: 2965 4064 3987 3699 123 2896 3886 3905 3975 5560 
7: 3987 3699 3886 3905 3975 5560 3735 19115 19136 4046 
8: 142 2965 2969 2701 1811 969 419 422 457 123 143 2606 2896 2919 446 766 1311 
9: 2965 1811 422 123 2516 2606 2896 2919 3147 766 
