# The links inside the directed communities at k=10
# from /Users/bogna/dev/role-mining/datasets/enron/timeslots/1-2002.edges
# at no lower link weight threshold,
# and at no upper link weight threshold.
# Links were treated as directed.
# No time limit was set for the clique search.

0:
10354 172
10354 29768
10354 29785
10354 29786
10354 29790
10354 29791
10354 29793
10354 29802
10354 29805
10354 29806
10354 29813
10354 29943
10354 32873
10354 32874
10354 32927
10354 7674
10354 8346
10354 8608
10354 8627
29786 172
29791 172
172 29805
29806 172
172 32873
172 32874
32927 172
7674 172
172 8346
8608 172
172 8627
29785 29768
29786 29768
29790 29768
29791 29768
29806 29768
32874 29768
32927 29768
7674 29768
8346 29768
8608 29768
29785 29786
29785 29790
29785 29791
29785 29793
29785 29802
29785 29805
29785 29806
29785 29813
29785 29943
29785 32873
32874 29785
29785 32927
29785 7674
29785 8346
8608 29785
29785 8627
29786 29790
29786 29791
29786 29793
29786 29802
29786 29805
29786 29806
29786 29813
29786 29943
29786 32873
32874 29786
32927 29786
29786 7674
29786 8346
8608 29786
29786 8627
29790 29791
29790 29793
29790 29802
29790 29806
29790 29813
32874 29790
29790 32927
29790 7674
8346 29790
29791 29793
29791 29802
29791 29805
29791 29806
29791 29813
29791 29943
29791 32873
32874 29791
29791 32927
29791 7674
29791 8346
8608 29791
29791 8627
29806 29793
32874 29793
32927 29793
7674 29793
8346 29793
8608 29793
29806 29802
32874 29802
32927 29802
7674 29802
8346 29802
8608 29802
29806 29805
32927 29805
7674 29805
8346 29805
29805 8627
29806 29813
29806 29943
29806 32873
32874 29806
32927 29806
29806 7674
29806 8346
8608 29806
29806 8627
32874 29813
32927 29813
7674 29813
8346 29813
8608 29813
32874 29943
32927 29943
7674 29943
8346 29943
8608 29943
32874 32873
32927 32873
7674 32873
32873 8346
32873 8608
32873 8627
32874 32927
32874 7674
32874 8346
8608 32874
32874 8627
32927 7674
32927 8346
8608 32927
32927 8627
7674 8346
8608 7674
7674 8627
8608 8346
8346 8627
8608 8627
1:
10354 172
10354 29794
10354 29796
10354 29810
10354 29821
10354 32864
10354 32873
10354 32874
10354 7659
10354 8346
10354 8361
10354 8608
10354 8627
10354 9947
172 29794
172 29796
172 29810
172 29821
172 32864
172 32873
172 32874
172 7659
172 8346
8361 172
8608 172
172 8627
172 9947
32864 29794
29794 32873
32874 29794
29794 8346
8361 29794
8608 29794
8627 29794
32864 29796
32874 29796
7659 29796
8346 29796
8361 29796
8608 29796
8627 29796
32864 29810
32874 29810
7659 29810
8346 29810
8361 29810
8608 29810
8627 29810
29821 32873
32874 29821
7659 29821
29821 8346
8361 29821
8608 29821
29821 8627
29821 9947
32864 32873
32864 32874
32864 7659
32864 8346
8361 32864
8608 32864
32864 8627
32864 9947
32874 32873
7659 32873
32873 8346
8361 32873
32873 8608
32873 8627
32873 9947
32874 7659
32874 8346
32874 8361
8608 32874
32874 8627
32874 9947
7659 8346
7659 8361
8608 7659
7659 8627
7659 9947
8361 8346
8608 8346
8346 8627
8346 9947
8361 8608
8361 8627
8361 9947
8608 8627
8608 9947
8627 9947
2:
2965 2913
2913 10257
2913 2844
2913 2912
2913 2930
2913 2936
2913 2956
2913 2966
2913 2988
2913 2998
123 2913
2896 2913
2957 2913
3385 2913
3387 2913
2965 2844
2965 2912
2965 2930
2965 2936
2965 2956
2965 2966
2965 2988
2965 2998
2965 123
2965 2896
2965 2944
2965 2954
2965 2957
2965 3385
2965 3387
10257 2844
10257 2930
10257 2936
10257 2956
10257 2966
10257 2988
10257 2998
2957 10257
3385 10257
3387 10257
2844 2912
2844 2930
2844 2936
2844 2956
2844 2998
123 2844
2896 2844
2844 2944
2957 2844
3385 2844
3387 2844
2912 2930
2912 2936
2912 2956
2912 2966
2988 2912
2912 2998
123 2912
2896 2912
2912 2944
3385 2912
2930 2936
2930 2956
2930 2966
2930 2988
2930 2998
123 2930
2896 2930
2930 2944
2930 2954
2930 2957
3385 2930
2930 3387
2936 2956
2936 2966
2936 2988
2936 2998
123 2936
2896 2936
2936 2944
2936 2954
2936 2957
3385 2936
3387 2936
2956 2966
2956 2988
2956 2998
123 2956
2896 2956
2956 2944
2954 2956
2957 2956
3385 2956
3387 2956
2966 2998
123 2966
2896 2966
2957 2966
3385 2966
3387 2966
2988 2998
123 2988
2896 2988
2988 2957
3385 2988
3387 2988
123 2998
2896 2998
2998 2944
2954 2998
2957 2998
3385 2998
3387 2998
123 2896
123 2944
123 2954
123 2957
123 3385
123 3387
2896 2944
2896 2957
2957 2944
3385 2944
3387 2944
2957 2954
3385 2954
3387 2954
2957 3385
3387 2957
3385 3387
3:
251 10388
251 17781
251 277
251 322
251 401
251 8336
251 8349
10354 251
251 172
312 251
7659 251
251 8361
8608 251
251 8627
10388 17781
10388 277
10388 322
10388 401
10388 8336
10388 8349
10354 10388
312 10388
10388 7659
8361 10388
17781 277
17781 322
17781 401
17781 8336
17781 8349
10354 17781
172 17781
312 17781
7659 17781
8361 17781
17781 8608
277 322
277 401
277 8336
277 8349
10354 277
172 277
312 277
277 7659
277 8361
277 8608
8627 277
322 401
8336 322
322 8349
10354 322
172 322
312 322
7659 322
8361 322
8608 322
8349 401
10354 401
401 312
401 8361
401 8608
8336 8349
10354 8336
172 8336
312 8336
7659 8336
8361 8336
8336 8608
8336 8627
10354 8349
312 8349
8349 7659
8361 8349
8608 8349
8349 8627
10354 172
10354 312
10354 7659
10354 8361
10354 8608
10354 8627
172 7659
8361 172
8608 172
312 7659
312 8361
312 8608
312 8627
7659 8361
8608 7659
7659 8627
8361 8608
8361 8627
8608 8627
4:
2965 1811
2965 3163
2965 419
2965 422
2965 1522
2965 1523
2965 4820
2965 1178
2965 1524
2965 1525
2965 123
2965 2896
2965 3837
2965 3842
2965 4033
1811 3163
1811 419
1811 422
1811 1522
1811 1523
1811 1178
123 1811
2896 1811
3163 419
3163 422
3163 1522
3163 1523
3163 1178
3163 1524
3163 1525
123 3163
2896 3163
3837 3163
3842 3163
419 422
419 1522
419 1523
4820 419
419 1178
419 1524
419 1525
419 123
2896 419
3837 419
3842 419
419 4033
422 1522
422 1523
422 4820
422 1178
422 1524
422 1525
422 123
2896 422
3842 422
4033 422
1522 1523
1522 4820
1522 1178
1522 1524
1522 1525
123 1522
2896 1522
3837 1522
3842 1522
4033 1522
4820 1523
1178 1523
1523 1524
123 1523
2896 1523
3837 1523
3842 1523
4033 1523
1178 4820
4820 1524
4820 1525
123 4820
2896 4820
4033 4820
1178 1524
1178 1525
123 1178
2896 1178
1525 1524
123 1524
2896 1524
3837 1524
3842 1524
4033 1524
123 1525
2896 1525
3837 1525
3842 1525
4033 1525
123 2896
123 3837
123 3842
123 4033
2896 3837
2896 3842
2896 4033
3837 3842
5:
3121 2930
3121 3848
3121 3860
3121 4036
3121 3585
3121 3905
5560 3121
3735 3121
19115 3121
19136 3121
4046 3121
2930 3848
2930 3860
2930 4036
2930 3585
2930 3905
3735 2930
19136 2930
4046 2930
3848 3860
4036 3848
3585 3848
3905 3848
5560 3848
3735 3848
19115 3848
19136 3848
4046 3848
4036 3860
3585 3860
3905 3860
5560 3860
3735 3860
19115 3860
19136 3860
4046 3860
4036 3585
4036 3905
5560 4036
3735 4036
19115 4036
4036 19136
4046 4036
3585 3905
5560 3585
3735 3585
19115 3585
3585 19136
4046 3585
3905 5560
3905 3735
3905 19115
3905 19136
3905 4046
5560 3735
5560 19115
5560 19136
5560 4046
3735 19115
3735 19136
3735 4046
19115 19136
19115 4046
19136 4046
6:
2965 4064
2965 3987
2965 3699
2965 123
2965 2896
2965 3886
2965 3905
2965 3975
2965 5560
4064 3987
4064 3699
123 4064
2896 4064
4064 3886
3905 4064
4064 3975
5560 4064
3987 3699
123 3987
2896 3987
3886 3987
3987 3905
3987 3975
5560 3987
123 3699
2896 3699
3886 3699
3905 3699
3975 3699
5560 3699
123 2896
123 3886
123 3905
123 3975
123 5560
2896 3886
2896 3905
2896 3975
2896 5560
3905 3886
3886 3975
5560 3886
3905 3975
3905 5560
5560 3975
7:
3987 3699
3886 3987
3987 3905
3987 3975
5560 3987
3735 3987
19115 3987
19136 3987
4046 3987
3886 3699
3905 3699
3975 3699
5560 3699
3735 3699
19115 3699
19136 3699
4046 3699
3905 3886
3886 3975
5560 3886
3735 3886
19115 3886
19136 3886
4046 3886
3905 3975
3905 5560
3905 3735
3905 19115
3905 19136
3905 4046
5560 3975
3735 3975
19115 3975
3975 19136
4046 3975
5560 3735
5560 19115
5560 19136
5560 4046
3735 19115
3735 19136
3735 4046
19115 19136
19115 4046
19136 4046
8:
142 2965
142 2969
2701 142
1811 142
142 969
142 419
142 422
142 457
142 123
142 143
142 2606
2896 142
2919 142
142 446
142 766
1311 142
2965 2969
2965 2701
2965 1811
2965 969
2965 419
2965 422
2965 457
2965 123
2965 143
2965 2606
2965 2896
2965 2919
2965 446
2965 766
2969 419
2969 422
2969 457
123 2969
2969 143
2969 2606
2896 2969
2919 2969
2969 446
1311 2969
2701 1811
2701 969
123 2701
2701 2606
2896 2701
2919 2701
2701 766
1811 969
1811 419
1811 422
1811 457
123 1811
1811 143
1811 2606
2896 1811
2919 1811
1811 766
969 419
969 422
969 457
123 969
969 143
969 2606
2896 969
2919 969
969 766
419 422
419 457
419 123
419 143
419 2606
2896 419
2919 419
419 446
1311 419
422 457
422 123
422 143
422 2606
2896 422
2919 422
422 446
422 766
1311 422
123 457
143 457
2606 457
2896 457
446 457
1311 457
123 143
123 2606
123 2896
123 2919
123 446
123 766
1311 123
143 2606
2896 143
2919 143
143 446
1311 143
2896 2606
2606 2919
2606 446
2606 766
1311 2606
2896 2919
2896 766
2919 766
1311 446
9:
2965 1811
2965 422
2965 123
2965 2516
2965 2606
2965 2896
2965 2919
2965 3147
2965 766
1811 422
123 1811
1811 2516
1811 2606
2896 1811
2919 1811
1811 3147
1811 766
422 123
422 2516
422 2606
2896 422
2919 422
3147 422
422 766
123 2516
123 2606
123 2896
123 2919
123 3147
123 766
2606 2516
2896 2516
2919 2516
3147 2516
2516 766
2896 2606
2606 2919
2606 3147
2606 766
2896 2919
2896 3147
2896 766
2919 3147
2919 766
3147 766
