# The links inside the directed communities at k=3
# from /Users/bogna/dev/role-mining/datasets/enron/timeslots/08-filtered3.edges
# at no lower link weight threshold,
# and at no upper link weight threshold.
# Links were treated as directed.
# No time limit was set for the clique search.

0:
00006 00013
00006 00065
00006 00067
00006 00107
00109 00006
00027 00006
00065 00013
00013 00067
00013 00033
00013 00076
00065 00067
00107 00065
00065 00075
00065 00014
00065 00076
00023 00065
00065 00027
00065 00051
00065 00054
00127 00065
00151 00065
00033 00067
00023 00107
00107 00073
00038 00107
00109 00107
00051 00107
00054 00107
00092 00107
00127 00107
00151 00107
00007 00075
00076 00007
00033 00075
00075 00076
00075 00038
00010 00017
00127 00010
00014 00023
00014 00073
00027 00014
00017 00038
00127 00017
00077 00017
00033 00076
00033 00038
00023 00073
00023 00027
00023 00051
00023 00054
00023 00069
00127 00023
00073 00038
00073 00051
00073 00054
00073 00069
00073 00151
00127 00038
00109 00051
00109 00054
00109 00092
00127 00109
00051 00054
00051 00069
00051 00092
00051 00066
00051 00127
00051 00151
00066 00054
00127 00054
00151 00054
00083 00054
00127 00069
00092 00044
00127 00092
00092 00083
00092 00039
00127 00044
00066 00127
00151 00066
00066 00068
00127 00151
00127 00068
00127 00077
00127 00083
00127 00039
00127 00124
00083 00039
00083 00124
1:
00077 00118
00101 00077
00118 00101
2:
00086 00130
00086 00133
00130 00133
3:
00127 00128
00127 00105
00128 00105
4:
00002 00019
00002 00020
00002 00070
00002 00141
00028 00002
00019 00020
00019 00070
00019 00141
00019 00018
00019 00028
00020 00070
00020 00141
00020 00028
00070 00141
00028 00070
00018 00141
00028 00141
00018 00028
