# The links inside the directed communities at k=10
# from /Users/bogna/dev/role-mining/datasets/hepth/timeslots/cit-HepTh-1999.edges
# at no lower link weight threshold,
# and at no upper link weight threshold.
# Links were treated as directed.
# No time limit was set for the clique search.

0:
9901101 9811035
9901106 9811035
9902074 9811035
9902095 9811035
9902196 9811035
9903128 9811035
9903186 9811035
9906055 9811035
9906081 9811035
9906101 9811035
9906220 9811035
9906234 9811035
9912257 9811035
9901101 9812089
9901106 9812089
9902074 9812089
9902095 9812089
9902196 9812089
9903128 9812089
9903186 9812089
9906055 9812089
9906081 9812089
9906101 9812089
9906220 9812089
9906234 9812089
9912257 9812089
9901106 9901101
9902074 9901101
9902095 9901101
9902196 9901101
9903128 9901101
9903186 9901101
9906055 9901101
9906081 9901101
9906101 9901101
9906220 9901101
9906234 9901101
9912257 9901101
9902095 9901106
9902196 9901106
9903128 9901106
9906081 9901106
9906101 9901106
9906220 9901106
9906234 9901106
9912257 9901106
9902095 9902074
9903186 9902074
9906055 9902074
9906081 9902074
9906101 9902074
9906220 9902074
9906234 9902074
9912257 9902074
9902196 9902095
9903128 9902095
9906055 9902095
9906081 9902095
9906101 9902095
9906220 9902095
9906234 9902095
9912257 9902095
9903128 9902196
9906055 9902196
9906081 9902196
9906101 9902196
9906220 9902196
9906234 9902196
9912257 9902196
9906081 9903128
9906101 9903128
9906220 9903128
9906234 9903128
9906055 9903186
9906081 9903186
9906101 9903186
9906220 9903186
9906234 9903186
9912257 9903186
9906081 9906055
9906101 9906055
9906220 9906055
9906234 9906055
9912257 9906055
9906101 9906081
9906220 9906081
9906234 9906081
9912257 9906081
9906220 9906101
9906234 9906101
9912257 9906101
9906234 9906220
9912257 9906220
9912257 9906234
1:
9908142 9711165
9907166 9711165
9908056 9711165
9908134 9711165
9909085 9711165
9909215 9711165
9910019 9711165
9910092 9711165
9911169 9711165
9912165 9711165
9908142 9907166
9908142 9908056
9908142 9908134
9909085 9908142
9909215 9908142
9910019 9908142
9910092 9908142
9911169 9908142
9912165 9908142
9908056 9907166
9908134 9907166
9909085 9907166
9909215 9907166
9910019 9907166
9910092 9907166
9911169 9907166
9912165 9907166
9908134 9908056
9909085 9908056
9909215 9908056
9910019 9908056
9910092 9908056
9911169 9908056
9912165 9908056
9909085 9908134
9909215 9908134
9910019 9908134
9910092 9908134
9911169 9908134
9912165 9908134
9909215 9909085
9910019 9909085
9910092 9909085
9911169 9909085
9912165 9909085
9910019 9909215
9910092 9909215
9911169 9909215
9912165 9909215
9910092 9910019
9911169 9910019
9910092 9911169
9912165 9910092
9912165 9911169
2:
9902125 9802109
9902155 9802109
9903026 9802109
9903091 9802109
9903109 9802109
9905081 9802109
9905111 9802109
9905200 9802109
9906216 9802109
9902125 9802150
9902155 9802150
9903026 9802150
9903091 9802150
9903109 9802150
9905081 9802150
9905111 9802150
9905200 9802150
9906216 9802150
9902125 9803002
9902155 9803002
9903026 9803002
9903091 9803002
9903109 9803002
9905081 9803002
9905111 9803002
9905200 9803002
9906216 9803002
9902155 9902125
9903026 9902125
9903091 9902125
9903109 9902125
9905081 9902125
9905111 9902125
9905200 9902125
9906216 9902125
9903026 9902155
9903091 9902155
9903109 9902155
9905081 9902155
9905111 9902155
9905200 9902155
9906216 9902155
9903091 9903026
9903109 9903026
9905081 9903026
9905111 9903026
9905200 9903026
9906216 9903026
9903109 9903091
9905081 9903091
9905111 9903091
9905200 9903091
9906216 9903091
9905081 9903109
9905111 9903109
9905200 9903109
9906216 9903109
9905111 9905081
9905200 9905081
9906216 9905081
9905200 9905111
9906216 9905111
9906216 9905200
