# The links inside the directed communities at k=9
# from /Users/bogna/dev/role-mining/datasets/hepth/timeslots/cit-HepTh-1997.edges
# at no lower link weight threshold,
# and at no upper link weight threshold.
# Links were treated as directed.
# No time limit was set for the clique search.

0:
9703060 9602022
9703123 9602022
9703214 9602022
9704054 9602022
9704057 9602022
9705205 9602022
9707215 9602022
9708064 9602022
9710066 9602022
9710141 9602022
9711127 9602022
9703060 9602049
9703123 9602049
9703214 9602049
9704054 9602049
9704057 9602049
9705205 9602049
9707215 9602049
9708064 9602049
9710066 9602049
9710141 9602049
9711127 9602049
9703060 9604139
9703123 9604139
9704054 9604139
9704057 9604139
9705205 9604139
9707215 9604139
9708064 9604139
9710066 9604139
9710141 9604139
9711127 9604139
9703060 9607112
9703123 9607112
9704054 9607112
9704057 9607112
9705205 9607112
9707215 9607112
9708064 9607112
9710066 9607112
9710141 9607112
9711127 9607112
9703060 9607185
9703123 9607185
9703214 9607185
9704054 9607185
9704057 9607185
9705205 9607185
9707215 9607185
9708064 9607185
9710066 9607185
9710141 9607185
9711127 9607185
9703060 9612119
9703123 9612119
9704054 9612119
9704057 9612119
9705205 9612119
9707215 9612119
9708064 9612119
9710066 9612119
9710141 9612119
9711127 9612119
9703123 9703060
9703214 9703060
9704054 9703060
9704057 9703060
9705205 9703060
9707215 9703060
9708064 9703060
9710066 9703060
9710141 9703060
9711127 9703060
9703214 9703123
9704054 9703123
9704057 9703123
9705205 9703123
9707215 9703123
9708064 9703123
9710066 9703123
9710141 9703123
9711127 9703123
9704057 9703214
9705205 9703214
9707215 9703214
9708064 9703214
9710066 9703214
9710141 9703214
9711127 9703214
9705205 9704054
9707215 9704054
9708064 9704054
9710066 9704054
9710141 9704054
9711127 9704054
9705205 9704057
9707215 9704057
9708064 9704057
9710066 9704057
9711127 9704057
9707215 9705205
9708064 9705205
9710066 9705205
9710141 9705205
9711127 9705205
9708064 9707215
9710066 9707215
9710141 9707215
9711127 9707215
9710066 9708064
9710141 9708064
9711127 9708064
9710141 9710066
9711127 9710066
9711127 9710141
1:
9704177 9603142
9705037 9603142
9707143 9603142
9707208 9603142
9707223 9603142
9709043 9603142
9710208 9603142
9711158 9603142
9711197 9603142
9712022 9603142
9704177 9608019
9705037 9608019
9707143 9608019
9707208 9608019
9707223 9608019
9709043 9608019
9711158 9608019
9712022 9608019
9705037 9704177
9707143 9704177
9707208 9704177
9707223 9704177
9709043 9704177
9710208 9704177
9711158 9704177
9711197 9704177
9712022 9704177
9707143 9705037
9707208 9705037
9707223 9705037
9709043 9705037
9711158 9705037
9712022 9705037
9707208 9707143
9707223 9707143
9709043 9707143
9710208 9707143
9711158 9707143
9711197 9707143
9712022 9707143
9707223 9707208
9709043 9707208
9710208 9707208
9711158 9707208
9711197 9707208
9712022 9707208
9709043 9707223
9710208 9707223
9711158 9707223
9711197 9707223
9712022 9707223
9710208 9709043
9711158 9709043
9711197 9709043
9712022 9709043
9711158 9710208
9711197 9710208
9712022 9710208
9711197 9711158
9712022 9711158
2:
9705091 9608024
9705188 9608024
9706072 9608024
9709087 9608024
9709122 9608024
9710009 9608024
9710174 9608024
9710178 9608024
9710219 9608024
9710231 9608024
9711078 9608024
9712013 9608024
9712077 9608024
9712159 9608024
9712185 9608024
9704029 9610043
9704080 9610043
9705091 9610043
9705188 9610043
9706072 9610043
9708063 9610043
9709087 9610043
9709122 9610043
9709220 9610043
9710009 9610043
9710174 9610043
9710178 9610043
9710219 9610043
9710231 9610043
9711031 9610043
9711037 9610043
9711078 9610043
9712013 9610043
9712077 9610043
9712159 9610043
9712185 9610043
9712238 9610043
9704080 9704029
9705091 9704029
9705188 9704029
9706072 9704029
9709087 9704029
9709122 9704029
9711031 9704029
9711078 9704029
9712077 9704029
9712159 9704029
9705091 9704080
9705188 9704080
9706072 9704080
9708063 9704080
9709087 9704080
9709122 9704080
9709220 9704080
9710009 9704080
9710174 9704080
9710178 9704080
9710231 9704080
9711031 9704080
9711037 9704080
9711078 9704080
9712013 9704080
9712077 9704080
9712159 9704080
9712185 9704080
9712238 9704080
9705188 9705091
9706072 9705091
9708063 9705091
9709087 9705091
9709122 9705091
9709220 9705091
9711031 9705091
9711078 9705091
9712013 9705091
9712077 9705091
9712159 9705091
9712185 9705091
9712238 9705091
9706072 9705188
9708063 9705188
9709087 9705188
9709122 9705188
9711031 9705188
9711078 9705188
9712013 9705188
9712077 9705188
9712159 9705188
9712185 9705188
9708063 9706072
9709087 9706072
9709122 9706072
9709220 9706072
9710009 9706072
9710174 9706072
9710178 9706072
9710219 9706072
9710231 9706072
9711031 9706072
9711037 9706072
9711078 9706072
9712013 9706072
9712077 9706072
9712159 9706072
9712185 9706072
9712238 9706072
9709122 9708063
9711031 9708063
9712013 9708063
9712077 9708063
9712238 9708063
9709122 9709087
9710174 9709087
9711031 9709087
9711078 9709087
9712013 9709087
9712077 9709087
9712159 9709087
9712185 9709087
9712013 9709122
9712077 9709122
9712185 9709122
9710009 9709220
9710178 9709220
9710219 9709220
9710231 9709220
9711031 9709220
9711037 9709220
9711078 9709220
9712013 9709220
9712077 9709220
9712159 9709220
9712185 9709220
9710174 9710009
9710178 9710009
9710219 9710009
9710231 9710009
9711031 9710009
9711037 9710009
9711078 9710009
9712013 9710009
9712077 9710009
9712159 9710009
9712185 9710009
9710178 9710174
9710219 9710174
9710231 9710174
9711031 9710174
9711037 9710174
9711078 9710174
9712013 9710174
9712077 9710174
9712159 9710174
9712185 9710174
9712238 9710174
9710219 9710178
9710231 9710178
9711031 9710178
9711037 9710178
9711078 9710178
9712013 9710178
9712077 9710178
9712159 9710178
9712185 9710178
9712238 9710178
9711031 9710219
9711037 9710219
9711078 9710219
9712013 9710219
9712077 9710219
9712159 9710219
9712185 9710219
9711031 9710231
9711078 9710231
9712013 9710231
9712159 9710231
9712185 9710231
9712013 9711031
9712077 9711031
9712238 9711031
9711078 9711037
9712013 9711037
9712077 9711037
9712159 9711037
9712185 9711037
9712238 9711037
9712159 9711078
9712185 9711078
9712077 9712013
9712159 9712013
9712185 9712013
9712238 9712013
9712159 9712077
9712185 9712077
9712238 9712077
9712185 9712159
3:
9702014 9611230
9702154 9702014
9703110 9702014
9703172 9702014
9703215 9702014
9704043 9702014
9704104 9702014
9704170 9702014
9702154 9611230
9703110 9611230
9703172 9611230
9703215 9611230
9704043 9611230
9704104 9611230
9704170 9611230
9703110 9702154
9703172 9702154
9703215 9702154
9704043 9702154
9704104 9702154
9704170 9702154
9703172 9703110
9703215 9703110
9704043 9703110
9704104 9703110
9704170 9703110
9703215 9703172
9704043 9703172
9704104 9703172
9704170 9703172
9704043 9703215
9704104 9703215
9704170 9703215
9704104 9704043
9704170 9704043
9704170 9704104
4:
9702180 9407087
9703166 9407087
9703210 9407087
9704104 9407087
9704170 9407087
9704198 9407087
9705199 9407087
9705232 9407087
9706050 9407087
9706082 9407087
9706087 9407087
9706109 9407087
9706131 9407087
9706155 9407087
9707244 9407087
9707247 9407087
9707251 9407087
9707258 9407087
9708044 9407087
9708068 9407087
9708118 9407087
9708122 9407087
9708127 9407087
9708134 9407087
9708168 9407087
9709010 9407087
9709096 9407087
9711083 9407087
9711102 9407087
9711143 9407087
9712005 9407087
9712172 9407087
9703210 9408099
9704104 9408099
9704170 9408099
9704198 9408099
9705199 9408099
9705232 9408099
9706050 9408099
9706082 9408099
9707192 9408099
9707244 9408099
9707247 9408099
9708044 9408099
9708118 9408099
9708122 9408099
9708168 9408099
9712005 9408099
9712172 9408099
9701015 9411149
9702014 9411149
9702180 9411149
9703051 9411149
9703210 9411149
9704043 9411149
9704044 9411149
9704061 9411149
9704104 9411149
9704170 9411149
9704198 9411149
9705003 9411149
9705004 9411149
9705106 9411149
9705148 9411149
9705199 9411149
9706082 9411149
9706127 9411149
9707027 9411149
9707192 9411149
9707258 9411149
9708015 9411149
9708082 9411149
9708127 9411149
9708168 9411149
9709096 9411149
9712005 9411149
9702180 9503179
9703210 9503179
9704061 9503179
9704104 9503179
9704198 9503179
9705004 9503179
9705106 9503179
9707027 9503179
9708082 9503179
9708168 9503179
9709096 9503179
9701015 9611090
9701015 9612052
9702014 9701015
9702180 9701015
9703051 9701015
9704044 9701015
9704061 9701015
9704104 9701015
9705003 9701015
9705004 9701015
9705022 9701015
9705106 9701015
9705220 9701015
9705232 9701015
9706047 9701015
9706127 9701015
9707244 9701015
9708015 9701015
9708041 9701015
9708082 9701015
9708122 9701015
9702180 9505006
9704061 9505006
9704104 9505006
9704198 9505006
9705004 9505006
9705106 9505006
9707027 9505006
9708082 9505006
9708127 9505006
9703210 9611050
9704104 9611050
9704198 9611050
9705199 9611050
9706109 9611050
9707247 9611050
9708015 9611050
9708082 9611050
9708118 9611050
9708168 9611050
9704044 9611090
9704061 9611090
9705004 9611090
9705106 9611090
9706047 9611090
9706127 9611090
9707027 9611090
9707192 9611090
9707244 9611090
9708015 9611090
9708082 9611090
9708122 9611090
9702014 9612052
9702180 9612052
9703051 9612052
9704044 9612052
9704061 9612052
9704104 9612052
9705003 9612052
9705004 9612052
9705106 9612052
9705199 9612052
9705220 9612052
9705232 9612052
9706047 9612052
9706127 9612052
9707027 9612052
9707244 9612052
9708015 9612052
9708041 9612052
9708082 9612052
9708122 9612052
9711030 9612052
9702014 9505004
9704043 9505004
9704044 9505004
9704061 9505004
9704104 9505004
9704198 9505004
9705004 9505004
9705106 9505004
9707027 9505004
9708044 9505004
9704043 9506148
9704061 9506148
9704104 9506148
9704198 9506148
9705004 9506148
9705106 9506148
9706047 9506148
9707027 9506148
9702014 9503086
9704043 9503086
9704044 9503086
9704061 9503086
9704104 9503086
9704198 9503086
9705004 9503086
9705106 9503086
9707027 9503086
9708044 9503086
9702014 9611230
9702154 9702014
9702180 9702014
9703051 9702014
9703110 9702014
9703166 9702014
9703210 9702014
9704043 9702014
9704044 9702014
9704061 9702014
9704104 9702014
9704170 9702014
9704198 9702014
9705003 9702014
9705004 9702014
9705022 9702014
9705106 9702014
9705148 9702014
9705199 9702014
9705220 9702014
9705232 9702014
9706047 9702014
9706050 9702014
9706082 9702014
9706109 9702014
9706127 9702014
9706131 9702014
9706155 9702014
9707027 9702014
9707192 9702014
9707244 9702014
9707247 9702014
9707258 9702014
9708015 9702014
9708041 9702014
9708044 9702014
9708082 9702014
9708118 9702014
9708122 9702014
9708127 9702014
9708134 9702014
9708168 9702014
9709096 9702014
9709211 9702014
9710020 9702014
9710116 9702014
9711030 9702014
9711083 9702014
9711102 9702014
9711143 9702014
9712005 9702014
9712029 9702014
9712135 9702014
9712143 9702014
9712149 9702014
9712172 9702014
9712193 9702014
9702154 9611230
9702180 9611230
9703051 9611230
9703110 9611230
9703166 9611230
9703210 9611230
9704043 9611230
9704044 9611230
9704061 9611230
9704104 9611230
9704170 9611230
9704198 9611230
9705004 9611230
9705022 9611230
9705031 9611230
9705106 9611230
9705148 9611230
9705199 9611230
9705220 9611230
9705232 9611230
9706047 9611230
9706050 9611230
9706082 9611230
9706087 9611230
9706109 9611230
9706127 9611230
9706131 9611230
9706155 9611230
9707027 9611230
9707192 9611230
9707244 9611230
9707247 9611230
9707258 9611230
9708015 9611230
9708041 9611230
9708044 9611230
9708082 9611230
9708118 9611230
9708122 9611230
9708127 9611230
9708134 9611230
9708168 9611230
9709010 9611230
9709096 9611230
9709211 9611230
9710020 9611230
9710116 9611230
9711030 9611230
9711083 9611230
9711102 9611230
9711143 9611230
9712005 9611230
9712029 9611230
9712135 9611230
9712143 9611230
9712149 9611230
9712172 9611230
9712193 9611230
9702154 9611063
9704044 9611063
9704104 9611063
9705220 9611063
9708127 9611063
9709096 9611063
9711143 9611063
9712005 9611063
9712149 9611063
9703166 9702154
9704043 9702154
9704044 9702154
9704104 9702154
9704170 9702154
9705199 9702154
9705220 9702154
9706047 9702154
9706050 9702154
9706082 9702154
9706109 9702154
9706127 9702154
9706131 9702154
9707192 9702154
9707244 9702154
9707247 9702154
9708015 9702154
9708044 9702154
9708082 9702154
9708122 9702154
9708127 9702154
9708134 9702154
9708168 9702154
9709096 9702154
9711030 9702154
9711102 9702154
9711143 9702154
9712005 9702154
9712149 9702154
9702180 9612131
9703051 9702180
9704043 9702180
9704044 9702180
9704061 9702180
9704104 9702180
9704170 9702180
9704198 9702180
9705003 9702180
9705004 9702180
9705022 9702180
9705106 9702180
9705199 9702180
9705220 9702180
9705232 9702180
9706047 9702180
9706050 9702180
9706082 9702180
9706127 9702180
9707027 9702180
9707192 9702180
9707244 9702180
9708015 9702180
9708041 9702180
9708044 9702180
9708082 9702180
9708122 9702180
9708127 9702180
9708168 9702180
9709096 9702180
9710020 9702180
9711083 9702180
9712005 9702180
9712149 9702180
9703166 9612131
9704043 9612131
9704044 9612131
9704104 9612131
9705199 9612131
9705220 9612131
9706047 9612131
9706082 9612131
9707192 9612131
9708044 9612131
9708127 9612131
9708168 9612131
9709096 9612131
9711143 9612131
9712005 9612131
9712149 9612131
9703110 9703051
9703210 9703051
9704043 9703051
9704044 9703051
9704104 9703051
9704170 9703051
9704198 9703051
9705003 9703051
9705022 9703051
9705106 9703051
9705148 9703051
9706047 9703051
9706050 9703051
9706109 9703051
9706127 9703051
9706131 9703051
9707027 9703051
9707192 9703051
9707244 9703051
9707247 9703051
9707258 9703051
9708015 9703051
9708041 9703051
9708044 9703051
9708082 9703051
9708118 9703051
9708122 9703051
9708127 9703051
9708134 9703051
9708168 9703051
9711030 9703051
9711102 9703051
9712005 9703051
9712135 9703051
9712149 9703051
9712172 9703051
9704043 9703110
9704104 9703110
9704170 9703110
9707244 9703110
9708041 9703110
9703210 9703166
9704043 9703166
9704044 9703166
9704104 9703166
9704170 9703166
9704198 9703166
9705022 9703166
9705031 9703166
9705199 9703166
9705220 9703166
9705232 9703166
9706047 9703166
9706050 9703166
9706082 9703166
9706087 9703166
9706109 9703166
9706127 9703166
9706131 9703166
9706155 9703166
9707027 9703166
9707192 9703166
9707244 9703166
9707247 9703166
9707251 9703166
9707258 9703166
9708015 9703166
9708041 9703166
9708044 9703166
9708068 9703166
9708082 9703166
9708118 9703166
9708122 9703166
9708127 9703166
9708134 9703166
9708168 9703166
9709010 9703166
9709096 9703166
9709211 9703166
9710020 9703166
9710116 9703166
9711030 9703166
9711083 9703166
9711102 9703166
9711143 9703166
9712005 9703166
9712029 9703166
9712135 9703166
9712143 9703166
9712149 9703166
9712172 9703166
9712193 9703166
9704043 9703210
9704044 9703210
9704061 9703210
9704104 9703210
9704170 9703210
9704198 9703210
9705003 9703210
9705004 9703210
9705022 9703210
9705106 9703210
9705148 9703210
9705199 9703210
9705220 9703210
9705232 9703210
9706047 9703210
9706082 9703210
9706109 9703210
9706127 9703210
9706131 9703210
9706155 9703210
9707027 9703210
9707192 9703210
9707244 9703210
9707247 9703210
9708015 9703210
9708041 9703210
9708044 9703210
9708082 9703210
9708118 9703210
9708122 9703210
9708127 9703210
9708134 9703210
9708168 9703210
9709010 9703210
9709096 9703210
9710020 9703210
9711102 9703210
9712005 9703210
9712135 9703210
9712143 9703210
9712149 9703210
9712172 9703210
9712193 9703210
9704061 9704043
9704104 9704043
9704170 9704043
9704198 9704043
9705003 9704043
9705004 9704043
9705022 9704043
9705106 9704043
9705199 9704043
9705220 9704043
9705232 9704043
9706047 9704043
9706082 9704043
9706109 9704043
9706127 9704043
9706131 9704043
9707027 9704043
9707192 9704043
9707244 9704043
9707247 9704043
9708015 9704043
9708041 9704043
9708044 9704043
9708082 9704043
9708118 9704043
9708122 9704043
9708127 9704043
9708134 9704043
9708168 9704043
9709096 9704043
9710020 9704043
9711102 9704043
9712005 9704043
9712135 9704043
9712143 9704043
9712149 9704043
9712193 9704043
9704061 9704044
9704104 9704044
9704170 9704044
9704198 9704044
9705003 9704044
9705004 9704044
9705022 9704044
9705106 9704044
9705199 9704044
9705220 9704044
9705232 9704044
9706047 9704044
9706050 9704044
9706082 9704044
9706109 9704044
9706127 9704044
9706131 9704044
9707027 9704044
9707192 9704044
9707244 9704044
9708015 9704044
9708041 9704044
9708044 9704044
9708082 9704044
9708118 9704044
9708122 9704044
9708127 9704044
9708134 9704044
9708168 9704044
9709096 9704044
9710020 9704044
9711030 9704044
9711083 9704044
9711102 9704044
9712005 9704044
9712143 9704044
9712149 9704044
9704104 9704061
9704170 9704061
9704198 9704061
9705004 9704061
9705106 9704061
9705220 9704061
9705232 9704061
9706047 9704061
9706082 9704061
9706127 9704061
9707027 9704061
9707192 9704061
9707244 9704061
9708015 9704061
9708044 9704061
9708082 9704061
9708122 9704061
9708127 9704061
9709096 9704061
9710020 9704061
9712005 9704061
9712149 9704061
9704170 9704104
9704198 9704104
9705003 9704104
9705004 9704104
9705022 9704104
9705106 9704104
9705148 9704104
9705199 9704104
9705220 9704104
9705232 9704104
9706047 9704104
9706050 9704104
9706082 9704104
9706109 9704104
9706127 9704104
9706131 9704104
9707027 9704104
9707192 9704104
9707244 9704104
9707247 9704104
9708015 9704104
9708041 9704104
9708044 9704104
9708082 9704104
9708118 9704104
9708122 9704104
9708127 9704104
9708134 9704104
9708168 9704104
9709010 9704104
9709096 9704104
9710020 9704104
9710116 9704104
9711030 9704104
9711083 9704104
9711102 9704104
9711143 9704104
9712005 9704104
9712135 9704104
9712143 9704104
9712149 9704104
9712172 9704104
9712193 9704104
9704198 9704170
9705003 9704170
9705004 9704170
9705022 9704170
9705031 9704170
9705106 9704170
9705199 9704170
9705220 9704170
9706047 9704170
9706050 9704170
9706082 9704170
9706109 9704170
9706127 9704170
9706131 9704170
9707027 9704170
9707192 9704170
9707244 9704170
9708015 9704170
9708041 9704170
9708044 9704170
9708082 9704170
9708118 9704170
9708122 9704170
9708127 9704170
9708168 9704170
9709010 9704170
9709096 9704170
9710116 9704170
9711102 9704170
9712005 9704170
9712149 9704170
9705004 9704198
9705106 9704198
9705232 9704198
9706047 9704198
9706082 9704198
9706109 9704198
9706127 9704198
9706131 9704198
9707027 9704198
9707192 9704198
9707244 9704198
9707247 9704198
9708015 9704198
9708044 9704198
9708082 9704198
9708118 9704198
9708122 9704198
9708127 9704198
9708134 9704198
9708168 9704198
9709096 9704198
9710020 9704198
9711102 9704198
9712005 9704198
9712143 9704198
9712149 9704198
9705106 9705003
9705106 9705004
9705220 9705004
9705232 9705004
9706047 9705004
9706082 9705004
9706127 9705004
9707027 9705004
9707192 9705004
9707244 9705004
9708015 9705004
9708082 9705004
9708122 9705004
9708127 9705004
9709096 9705004
9710020 9705004
9712005 9705004
9712149 9705004
9705106 9705022
9706047 9705022
9706082 9705022
9706109 9705022
9706127 9705022
9706131 9705022
9707027 9705022
9707192 9705022
9707244 9705022
9708044 9705022
9708127 9705022
9708168 9705022
9709010 9705022
9709096 9705022
9710116 9705022
9711102 9705022
9712005 9705022
9712143 9705022
9712149 9705022
9705106 9705031
9706047 9705031
9706050 9705031
9706082 9705031
9706109 9705031
9706127 9705031
9707027 9705031
9707192 9705031
9707244 9705031
9708044 9705031
9708127 9705031
9708168 9705031
9709010 9705031
9709096 9705031
9710116 9705031
9712005 9705031
9712149 9705031
9705232 9705106
9706047 9705106
9706050 9705106
9706082 9705106
9706127 9705106
9707027 9705106
9707192 9705106
9707244 9705106
9708015 9705106
9708044 9705106
9708082 9705106
9708122 9705106
9708127 9705106
9708168 9705106
9709096 9705106
9710020 9705106
9712005 9705106
9712143 9705106
9712149 9705106
9705199 9705148
9706155 9705148
9707027 9705148
9708118 9705148
9708127 9705148
9709096 9705148
9712005 9705148
9712149 9705148
9706047 9705199
9706050 9705199
9706082 9705199
9706087 9705199
9706109 9705199
9706127 9705199
9706131 9705199
9707027 9705199
9707192 9705199
9707244 9705199
9707247 9705199
9707251 9705199
9708015 9705199
9708041 9705199
9708044 9705199
9708068 9705199
9708082 9705199
9708118 9705199
9708122 9705199
9708127 9705199
9708134 9705199
9708168 9705199
9709010 9705199
9709096 9705199
9710020 9705199
9711102 9705199
9712005 9705199
9712149 9705199
9712172 9705199
9712193 9705199
9706082 9705220
9707027 9705220
9708118 9705220
9708127 9705220
9709096 9705220
9710020 9705220
9711143 9705220
9712005 9705220
9712149 9705220
9706047 9705232
9706050 9705232
9706082 9705232
9706087 9705232
9706109 9705232
9706127 9705232
9706131 9705232
9707027 9705232
9707192 9705232
9707244 9705232
9707247 9705232
9708015 9705232
9708041 9705232
9708044 9705232
9708068 9705232
9708082 9705232
9708122 9705232
9708127 9705232
9708134 9705232
9708168 9705232
9709010 9705232
9709096 9705232
9710020 9705232
9711102 9705232
9712005 9705232
9712149 9705232
9712172 9705232
9712193 9705232
9706082 9706047
9706127 9706047
9707027 9706047
9707192 9706047
9707244 9706047
9708041 9706047
9708044 9706047
9708118 9706047
9708127 9706047
9708134 9706047
9708168 9706047
9709096 9706047
9710020 9706047
9712005 9706047
9712143 9706047
9712149 9706047
9706109 9706050
9706127 9706050
9706131 9706050
9707027 9706050
9707244 9706050
9708044 9706050
9708127 9706050
9708168 9706050
9711102 9706050
9712005 9706050
9712149 9706050
9706109 9706082
9706127 9706082
9706131 9706082
9707027 9706082
9707192 9706082
9707244 9706082
9707247 9706082
9707258 9706082
9708015 9706082
9708041 9706082
9708044 9706082
9708082 9706082
9708118 9706082
9708122 9706082
9708127 9706082
9708134 9706082
9708168 9706082
9709096 9706082
9709211 9706082
9710020 9706082
9710116 9706082
9711030 9706082
9711083 9706082
9711102 9706082
9711143 9706082
9712005 9706082
9712029 9706082
9712149 9706082
9712172 9706082
9712193 9706082
9707027 9706087
9707244 9706087
9707251 9706087
9708044 9706087
9708068 9706087
9708118 9706087
9708127 9706087
9708168 9706087
9709096 9706087
9711083 9706087
9711143 9706087
9712005 9706087
9712149 9706087
9706131 9706109
9707027 9706109
9707192 9706109
9707244 9706109
9707247 9706109
9707258 9706109
9708015 9706109
9708041 9706109
9708044 9706109
9708082 9706109
9708118 9706109
9708122 9706109
9708127 9706109
9708134 9706109
9708168 9706109
9709096 9706109
9709211 9706109
9710020 9706109
9710116 9706109
9711030 9706109
9711083 9706109
9711102 9706109
9711143 9706109
9712005 9706109
9712029 9706109
9712135 9706109
9712149 9706109
9712172 9706109
9712193 9706109
9707027 9706127
9707192 9706127
9707244 9706127
9707247 9706127
9708015 9706127
9708041 9706127
9708044 9706127
9708082 9706127
9708118 9706127
9708122 9706127
9708127 9706127
9708134 9706127
9708168 9706127
9709010 9706127
9709096 9706127
9709211 9706127
9710020 9706127
9711030 9706127
9711083 9706127
9711143 9706127
9712005 9706127
9712149 9706127
9712193 9706127
9707027 9706131
9708127 9706131
9709096 9706131
9712005 9706131
9712149 9706131
9707027 9706155
9707244 9706155
9708127 9706155
9708168 9706155
9709096 9706155
9712005 9706155
9712149 9706155
9707192 9707027
9707244 9707027
9708015 9707027
9708044 9707027
9708082 9707027
9708122 9707027
9708127 9707027
9708134 9707027
9708168 9707027
9709096 9707027
9711083 9707027
9712005 9707027
9712149 9707027
9708044 9707192
9708127 9707192
9708168 9707192
9709096 9707192
9710020 9707192
9711143 9707192
9712005 9707192
9712149 9707192
9708015 9707244
9708041 9707244
9708044 9707244
9708082 9707244
9708118 9707244
9708122 9707244
9708127 9707244
9708134 9707244
9708168 9707244
9709096 9707244
9711030 9707244
9711083 9707244
9712005 9707244
9712135 9707244
9712149 9707244
9712193 9707244
9708015 9707247
9708044 9707247
9708082 9707247
9708118 9707247
9708122 9707247
9708127 9707247
9708134 9707247
9708168 9707247
9709096 9707247
9711083 9707247
9712005 9707247
9712149 9707247
9712172 9707247
9708044 9707251
9708068 9707251
9708118 9707251
9708127 9707251
9708168 9707251
9709096 9707251
9711143 9707251
9712005 9707251
9712149 9707251
9712172 9707251
9708015 9707258
9708082 9707258
9708118 9707258
9708122 9707258
9708127 9707258
9708134 9707258
9708168 9707258
9709096 9707258
9711143 9707258
9712005 9707258
9712029 9707258
9712149 9707258
9712172 9707258
9712193 9707258
9708044 9708015
9708082 9708015
9708118 9708015
9708122 9708015
9708127 9708015
9708134 9708015
9708168 9708015
9709096 9708015
9711083 9708015
9711143 9708015
9712005 9708015
9712029 9708015
9712149 9708015
9712172 9708015
9712193 9708015
9711030 9708041
9712135 9708041
9708082 9708044
9708122 9708044
9708127 9708044
9708168 9708044
9709096 9708044
9711030 9708044
9711083 9708044
9711143 9708044
9712005 9708044
9712149 9708044
9712172 9708044
9712193 9708044
9708118 9708068
9708127 9708068
9708168 9708068
9709096 9708068
9711143 9708068
9712005 9708068
9712149 9708068
9708118 9708082
9708122 9708082
9708127 9708082
9708134 9708082
9708168 9708082
9709096 9708082
9711083 9708082
9711143 9708082
9712005 9708082
9712149 9708082
9712172 9708082
9712193 9708082
9708168 9708118
9709096 9708118
9712005 9708118
9712143 9708118
9712149 9708118
9712193 9708118
9708168 9708122
9709096 9708122
9711030 9708122
9712005 9708122
9712149 9708122
9708168 9708127
9709096 9708127
9711083 9708127
9711143 9708127
9712005 9708127
9712149 9708127
9712172 9708127
9712193 9708127
9708168 9708134
9709096 9708134
9711143 9708134
9712005 9708134
9712149 9708134
9712193 9708134
9709096 9708168
9711143 9708168
9712005 9708168
9712149 9708168
9712193 9708168
9709096 9709010
9710116 9709010
9712005 9709010
9712149 9709010
9711083 9709096
9711143 9709096
9712005 9709096
9712149 9709096
9712172 9709096
9712193 9709096
9711083 9709211
9711143 9709211
9712005 9709211
9712149 9709211
9712193 9709211
9712005 9710020
9712149 9710020
9712005 9710116
9712149 9710116
9711143 9711030
9712135 9711030
9711143 9711083
9712005 9711083
9712149 9711083
9712005 9711143
9712149 9711143
9712172 9711143
9712193 9711143
9712149 9712005
9712172 9712005
9712193 9712005
9712149 9712029
9712149 9712143
9712172 9712149
5:
9703030 9503124
9704041 9503124
9704158 9503124
9705055 9503124
9705113 9503124
9707099 9503124
9707164 9503124
9710231 9503124
9701025 9610043
9701139 9610043
9702101 9610043
9702136 9610043
9702187 9610043
9703030 9610043
9703102 9610043
9703218 9610043
9704018 9610043
9704041 9610043
9704080 9610043
9704087 9610043
9704089 9610043
9704123 9610043
9704158 9610043
9705055 9610043
9705113 9610043
9705188 9610043
9705221 9610043
9706168 9610043
9706194 9610043
9707019 9610043
9707099 9610043
9707164 9610043
9707217 9610043
9707250 9610043
9707259 9610043
9708037 9610043
9708085 9610043
9709139 9610043
9709220 9610043
9710009 9610043
9710165 9610043
9710231 9610043
9711082 9610043
9711179 9610043
9712012 9610043
9712047 9610043
9712049 9610043
9712075 9610043
9712084 9610043
9712168 9610043
9712179 9610043
9701025 9611042
9702101 9701025
9702187 9701025
9703030 9701025
9703102 9701025
9703218 9701025
9704018 9701025
9704041 9701025
9704080 9701025
9704089 9701025
9704123 9701025
9705113 9701025
9705188 9701025
9706168 9701025
9706194 9701025
9707019 9701025
9707164 9701025
9707217 9701025
9708034 9701025
9708037 9701025
9708085 9701025
9709139 9701025
9709220 9701025
9710165 9701025
9710231 9701025
9711082 9701025
9711179 9701025
9712049 9701025
9712075 9701025
9712179 9701025
9702101 9611042
9702136 9611042
9702187 9611042
9703030 9611042
9703102 9611042
9704018 9611042
9704080 9611042
9705221 9611042
9706194 9611042
9707217 9611042
9707259 9611042
9708034 9611042
9708037 9611042
9708085 9611042
9709139 9611042
9709220 9611042
9710009 9611042
9710165 9611042
9710231 9611042
9711179 9611042
9712047 9611042
9712075 9611042
9712084 9611042
9712168 9611042
9704089 9604055
9705221 9604055
9707217 9604055
9707250 9604055
9708037 9604055
9711179 9604055
9712047 9604055
9712075 9604055
9701139 9610082
9703218 9701139
9704041 9701139
9704158 9701139
9705055 9701139
9705113 9701139
9707099 9701139
9707164 9701139
9703218 9610082
9704041 9610082
9704158 9610082
9705055 9610082
9705113 9610082
9707099 9610082
9707164 9610082
9710231 9610082
9702101 9611164
9702136 9611164
9702187 9611164
9703030 9611164
9703102 9611164
9704123 9611164
9705055 9611164
9705113 9611164
9705221 9611164
9707099 9611164
9707164 9611164
9707217 9611164
9708037 9611164
9709139 9611164
9709220 9611164
9710231 9611164
9712084 9611164
9702136 9611202
9702187 9611202
9703030 9611202
9703102 9611202
9704087 9611202
9704089 9611202
9705221 9611202
9707217 9611202
9708037 9611202
9709139 9611202
9709220 9611202
9710231 9611202
9712049 9611202
9712084 9611202
9703218 9612162
9704041 9612162
9704158 9612162
9705055 9612162
9705113 9612162
9707099 9612162
9707164 9612162
9710231 9612162
9702136 9702101
9702187 9702101
9703030 9702101
9703102 9702101
9704018 9702101
9705055 9702101
9705113 9702101
9707099 9702101
9707164 9702101
9708037 9702101
9710231 9702101
9702187 9702136
9703102 9702136
9704087 9702136
9704089 9702136
9704123 9702136
9705055 9702136
9705113 9702136
9705175 9702136
9705221 9702136
9706168 9702136
9707164 9702136
9707217 9702136
9707259 9702136
9708037 9702136
9709139 9702136
9709220 9702136
9710009 9702136
9710165 9702136
9710231 9702136
9711179 9702136
9712012 9702136
9712047 9702136
9712049 9702136
9712075 9702136
9712084 9702136
9712168 9702136
9703030 9702187
9703102 9702187
9703218 9702187
9704018 9702187
9704041 9702187
9704080 9702187
9704087 9702187
9704089 9702187
9704123 9702187
9705055 9702187
9705113 9702187
9705175 9702187
9705188 9702187
9705221 9702187
9706168 9702187
9706194 9702187
9707019 9702187
9707099 9702187
9707164 9702187
9707217 9702187
9708034 9702187
9708037 9702187
9708085 9702187
9709139 9702187
9709220 9702187
9710165 9702187
9710231 9702187
9711082 9702187
9711179 9702187
9712012 9702187
9712049 9702187
9712075 9702187
9712179 9702187
9703102 9703030
9703218 9703030
9704018 9703030
9704041 9703030
9704080 9703030
9704089 9703030
9704123 9703030
9704158 9703030
9705055 9703030
9705113 9703030
9705188 9703030
9705221 9703030
9706168 9703030
9706194 9703030
9707019 9703030
9707099 9703030
9707164 9703030
9707217 9703030
9708034 9703030
9708037 9703030
9708085 9703030
9709139 9703030
9709220 9703030
9710165 9703030
9710231 9703030
9711082 9703030
9711179 9703030
9712047 9703030
9712049 9703030
9712075 9703030
9712179 9703030
9704018 9703102
9704080 9703102
9704087 9703102
9704089 9703102
9704123 9703102
9705055 9703102
9705113 9703102
9705175 9703102
9705221 9703102
9706194 9703102
9707019 9703102
9707164 9703102
9707217 9703102
9707259 9703102
9708034 9703102
9708037 9703102
9709139 9703102
9709220 9703102
9710165 9703102
9710231 9703102
9711179 9703102
9712012 9703102
9712075 9703102
9712084 9703102
9712168 9703102
9712179 9703102
9704041 9703218
9704123 9703218
9704158 9703218
9705055 9703218
9705113 9703218
9705188 9703218
9706168 9703218
9707099 9703218
9707164 9703218
9710231 9703218
9711082 9703218
9708037 9704018
9710165 9704018
9710231 9704018
9711179 9704018
9712075 9704018
9704123 9704041
9704158 9704041
9705055 9704041
9705113 9704041
9705188 9704041
9706168 9704041
9707099 9704041
9707164 9704041
9710231 9704041
9711082 9704041
9709220 9704080
9710009 9704080
9710231 9704080
9711179 9704080
9712047 9704080
9712075 9704080
9712084 9704080
9712168 9704080
9704089 9704087
9708037 9704087
9709139 9704087
9709220 9704087
9710165 9704087
9711179 9704087
9712047 9704087
9712049 9704087
9712084 9704087
9712168 9704087
9704123 9704089
9705055 9704089
9705113 9704089
9705175 9704089
9705221 9704089
9706168 9704089
9707019 9704089
9707164 9704089
9707217 9704089
9707250 9704089
9707259 9704089
9708034 9704089
9708037 9704089
9709139 9704089
9709220 9704089
9710009 9704089
9710165 9704089
9710231 9704089
9711179 9704089
9712012 9704089
9712047 9704089
9712049 9704089
9712075 9704089
9712084 9704089
9712168 9704089
9712179 9704089
9705055 9704123
9705113 9704123
9705175 9704123
9707019 9704123
9707164 9704123
9710231 9704123
9711082 9704123
9712012 9704123
9712049 9704123
9705055 9704158
9705113 9704158
9705188 9704158
9706168 9704158
9707099 9704158
9707164 9704158
9710231 9704158
9711082 9704158
9705113 9705055
9705188 9705055
9706168 9705055
9707099 9705055
9707164 9705055
9710231 9705055
9711082 9705055
9712012 9705055
9705175 9705113
9706168 9705113
9707099 9705113
9707164 9705113
9709220 9705113
9710231 9705113
9712012 9705113
9712049 9705113
9707164 9705175
9710231 9705175
9707164 9705188
9710231 9705188
9706168 9705221
9706194 9705221
9707217 9705221
9707250 9705221
9707259 9705221
9708037 9705221
9708085 9705221
9709139 9705221
9709220 9705221
9710009 9705221
9710165 9705221
9711179 9705221
9712047 9705221
9712049 9705221
9712075 9705221
9712084 9705221
9712168 9705221
9707164 9706168
9707217 9706168
9707259 9706168
9711179 9706168
9712075 9706168
9707217 9706194
9709139 9706194
9709220 9706194
9710231 9706194
9711179 9706194
9707164 9707019
9707164 9707099
9710231 9707099
9711082 9707099
9710231 9707164
9711082 9707164
9707250 9707217
9707259 9707217
9708037 9707217
9708085 9707217
9709139 9707217
9709220 9707217
9710231 9707217
9711179 9707217
9712047 9707217
9712075 9707217
9712084 9707217
9712179 9707217
9707259 9707250
9708037 9707250
9709139 9707250
9709220 9707250
9710009 9707250
9710231 9707250
9711179 9707250
9712047 9707250
9712049 9707250
9712075 9707250
9712084 9707250
9709139 9707259
9709220 9707259
9710009 9707259
9710231 9707259
9711179 9707259
9712047 9707259
9712049 9707259
9712075 9707259
9709220 9708034
9710231 9708034
9711179 9708034
9708085 9708037
9709139 9708037
9709220 9708037
9710009 9708037
9710165 9708037
9710231 9708037
9711179 9708037
9712047 9708037
9712049 9708037
9712075 9708037
9712084 9708037
9709139 9708085
9709220 9708085
9709220 9709139
9710009 9709139
9712047 9709139
9712049 9709139
9712084 9709139
9710009 9709220
9710231 9709220
9711179 9709220
9712047 9709220
9712049 9709220
9712075 9709220
9712084 9709220
9712168 9709220
9712179 9709220
9710231 9710009
9711179 9710009
9712047 9710009
9712049 9710009
9712075 9710009
9712084 9710009
9712168 9710009
9711179 9710165
9711179 9710231
9712047 9710231
9712049 9710231
9712084 9710231
9712168 9710231
9712047 9711179
9712075 9711179
9712084 9711179
9712168 9711179
9712075 9712047
9712084 9712047
9712168 9712047
9712084 9712075
9712168 9712075
9712168 9712084
6:
9702015 9602043
9702109 9602043
9704156 9602043
9704195 9602043
9705192 9602043
9706071 9602043
9706204 9602043
9708005 9602043
9702015 9610172
9702109 9610172
9704156 9610172
9704195 9610172
9705192 9610172
9706071 9610172
9706204 9610172
9708005 9610172
9702015 9609026
9702109 9609026
9704156 9609026
9704195 9609026
9705192 9609026
9706071 9609026
9706204 9609026
9708005 9609026
9702015 9606185
9702109 9606185
9704156 9606185
9704195 9606185
9705192 9606185
9706071 9606185
9706204 9606185
9708005 9606185
9702015 9608108
9702109 9608108
9704156 9608108
9704195 9608108
9705192 9608108
9706071 9608108
9706204 9608108
9708005 9608108
9702109 9702015
9704156 9702015
9704195 9702015
9705192 9702015
9706071 9702015
9706204 9702015
9708005 9702015
9704156 9702109
9704195 9702109
9705192 9702109
9706071 9702109
9706204 9702109
9708005 9702109
9704195 9704156
9705192 9704156
9706071 9704156
9706204 9704156
9708005 9704156
9705192 9704195
9706071 9704195
9706204 9704195
9708005 9704195
9706071 9705192
9706204 9705192
9708005 9705192
9706204 9706071
9708005 9706071
9708005 9706204
7:
9702045 9609026
9702109 9609026
9703040 9609026
9703216 9609026
9704112 9609026
9704195 9609026
9706204 9609026
9708005 9609026
9709160 9609026
9702045 9606185
9702109 9606185
9703040 9606185
9703216 9606185
9704112 9606185
9704195 9606185
9706204 9606185
9708005 9606185
9709160 9606185
9702045 9608108
9702109 9608108
9703040 9608108
9703216 9608108
9704112 9608108
9704195 9608108
9706204 9608108
9708005 9608108
9709160 9608108
9702045 9609076
9702109 9609076
9703040 9609076
9703216 9609076
9704112 9609076
9704195 9609076
9706204 9609076
9708005 9609076
9709160 9609076
9702109 9702045
9703040 9702045
9703216 9702045
9704112 9702045
9704195 9702045
9706204 9702045
9708005 9702045
9709160 9702045
9703040 9702109
9703216 9702109
9704112 9702109
9704195 9702109
9706204 9702109
9708005 9702109
9709160 9702109
9704112 9703040
9704195 9703040
9706204 9703040
9708005 9703040
9709160 9703040
9704112 9703216
9704195 9703216
9706204 9703216
9708005 9703216
9709160 9703216
9704195 9704112
9706204 9704112
9708005 9704112
9709160 9704112
9706204 9704195
9708005 9704195
9709160 9704195
9708005 9706204
9709160 9706204
9709160 9708005
8:
9703039 9612087
9704029 9612087
9705091 9612087
9706072 9612087
9708022 9612087
9709087 9612087
9709122 9612087
9711010 9612087
9704029 9703039
9705091 9703039
9706072 9703039
9708022 9703039
9709087 9703039
9709122 9703039
9711010 9703039
9705091 9704029
9706072 9704029
9708022 9704029
9709087 9704029
9709122 9704029
9711010 9704029
9706072 9705091
9708022 9705091
9709087 9705091
9709122 9705091
9711010 9705091
9708022 9706072
9709087 9706072
9709122 9706072
9711010 9706072
9709087 9708022
9709122 9708022
9711010 9708022
9709122 9709087
9711010 9709087
9711010 9709122
9:
9702136 9610043
9702187 9610043
9703102 9610043
9704089 9610043
9705113 9610043
9705221 9610043
9709220 9610043
9712012 9610043
9702187 9702136
9703102 9702136
9704089 9702136
9705113 9702136
9705175 9702136
9705221 9702136
9709220 9702136
9712012 9702136
9703102 9702187
9704089 9702187
9705113 9702187
9705175 9702187
9705221 9702187
9709220 9702187
9712012 9702187
9704089 9703102
9705113 9703102
9705175 9703102
9705221 9703102
9709220 9703102
9712012 9703102
9705113 9704089
9705175 9704089
9705221 9704089
9709220 9704089
9712012 9704089
9705175 9705113
9705221 9705113
9709220 9705113
9712012 9705113
9705221 9705175
9709220 9705175
9712012 9705175
9709220 9705221
9712012 9705221
9712012 9709220
10:
9701025 9610043
9702187 9610043
9703030 9610043
9703102 9610043
9703211 9610043
9704018 9610043
9704134 9610043
9705107 9610043
9709114 9610043
9701025 9611042
9702187 9701025
9703030 9701025
9703102 9701025
9703211 9701025
9704018 9701025
9704134 9701025
9705107 9701025
9709114 9701025
9702187 9611042
9703030 9611042
9703102 9611042
9703211 9611042
9704018 9611042
9704134 9611042
9705107 9611042
9703030 9702187
9703102 9702187
9703211 9702187
9704018 9702187
9704134 9702187
9705107 9702187
9709114 9702187
9703102 9703030
9703211 9703030
9704018 9703030
9704134 9703030
9705107 9703030
9709114 9703030
9703211 9703102
9704018 9703102
9704134 9703102
9705107 9703102
9704018 9703211
9704134 9703211
9705107 9703211
9709114 9703211
9704134 9704018
9705107 9704018
9709114 9704018
9705107 9704134
9709114 9704134
9709114 9705107
11:
9702108 9610043
9702136 9610043
9704087 9610043
9704089 9610043
9707259 9610043
9709139 9610043
9709220 9610043
9712049 9610043
9702136 9702108
9704087 9702108
9704089 9702108
9707259 9702108
9709139 9702108
9709220 9702108
9712049 9702108
9704087 9702136
9704089 9702136
9707259 9702136
9709139 9702136
9709220 9702136
9712049 9702136
9704089 9704087
9707259 9704087
9709139 9704087
9709220 9704087
9712049 9704087
9707259 9704089
9709139 9704089
9709220 9704089
9712049 9704089
9709139 9707259
9709220 9707259
9712049 9707259
9709220 9709139
9712049 9709139
9712049 9709220
12:
9705221 9610043
9707079 9610043
9707093 9610043
9707158 9610043
9707250 9610043
9708037 9610043
9708085 9610043
9710005 9610043
9707079 9705221
9707093 9705221
9707158 9705221
9707250 9705221
9708037 9705221
9708085 9705221
9710005 9705221
9707093 9707079
9707158 9707079
9707250 9707079
9708037 9707079
9708085 9707079
9710005 9707079
9707158 9707093
9707250 9707093
9708037 9707093
9708085 9707093
9710005 9707093
9707250 9707158
9708037 9707158
9708085 9707158
9710005 9707158
9708037 9707250
9708085 9707250
9710005 9707250
9708085 9708037
9710005 9708037
9710005 9708085
13:
9701025 9610043
9702187 9610043
9703030 9610043
9704018 9610043
9705221 9610043
9707079 9610043
9707093 9610043
9708037 9610043
9708085 9610043
9709107 9610043
9709139 9610043
9710231 9610043
9702187 9701025
9703030 9701025
9704018 9701025
9707079 9701025
9707093 9701025
9708037 9701025
9708085 9701025
9709107 9701025
9709139 9701025
9710231 9701025
9703030 9702187
9704018 9702187
9705221 9702187
9707079 9702187
9707093 9702187
9708037 9702187
9708085 9702187
9709107 9702187
9709139 9702187
9710231 9702187
9704018 9703030
9705221 9703030
9707079 9703030
9707093 9703030
9708037 9703030
9708085 9703030
9709107 9703030
9709139 9703030
9710231 9703030
9707079 9704018
9707093 9704018
9708037 9704018
9709107 9704018
9709139 9704018
9710231 9704018
9707079 9705221
9707093 9705221
9708037 9705221
9708085 9705221
9709139 9705221
9707093 9707079
9708037 9707079
9708085 9707079
9709107 9707079
9709139 9707079
9710231 9707079
9708037 9707093
9708085 9707093
9709107 9707093
9709139 9707093
9710231 9707093
9708085 9708037
9709139 9708037
9710231 9708037
9709139 9708085
9710231 9709107
