# The contained directed cliques in the directed communities at k=9
# from /Users/bogna/dev/role-mining/datasets/hepth/timeslots/cit-HepTh-1997.edges
# at no lower link weight threshold,
# and at no upper link weight threshold.
# Links were treated as directed.
# No time limit was set for the clique search.

0: 3966 3967 6837 6838 7122 7123 7124 7125 7126 7127 6836 7128 7129 7130 7131 
1: 5671 7695 7700 7701 
2: 5737 8940 8923 11475 11474 11470 11473 12935 11468 11471 11472 11522 11540 9022 7822 7824 7825 9018 9019 9023 11478 11483 11484 11527 7823 7826 11528 7831 11516 11481 7818 7819 11479 5738 11491 5739 11490 11539 12864 
3: 6976 
4: 7887 7888 7889 15227 15228 15230 15232 15234 16631 17374 18990 19024 19035 7890 13525 13529 13523 13524 13530 15235 15236 15237 15238 16626 17357 17366 17369 18815 18963 18977 18979 18981 18997 19011 19013 19015 19031 19033 13517 13518 13526 13528 13954 14849 14855 15653 15654 15655 15657 15661 16622 16624 16625 17192 17194 17230 17232 17354 17356 17358 18816 18961 18962 18964 18968 18969 18970 18971 18972 18973 18974 18975 18976 18978 18980 18982 18985 18986 18992 18993 18995 18996 18998 19005 19007 19009 19012 19014 19016 19798 19799 19802 19803 19804 19806 19807 19808 19811 20160 20161 20162 20229 20238 20252 20255 20256 14859 16455 17350 18809 18994 19812 10336 10337 10341 10342 12815 12816 12818 12820 12821 12822 12823 12825 12827 12828 12840 13483 13738 13741 13745 13938 13939 13940 13941 13942 13943 13944 13945 13953 14850 14851 14852 14853 14854 14856 14857 14858 14860 14861 14862 15656 15658 15659 15660 15662 15663 15664 15665 15666 15667 15668 15669 15670 15671 15672 15673 15674 15675 15676 15677 15678 15682 15683 15684 15685 15686 15687 15688 15691 15692 15695 15696 15697 15698 15699 16449 16602 16603 16604 16605 16606 16607 16608 16609 16619 16620 16621 16623 16629 16630 16632 17171 17172 17173 17174 17175 17176 17177 17178 17179 17180 17181 17182 17183 17184 17185 17186 17187 17188 17189 17190 17191 17193 17195 17196 17197 17198 17211 17212 17213 17214 17215 17216 17217 17218 17221 17222 17223 17224 17225 17226 17227 17228 17229 17231 17233 17234 17235 17236 17351 17352 17353 17355 17359 17360 17361 17362 17363 17364 17365 17367 17368 17370 17377 18393 18810 18811 18814 18818 18965 18966 18967 18983 18984 18987 18988 18989 18991 18999 19000 19001 19002 19003 19004 19006 19008 19010 19017 19018 19019 19020 19021 19022 19023 19025 19026 19027 19028 19029 19030 19032 19034 19037 19039 19040 19041 19042 19043 19044 19045 19046 19504 19505 19506 19507 19508 19509 19510 19511 19513 19514 19515 19516 19517 19518 19519 19520 19797 19801 19809 19810 19814 19817 19819 20040 20041 20042 20143 20144 20145 20146 20147 20148 20149 20150 20155 20156 20157 20158 20159 20164 20165 20166 20167 20168 20169 20228 20230 20237 20239 20250 20251 20254 20261 20262 10333 10334 10335 10338 10340 10347 13390 13727 13730 14433 14435 14438 14440 16610 16611 16612 16613 16614 16615 16616 16617 17159 17160 17161 17162 17163 17164 17165 17166 17167 17168 17169 17170 17199 17200 17201 17202 17203 17204 17205 17206 17207 17208 17209 17210 18374 18375 18376 19512 19521 19522 19523 19524 19525 19526 19527 19528 19529 19530 19531 19532 19533 20151 20152 20153 20154 20163 14427 14430 14443 14445 19534 19535 19536 19537 14428 14429 14431 14432 14434 14436 14437 14439 14441 14444 14446 15222 15223 15225 15233 15249 15679 15689 17237 17238 17239 17240 17373 17375 17376 19036 19047 19813 19816 14442 20356 20357 11025 13743 13948 13949 13951 13958 14363 14364 15247 16166 16628 19038 20240 20243 20358 20587 11023 11037 11024 11029 11034 13946 13947 11035 19049 19050 12824 17378 18509 19048 19051 19541 12817 12819 12829 13950 15229 18505 18511 12826 13952 19820 13960 20506 13957 13959 20260 13955 13956 15703 15704 15707 15708 17371 17372 20231 20235 20241 20245 20242 20586 15231 16627 16635 19800 19815 19818 20232 20233 20464 15220 15221 15224 15213 15226 13520 15214 15219 16618 18504 18508 18510 13521 13527 18503 19538 19540 19539 19542 16636 19805 18817 20037 20038 20039 20043 20253 20257 20258 20259 20044 20045 15693 15694 20244 20246 20384 20536 20584 15702 15705 20234 15701 15706 18377 10615 11070 11071 11072 18378 18379 18387 10608 10609 10611 10612 10613 10616 18386 10614 11069 11073 18394 11074 11075 11076 18395 14368 12831 12837 12842 12841 13597 17241 13596 13612 13611 13610 13729 13732 13740 13744 14365 14375 15245 15246 15248 15251 15252 15250 10344 15680 15681 17243 17244 13395 9158 9705 11291 13579 17219 9159 9162 9163 11292 11296 11295 17220 17670 17671 10727 13477 13478 13484 9281 9283 
5: 11806 11807 17441 15008 17451 17452 14046 15004 15007 15010 14021 14033 14044 14045 14049 14058 19577 14002 14019 14020 14022 14024 14036 15720 17444 19574 19576 19610 12087 12094 14003 14004 14005 14006 14007 14008 14027 14029 17399 17421 17422 17616 17620 17646 19575 12086 12088 12119 12091 12098 17398 12108 12125 17400 17402 17410 12109 12132 12133 12123 14009 14057 17405 17637 17404 17424 17455 17621 17636 17537 17617 17628 17629 18921 17534 17536 17550 17533 17542 17590 17588 19243 19244 17645 19582 17615 19578 19580 19583 19590 17634 19579 17641 15005 19569 19581 15003 15002 15009 19567 19568 19566 17598 19591 17647 17443 15723 15724 15730 17529 17530 16848 16850 16855 16826 16825 16827 16830 16831 18270 16829 16809 16828 16836 16810 16813 16799 16811 16832 19485 19486 16794 16801 14937 15941 16808 16815 18714 18720 14909 18238 18283 19490 16835 16837 16838 16746 16862 17549 18922 14043 18926 14032 14040 17414 17413 17401 17409 17412 17447 18925 18930 19414 14054 14052 14070 14061 14028 14025 14034 15719 17439 15736 17450 19721 19720 17440 
6: 13143 16036 16041 16043 16046 
7: 13156 13157 13225 15450 15453 13226 15451 15454 
8: 15799 
9: 16725 16783 
10: 16964 18575 18577 
11: 17531 
12: 19376 
13: 19917 20207 20205 20202 20203 
