# The directed communities at k=9
# from /Users/bogna/dev/role-mining/datasets/hepth/timeslots/cit-HepTh-1997.edges
# at no lower link weight threshold,
# and at no upper link weight threshold.
# Links were treated as directed.
# No time limit was set for the clique search.

0: 9602022 9602049 9604139 9607112 9607185 9612119 9703060 9703123 9703214 9704054 9704057 9705205 9707215 9708064 9710066 9710141 9711127 
1: 9603142 9608019 9704177 9705037 9707143 9707208 9707223 9709043 9710208 9711158 9711197 9712022 
2: 9608024 9610043 9704029 9704080 9705091 9705188 9706072 9708063 9709087 9709122 9709220 9710009 9710174 9710178 9710219 9710231 9711031 9711037 9711078 9712013 9712077 9712159 9712185 9712238 
3: 9702014 9611230 9702154 9703110 9703172 9703215 9704043 9704104 9704170 
4: 9407087 9408099 9411149 9503179 9701015 9505006 9611050 9611090 9612052 9505004 9506148 9503086 9702014 9611230 9611063 9702154 9702180 9612131 9703051 9703110 9703166 9703210 9704043 9704044 9704061 9704104 9704170 9704198 9705003 9705004 9705022 9705031 9705106 9705148 9705199 9705220 9705232 9706047 9706050 9706082 9706087 9706109 9706127 9706131 9706155 9707027 9707192 9707244 9707247 9707251 9707258 9708015 9708041 9708044 9708068 9708082 9708118 9708122 9708127 9708134 9708168 9709010 9709096 9709211 9710020 9710116 9711030 9711083 9711102 9711143 9712005 9712029 9712135 9712143 9712149 9712172 9712193 
5: 9503124 9610043 9701025 9611042 9604055 9701139 9610082 9611164 9611202 9612162 9702101 9702136 9702187 9703030 9703102 9703218 9704018 9704041 9704080 9704087 9704089 9704123 9704158 9705055 9705113 9705175 9705188 9705221 9706168 9706194 9707019 9707099 9707164 9707217 9707250 9707259 9708034 9708037 9708085 9709139 9709220 9710009 9710165 9710231 9711082 9711179 9712012 9712047 9712049 9712075 9712084 9712168 9712179 
6: 9602043 9610172 9609026 9606185 9608108 9702015 9702109 9704156 9704195 9705192 9706071 9706204 9708005 
7: 9609026 9606185 9608108 9609076 9702045 9702109 9703040 9703216 9704112 9704195 9706204 9708005 9709160 
8: 9612087 9703039 9704029 9705091 9706072 9708022 9709087 9709122 9711010 
9: 9610043 9702136 9702187 9703102 9704089 9705113 9705175 9705221 9709220 9712012 
10: 9610043 9701025 9611042 9702187 9703030 9703102 9703211 9704018 9704134 9705107 9709114 
11: 9610043 9702108 9702136 9704087 9704089 9707259 9709139 9709220 9712049 
12: 9610043 9705221 9707079 9707093 9707158 9707250 9708037 9708085 9710005 
13: 9610043 9701025 9702187 9703030 9704018 9705221 9707079 9707093 9708037 9708085 9709107 9709139 9710231 
