# The links inside the directed communities at k=5
# from /Users/bogna/dev/role-mining/datasets/hepth/timeslots/cit-HepTh-1993.edges
# at no lower link weight threshold,
# and at no upper link weight threshold.
# Links were treated as directed.
# No time limit was set for the clique search.

0:
9303057 9207053
9304154 9207053
9305185 9207053
9307121 9207053
9303057 9207016
9303057 9208055
9303057 9209016
9303057 9209125
9304154 9303057
9305185 9303057
9307121 9303057
9304154 9207016
9305185 9207016
9307121 9207016
9304154 9208055
9305185 9208055
9307121 9208055
9304154 9209016
9305185 9209016
9307121 9209016
9304154 9209125
9305185 9209125
9307121 9209125
9305185 9304154
9307121 9304154
9307121 9305185
1:
9306102 9210128
9308060 9306102
9309033 9306102
9312031 9306102
9308060 9210128
9309033 9210128
9312031 9210128
9309033 9308060
9312031 9308060
9312031 9309033
2:
9306013 9209049
9307111 9306013
9311015 9306013
9311164 9306013
9307111 9209049
9311015 9209049
9311164 9209049
9311015 9307111
9311164 9307111
9311164 9311015
3:
9310200 9310170
9311139 9310170
9311157 9310170
9312187 9310170
9311139 9310200
9311157 9310200
9312187 9310200
9311157 9311139
9312187 9311139
9312187 9311157
4:
9301097 9201056
9307088 9201056
9309027 9201056
9311009 9201056
9301097 9205088
9301097 9206084
9301097 9208027
9301097 9210065
9304053 9301097
9307088 9301097
9309027 9301097
9311009 9301097
9307088 9205088
9309027 9205088
9311009 9205088
9304053 9206084
9307088 9206084
9309027 9206084
9311009 9206084
9307088 9208027
9309027 9208027
9311009 9208027
9304053 9210065
9307088 9210065
9311009 9210065
9307088 9304053
9311009 9304053
9309027 9307088
9311009 9307088
9311009 9309027
5:
9301099 9201050
9301099 9209111
9301099 9212117
9301099 9302114
9304115 9301099
9305098 9301099
9308114 9301099
9309125 9301099
9311084 9301099
9312010 9301099
9304115 9201050
9305098 9201050
9309125 9201050
9304115 9209111
9305098 9209111
9308114 9209111
9309125 9209111
9311084 9209111
9312010 9209111
9304115 9212117
9305098 9212117
9309125 9212117
9304115 9302114
9305098 9302114
9309125 9302114
9305098 9304115
9308114 9304115
9309125 9304115
9311084 9304115
9312010 9304115
9309125 9305098
9309125 9308114
9311084 9308114
9312010 9308114
6:
9302071 9201078
9302071 9205113
9302071 9305093
9302071 9305094
9306156 9302071
9305093 9201078
9305094 9201078
9306156 9201078
9305093 9205113
9305094 9205113
9306156 9205113
9305093 9305094
9306156 9305093
9306156 9305094
7:
9302071 9201078
9302071 9205113
9302071 9305093
9310131 9302071
9311021 9302071
9305093 9201078
9310131 9201078
9311021 9201078
9305093 9205113
9310131 9205113
9311021 9205113
9310131 9305093
9311021 9305093
9311021 9310131
8:
9301097 9205088
9301097 9208027
9305087 9301097
9309103 9301097
9310012 9301097
9305087 9205088
9309103 9205088
9310012 9205088
9305087 9208027
9309103 9208027
9310012 9208027
9309103 9305087
9310012 9305087
9310012 9309103
9:
9301046 9211102
9304056 9301046
9304150 9301046
9305114 9301046
9311058 9301046
9312043 9301046
9304056 9211102
9304150 9211102
9305114 9211102
9311058 9211102
9312043 9211102
9304056 9304150
9305114 9304056
9311058 9304056
9312043 9304056
9305114 9304150
9311058 9304150
9312043 9304150
9312043 9305114
10:
9303153 9303046
9303159 9303153
9311130 9303153
9309107 9303153
9309119 9303153
9303159 9303046
9311130 9303046
9309107 9303046
9309119 9303046
9303159 9311130
9309119 9303159
9311130 9309107
9311130 9309119
9309119 9309107
11:
9302080 9211030
9304027 9211030
9305040 9211030
9306041 9211030
9310101 9211030
9312172 9211030
9304027 9302080
9305040 9302080
9306041 9302080
9310101 9302080
9312172 9302080
9305040 9304027
9306041 9304027
9310101 9304027
9312172 9304027
9305040 9306041
9310101 9306041
9312172 9310101
12:
9301047 9202092
9305074 9202092
9311062 9202092
9308018 9202092
9310159 9202092
9305074 9301047
9311062 9301047
9310159 9301047
9311062 9305074
9308018 9305074
9310159 9305074
9311062 9308018
9311062 9310159
9310159 9308018
13:
9304148 9201061
9305040 9201061
9306041 9201061
9306083 9201061
9305040 9304148
9306041 9304148
9306083 9304148
9305040 9306041
9305040 9306083
9306083 9306041
