# The directed communities at k=4
# from /Users/bogna/dev/role-mining/datasets/hepth/timeslots/cit-HepTh-2000.edges
# at no lower link weight threshold,
# and at no upper link weight threshold.
# Links were treated as directed.
# No time limit was set for the clique search.

0: 0001019 0002049 9703097 9908101 9908149 9912176 0006121 0012241 
1: 9806087 0001041 9208059 9302047 9308075 9411068 9810256 9905005 9908014 0005115 0007222 0010118 0012053 
2: 0001151 9606068 0005158 0012008 
3: 9903040 0001164 9910139 0005018 0006230 
4: 9511030 9608024 0001189 9607145 9704098 9705046 9712133 0002131 0007170 
5: 0001214 9504140 9609086 9809113 9811143 9903234 9904137 9909143 0007009 0010189 
6: 9711200 9802109 9802150 9805028 9803001 9803002 0001204 9806235 9808020 9808038 9808088 9809145 9809164 9812062 9903042 9911123 0002008 9805217 9806095 9807206 9902046 9905112 9906217 9908114 9912284 0003068 9911016 0005136 0007036 9402106 9808146 0008107 0008145 0010106 0009171 0009226 0010069 0010104 0010248 0011112 0011191 0012006 0012026 0012247 
7: 0002022 9712229 0006031 0006080 
8: 0002034 0005245 0008123 9405190 9411122 9609040 9905206 9906166 0010095 0010100 
9: 9309097 9311042 9401139 9407087 9408099 9503124 9504090 9507158 9510225 9511030 9602022 9603167 9605184 9606040 9607163 9609239 9611137 9702155 9703166 9710230 9712028 9810188 9908144 9909108 9909120 0001002 9201007 9604090 9803235 9807051 9812035 9902125 9902155 9904017 9905012 9905210 9906064 9906194 9907070 9907209 9908076 9908116 9908186 9909001 9909041 9909053 9909058 9909121 9909134 9910149 9910219 9912012 9912118 9912132 9912187 0001003 9912242 9311183 9603097 9712257 9811178 9902132 9904145 9908025 9908036 9908040 9909030 9909140 9909163 9912239 9405029 9510135 9610043 9612115 9711162 9711200 9805069 9903205 9907211 9908019 9908142 9909081 9909176 9403141 9506136 0001013 9909076 9909127 9909130 9909205 9911055 9911234 9711002 9802109 9802150 9805114 9806087 9806217 9807226 9810126 9903190 9912018 0001018 9911043 9911218 9912135 9912175 9510017 0001024 9606139 9612128 9905196 9905217 9907066 9909015 9912081 0001025 9301042 9301043 9308083 9403187 9510227 9606112 9609017 9612181 9710206 9712186 9804131 9807056 9807087 9811237 9903139 9906200 9907013 9908135 9910170 9912279 0001027 9802068 9802085 9903077 9903107 9903187 9908038 9908141 9910004 9910091 9911041 9911098 9912072 9912075 9912094 9912167 9510169 9510209 9602052 9603142 0001032 9807198 9910138 9912070 0001033 0001071 9906182 9908104 9909048 9909070 9909103 9909199 9910081 9910093 9910132 9910174 9911083 9911104 9911165 9911181 9911237 9912001 9912060 9912125 9912160 9912182 9912186 9912230 9912232 9912233 9912287 9411048 9411149 9505062 9511154 9603002 0001037 9506014 9511222 9808080 9902120 9903031 9907131 9910172 9912147 9912151 9912188 0001041 9302047 9308075 9610234 9804083 9905075 9910267 9911238 9809022 9806155 9807235 9808141 9812135 9901159 9902105 9903123 9904207 9905159 9908126 9911116 9912249 9912275 9904191 0001049 0003022 0208020 9601143 9611050 9707068 9802088 9803194 9805019 9809111 9812031 9901014 9905006 9908060 9910109 9912161 9507121 9511164 9706110 0001053 9503205 9511187 9712256 9806024 9806194 9812046 9812073 9903219 9903224 9905104 9906215 9907087 9909110 9909149 9911039 0001054 9411057 9506122 9604034 9604055 9611230 9704089 9705221 9708086 9802042 9805171 9808017 9808149 9905111 9906070 9907178 9910182 0001055 9409188 9503121 9503208 9605033 9712230 9802183 9807080 9807082 9810201 9811004 9904104 9906242 9907186 0001056 9206084 9912155 9611047 9803001 9803002 9803263 9806021 9811120 9811156 0001063 9705208 9712258 9908189 0001065 9807137 0001066 9606165 9612126 9704006 9803232 9805170 9811139 9904131 9905195 9906109 9909062 9910249 9608177 9809121 9908105 9704142 9910021 9912027 9912053 0001073 9608163 9909202 9910135 9910196 9703030 0001077 9210127 9503207 9509080 9601038 9606169 9701137 9708040 9804026 9804092 9807011 9809147 9810214 9811035 9812118 9901101 9904069 9906055 9906234 9907184 9908023 9908064 9908072 9909107 9909172 9911081 9912257 9412184 0001082 9602136 9603090 9605053 9606122 9609122 9706109 9908088 9909047 9912002 9912152 9912164 9602070 9803117 9809039 0001084 9503099 9912120 9912121 9611072 0001089 9512059 9711165 9803031 9810116 9907166 9908056 9908134 9909215 0001092 9503030 9603133 9805157 9806199 9808139 9905137 9906039 9911164 9708147 9709027 9806051 0001103 9408074 9510101 9612231 9706089 9810206 9903026 9906011 9906224 0001105 9805034 9608024 0001107 9608105 0001111 9701125 9812219 9906192 9909132 9909139 9911206 9911245 9912293 0001118 0001122 0002125 0003147 9511080 9602135 9810008 9902121 9903238 9905081 9905180 9905200 9906127 9911040 9912013 9912191 0001123 9712130 9905157 9907140 9910241 9710223 9801165 0001126 9806022 9809195 9811133 9902071 9903225 9512077 0001130 9803131 9903214 0001132 9911229 0001135 9711097 9905162 9911186 9804058 9812193 0001143 9601150 0001144 9209032 9711201 9902059 9907100 9907145 0001145 9409089 9601151 9912156 9512062 9607227 9611008 9702008 9611213 0001159 0001166 0001113 0001167 9901080 9902171 9909194 0001177 9811056 9910023 9712117 0001180 0001182 0001183 9812089 9902074 9908047 9503163 9803015 9803076 9803214 9708119 9804199 0001192 9812017 9901119 0001193 9903085 9909085 0001197 9809124 0001199 9811245 9901122 9909164 0001200 9610140 9704151 9711124 9805112 9907189 9909089 0001201 9511194 9605088 9705038 9910053 0001203 9807164 0001206 0001209 0001211 0002076 0004101 0009136 9912288 9604198 9605049 9704059 9705163 9706051 9804110 9806008 9806044 9806080 9806091 9806143 9808048 9811193 9812163 9908130 9909072 9911021 9912204 0001213 9611233 9612222 9810072 9905014 9910019 9910036 9910092 9911057 9911169 9911193 9912140 9912165 0001215 9907114 9912153 9912158 0001218 9912036 9508072 9804085 9907144 0002004 9906046 9707176 9705128 9403040 0002016 9704080 9709220 9710009 9711037 9711078 9712105 9910001 0002020 9710181 0002023 0002027 9912086 0002028 9905096 9906168 9909099 9909203 9910252 9911180 9810092 9809057 9907003 9908109 9806104 9812027 9812100 0002037 9602082 9908009 0002040 0002091 9906201 0002042 9308139 0002054 9911161 0002056 9906221 0002057 0002061 9902181 9906101 0002066 9810254 0002067 9802069 9804001 9812180 9903239 9908052 9812159 9902208 0002072 0002073 0002075 9908090 0002084 9810099 9911137 0002087 9905115 9706082 0002090 9912019 9912047 9901146 0002099 0002100 9306096 9707250 9904024 9904040 0002101 9806099 0002103 9904071 9907086 9910143 0002104 9902079 9808016 9605032 9808075 9905226 0002117 9402113 9404008 9406125 0002119 9207094 0002121 0002126 9910054 0002130 0002132 0002138 9907183 9303160 9707090 0002143 0002171 0002145 0002146 9911190 9912218 0002147 0002149 9812071 9910228 9912108 0002156 9904010 9905046 0002158 9704037 0002159 9805131 9910117 9911096 0002160 9901041 0002161 0002190 0002164 9811131 9904132 9910031 0002172 0002174 0002175 0002176 9211097 9912015 9903163 9910194 0002186 0002187 9812216 9510161 0002192 0002193 0002194 9906161 0002198 9904142 9911147 0002210 0002211 9604091 9705241 0002212 0002222 9304026 9412236 9903053 0002223 9807138 0002226 9806216 9907079 0002228 0002230 9812032 9911124 0002236 0002237 9604166 0002244 9506106 9507022 9507160 9703228 9912157 0002250 9809027 0003002 0003006 0003007 0003012 0003020 0003024 9910263 0003025 9509166 9511134 9605151 9912143 0003031 0003033 9906214 0003036 0003037 9609112 9612148 9711069 0003042 0003044 9607141 9912183 0003045 0003050 9903186 0003052 0003053 0003054 0003057 9505175 0003061 0003067 9604152 0003072 0003074 0003075 0003076 0004028 0005016 0008151 0003085 9711090 9811183 9903093 9906012 9909125 0003086 0003117 0003148 0003197 0003237 0003248 0003256 0004003 0004097 0004109 0004125 0004126 0004155 0005032 0005139 0005239 0005248 0006044 0006069 0006139 0006164 0006204 0006232 0007014 0007044 0007060 0007064 0007120 0007177 0007223 0007239 0008087 0008102 0008188 0008190 0008192 0008197 0008245 0009006 0009010 0009056 0009059 0009064 0009083 0009087 0009122 0009127 0009132 0009160 0009167 0009175 0009183 0009184 0009199 0009207 0009212 0009247 0010063 0010093 9902058 9911015 0003093 0003098 0003099 0003101 9712197 9802061 9807161 0003103 0003109 0003110 0003113 9806125 0003116 0003118 0003121 0003122 9909214 0003124 9903033 9904179 0003131 0003136 9909213 0003137 0003145 9803067 9909059 0003151 9802103 0003160 0004147 0003162 0003166 9709019 0003173 9806240 0003174 0003176 0003179 0003180 0003183 9705084 9912266 0003184 9512210 9606102 9609238 9807034 9903162 9911163 0003187 0003200 0003208 9711073 9802082 9811220 9902113 9903216 9911170 9603123 0003215 0003216 0003219 9902158 9908182 0003220 0003221 0003223 0003226 9905153 9906160 9911007 0003227 0003231 0003232 0003236 9711117 9803103 0003242 9506064 0003251 0003262 0003263 0003269 0003278 9804006 9911253 0003286 9805104 0003294 0003298 0003299 0003300 0004002 0004005 0004009 9902210 9903038 9905148 9907206 0004011 0004013 0004038 9908152 0004014 0004015 0004021 0004022 0004024 0004030 9804184 0004056 0004057 0004062 0004063 0004067 0004068 9804081 0004071 0004072 9603069 9711112 0004074 0004076 0004080 0004085 0004093 0004095 0004103 0004104 0004106 0004111 0004112 0004114 0004115 0004117 0004124 0004131 0004133 0004134 0004141 0004142 0005163 0004144 0004148 0004151 0004159 0004160 0004165 0004166 0004183 0004187 0004188 0004198 9705130 9911042 0004201 0004206 0005001 0005005 0005006 0005007 0005013 0005014 0005015 0005129 0005021 9605016 9710014 0005025 0005026 0005123 9709014 0005029 0005031 0005036 0005040 0005046 0005047 0005048 0005049 0005052 9711177 0005053 0005054 9909197 9910124 0005059 0005065 9905004 0005066 0005067 9508177 9910113 0005073 0005085 0005087 0005090 0005091 0005101 0005103 0005105 0005113 0005114 0005116 0005127 0005137 0005138 0005145 0005147 0005148 0005152 0006070 0005153 0005156 0005157 0005159 0005160 0005162 0006102 0005166 0005167 0005169 0005172 0005178 0005183 0005185 0005193 0005194 0005197 0005199 0005202 0005204 0005206 0005208 0005210 0005213 0005217 0005222 0005224 9906054 0005230 0005242 0009148 0005244 0005246 9902128 0005247 9408133 0005250 9910040 0005253 0005268 0005272 0005276 0005280 0005281 0006005 0006006 0006007 0006008 0006013 0006014 0006018 0006058 0006019 9904129 0006023 0006024 0006028 0006030 0006033 0006037 0008211 0006041 0007018 0006043 0006046 0006047 0006048 0006049 0006052 0006056 0006059 0006060 9903213 9905094 9905155 9906203 0006062 0006112 0006225 9702111 9705029 0006066 0006068 0006071 0006073 0006085 0006087 0006091 0006093 0006100 0006108 0006114 0006115 0006117 9706142 9708137 9710218 0006119 0006120 9208027 0006122 0006134 9612157 0006140 0006145 0006146 0006151 0006158 0006160 0006168 0006176 0006189 9902116 0006191 0006192 0006193 0006236 0006196 0006202 0006203 0006209 0006210 0006215 0006219 0006222 0006223 0006224 0006226 0007233 0006235 0009158 0006239 0006240 0006246 0006247 0006251 0007001 0007002 0007007 0007011 0007012 0007015 0007019 0007022 0007023 0007024 0007029 0007041 0007043 0007050 0007051 0007052 9812144 0007053 0007055 0007056 0007061 0007062 0007063 0007067 0007125 0007069 0007071 0007074 0007075 0007078 0007082 0007087 0007089 0007090 0007096 0007097 0007100 0007106 0007107 0007109 0007126 0007127 0007130 0007131 0007140 0007141 0007145 0007147 0007153 0007154 0007156 0007158 0007160 0007166 0007168 0007170 0007171 0007175 0007176 0007181 0007184 0007186 0007191 0007197 0008177 0007203 0007204 0007205 0007206 0007209 0007211 0007213 0007215 0007217 0007226 0007234 0007235 0007236 0007241 0007243 0007246 0007247 0007250 0007252 0007254 0007255 0008001 0008002 0008012 0008013 0008015 0008016 0008019 0008023 9912243 0008027 0008028 0008030 0008033 0008038 0008041 0008042 0008046 0008050 0008053 0008054 0008055 0008057 0008064 0008065 0008068 0008073 0008074 0008075 0008076 0008079 0008081 0008082 0008083 0008088 0008089 0008090 0008091 0008092 0010006 0010017 0008101 0008108 0008111 0008112 0008118 0008119 0008120 0008126 0008127 0008128 0008130 0008132 0008133 0008134 0008141 0008142 0008144 0008146 9801047 9805070 0008149 0008150 0008154 0008170 0008172 0008173 0008184 0008185 0008186 0008191 0008194 0008199 0008203 0008204 0008205 0008213 0008214 0008216 0008227 0008230 0008231 0008232 0010232 0008242 0008247 0008250 0008252 0008253 0009002 0009015 0009017 0009019 0009021 0009022 0009025 0009028 0009030 0009032 0009037 0009038 0009039 0009042 0009043 0009045 0009047 0009048 0009051 0009061 0009062 0009067 0009070 0009072 0009074 0009082 0009090 0009095 0009096 0009098 0009101 0009103 9210065 9303143 9311177 0009105 0009107 0009112 0009113 0009117 0009118 0009120 0009135 0009139 0009140 0009141 0009142 0009146 0009147 9303067 0009153 0009155 0009156 0009159 0009163 0009164 0009172 0010004 0011153 0009176 0009181 0009182 0009187 0009189 0009191 0009196 0009209 0009211 0009213 0009214 0009224 0009225 0009226 0009230 0009231 0009233 0009240 0009242 0009246 0009252 0010002 0010003 0010007 0010010 0010014 0010015 0010016 0010021 0010023 0010026 0010027 0010028 0010034 0010038 0010040 0010045 0010047 0010048 0010054 0011182 0010058 0010060 0010071 0010072 0010088 0010090 0010091 0010098 0010099 0010101 0010105 0010108 0010110 0010112 0010113 0010119 0010121 0010122 0010133 0012044 0010138 0010141 0010142 0010143 0010144 0010149 0010158 0010160 0010163 0010165 0010169 0010170 0010171 0010172 0010175 0010177 0010179 0010181 0010183 0010186 0011137 0010190 0010191 0010192 0010193 0010196 0010198 0010202 0010203 0010204 0010205 0010206 0010207 0010208 0010215 0010217 0010218 0010220 0010221 0010222 0010223 0010237 0010240 0010244 0010247 0010251 0010256 0010264 0010269 0010271 0010275 0010276 0010279 0010281 0010282 0010286 0010293 0011002 0011003 0011006 0011008 0011009 0011017 0011019 0011023 0011024 0011028 0011029 0011033 0011034 0011035 0011037 0011038 0011041 0011045 0011046 0011048 0011073 0011051 0011053 0011054 0011056 0011057 0011059 0011060 0011077 0011066 0011071 0012035 0011079 0012054 0011080 0011086 0011088 0011089 0011090 0011091 0011092 0011094 0011095 0011099 0011101 0011102 0011225 0011105 0011107 0011108 0011111 0011114 0011115 0011117 0011118 0011119 0011121 0011125 0011127 0011128 0011131 0011138 0011141 0011139 0011140 0011143 0011144 0011146 0011147 0011148 0011149 0011152 0011156 0011160 0011159 0011166 0011167 0011170 0011175 0011177 0011179 0011185 0011190 0012195 0011192 0011193 0011279 0011204 0011205 0011206 0012200 0011207 0011218 0011219 0011220 0011221 0011223 0011226 0011230 0011233 0011236 0011238 0011241 0011242 0011244 0011245 0011251 0011252 0011254 0011256 0011257 0011259 0011269 0011271 0011282 0011283 0011288 0011289 0011290 0012007 0012009 0012011 0012013 0012024 0012025 0012029 0012030 0012033 0012034 0012169 0012193 0012037 0012041 0012042 0012045 0012046 0012049 0012050 0012059 0012061 0012064 0012065 0012071 0012072 0012073 0012074 0012076 0012077 0012079 0012080 0012081 0012082 0012089 0012091 0012093 0012097 0012100 0012102 0012105 0012106 0012110 0012112 0012116 0012117 0012129 0012131 0012132 0012137 0012141 0012142 0012143 0012145 0012150 0012152 0012156 0012157 0012158 0012160 0012163 0012164 0012165 0012170 0012171 0012175 0012179 0012180 0012183 0012194 0012196 0012198 0012210 0012202 0012203 0012211 0012213 0012217 0012218 0012221 0012222 0012225 0012231 0012234 0012239 0012246 0012249 0012251 0012254 0012255 0012258 0012259 0012262 0012265 0012266 0012268 0101001 0101002 0101003 0101007 0101010 
10: 0002045 9904096 0009192 0010177 
11: 9306002 0002065 9309142 9310188 9404108 9407148 9501098 9504018 9707235 9904002 0004121 0008237 0010094 
12: 9602022 9608061 9607112 9607185 0002140 9604139 9604200 9703060 9703123 9704054 9705205 9707215 9710141 9803188 9804028 9806085 9809034 9810025 9812113 9812161 9904063 9906223 9907077 9912049 0003100 0003261 0003269 0004090 0008164 0010124 0010195 
13: 0002167 9512026 0002234 0004137 
14: 9711200 9601029 9602043 9808168 0002184 9605234 9606185 9609026 9703216 9907075 9911003 0006190 0011286 
15: 9303160 9610168 9707090 0003029 9203069 9509166 9511134 9605062 9605151 9606138 0003184 9705240 0008165 0009137 0009096 0012149 
16: 0003048 9902204 9903193 0005009 0011076 
17: 0004010 0004153 9709216 9803091 9908032 0005287 0012189 
18: 9701125 0004130 0005099 0006242 9702087 9901073 9902081 9906244 9910171 
19: 0004154 9212157 0007013 0007073 
20: 0004190 9912253 0007092 0009097 
21: 0005041 9206026 0005132 0006079 
22: 9903245 0005041 9505128 0006079 0008122 0011049 
23: 0005112 9911128 0007102 0011214 
24: 9905011 9902157 0005277 9302023 9705219 9910033 0007208 0009055 0012058 
25: 9906189 0002251 0003296 0007010 
26: 0007020 9612218 9704076 0007049 0010238 0012200 
27: 9208059 0007105 9504097 9509158 9801105 9810119 9906156 0008045 0010118 
28: 0002181 9803043 0007123 9905229 0008171 0008222 
29: 9904020 9907098 0007124 9501069 0008221 0012178 
30: 9412229 0010148 0008039 9906219 0010278 
31: 9902032 0006222 0008025 0011203 
32: 0001023 9912113 0001134 0011216 
33: 9711200 9802109 9802150 9806087 9805028 0001041 9302047 9307010 9308075 9411068 9604089 9610234 9708042 9803051 9803053 9803068 9803077 9804083 9808060 9808162 9901121 9902153 9903161 9907047 9909179 9911135 9905111 9806074 9807098 0001138 9412147 9509140 9607060 9611074 9611075 9803171 9804058 9807033 9807097 9808006 9808041 9809179 9811047 9811155 9811172 9903094 9903196 9905020 9905049 9905085 9906030 9906051 9907085 9908160 9910011 9910016 9910197 9912210 0001178 9711161 9712117 9803109 9806042 9810226 9910110 9912007 9912168 0001205 9811106 0002025 9410093 9811152 9811257 9902042 9911222 9805105 9810051 0002039 9908163 9907107 9706097 9907108 9910150 9912250 0002154 0002170 9809067 9906099 9906188 9708025 0003017 9907088 0003038 9812067 0003051 9201020 9408062 0003096 0003203 0003218 0003230 0004102 0004123 0004195 0005072 0005135 0005151 0005168 0005182 0005192 0005256 0006009 0006098 0006103 0006165 0007058 0007061 0007222 0008048 0009106 0009139 0009217 0010005 0010117 0010137 0010206 0011040 0011044 0012153 
34: 9610043 9703030 9903246 9704080 0004194 0005111 0009011 
35: 9711200 9802150 9905111 0001131 9807187 9810227 9903214 9903269 9911195 9708103 9801161 0003041 0003213 0007018 0007109 0010025 0010200 0011016 0011288 
36: 9212088 9401059 9401092 9609174 9704055 9711110 9801133 9802174 9806110 9811212 9902117 9904199 9907096 9910190 9912207 0001137 9304063 9404031 9502096 9605183 9711023 9711057 9801042 9803007 0001188 9303012 0003009 0004081 0005077 9405005 9711096 9809194 0004119 0006111 0007042 0008086 0009208 0009237 0011072 
37: 9409089 0001161 9903146 0004074 0005178 
38: 0001175 9506026 9610101 9802191 9803177 9809209 9811248 9909004 9702049 0007119 0009205 0011249 0012004 
39: 9408099 9311055 0001184 9503163 9807218 0005088 0005119 0012250 
40: 9608177 9809190 9811232 9906142 9406217 9707061 0001216 9811130 9811244 9901003 9912222 0003273 0006017 0007048 0012199 0012236 
41: 9503124 9903166 9712130 0002009 9211103 9211104 9511047 9712148 9808191 0003285 0006137 
42: 9301114 9908043 0002038 0002231 0006016 
43: 9903111 0006034 0010076 0011239 
44: 9709013 9607201 9711094 9712211 9803127 9711130 9801141 9801205 9804160 9802033 0002150 0005093 0007110 
45: 0002173 9203039 9606032 9803122 9803234 9810057 0002219 0007116 0007169 0010257 0011187 
46: 9708062 0002214 9808024 9901117 9901123 9904151 0004070 0005124 
47: 0002217 0005274 9705108 9711028 9801033 9809125 0009221 
48: 9605022 9707253 0002239 9806193 0007242 0012185 
49: 9603167 9802183 9805139 9810201 9907186 9803015 9610140 9704151 9811201 9907086 0003085 9811183 9811258 9901091 9903093 9906012 0005067 0007173 
50: 0003290 9403018 9701060 9705236 9706009 9706143 9707041 9801122 9807123 9811092 9904146 0008061 0008137 0009084 
51: 9910076 0004027 9911091 0006035 0012017 
52: 9511030 9210127 9601038 9608012 0004070 9703076 0005124 0005198 
53: 9905218 9909021 0003228 0004088 0009013 
54: 9707185 9909011 9709109 9801024 9803133 9805153 9810167 9904045 9911242 0004158 9803063 9906129 0005125 0009143 0009152 0012237 
55: 9207094 9809187 9811131 9912123 0004196 9212110 9812127 0008142 0009188 0010102 0012041 0012136 
56: 9706119 0005044 0005086 9504006 9512143 9612203 9706108 9706169 9706216 9709088 9710212 9711038 9805152 9805199 9811180 0009133 0010155 0012096 
57: 9403112 0005232 0005233 0005234 0005235 0005237 9202053 9412073 9601105 9807092 9511122 
58: 9407087 9408099 9411048 9411057 9505035 9802007 9503163 9802185 9805172 9901006 0006113 0011227 9711108 9803217 9904087 9905053 9905224 9911115 0009060 0010061 0011197 0011222 0011253 
59: 9407087 9408099 9703166 9912133 0006141 9609041 9609145 9804105 9804151 9806144 9901124 9904078 0007133 0011253 
60: 9811108 0008148 9301098 9510179 0010139 0011012 
61: 0006025 9911139 9911225 0008240 0010272 
62: 9908142 0010105 0012155 0012266 
63: 9912012 9711200 0001016 9711002 9802109 9802150 9907158 9911215 9803002 9809057 0002106 0003205 0004185 0005173 0006022 0006041 0011219 
64: 0001024 9912226 0001216 0005270 0007253 0010242 
65: 9407087 9408099 0001036 9411047 9411048 9411149 9505062 9505075 9505100 9505150 9511154 9603002 9603042 9608129 0005076 0006086 0009149 0012122 
66: 9711200 9910192 9805217 0004179 0007099 0007104 0007211 0008047 
67: 0001098 9708147 9902023 0001179 0005165 
68: 9611159 9611173 9903210 9712059 9808061 9506126 9505053 9210099 0007017 9707184 0007035 0010042 0010167 0010182 0011173 
69: 9910245 0003046 0009087 0003291 
70: 9901099 9903249 9912092 0001202 9808042 9810022 9810087 9909126 9912093 0003188 0003202 0005053 0005279 0005280 0006106 0010059 0012057 0012146 
71: 9804177 9812034 9908044 0002007 9706207 9907191 9910022 9911001 9911066 0002242 0004017 0004019 0005146 0006015 0007083 
72: 9806194 0002188 9811002 9901118 9905002 0003035 0009242 
73: 9602136 9711053 9508072 9601029 9706097 9512031 0002191 9712215 9906094 9910237 0004098 0007195 0008201 0008226 0008241 0012201 
74: 0001128 9910218 9912196 9606032 9402038 9412062 9607046 0004089 0008044 0008200 0008208 0010262 0010012 0010287 
75: 0002245 9510087 9812140 0003135 0011120 
76: 9711200 9802150 9812073 9712251 9812034 9908044 0002256 9206044 9410041 9809027 9810251 9902040 9904143 9910065 9910076 9702015 0004077 0005179 0008058 0008084 0009185 0009186 0010263 0012214 
77: 0001097 0003049 0003140 0005254 0010228 
78: 9803235 9510209 9603142 9806051 9808101 9811168 9901009 9904054 9912208 0001133 9512196 9512219 9912150 0008008 9903028 0005251 9912144 0010087 0011031 
79: 9810068 9802074 9808140 9907208 0003144 9707163 9901023 0006028 0010051 0010245 0011027 0011258 0011273 
80: 9210021 0003177 0003178 9308112 9308154 9502122 9710163 0006186 0008062 
81: 9711200 9802109 9802150 9708005 9905111 9806074 0001179 9702076 9805140 9912073 9803023 9909082 0003289 0004187 0011044 0012183 
82: 9812101 9904107 9912020 0005154 0007179 0010075 
83: 0001035 0004171 0006003 0008145 0009168 0009239 
84: 0006025 9911139 9911225 0006027 0006038 
85: 9211021 9705035 9706221 9801073 9806230 0002070 9909061 0002094 9811089 0003086 0004094 0007159 0003139 0004149 0006171 0010258 0011110 
86: 0006207 0006235 0009158 0007192 
87: 0001035 9902098 9910205 0009168 0010219 
88: 0011138 0011152 0011278 0012013 0012014 0012082 
89: 9311183 9506135 9601078 9902132 9908025 9909114 9506014 9911229 0001198 9708141 0003298 0004100 0007145 0007174 0011109 
90: 0001010 9608174 0003261 0004186 0010194 
91: 9711200 9802109 9802150 9802162 9910055 9701093 9903113 0001190 0005192 0008162 
92: 9708147 9709027 0011116 0005165 0008052 0012108 
93: 0001124 9805108 9904012 0002050 0011276 
94: 9909028 0003025 0004151 0007170 
95: 0002034 9802064 9809004 9810117 0005083 9607188 0006170 0010109 
96: 9711200 9802150 0002154 9905179 0003120 0005110 0005134 0012021 
97: 0003101 9712197 9909216 0008039 0010278 
98: 9905012 9906064 0002091 0009064 0005226 0009065 
99: 0001010 9808157 9901128 0004186 0010130 
100: 9409089 0003056 0009008 0011284 
101: 9502072 9510227 9610151 9912152 0003198 0011075 0012213 
102: 9701162 9803224 9808101 9811168 9901009 0001133 0005121 0009228 
103: 9603142 9602070 0001112 9212049 9503114 9906126 0002047 0003086 0011110 
104: 9211021 9406216 9909061 0004096 0005236 0012151 
105: 9810104 0008123 9910058 0006064 0012111 
106: 9603136 0002110 0003272 9503115 9605215 0008220 0008225 
107: 9906064 0003066 0008177 0009032 
108: 9610191 0006051 0006057 0011196 
109: 9510135 9606139 0001068 9608177 9809121 9811232 9812051 9908105 9701125 9703217 0002180 9801127 0005126 0005265 0006067 0007231 0010151 0011018 0011264 
110: 9610043 9612115 9712072 9703030 9712185 9904095 9911068 0002016 9704080 9709220 9710009 9803209 9812239 0003208 0003280 0005145 0009193 0012247 
111: 9911180 0003286 0008001 0011190 
112: 9810126 9708042 9908014 0002066 9903059 0005115 0009119 
113: 0003086 0005028 0005212 9902058 0006222 
114: 9610043 9711162 9908142 0002016 0008027 0011172 
115: 9711200 0003055 0010274 0012065 
116: 9908142 9812219 0001144 0009068 0009225 0012092 
117: 9803131 0008140 0009244 0010127 0011115 
118: 9908142 9704006 9910263 0003160 0005283 0010066 0011028 
119: 9704089 9702136 0004086 0004195 0008103 
120: 9901011 0006121 0009173 0012185 
121: 9805172 0002110 0003272 9506102 0011253 
122: 9802068 0002193 0005194 0012077 
123: 0004109 0007065 0010205 0012202 
124: 9806087 0002156 0008147 0008253 
125: 0001011 9804163 9907211 9908019 9908142 9909081 9909176 0003204 0009215 
126: 9705040 9711205 0003211 0007253 0010242 
127: 9803117 9803265 9704098 9705046 9804199 9908096 0004076 0006234 0011211 
128: 9911001 9705169 0002242 0003157 0009234 
129: 9602114 9603150 9603161 9803235 9510209 9603142 9602070 9905115 0004103 0010207 0011059 0012152 
130: 9701125 9804180 0006242 0006090 0012059 
131: 0002149 9910228 0003050 0006176 
132: 9610043 9612115 0001047 0004062 0011013 
133: 9803209 0003280 0009193 0010167 0011173 
134: 9910263 0011079 0012054 0012157 
135: 9510135 9612115 9611050 0002021 0005241 0007023 
136: 9603097 9908036 0006094 0006151 0007095 
137: 0008142 0011089 0011256 0012136 
138: 0001056 9206084 0006120 0012141 
139: 0001145 9905177 9906022 9911002 0002044 0007146 0010145 0010252 0011110 
140: 9711200 9905111 9404071 9601029 9301052 0008241 0009126 0011127 
141: 9907209 0001197 0009132 0004021 
142: 9510135 9910053 9711078 0002157 0004113 0007198 
143: 9503124 9710231 0002016 0007170 0010046 
144: 9711200 9802109 9802150 9905111 0001178 0006009 0006107 0008209 
145: 9905196 9905217 9909015 0002176 0009023 0011098 
146: 9407087 9908142 9912072 0001089 0009043 0009174 
147: 9711162 0003160 0005283 0011206 
148: 9908142 0003187 0005273 0006006 
149: 9809057 0006132 0009171 0009226 
150: 9806051 0004125 0007223 0004095 
151: 9908142 9802068 0002205 0007137 0012131 
152: 9908135 9910170 9912151 0009247 0006047 0011048 0011073 
153: 9906064 9911165 0008193 0004160 0004206 
154: 9906064 9711200 9802109 9802150 9906182 9912001 0006192 0012148 0012248 
155: 9711200 9802109 9802150 9805114 9906022 0002044 0007041 0010054 
156: 9802042 0006192 0009057 0010144 
157: 9601150 0009183 0007109 0008050 
158: 9905111 0003051 0005219 0005220 
159: 9906064 9912232 0009074 0009117 0010133 
160: 0208020 0002149 0006176 0012118 
161: 0006210 0011099 0012093 0012143 
162: 9510209 0003086 0004155 0007001 
163: 0001053 9812073 9903224 0012093 0012183 
164: 0006062 0006085 0009009 0010237 
165: 9711200 9802109 9802150 0009202 0012091 0101003 
