# The graph of directed at k=4
# from /Users/bogna/dev/role-mining/datasets/hepth/timeslots/cit-HepTh-2000.edges
# at no lower link weight threshold,
# and at no upper link weight threshold.
# Links were treated as directed.
# No time limit was set for the clique search.

0 120 1
1 9 4
1 27 2
1 33 6
1 112 2
1 124 1
4 9 3
4 52 1
4 94 1
4 127 2
4 143 1
6 9 6
6 14 1
6 33 4
6 35 2
6 63 4
6 66 2
6 76 2
6 81 3
6 83 1
6 91 3
6 96 2
6 110 1
6 115 1
6 140 1
6 144 3
6 149 2
6 154 3
6 155 3
6 165 3
8 95 1
8 105 1
9 10 1
9 12 2
9 14 1
9 15 7
9 18 1
9 26 1
9 31 1
9 33 15
9 34 3
9 35 7
9 37 3
9 39 2
9 40 1
9 41 2
9 49 13
9 52 3
9 55 4
9 58 5
9 59 3
9 62 3
9 63 9
9 64 1
9 65 7
9 66 2
9 67 1
9 69 1
9 70 2
9 72 2
9 73 2
9 76 4
9 78 4
9 79 1
9 81 6
9 85 1
9 86 2
9 88 4
9 89 7
9 91 3
9 92 2
9 94 3
9 96 2
9 97 2
9 98 4
9 100 1
9 101 3
9 103 3
9 107 3
9 109 6
9 110 9
9 111 4
9 112 2
9 113 3
9 114 5
9 115 2
9 116 4
9 117 2
9 118 5
9 119 1
9 122 4
9 123 3
9 124 3
9 125 5
9 127 3
9 129 9
9 130 2
9 131 4
9 132 3
9 134 4
9 135 4
9 136 3
9 137 3
9 138 4
9 139 1
9 140 3
9 141 4
9 142 3
9 143 3
9 144 4
9 145 4
9 146 5
9 147 3
9 148 3
9 149 2
9 150 4
9 151 3
9 152 7
9 153 4
9 154 7
9 155 6
9 156 3
9 157 4
9 158 1
9 159 5
9 160 3
9 161 4
9 162 4
9 163 5
9 164 3
9 165 5
12 90 1
14 33 1
14 35 1
14 63 1
14 66 1
14 73 1
14 76 1
14 81 1
14 91 1
14 96 1
14 115 1
14 140 2
14 144 1
14 154 1
14 155 1
14 165 1
18 109 1
18 130 2
21 22 2
30 97 2
31 113 1
33 35 3
33 63 3
33 66 1
33 73 1
33 76 2
33 81 6
33 91 4
33 96 3
33 112 1
33 115 1
33 119 1
33 124 1
33 140 2
33 144 6
33 154 3
33 155 3
33 158 2
33 165 3
34 110 3
34 114 1
34 132 1
35 63 2
35 66 1
35 76 2
35 81 3
35 91 2
35 96 2
35 115 1
35 140 2
35 144 3
35 154 2
35 155 2
35 157 1
35 158 1
35 165 2
37 100 1
39 58 2
39 59 1
39 65 1
40 64 1
40 109 2
41 143 1
45 74 1
46 52 2
48 120 1
51 76 1
55 137 2
58 59 3
58 65 3
58 121 2
58 146 1
59 65 2
59 121 1
59 146 1
61 84 3
62 114 1
62 116 1
62 118 1
62 125 1
62 146 1
62 148 1
62 151 1
63 66 1
63 76 2
63 81 3
63 91 3
63 96 2
63 115 1
63 140 1
63 144 3
63 149 1
63 154 3
63 155 3
63 165 3
64 126 2
65 146 1
66 76 1
66 81 1
66 91 1
66 96 1
66 115 1
66 140 1
66 144 1
66 154 1
66 155 1
66 165 1
67 81 1
67 92 2
68 133 2
71 76 2
71 128 2
73 140 2
76 81 2
76 91 2
76 96 2
76 115 1
76 140 1
76 144 2
76 154 2
76 155 2
76 163 1
76 165 2
78 102 4
78 103 1
78 129 3
78 150 1
78 162 1
81 91 3
81 96 2
81 115 1
81 140 2
81 144 4
81 154 3
81 155 3
81 158 1
81 163 1
81 165 3
83 87 2
85 103 2
85 104 2
85 113 1
85 139 1
85 162 1
90 99 2
91 96 2
91 115 1
91 140 1
91 144 3
91 154 3
91 155 3
91 165 3
94 143 1
96 115 1
96 140 1
96 144 2
96 154 2
96 155 2
96 165 2
98 107 1
98 153 1
98 154 1
98 159 1
103 113 1
103 129 2
103 139 1
103 162 1
106 121 2
107 153 1
107 154 1
107 159 1
109 130 1
109 135 1
109 142 1
110 114 2
110 132 2
110 133 3
110 135 1
110 143 1
113 162 1
114 116 1
114 118 1
114 125 1
114 132 1
114 143 1
114 146 1
114 147 1
114 148 1
114 151 1
115 140 1
115 144 1
115 154 1
115 155 1
115 165 1
116 118 1
116 125 1
116 146 1
116 148 1
116 151 1
118 125 1
118 134 1
118 146 1
118 147 2
118 148 1
118 151 1
122 151 1
125 146 1
125 148 1
125 151 1
129 162 1
131 160 2
132 135 1
135 142 1
139 155 2
140 144 2
140 154 1
140 155 1
140 158 1
140 165 1
144 154 3
144 155 3
144 158 1
144 165 3
146 148 1
146 151 1
148 151 1
153 154 1
153 159 1
154 155 3
154 156 1
154 159 1
154 165 3
155 165 3
161 163 1
