# The links from /Users/bogna/dev/role-mining/datasets/enron/timeslots/03-filtered2.edges
# at no lower link weight threshold,
# and at no upper link weight threshold.
# Links were treated as directed.
# No time limit was set for the clique search.
# (self-links were removed)

00002 00019
00002 00049
00002 00070
00007 00011
00007 00075
00009 00033
00009 00048
00009 00050
00009 00057
00009 00067
00009 00147
00011 00075
00013 00048
00013 00067
00016 00027
00016 00107
00017 00011
00017 00037
00017 00038
00017 00044
00017 00049
00017 00061
00019 00002
00019 00070
00027 00016
00027 00048
00027 00147
00033 00017
00033 00038
00033 00057
00033 00075
00033 00142
00037 00017
00038 00011
00038 00017
00038 00033
00038 00073
00038 00075
00044 00091
00048 00009
00048 00013
00048 00027
00048 00044
00048 00050
00048 00067
00048 00091
00048 00107
00048 00136
00048 00147
00049 00002
00049 00019
00049 00070
00049 00137
00050 00009
00050 00048
00050 00057
00050 00067
00050 00147
00053 00038
00053 00044
00053 00107
00057 00033
00057 00038
00057 00050
00057 00067
00057 00076
00057 00142
00061 00017
00061 00037
00061 00049
00061 00125
00067 00009
00067 00013
00067 00033
00067 00048
00067 00050
00067 00057
00067 00147
00069 00073
00069 00139
00070 00002
00070 00019
00070 00049
00073 00002
00073 00027
00073 00049
00073 00069
00073 00137
00073 00139
00073 00140
00075 00007
00075 00011
00075 00038
00075 00076
00075 00091
00075 00110
00076 00033
00076 00038
00076 00050
00076 00057
00076 00075
00076 00136
00076 00142
00081 00114
00086 00133
00086 00139
00086 00149
00091 00044
00096 00081
00107 00048
00110 00075
00114 00081
00114 00110
00122 00107
00125 00049
00125 00061
00133 00139
00133 00149
00136 00048
00136 00076
00136 00142
00137 00002
00137 00049
00137 00068
00139 00017
00139 00033
00139 00069
00139 00073
00139 00086
00139 00123
00139 00133
00139 00140
00140 00139
00142 00033
00142 00038
00142 00057
00142 00076
00142 00136
00147 00009
00147 00027
00147 00048
00147 00050
00147 00067
00149 00086
00149 00133
00150 00044
00150 00107
