# The directed communities at k=8
# from /Users/bogna/dev/role-mining/datasets/hepth/timeslots/cit-HepTh-2001.edges
# at no lower link weight threshold,
# and at no upper link weight threshold.
# Links were treated as directed.
# No time limit was set for the clique search.

0: 9711200 9802109 9802150 9905111 9906064 9409089 0007064 9910149 9912287 0004126 0101073 0002145 0008140 0009244 0010127 0011115 0101076 0101083 9806039 9901147 9902088 9902126 9904120 9905177 9906022 9803131 0101091 9902121 9806146 9807127 9808069 9911082 0101176 0102035 0102042 0102077 0007146 0010252 0102113 0012052 0102138 0102184 0103078 0103108 9810169 0103171 0103241 0104141 0104159 0105036 0105052 0105070 0105093 0105117 0105160 0105214 0105249 9807216 0106086 0112045 0106109 0106113 0106127 0106151 0106184 0106191 0106209 0106247 0107031 0107067 0107091 0107134 0107169 0107234 0107238 0108092 0108119 0109213 0110007 0110087 0110108 0112218 0112223 0112226 0108172 0109057 0109122 0110031 0110062 0110064 0110169 0110234 0110238 0110265 0111008 0111093 0111201 0111238 0111276 0112140 0110123 0111085 0111136 0111182 0111217 0112002 0112009 0112066 0112093 0112152 0112253 
1: 0007018 0008001 0011288 9511222 0012195 0103080 0011190 0103167 0105019 0105049 0105250 0106055 0106117 0108080 0109039 0109092 0109177 0110034 0112126 
2: 9508068 9906055 9309075 0012072 9312172 9507143 0103220 0104136 9512154 0104238 9502038 0105023 0106206 0105062 0105220 0106079 0107002 0107116 0108075 0108140 0108196 0109019 0110077 0110099 0110107 0110200 0110164 0110170 0110186 0111051 0111154 0111155 0111177 0111199 0111212 0112059 0112101 0112173 0112199 
3: 0101014 0001084 0002117 0002211 0002237 0003031 0003220 0004015 0005036 0006240 0007153 0008033 0008053 0008101 0008252 0009103 0009105 0009148 0009191 0010190 0011238 0012251 9902105 9911116 9912249 9904207 0011226 9208027 9210065 0101162 0003278 0102071 0008227 0008231 0102085 0102112 0103085 0103103 0104230 0105024 0105058 0105059 0105129 0105156 0105168 0105175 0105184 0105246 0105312 0105319 0106010 0106027 0106036 0106068 0106107 0106157 0106242 0107007 0107046 0107101 0107197 0108150 0109049 0109182 0110124 0110136 0110204 0111034 0111069 0111087 0111092 0111129 0111153 0111208 0111281 0112169 0112214 0112231 
4: 0012041 9912123 0105045 0108064 0108229 0108234 0109075 0109214 0110171 0111113 
5: 0101029 0010105 0103013 0103179 0107178 0107200 0108096 0111013 
6: 0007191 9807080 9912152 0101206 0008142 0011089 0011256 0012136 0102185 0103011 0103067 9811131 0103167 0103115 0103155 0103223 0104037 0104124 0104208 0105045 0105066 0105096 0105225 0106026 0106034 0106040 0106055 0106162 0107166 0107177 0108080 0108091 0108120 0108165 0108219 0108226 0108229 0108245 0109025 0109076 0109152 0110028 0110050 0110115 0110171 0110184 0110232 0111012 0111048 0111050 0111165 0111198 0112040 0112113 
7: 0101029 0010264 0102181 0102188 0103013 0103179 0106011 0106072 
8: 9207094 0011017 0102122 0102183 0104147 0104200 0105063 0107063 0107162 0109069 0110288 0111239 0112029 
9: 0009103 0009148 9208027 9210065 0101207 0102192 0104099 0106033 0104164 0105098 0105238 0106201 0107098 0109032 0109187 
10: 9803235 0103239 0104073 0105199 0105212 0106241 0106282 0109004 0111279 
11: 0101013 0011077 0011193 9911096 9911161 0104026 0105258 0106061 0106160 0106186 0107057 0112145 0112195 
12: 0009103 0009148 9210065 9303143 0104099 0105115 0106033 0104164 0105098 0105227 0107098 0109032 
13: 0008075 0008205 0011125 9910004 9912072 0106121 0107106 0110113 0110066 0110215 0111145 0112176 
14: 0009148 0010108 9210065 9303143 0103089 0103102 0104099 0104164 0105238 0109032 0109187 
