# The links inside the directed communities at k=12
# from /Users/bogna/dev/role-mining/datasets/enron/timeslots/1-2001.edges
# at no lower link weight threshold,
# and at no upper link weight threshold.
# Links were treated as directed.
# No time limit was set for the clique search.

0:
452 527
125 452
948 452
547 452
452 544
452 723
452 1574
452 540
954 452
452 30
4250 452
890 452
731 452
527 125
948 527
527 547
527 544
527 723
527 1574
527 540
527 954
527 30
527 4250
527 890
527 1178
527 604
731 527
948 125
125 547
125 544
125 723
125 1574
125 540
125 30
890 125
125 1178
125 604
731 125
948 547
948 544
948 723
948 1574
948 540
948 954
948 30
948 4250
948 890
948 1178
948 604
948 731
547 544
547 723
547 1574
547 540
954 547
547 30
547 4250
890 547
547 1178
547 604
731 547
544 723
544 1574
544 540
544 954
544 30
544 4250
544 890
544 1178
544 604
731 544
723 1574
723 540
954 723
723 30
4250 723
723 890
723 1178
723 604
731 723
1574 540
954 1574
1574 30
1574 4250
890 1574
604 1574
731 1574
954 540
540 30
540 4250
540 890
540 1178
540 604
731 540
954 30
954 4250
954 890
954 1178
954 604
954 731
4250 30
890 30
30 1178
604 30
731 30
890 4250
4250 604
890 1178
890 604
890 731
604 1178
731 1178
731 604
1:
452 527
125 452
948 452
547 452
452 544
452 550
452 723
452 540
954 452
4250 452
890 452
1199 452
452 804
661 452
731 452
9931 452
527 125
948 527
527 547
527 544
527 550
527 723
527 540
527 954
527 4250
527 890
527 1199
527 804
527 453
527 661
731 527
9931 527
948 125
125 547
125 544
125 550
125 723
125 540
890 125
125 1199
125 804
125 453
125 661
731 125
9931 125
948 547
948 544
948 550
948 723
948 540
948 954
948 4250
948 890
948 1199
948 804
948 731
948 9931
547 544
547 550
547 723
547 540
954 547
547 4250
890 547
547 1199
547 804
547 453
547 661
731 547
9931 547
544 550
544 723
544 540
544 954
544 4250
544 890
544 1199
544 804
544 453
661 544
731 544
9931 544
550 723
550 540
954 550
4250 550
890 550
550 1199
804 550
550 453
661 550
731 550
9931 550
723 540
954 723
4250 723
723 890
723 1199
723 804
723 453
723 661
731 723
9931 723
954 540
540 4250
540 890
540 1199
540 804
540 453
540 661
731 540
9931 540
954 4250
954 890
954 1199
954 804
954 731
954 9931
890 4250
4250 804
890 1199
890 804
890 453
890 661
890 731
1199 804
453 1199
661 1199
731 1199
661 804
731 804
9931 804
661 453
731 453
731 661
9931 731
