# The links from /Users/bogna/dev/role-mining/datasets/enron/timeslots/02-filtered3.edges
# at no lower link weight threshold,
# and at no upper link weight threshold.
# Links were treated as directed.
# No time limit was set for the clique search.
# (self-links were removed)

00009 00048
00009 00057
00009 00067
00009 00147
00011 00017
00011 00075
00017 00049
00017 00061
00044 00100
00044 00102
00044 00150
00048 00009
00048 00052
00048 00057
00048 00067
00048 00147
00049 00070
00049 00137
00052 00048
00053 00044
00053 00096
00057 00009
00057 00067
00061 00017
00061 00049
00061 00125
00067 00009
00067 00048
00067 00057
00067 00147
00069 00073
00069 00139
00073 00049
00073 00069
00073 00137
00073 00139
00075 00011
00075 00076
00076 00057
00076 00142
00086 00149
00096 00089
00096 00114
00100 00044
00100 00049
00102 00044
00102 00049
00102 00096
00102 00100
00102 00122
00114 00096
00125 00061
00137 00011
00137 00049
00137 00068
00137 00069
00137 00070
00137 00073
00137 00075
00139 00017
00139 00069
00139 00073
00142 00057
00142 00076
00145 00049
00145 00100
00147 00009
00147 00048
00147 00067
00149 00086
00150 00044
