# The links inside the directed communities at k=7
# from /Users/bogna/dev/role-mining/datasets/hepth/timeslots/cit-HepTh-1999.edges
# at no lower link weight threshold,
# and at no upper link weight threshold.
# Links were treated as directed.
# No time limit was set for the clique search.

0:
9901014 9803194
9901014 9805019
9901014 9806155
9901014 9808141
9901014 9809111
9901014 9810188
9901014 9812031
9902116 9901014
9902160 9901014
9903123 9901014
9905006 9901014
9904153 9901014
9904207 9901014
9905034 9901014
9907140 9901014
9910249 9901014
9901042 9803194
9902102 9803194
9902116 9803194
9902160 9803194
9903123 9803194
9904153 9803194
9904207 9803194
9905034 9803194
9905080 9803194
9907140 9803194
9908144 9803194
9910249 9803194
9901042 9805019
9901159 9805019
9902102 9805019
9902116 9805019
9902160 9805019
9902181 9805019
9903123 9805019
9905006 9805019
9903129 9805019
9904207 9805019
9905034 9805019
9905080 9805019
9907140 9805019
9908144 9805019
9910249 9805019
9911173 9805019
9901042 9806155
9902102 9806155
9902160 9806155
9903123 9806155
9905006 9806155
9903129 9806155
9904153 9806155
9904207 9806155
9905080 9806155
9907140 9806155
9908144 9806155
9910249 9806155
9901042 9808141
9901159 9808141
9902102 9808141
9902160 9808141
9903123 9808141
9905006 9808141
9903129 9808141
9903140 9808141
9904153 9808141
9904207 9808141
9905034 9808141
9905080 9808141
9907140 9808141
9908144 9808141
9910249 9808141
9911173 9808141
9901042 9809111
9902102 9809111
9902160 9809111
9903123 9809111
9905006 9809111
9903129 9809111
9904153 9809111
9904207 9809111
9905034 9809111
9907140 9809111
9910249 9809111
9901042 9810188
9901159 9810188
9902102 9810188
9902116 9810188
9902160 9810188
9902181 9810188
9903123 9810188
9905006 9810188
9903129 9810188
9903140 9810188
9904153 9810188
9904207 9810188
9905034 9810188
9905080 9810188
9907140 9810188
9908091 9810188
9908144 9810188
9910249 9810188
9911173 9810188
9901042 9812031
9902102 9812031
9902116 9812031
9902160 9812031
9903123 9812031
9905006 9812031
9903140 9812031
9904153 9812031
9904207 9812031
9907140 9812031
9910249 9812031
9901042 9601038
9901042 9710230
9901042 9805170
9901042 9812135
9901159 9901042
9902102 9901042
9902116 9901042
9902160 9901042
9902181 9901042
9903123 9901042
9905006 9901042
9903129 9901042
9903140 9901042
9904153 9901042
9904207 9901042
9905034 9901042
9905080 9901042
9907140 9901042
9908091 9901042
9908144 9901042
9910249 9901042
9902160 9601038
9903123 9601038
9905006 9601038
9904153 9601038
9904207 9601038
9907140 9601038
9902102 9710230
9902116 9710230
9903129 9710230
9904153 9710230
9905034 9710230
9907140 9710230
9901159 9805170
9902102 9805170
9902116 9805170
9902160 9805170
9902181 9805170
9903123 9805170
9905006 9805170
9903129 9805170
9904153 9805170
9904207 9805170
9905034 9805170
9905080 9805170
9907140 9805170
9908144 9805170
9910249 9805170
9911173 9805170
9901159 9812135
9902102 9812135
9902116 9812135
9902160 9812135
9902181 9812135
9903123 9812135
9905006 9812135
9903129 9812135
9903140 9812135
9904153 9812135
9904207 9812135
9905034 9812135
9905080 9812135
9907140 9812135
9908144 9812135
9910249 9812135
9911173 9812135
9901159 9812226
9902102 9901159
9902116 9901159
9902160 9901159
9902181 9901159
9903123 9901159
9905006 9901159
9903140 9901159
9904153 9901159
9904207 9901159
9907140 9901159
9911173 9901159
9902102 9812226
9902116 9812226
9902160 9812226
9903140 9812226
9904153 9812226
9904207 9812226
9905034 9812226
9907140 9812226
9910249 9812226
9902102 9902116
9902102 9902160
9903129 9902102
9904153 9902102
9904207 9902102
9905034 9902102
9907140 9902102
9910249 9902102
9902160 9902116
9903129 9902116
9903140 9902116
9904153 9902116
9904207 9902116
9905034 9902116
9907140 9902116
9910249 9902116
9903123 9902160
9903129 9902160
9903140 9902160
9904153 9902160
9904207 9902160
9905034 9902160
9905080 9902160
9907140 9902160
9908144 9902160
9910249 9902160
9905006 9902181
9904207 9902181
9907140 9902181
9903123 9905006
9904153 9903123
9904207 9903123
9905080 9903123
9907140 9903123
9908091 9903123
9908144 9903123
9911173 9903123
9905006 9904153
9905006 9904207
9905080 9905006
9907140 9905006
9908091 9905006
9908144 9905006
9911173 9905006
9904153 9903129
9904207 9903129
9907140 9903129
9904153 9903140
9907140 9903140
9904207 9904153
9905034 9904153
9905080 9904153
9907140 9904153
9905080 9904207
9907140 9904207
9908091 9904207
9908144 9904207
9910249 9904207
9911173 9904207
9907140 9905034
9907140 9905080
9908144 9905080
9910249 9907140
9911173 9907140
9908144 9908091
1:
9901107 9704011
9901107 9712211
9901107 9803127
9901107 9804139
9901107 9804160
9901107 9804164
9901107 9804174
9902005 9901107
9903095 9901107
9906119 9901107
9907090 9901107
9909035 9901107
9909218 9901107
9912083 9901107
9902005 9704011
9906119 9704011
9907090 9704011
9909035 9704011
9912083 9704011
9902005 9712211
9903095 9712211
9906119 9712211
9907090 9712211
9909035 9712211
9909218 9712211
9912083 9712211
9902005 9803127
9903095 9803127
9906119 9803127
9907090 9803127
9909035 9803127
9909218 9803127
9912083 9803127
9902005 9804139
9903095 9804139
9906119 9804139
9907090 9804139
9909035 9804139
9909218 9804139
9912083 9804139
9902005 9804160
9903095 9804160
9906119 9804160
9907090 9804160
9909035 9804160
9912083 9804160
9902005 9804164
9903095 9804164
9906119 9804164
9907090 9804164
9909035 9804164
9909218 9804164
9912083 9804164
9902005 9804174
9903095 9804174
9906119 9804174
9907090 9804174
9909035 9804174
9909218 9804174
9912083 9804174
9903095 9902005
9906119 9902005
9907090 9902005
9909035 9902005
9909218 9902005
9912083 9902005
9906119 9903095
9909035 9903095
9909218 9903095
9912083 9903095
9906119 9907090
9909035 9906119
9909218 9906119
9912083 9906119
9909035 9907090
9912083 9907090
9912083 9909035
9912083 9909218
2:
9902033 9611230
9904118 9611230
9904181 9611230
9908006 9611230
9908075 9611230
9908120 9611230
9902033 9808111
9904118 9902033
9904181 9902033
9908006 9902033
9908075 9902033
9908120 9902033
9904118 9808111
9904181 9808111
9908006 9808111
9908075 9808111
9908120 9808111
9904181 9904118
9908006 9904118
9908075 9904118
9908120 9904118
9908006 9904181
9908075 9904181
9908120 9904181
9908075 9908006
9908120 9908006
9908120 9908075
3:
9902088 9409089
9902173 9409089
9905177 9409089
9906022 9409089
9910146 9409089
9904120 9409089
9905111 9409089
9907012 9409089
9907032 9409089
9907062 9409089
9907115 9409089
9908093 9409089
9910106 9409089
9910185 9409089
9911002 9409089
9911157 9409089
9912055 9409089
9902088 9806039
9902088 9811008
9902088 9812043
9902126 9902088
9902173 9902088
9905177 9902088
9906022 9902088
9910146 9902088
9904110 9902088
9904120 9902088
9905111 9902088
9907012 9902088
9907032 9902088
9907062 9902088
9907115 9902088
9908061 9902088
9908093 9902088
9910106 9902088
9910185 9902088
9911002 9902088
9911157 9902088
9912055 9902088
9902126 9806039
9902173 9806039
9905177 9806039
9906022 9806039
9910146 9806039
9904110 9806039
9904120 9806039
9905111 9806039
9907012 9806039
9907032 9806039
9907062 9806039
9907115 9806039
9908061 9806039
9908093 9806039
9910106 9806039
9910185 9806039
9911002 9806039
9911157 9806039
9912055 9806039
9902126 9811008
9902173 9811008
9910146 9811008
9904120 9811008
9905111 9811008
9907012 9811008
9907115 9811008
9910106 9811008
9902126 9812043
9902173 9812043
9904120 9812043
9907012 9812043
9908061 9812043
9908093 9812043
9910106 9812043
9902173 9902126
9905177 9902126
9906022 9902126
9904110 9902126
9904120 9902126
9907012 9902126
9907032 9902126
9907062 9902126
9907115 9902126
9908061 9902126
9908093 9902126
9910106 9902126
9910185 9902126
9911002 9902126
9911157 9902126
9912055 9902126
9905177 9902173
9906022 9902173
9910146 9902173
9904110 9902173
9904120 9902173
9905111 9902173
9907012 9902173
9907032 9902173
9907062 9902173
9907115 9902173
9908061 9902173
9908093 9902173
9910106 9902173
9910185 9902173
9911002 9902173
9911157 9902173
9912055 9902173
9906022 9905177
9910146 9905177
9905177 9904120
9907012 9905177
9907032 9905177
9907062 9905177
9907115 9905177
9908093 9905177
9910106 9905177
9911002 9905177
9912055 9905177
9910146 9906022
9906022 9904120
9907012 9906022
9907032 9906022
9907115 9906022
9908093 9906022
9910106 9906022
9911002 9906022
9912055 9906022
9910146 9904120
9910146 9905111
9910146 9907012
9910146 9907032
9910146 9907115
9910146 9908093
9910185 9904110
9911157 9904110
9905111 9904120
9907012 9904120
9907032 9904120
9907062 9904120
9907115 9904120
9908061 9904120
9908093 9904120
9910106 9904120
9910185 9904120
9911002 9904120
9911157 9904120
9912055 9904120
9907115 9905111
9907115 9907012
9908061 9907012
9911157 9907012
9912055 9907012
9911157 9907032
9912055 9907032
9907115 9907062
9908093 9907062
9910106 9907062
9911002 9907062
9910106 9907115
9910185 9907115
9911157 9907115
9910106 9908061
9910106 9908093
9911002 9908093
9911157 9910185
9912055 9911002
4:
9901143 9711200
9903078 9711200
9907188 9711200
9905030 9711200
9905111 9711200
9908001 9711200
9911124 9711200
9901143 9802109
9903078 9802109
9907188 9802109
9905030 9802109
9905111 9802109
9908001 9802109
9911124 9802109
9901143 9802150
9903078 9802150
9907188 9802150
9905030 9802150
9905111 9802150
9908001 9802150
9911124 9802150
9901143 9803131
9903078 9803131
9907188 9803131
9905030 9803131
9905111 9803131
9908001 9803131
9911124 9803131
9901143 9805156
9901143 9810053
9903078 9901143
9907188 9901143
9905030 9901143
9905111 9901143
9908001 9901143
9911124 9901143
9903078 9805156
9907188 9805156
9905030 9805156
9905111 9805156
9908001 9805156
9911124 9805156
9903078 9810053
9907188 9810053
9905111 9810053
9908001 9810053
9911124 9810053
9907188 9903078
9905030 9903078
9905111 9903078
9908001 9903078
9911124 9903078
9907188 9905030
9907188 9905111
9908001 9907188
9911124 9907188
9908001 9905030
9911124 9905030
9908001 9905111
9911124 9905111
9911124 9908001
5:
9908142 9711162
9903077 9711162
9903107 9711162
9903187 9711162
9908056 9711162
9912140 9711162
9911098 9711162
9912036 9711162
9912072 9711162
9912075 9711162
9912167 9711162
9908142 9903077
9908142 9804001
9908142 9903107
9908142 9903187
9908142 9908056
9912140 9908142
9911098 9908142
9912036 9908142
9912072 9908142
9912075 9908142
9912167 9908142
9903077 9804001
9903187 9903077
9911098 9903077
9912036 9903077
9912072 9903077
9903187 9804001
9911098 9804001
9912036 9804001
9912072 9804001
9903187 9903107
9908056 9903107
9912140 9903107
9911098 9903107
9912036 9903107
9912072 9903107
9912075 9903107
9912167 9903107
9908056 9903187
9912140 9903187
9911098 9903187
9912036 9903187
9912072 9903187
9912075 9903187
9912167 9903187
9912140 9908056
9911098 9908056
9912072 9908056
9912075 9908056
9912167 9908056
9912140 9912072
9912140 9912075
9912036 9911098
9912072 9911098
9912075 9911098
9912072 9912036
9912167 9912072
9912167 9912075
6:
9902121 9711200
9903203 9711200
9903238 9711200
9904197 9711200
9906040 9711200
9908022 9711200
9910040 9711200
9911060 9711200
9911230 9711200
9912013 9711200
9902121 9802109
9903203 9802109
9903238 9802109
9904197 9802109
9906040 9802109
9908022 9802109
9910040 9802109
9912013 9802109
9902121 9802150
9903203 9802150
9903238 9802150
9904197 9802150
9906040 9802150
9906127 9802150
9908022 9802150
9910040 9802150
9912013 9802150
9902121 9806087
9903238 9806087
9906127 9806087
9910040 9806087
9910124 9806087
9911060 9806087
9911230 9806087
9902121 9808079
9903203 9808079
9903238 9808079
9910040 9808079
9911060 9808079
9911230 9808079
9903203 9902121
9903229 9902121
9903238 9902121
9904197 9902121
9904148 9902121
9906040 9902121
9906127 9902121
9908022 9902121
9909197 9902121
9910040 9902121
9910124 9902121
9911060 9902121
9911230 9902121
9912013 9902121
9903238 9903203
9906040 9903203
9906127 9903203
9910040 9903203
9911060 9903203
9911230 9903203
9912013 9903203
9903229 9903238
9904148 9903229
9906127 9903229
9908022 9903229
9909197 9903229
9910040 9903229
9911230 9903229
9912013 9903229
9903238 9904197
9904148 9903238
9906040 9903238
9906127 9903238
9908022 9903238
9909197 9903238
9910040 9903238
9910124 9903238
9911060 9903238
9911230 9903238
9912013 9903238
9908022 9904197
9910040 9904197
9912013 9904197
9906127 9904148
9908022 9904148
9912013 9904148
9908022 9906040
9910040 9906040
9912013 9906040
9908022 9906127
9909197 9906127
9910040 9906127
9910124 9906127
9911060 9906127
9911230 9906127
9912013 9906127
9910040 9908022
9912013 9908022
9910040 9909197
9911230 9909197
9912013 9909197
9911060 9910040
9911230 9910040
9912013 9910040
9911060 9910124
9911230 9910124
9911230 9911060
9912013 9911060
7:
9901041 9711200
9901101 9711200
9901106 9711200
9902012 9711200
9902074 9711200
9902095 9711200
9902125 9711200
9902155 9711200
9903026 9711200
9903085 9711200
9903090 9711200
9903091 9711200
9903109 9711200
9903128 9711200
9904013 9711200
9904017 9711200
9905081 9711200
9905111 9711200
9907143 9711200
9909047 9711200
9906055 9711200
9906057 9711200
9906081 9711200
9906101 9711200
9906194 9711200
9906220 9711200
9907054 9711200
9908175 9711200
9909041 9711200
9910094 9711200
9910117 9711200
9911040 9711200
9912132 9711200
9912257 9711200
9901041 9802109
9901101 9802109
9901106 9802109
9902012 9802109
9902074 9802109
9902095 9802109
9902125 9802109
9902155 9802109
9903026 9802109
9903029 9802109
9903085 9802109
9903090 9802109
9903091 9802109
9903109 9802109
9903128 9802109
9904036 9802109
9904013 9802109
9904017 9802109
9905081 9802109
9905111 9802109
9905180 9802109
9905200 9802109
9907143 9802109
9908198 9802109
9909047 9802109
9906081 9802109
9906194 9802109
9906216 9802109
9906220 9802109
9908175 9802109
9909041 9802109
9910117 9802109
9911040 9802109
9912132 9802109
9912257 9802109
9901101 9802150
9901106 9802150
9902012 9802150
9902074 9802150
9902095 9802150
9902125 9802150
9902155 9802150
9903026 9802150
9903085 9802150
9903090 9802150
9903091 9802150
9903109 9802150
9903128 9802150
9904013 9802150
9904017 9802150
9905081 9802150
9905111 9802150
9905180 9802150
9905200 9802150
9907143 9802150
9908198 9802150
9909047 9802150
9906081 9802150
9906194 9802150
9906216 9802150
9906220 9802150
9908175 9802150
9909041 9802150
9910045 9802150
9910117 9802150
9911040 9802150
9912132 9802150
9912257 9802150
9902125 9805114
9903029 9805114
9903091 9805114
9903109 9805114
9905081 9805114
9905111 9805114
9905180 9805114
9905200 9805114
9906216 9805114
9901106 9701137
9902074 9701137
9902095 9701137
9902110 9701137
9902196 9701137
9903128 9701137
9903186 9701137
9906055 9701137
9906081 9701137
9906101 9701137
9906179 9701137
9906220 9701137
9906234 9701137
9908155 9701137
9910094 9701137
9901101 9802183
9902074 9802183
9902095 9802183
9902110 9802183
9906057 9802183
9906081 9802183
9906101 9802183
9906220 9802183
9912257 9802183
9902074 9803001
9902125 9803001
9902155 9803001
9903026 9803001
9903029 9803001
9903090 9803001
9903091 9803001
9903109 9803001
9903186 9803001
9905081 9803001
9905111 9803001
9902074 9803002
9902125 9803002
9902155 9803002
9903026 9803002
9903029 9803002
9903090 9803002
9903091 9803002
9903109 9803002
9903186 9803002
9904036 9803002
9905081 9803002
9905111 9803002
9905200 9803002
9907143 9803002
9909047 9803002
9906216 9803002
9912132 9803002
9901101 9803015
9902074 9803015
9902095 9803015
9906081 9803015
9906220 9803015
9912257 9803015
9902074 9803131
9902155 9803131
9903026 9803131
9903029 9803131
9903091 9803131
9903109 9803131
9903186 9803131
9905081 9803131
9905111 9803131
9907143 9803131
9906216 9803131
9901101 9809057
9902074 9809057
9902095 9809057
9902196 9809057
9903090 9809057
9903128 9809057
9903186 9809057
9904013 9809057
9905081 9809057
9905111 9809057
9907143 9809057
9906101 9809057
9906220 9809057
9907024 9809057
9908092 9809057
9901085 9811035
9901101 9811035
9901106 9811035
9902012 9811035
9902074 9811035
9902095 9811035
9902110 9811035
9902125 9811035
9902196 9811035
9903026 9811035
9903029 9811035
9903090 9811035
9903109 9811035
9903128 9811035
9903186 9811035
9904013 9811035
9904069 9811035
9905081 9811035
9905111 9811035
9905200 9811035
9907143 9811035
9906055 9811035
9906057 9811035
9906081 9811035
9906090 9811035
9906101 9811035
9906179 9811035
9906196 9811035
9906216 9811035
9906220 9811035
9906234 9811035
9907024 9811035
9907054 9811035
9908092 9811035
9908155 9811035
9908175 9811035
9909010 9811035
9910094 9811035
9912257 9811035
9901101 9811156
9901106 9811156
9902012 9811156
9902074 9811156
9902095 9811156
9902125 9811156
9902196 9811156
9903026 9811156
9903029 9811156
9903090 9811156
9903109 9811156
9903128 9811156
9903186 9811156
9904013 9811156
9905081 9811156
9905111 9811156
9905200 9811156
9907143 9811156
9908198 9811156
9906055 9811156
9906081 9811156
9906179 9811156
9906196 9811156
9906216 9811156
9906220 9811156
9907024 9811156
9908092 9811156
9908175 9811156
9910045 9811156
9912257 9811156
9901085 9812089
9901101 9812089
9901106 9812089
9902012 9812089
9902074 9812089
9902095 9812089
9902110 9812089
9902125 9812089
9902155 9812089
9902196 9812089
9903026 9812089
9903029 9812089
9903090 9812089
9903109 9812089
9903128 9812089
9903186 9812089
9904013 9812089
9904017 9812089
9905081 9812089
9905111 9812089
9905200 9812089
9907143 9812089
9908198 9812089
9906055 9812089
9906081 9812089
9906101 9812089
9906179 9812089
9906196 9812089
9906220 9812089
9906234 9812089
9907024 9812089
9907054 9812089
9908092 9812089
9908175 9812089
9910045 9812089
9910094 9812089
9912257 9812089
9901101 9803076
9902074 9803076
9902110 9803076
9902196 9803076
9906081 9803076
9906101 9803076
9906220 9803076
9912257 9803076
9901041 9810206
9902074 9901041
9902125 9901041
9904017 9901041
9905081 9901041
9905111 9901041
9905200 9901041
9906216 9901041
9902125 9810126
9902155 9810126
9903026 9810126
9904017 9810126
9909047 9810126
9909041 9810126
9909070 9810126
9911040 9810126
9912132 9810126
9902125 9810206
9902155 9810206
9903026 9810206
9904013 9810206
9904017 9810206
9905081 9810206
9905111 9810206
9905200 9810206
9909047 9810206
9906194 9810206
9906216 9810206
9909041 9810206
9909070 9810206
9909121 9810206
9911040 9810206
9912132 9810206
9902155 9812035
9903026 9812035
9904017 9812035
9909047 9812035
9906194 9812035
9909041 9812035
9910117 9812035
9911040 9812035
9912132 9812035
9902074 9805129
9902125 9805129
9903186 9805129
9905081 9805129
9905111 9805129
9905200 9805129
9906216 9805129
9908175 9805129
9901101 9901085
9901106 9901085
9902074 9901085
9902196 9901085
9903090 9901085
9903128 9901085
9906081 9901085
9906220 9901085
9906234 9901085
9901101 9509080
9901101 9702093
9901101 9803249
9901106 9901101
9902012 9901101
9902074 9901101
9902095 9901101
9902125 9901101
9902196 9901101
9903026 9901101
9903090 9901101
9903109 9901101
9903128 9901101
9903186 9901101
9904013 9901101
9905081 9901101
9905111 9901101
9905200 9901101
9907143 9901101
9906055 9901101
9906057 9901101
9906081 9901101
9906090 9901101
9906101 9901101
9906179 9901101
9906196 9901101
9906216 9901101
9906220 9901101
9906234 9901101
9907024 9901101
9907054 9901101
9908092 9901101
9908155 9901101
9908175 9901101
9910094 9901101
9912257 9901101
9904069 9509080
9906055 9509080
9906081 9509080
9906101 9509080
9906234 9509080
9907054 9509080
9908155 9509080
9909010 9509080
9910094 9509080
9911081 9509080
9912257 9509080
9904069 9702093
9906055 9702093
9906081 9702093
9906101 9702093
9906234 9702093
9907054 9702093
9908155 9702093
9909010 9702093
9910094 9702093
9911081 9702093
9912257 9702093
9902095 9803249
9902110 9803249
9902196 9803249
9906057 9803249
9906081 9803249
9906101 9803249
9906220 9803249
9912257 9803249
9902095 9901106
9902196 9901106
9903090 9901106
9903128 9901106
9905111 9901106
9906081 9901106
9906101 9901106
9906220 9901106
9906234 9901106
9912257 9901106
9902074 9902012
9902125 9902012
9903029 9902012
9903090 9902012
9903109 9902012
9903128 9902012
9904013 9902012
9907143 9902012
9908198 9902012
9902125 9811208
9903090 9811208
9903109 9811208
9904013 9811208
9905081 9811208
9905111 9811208
9905200 9811208
9907143 9811208
9906216 9811208
9908175 9811208
9902095 9902074
9902125 9902074
9903026 9902074
9903029 9902074
9903085 9902074
9903090 9902074
9903091 9902074
9903109 9902074
9903128 9902074
9903186 9902074
9904013 9902074
9904017 9902074
9905081 9902074
9905111 9902074
9907143 9902074
9908198 9902074
9909047 9902074
9906055 9902074
9906081 9902074
9906101 9902074
9906179 9902074
9906196 9902074
9906220 9902074
9906234 9902074
9907024 9902074
9907054 9902074
9908092 9902074
9908175 9902074
9910045 9902074
9911040 9902074
9912257 9902074
9904069 9810214
9906234 9810214
9909010 9810214
9910094 9810214
9911081 9810214
9912257 9810214
9902110 9902095
9902196 9902095
9903090 9902095
9903128 9902095
9905111 9902095
9906055 9902095
9906057 9902095
9906081 9902095
9906101 9902095
9906179 9902095
9906220 9902095
9906234 9902095
9912257 9902095
9902196 9902110
9903186 9902110
9906055 9902110
9906057 9902110
9906081 9902110
9906101 9902110
9906179 9902110
9906220 9902110
9907024 9902110
9908092 9902110
9908155 9902110
9910094 9902110
9912257 9902110
9902155 9902125
9903026 9902125
9903029 9902125
9903085 9902125
9903091 9902125
9903109 9902125
9903186 9902125
9904036 9902125
9904013 9902125
9904017 9902125
9905081 9902125
9905111 9902125
9905200 9902125
9907143 9902125
9908198 9902125
9909047 9902125
9906216 9902125
9908175 9902125
9909041 9902125
9909070 9902125
9910045 9902125
9911040 9902125
9912132 9902125
9903026 9902155
9903029 9902155
9903085 9902155
9903090 9902155
9903091 9902155
9903109 9902155
9903186 9902155
9904013 9902155
9904017 9902155
9905081 9902155
9905111 9902155
9905200 9902155
9907143 9902155
9909047 9902155
9906194 9902155
9906216 9902155
9908175 9902155
9909041 9902155
9909070 9902155
9910117 9902155
9911040 9902155
9912132 9902155
9903128 9902196
9906055 9902196
9906081 9902196
9906101 9902196
9906179 9902196
9906220 9902196
9906234 9902196
9908155 9902196
9910094 9902196
9912257 9902196
9903090 9903026
9903091 9903026
9903109 9903026
9903186 9903026
9904013 9903026
9904017 9903026
9905081 9903026
9905111 9903026
9905200 9903026
9907143 9903026
9909047 9903026
9906194 9903026
9906216 9903026
9909041 9903026
9909070 9903026
9910117 9903026
9911040 9903026
9912132 9903026
9903091 9903029
9903109 9903029
9904013 9903029
9905111 9903029
9905200 9903029
9908198 9903029
9906216 9903029
9908175 9903029
9910045 9903029
9903109 9903085
9904013 9903085
9905111 9903085
9903109 9903090
9903128 9903090
9903186 9903090
9904013 9903090
9905081 9903090
9905111 9903090
9905200 9903090
9907143 9903090
9909047 9903090
9906081 9903090
9906216 9903090
9908175 9903090
9912257 9903090
9903109 9903091
9904036 9903091
9905081 9903091
9905111 9903091
9905180 9903091
9905200 9903091
9908198 9903091
9906216 9903091
9910045 9903091
9912132 9903091
9904013 9903109
9905081 9903109
9905111 9903109
9905180 9903109
9905200 9903109
9907143 9903109
9908198 9903109
9906216 9903109
9908175 9903109
9910045 9903109
9911040 9903109
9912132 9903109
9904013 9903128
9905111 9903128
9906081 9903128
9906101 9903128
9906220 9903128
9906234 9903128
9907024 9903128
9908092 9903128
9904013 9903186
9905081 9903186
9905111 9903186
9905200 9903186
9906055 9903186
9906081 9903186
9906101 9903186
9906179 9903186
9906216 9903186
9906220 9903186
9906234 9903186
9907024 9903186
9908092 9903186
9908175 9903186
9910094 9903186
9912257 9903186
9905111 9904036
9905200 9904036
9908198 9904036
9906216 9904036
9905081 9904013
9905111 9904013
9907143 9904013
9906081 9904013
9908175 9904013
9905081 9904017
9905111 9904017
9905200 9904017
9909047 9904017
9906194 9904017
9909041 9904017
9909070 9904017
9909121 9904017
9910117 9904017
9911040 9904017
9912132 9904017
9906055 9904069
9906081 9904069
9906234 9904069
9907054 9904069
9908155 9904069
9909010 9904069
9910094 9904069
9911081 9904069
9912257 9904069
9905111 9905081
9905180 9905081
9905200 9905081
9907143 9905081
9909047 9905081
9906216 9905081
9908175 9905081
9912132 9905081
9905200 9905111
9906216 9905111
9908175 9905111
9912257 9905111
9905200 9905180
9906216 9905180
9905200 9907143
9905200 9908198
9905200 9909047
9906216 9905200
9906216 9907143
9908198 9906216
9910045 9908198
9909047 9906194
9909070 9909047
9911040 9909047
9912132 9909047
9906081 9906055
9906090 9906055
9906101 9906055
9906179 9906055
9906196 9906055
9906220 9906055
9906234 9906055
9907024 9906055
9907054 9906055
9908092 9906055
9908155 9906055
9909010 9906055
9910094 9906055
9912257 9906055
9906081 9906057
9906101 9906057
9906220 9906057
9906234 9906057
9908155 9906057
9906090 9906081
9906101 9906081
9906179 9906081
9906220 9906081
9906234 9906081
9907024 9906081
9907054 9906081
9908092 9906081
9908155 9906081
9908175 9906081
9910094 9906081
9912257 9906081
9906179 9906090
9906234 9906090
9906179 9906101
9906220 9906101
9906234 9906101
9907024 9906101
9908092 9906101
9908155 9906101
9908175 9906101
9910094 9906101
9912257 9906101
9906234 9906179
9909041 9906194
9909070 9906194
9909121 9906194
9910117 9906194
9912132 9906194
9907024 9906196
9908092 9906196
9910045 9906216
9906234 9906220
9907054 9906220
9908175 9906220
9912257 9906220
9907054 9906234
9908155 9906234
9908175 9906234
9909010 9906234
9910094 9906234
9911081 9906234
9912257 9906234
9908092 9907024
9908155 9907054
9910094 9909010
9911081 9909010
9912257 9909010
9909070 9909041
9909121 9909041
9910117 9909041
9912132 9909041
9909121 9909070
9912132 9909070
9912132 9909121
9911081 9910094
9912257 9910094
9912132 9911040
9912257 9911081
8:
9905217 9905196
9907066 9905196
9910095 9905196
9912015 9905196
9912081 9905196
9912162 9905196
9907066 9905217
9910095 9905217
9912015 9905217
9912081 9905217
9912162 9905217
9910095 9907066
9912015 9907066
9912081 9907066
9912162 9907066
9912015 9910095
9912081 9910095
9912162 9910095
9912081 9912015
9912162 9912015
9912162 9912081
9:
9909130 9906064
9911055 9906064
9909205 9906064
9911043 9906064
9912118 9906064
9912233 9906064
9911055 9909130
9909205 9909130
9911043 9909130
9912118 9909130
9912233 9909130
9911055 9909205
9911055 9911043
9912118 9911055
9912233 9911055
9911043 9909205
9912118 9909205
9912233 9909205
9912118 9911043
9912233 9911043
9912118 9912233
10:
9901056 9711200
9902067 9711200
9902074 9711200
9905081 9711200
9905111 9711200
9908175 9711200
9901056 9803131
9902067 9803131
9902074 9803131
9905081 9803131
9905111 9803131
9908175 9803131
9901056 9806021
9902067 9806021
9902074 9806021
9905081 9806021
9905111 9806021
9908175 9806021
9901056 9809106
9902067 9809106
9902074 9809106
9905081 9809106
9905111 9809106
9908175 9809106
9901056 9811156
9902067 9811156
9902074 9811156
9905081 9811156
9905111 9811156
9908175 9811156
9901056 9805129
9901056 9806171
9901056 9808117
9901056 9810186
9902067 9901056
9902074 9901056
9905081 9901056
9905111 9901056
9908175 9901056
9902067 9805129
9902074 9805129
9905081 9805129
9905111 9805129
9908175 9805129
9902067 9806171
9902074 9806171
9905081 9806171
9905111 9806171
9908175 9806171
9902067 9808117
9902074 9808117
9905081 9808117
9905111 9808117
9908175 9808117
9902067 9810186
9902074 9810186
9905081 9810186
9905111 9810186
9908175 9810186
9902074 9902067
9905081 9902067
9905111 9902067
9908175 9902067
9905081 9902074
9905111 9902074
9908175 9902074
9905111 9905081
9908175 9905081
9908175 9905111
11:
9907166 9711200
9908134 9711200
9909085 9711200
9909215 9711200
9910019 9711200
9910092 9711200
9911057 9711200
9911169 9711200
9911193 9711200
9912288 9711200
9908142 9711162
9907166 9711162
9908056 9711162
9908134 9711162
9909059 9711162
9909085 9711162
9910019 9711162
9910031 9711162
9910083 9711162
9910091 9711162
9910092 9711162
9911057 9711162
9911169 9711162
9912140 9711162
9910194 9711162
9911031 9711162
9911098 9711162
9911137 9711162
9911183 9711162
9911193 9711162
9912288 9711162
9912072 9711162
9912165 9711162
9908142 9711165
9907166 9711165
9908056 9711165
9908134 9711165
9909059 9711165
9909085 9711165
9909215 9711165
9910019 9711165
9910031 9711165
9910083 9711165
9910092 9711165
9911057 9711165
9911169 9711165
9910194 9711165
9911031 9711165
9911183 9711165
9911193 9711165
9912288 9711165
9912165 9711165
9908142 9810072
9908134 9810072
9909085 9810072
9909215 9810072
9910092 9810072
9911169 9810072
9912165 9810072
9907166 9802042
9908134 9802042
9909215 9802042
9910019 9802042
9910092 9802042
9911169 9802042
9912165 9802042
9908056 9810179
9908134 9810179
9910083 9810179
9910092 9810179
9911031 9810179
9911193 9810179
9912288 9810179
9908142 9907166
9908142 9908056
9908142 9908134
9909059 9908142
9909085 9908142
9909215 9908142
9910019 9908142
9910031 9908142
9910083 9908142
9910091 9908142
9910092 9908142
9911057 9908142
9911169 9908142
9912140 9908142
9910194 9908142
9911031 9908142
9911098 9908142
9911137 9908142
9911183 9908142
9911193 9908142
9912288 9908142
9912072 9908142
9912165 9908142
9908056 9907166
9908134 9907166
9909059 9907166
9909085 9907166
9909215 9907166
9910019 9907166
9910031 9907166
9910091 9907166
9910092 9907166
9911057 9907166
9911169 9907166
9912140 9907166
9910194 9907166
9911098 9907166
9911137 9907166
9911183 9907166
9911193 9907166
9912288 9907166
9912072 9907166
9912165 9907166
9908134 9908056
9909059 9908056
9909085 9908056
9909215 9908056
9910019 9908056
9910031 9908056
9910083 9908056
9910091 9908056
9910092 9908056
9911169 9908056
9912140 9908056
9910194 9908056
9911031 9908056
9911098 9908056
9911137 9908056
9911193 9908056
9912288 9908056
9912072 9908056
9912165 9908056
9909059 9908134
9909085 9908134
9909215 9908134
9910019 9908134
9910031 9908134
9910083 9908134
9910091 9908134
9910092 9908134
9911057 9908134
9911169 9908134
9912140 9908134
9910194 9908134
9911031 9908134
9911098 9908134
9911137 9908134
9911183 9908134
9911193 9908134
9912288 9908134
9912072 9908134
9912165 9908134
9909215 9909059
9911183 9909059
9911193 9909059
9912288 9909059
9909215 9909085
9910019 9909085
9910031 9909085
9910092 9909085
9911169 9909085
9911137 9909085
9911183 9909085
9912165 9909085
9910019 9909215
9910092 9909215
9911169 9909215
9912140 9909215
9911137 9909215
9912165 9909215
9910092 9910019
9911169 9910019
9912140 9910019
9911031 9910083
9911193 9910083
9912288 9910083
9911098 9910091
9910092 9911057
9910092 9911169
9910092 9912140
9911031 9910092
9911183 9910092
9911193 9910092
9912288 9910092
9912165 9910092
9911169 9911057
9912140 9911057
9911193 9911057
9912288 9911057
9912140 9911169
9911169 9910194
9912165 9911169
9912140 9912072
9911193 9911031
9912288 9911031
9912072 9911098
9911193 9911137
9912288 9911137
9912072 9911137
9911183 9911193
9911183 9912288
9911193 9912288
12:
9901128 9711200
9903094 9711200
9903196 9711200
9905020 9711200
9905085 9711200
9905111 9711200
9906030 9711200
9906099 9711200
9906151 9711200
9906188 9711200
9907088 9711200
9908160 9711200
9908163 9711200
9910011 9711200
9910016 9711200
9910150 9711200
9911222 9711200
9912250 9711200
9901128 9802109
9903094 9802109
9903196 9802109
9905020 9802109
9905085 9802109
9905111 9802109
9906030 9802109
9906051 9802109
9906099 9802109
9906151 9802109
9906188 9802109
9907085 9802109
9907088 9802109
9907108 9802109
9908160 9802109
9908163 9802109
9910011 9802109
9910150 9802109
9911222 9802109
9912007 9802109
9912210 9802109
9912250 9802109
9905020 9804058
9905085 9804058
9905111 9804058
9907088 9804058
9908160 9804058
9910016 9804058
9901128 9802150
9903094 9802150
9903196 9802150
9905020 9802150
9905085 9802150
9905111 9802150
9906030 9802150
9906051 9802150
9906099 9802150
9906151 9802150
9906188 9802150
9907085 9802150
9907088 9802150
9907108 9802150
9908160 9802150
9908163 9802150
9910011 9802150
9910150 9802150
9911222 9802150
9912007 9802150
9912210 9802150
9912250 9802150
9901128 9808006
9903196 9808006
9905111 9808006
9906051 9808006
9906099 9808006
9906188 9808006
9907085 9808006
9907108 9808006
9911222 9808006
9912210 9808006
9901128 9807033
9903196 9807033
9905020 9807033
9905111 9807033
9906099 9807033
9906188 9807033
9910016 9807033
9911222 9807033
9901128 9804170
9903196 9804170
9905020 9804170
9905111 9804170
9906099 9804170
9906151 9804170
9906188 9804170
9910016 9804170
9911222 9804170
9905020 9806074
9905085 9806074
9905111 9806074
9907088 9806074
9908160 9806074
9910016 9806074
9911222 9806074
9901128 9807097
9903196 9807097
9905111 9807097
9906051 9807097
9906099 9807097
9906188 9807097
9907085 9807097
9907108 9807097
9911222 9807097
9912210 9807097
9901128 9807098
9903094 9807098
9903196 9807098
9905020 9807098
9905085 9807098
9905111 9807098
9906030 9807098
9906051 9807098
9906099 9807098
9906151 9807098
9906188 9807098
9907085 9807098
9907088 9807098
9907108 9807098
9908160 9807098
9910011 9807098
9910016 9807098
9910150 9807098
9911222 9807098
9912210 9807098
9912250 9807098
9901128 9809067
9903196 9809067
9905111 9809067
9906099 9809067
9906188 9809067
9907085 9809067
9907108 9809067
9911222 9809067
9912210 9809067
9903196 9811152
9905111 9811152
9906099 9811152
9906188 9811152
9907085 9811152
9907108 9811152
9911222 9811152
9912210 9811152
9901128 9811047
9903196 9901128
9905020 9901128
9905111 9901128
9906099 9901128
9906188 9901128
9910016 9901128
9911222 9901128
9903196 9811047
9905020 9811047
9905085 9811047
9905111 9811047
9906030 9811047
9906099 9811047
9906151 9811047
9906188 9811047
9907088 9811047
9907108 9811047
9908160 9811047
9908163 9811047
9910011 9811047
9910016 9811047
9910150 9811047
9911222 9811047
9912007 9811047
9912250 9811047
9905111 9812067
9906188 9812067
9907088 9812067
9908160 9812067
9911222 9812067
9912007 9812067
9906030 9903094
9910011 9903094
9910150 9903094
9911222 9903094
9912250 9903094
9905020 9903196
9905111 9903196
9906051 9903196
9906099 9903196
9906151 9903196
9906188 9903196
9907085 9903196
9907108 9903196
9911222 9903196
9912210 9903196
9905085 9905020
9905111 9905020
9906030 9905020
9906151 9905020
9906188 9905020
9907088 9905020
9908160 9905020
9908163 9905020
9910011 9905020
9910016 9905020
9910150 9905020
9911222 9905020
9912007 9905020
9905111 9905085
9906030 9905085
9907088 9905085
9908160 9905085
9910011 9905085
9910016 9905085
9910150 9905085
9912007 9905085
9906099 9905111
9906151 9905111
9906188 9905111
9907088 9905111
9907108 9905111
9908160 9905111
9910016 9905111
9911222 9905111
9912007 9905111
9908160 9906030
9910011 9906030
9910150 9906030
9911222 9906030
9912250 9906030
9906188 9906051
9907085 9906051
9907108 9906051
9912210 9906051
9906188 9906099
9907085 9906099
9907108 9906099
9911222 9906099
9912210 9906099
9906188 9906151
9908160 9906151
9911222 9906151
9907085 9906188
9907088 9906188
9907108 9906188
9908160 9906188
9908163 9906188
9910016 9906188
9911222 9906188
9912007 9906188
9912210 9906188
9907108 9907085
9912210 9907085
9907108 9907088
9908160 9907088
9908163 9907088
9910016 9907088
9911222 9907088
9912007 9907088
9908160 9907108
9911222 9907108
9912210 9907108
9910011 9908160
9910016 9908160
9910150 9908160
9911222 9908160
9912007 9908160
9912250 9908160
9910016 9908163
9911222 9908163
9912007 9908163
9910150 9910011
9911222 9910011
9912007 9910011
9912250 9910011
9910150 9910016
9911222 9910016
9912007 9910016
9911222 9910150
9912007 9910150
9912250 9910150
9912007 9911222
9912210 9911222
9912250 9911222
13:
9901056 9711200
9901149 9711200
9902067 9711200
9902170 9711200
9902195 9711200
9903078 9711200
9903132 9711200
9903214 9711200
9904197 9711200
9905111 9711200
9907003 9711200
9908022 9711200
9908109 9711200
9909121 9711200
9910036 9711200
9911169 9711200
9912164 9711200
9901149 9802109
9902067 9802109
9902170 9802109
9903078 9802109
9903132 9802109
9903214 9802109
9904197 9802109
9905111 9802109
9908022 9802109
9908109 9802109
9910036 9802109
9912164 9802109
9901149 9802150
9902067 9802150
9902170 9802150
9902195 9802150
9903078 9802150
9903132 9802150
9903214 9802150
9904197 9802150
9905111 9802150
9907003 9802150
9908022 9802150
9908109 9802150
9909121 9802150
9910036 9802150
9912164 9802150
9901056 9811120
9902067 9811120
9902170 9811120
9902195 9811120
9903132 9811120
9903201 9811120
9903214 9811120
9905111 9811120
9908022 9811120
9908109 9811120
9910036 9811120
9911169 9811120
9912164 9811120
9901056 9803131
9901149 9803131
9902067 9803131
9902170 9803131
9902195 9803131
9903078 9803131
9903132 9803131
9903214 9803131
9904197 9803131
9905111 9803131
9907003 9803131
9908022 9803131
9908109 9803131
9909121 9803131
9910036 9803131
9912164 9803131
9901056 9810186
9901056 9810225
9901056 9812121
9902067 9901056
9902170 9901056
9903132 9901056
9903201 9901056
9903214 9901056
9905111 9901056
9910036 9901056
9912164 9901056
9902067 9810186
9902170 9810186
9903132 9810186
9903214 9810186
9905111 9810186
9910036 9810186
9912164 9810186
9902067 9810225
9902195 9810225
9903132 9810225
9903214 9810225
9905111 9810225
9907003 9810225
9908022 9810225
9908109 9810225
9910036 9810225
9911169 9810225
9912164 9810225
9902067 9812121
9902170 9812121
9902195 9812121
9903132 9812121
9903214 9812121
9905111 9812121
9908022 9812121
9910036 9812121
9911169 9812121
9912164 9812121
9901149 9810227
9902170 9901149
9902195 9901149
9903132 9901149
9903214 9901149
9905111 9901149
9908109 9901149
9909121 9901149
9912164 9901149
9902170 9810227
9902195 9810227
9903214 9810227
9908109 9810227
9912164 9810227
9903132 9902067
9903201 9902067
9903214 9902067
9905111 9902067
9910036 9902067
9912164 9902067
9902195 9902170
9903078 9902170
9903132 9902170
9903214 9902170
9904197 9902170
9905111 9902170
9908022 9902170
9908109 9902170
9909121 9902170
9910036 9902170
9912164 9902170
9903078 9902195
9903132 9902195
9903214 9902195
9904197 9902195
9905111 9902195
9907003 9902195
9908022 9902195
9908109 9902195
9909121 9902195
9910036 9902195
9912164 9902195
9903214 9903078
9904197 9903078
9905111 9903078
9908022 9903078
9910036 9903078
9912164 9903078
9903214 9903132
9904197 9903132
9905111 9903132
9907003 9903132
9908022 9903132
9908109 9903132
9909121 9903132
9910036 9903132
9911169 9903132
9912164 9903132
9903214 9903201
9910036 9903201
9912164 9903201
9904197 9903214
9905111 9903214
9908022 9903214
9908109 9903214
9909121 9903214
9910036 9903214
9911169 9903214
9912164 9903214
9908022 9904197
9908109 9904197
9910036 9904197
9907003 9905111
9908022 9905111
9910036 9905111
9911169 9905111
9912164 9905111
9908022 9907003
9908109 9907003
9910036 9907003
9908109 9908022
9910036 9908022
9910036 9908109
9912164 9908109
9911169 9910036
9912164 9910036
9912164 9911169
14:
9901149 9711200
9902195 9711200
9903214 9711200
9903269 9711200
9905096 9711200
9907070 9711200
9901149 9810227
9902195 9901149
9903214 9901149
9903269 9901149
9905096 9901149
9907070 9901149
9902195 9810227
9903214 9810227
9903269 9810227
9905096 9810227
9907070 9810227
9903214 9902195
9903269 9902195
9905096 9902195
9907070 9902195
9903269 9903214
9905096 9903214
9907070 9903214
9905096 9903269
9907070 9903269
9907070 9905096
15:
9904092 9601038
9907184 9601038
9908023 9601038
9908064 9601038
9910228 9601038
9911081 9601038
9904092 9812118
9907184 9812118
9908023 9812118
9908064 9812118
9908072 9812118
9909212 9812118
9910228 9812118
9911081 9812118
9911205 9812118
9904092 0208020
9907184 0208020
9908023 0208020
9908064 0208020
9910228 0208020
9911081 0208020
9911205 0208020
9904092 9807011
9904092 9812158
9907184 9904092
9908023 9904092
9908064 9904092
9908072 9904092
9909212 9904092
9910228 9904092
9911081 9904092
9911205 9904092
9907184 9807011
9908023 9807011
9908064 9807011
9908072 9807011
9909212 9807011
9911081 9807011
9911205 9807011
9907184 9812158
9908023 9812158
9908064 9812158
9908072 9812158
9909212 9812158
9910228 9812158
9911081 9812158
9911205 9812158
9908023 9907184
9908064 9907184
9909212 9907184
9910228 9907184
9911081 9907184
9911205 9907184
9908064 9908023
9908072 9908023
9909212 9908023
9910228 9908023
9911081 9908023
9911205 9908023
9910228 9908064
9911081 9908064
9911205 9908064
9909212 9908072
9911081 9908072
9911205 9908072
9911081 9909212
9911205 9909212
9911081 9910228
9911205 9911081
16:
9901076 9711200
9901079 9711200
9902052 9711200
9903048 9711200
9904164 9711200
9905111 9711200
9907129 9711200
9909186 9711200
9901076 9802109
9901079 9802109
9902052 9802109
9903048 9802109
9904164 9802109
9905111 9802109
9907129 9802109
9909186 9802109
9901076 9802150
9902052 9802150
9903048 9802150
9904164 9802150
9905111 9802150
9907129 9802150
9909186 9802150
9901076 9805171
9902052 9805171
9903048 9805171
9904164 9805171
9905111 9805171
9907129 9805171
9909186 9805171
9902052 9901076
9903048 9901076
9904164 9901076
9905111 9901076
9907129 9901076
9909186 9901076
9902052 9901079
9903048 9901079
9904164 9901079
9905111 9901079
9907129 9901079
9909186 9901079
9903048 9902052
9904164 9902052
9905111 9902052
9907129 9902052
9909186 9902052
9904164 9903048
9905111 9903048
9907129 9903048
9909186 9903048
9905111 9904164
9907129 9904164
9909186 9904164
9907129 9905111
9909186 9907129
17:
9908064 9607229
9908130 9607229
9910228 9607229
9911190 9607229
9912204 9607229
9912218 9607229
9908130 9908064
9910228 9908064
9911190 9908064
9912204 9908064
9912218 9908064
9910228 9908130
9911190 9908130
9912204 9908130
9912218 9908130
9911190 9910228
9912204 9910228
9912218 9910228
9912204 9911190
9912218 9911190
9912218 9912204
18:
9901032 9612128
9901032 9706141
9905217 9901032
9909015 9901032
9910050 9901032
9910095 9901032
9912081 9901032
9912162 9901032
9905217 9612128
9909015 9612128
9910050 9612128
9910095 9612128
9912081 9612128
9912162 9612128
9909015 9706141
9910050 9706141
9910095 9706141
9912081 9706141
9912162 9706141
9905217 9905196
9909015 9905196
9910050 9905196
9910095 9905196
9912081 9905196
9912162 9905196
9909015 9905217
9910050 9905217
9910095 9905217
9912081 9905217
9912162 9905217
9909015 9910050
9910095 9909015
9912081 9909015
9912162 9909015
9910095 9910050
9912081 9910050
9912162 9910050
9912081 9910095
9912162 9910095
9912162 9912081
19:
9903219 9806194
9904024 9806194
9904040 9806194
9905004 9806194
9905111 9806194
9907178 9806194
9909146 9806194
9903219 9812027
9904024 9812027
9904040 9812027
9905004 9812027
9905111 9812027
9909146 9812027
9903219 9812046
9904024 9812046
9904040 9812046
9905004 9812046
9905111 9812046
9907178 9812046
9909146 9812046
9903219 9811245
9904024 9811245
9904040 9811245
9905004 9811245
9905111 9811245
9909146 9811245
9904024 9903219
9904040 9903219
9905004 9903219
9905111 9903219
9907178 9903219
9909146 9903219
9904040 9904024
9905004 9904024
9905111 9904024
9907178 9904024
9909146 9904024
9905004 9904040
9905111 9904040
9907178 9904040
9909146 9904040
9905111 9905004
9909146 9905004
9907178 9905111
9909146 9905111
9909146 9907178
20:
9903214 9711200
9906168 9711200
9906221 9711200
9909121 9711200
9909203 9711200
9910252 9711200
9903214 9802109
9906168 9802109
9906221 9802109
9909121 9802109
9909203 9802109
9910252 9802109
9903214 9802150
9906168 9802150
9906221 9802150
9909121 9802150
9909203 9802150
9910252 9802150
9906168 9903214
9906221 9903214
9909121 9903214
9909203 9903214
9910252 9903214
9906221 9906168
9909121 9906168
9909203 9906168
9910252 9906168
9909121 9906221
9909203 9906221
9910252 9906221
9909203 9909121
9910252 9909121
9910252 9909203
21:
9903238 9902121
9906127 9902121
9910124 9902121
9911060 9902121
9911152 9902121
9912013 9902121
9906127 9903238
9910124 9903238
9911060 9903238
9911152 9903238
9912013 9903238
9910124 9906127
9911060 9906127
9911152 9906127
9912013 9906127
9911060 9910124
9911152 9910124
9912013 9910124
9911152 9911060
9912013 9911060
9912013 9911152
22:
9908142 9711162
9903077 9711162
9903187 9711162
9912140 9711162
9912072 9711162
9912094 9711162
9912167 9711162
9908142 9903077
9908142 9903187
9912140 9908142
9912072 9908142
9912094 9908142
9912167 9908142
9903187 9903077
9912140 9903077
9912072 9903077
9912094 9903077
9912167 9903077
9912140 9903187
9912072 9903187
9912094 9903187
9912167 9903187
9912140 9912072
9912140 9912094
9912094 9912072
9912167 9912072
9912167 9912094
23:
9908142 9711162
9908134 9711162
9910004 9711162
9912072 9711162
9912094 9711162
9912167 9711162
9908142 9908134
9910004 9908142
9912072 9908142
9912094 9908142
9912167 9908142
9910004 9908134
9912072 9908134
9912094 9908134
9912167 9908134
9912072 9910004
9912094 9910004
9912167 9910004
9912094 9912072
9912167 9912072
9912167 9912094
24:
9905104 9711200
9906194 9711200
9906201 9711200
9906224 9711200
9907204 9711200
9908116 9711200
9909041 9711200
9909121 9711200
9910117 9711200
9911160 9711200
9912073 9711200
9912132 9711200
9905104 9802109
9906194 9802109
9906201 9802109
9906224 9802109
9907204 9802109
9908116 9802109
9909041 9802109
9909121 9802109
9910117 9802109
9911160 9802109
9912073 9802109
9912132 9802109
9905104 9802150
9906194 9802150
9906201 9802150
9906224 9802150
9907204 9802150
9908116 9802150
9909041 9802150
9909121 9802150
9910117 9802150
9911160 9802150
9912073 9802150
9912132 9802150
9906194 9811120
9906201 9811120
9906224 9811120
9907204 9811120
9909041 9811120
9909121 9811120
9910117 9811120
9911160 9811120
9912073 9811120
9912132 9811120
9906194 9905104
9906224 9905104
9909041 9905104
9909121 9905104
9910117 9905104
9912073 9905104
9912132 9905104
9906194 9906201
9906224 9906194
9907204 9906194
9908116 9906194
9909041 9906194
9909121 9906194
9910117 9906194
9911160 9906194
9912073 9906194
9912132 9906194
9906224 9906201
9907204 9906201
9908116 9906201
9909041 9906201
9909121 9906201
9910117 9906201
9911160 9906201
9912073 9906201
9912132 9906201
9907204 9906224
9908116 9906224
9909041 9906224
9909121 9906224
9910117 9906224
9911160 9906224
9912073 9906224
9912132 9906224
9908116 9907204
9909041 9907204
9909121 9907204
9910117 9907204
9911160 9907204
9912073 9907204
9912132 9907204
9909041 9908116
9912132 9908116
9909121 9909041
9910117 9909041
9912132 9909041
9910117 9909121
9912073 9909121
9912132 9909121
9912073 9910117
9911160 9912073
25:
9904112 9508143
9904129 9508143
9905014 9508143
9905056 9508143
9906214 9508143
9912275 9508143
9904129 9904112
9905014 9904112
9905056 9904112
9906214 9904112
9912275 9904112
9905014 9904129
9905056 9904129
9906214 9904129
9912275 9904129
9905056 9905014
9906214 9905014
9912275 9905014
9906214 9905056
9912275 9905056
9912275 9906214
26:
9905210 9604090
9908116 9604090
9908186 9604090
9909001 9604090
9909053 9604090
9909058 9604090
9909134 9604090
9911234 9604090
9912182 9604090
9907209 9905210
9908076 9905210
9908104 9905210
9908174 9905210
9908186 9905210
9909053 9905210
9909058 9905210
9909076 9905210
9909103 9905210
9909127 9905210
9909134 9905210
9909199 9905210
9910081 9905210
9911234 9905210
9912182 9905210
9911237 9905210
9912125 9905210
9912193 9905210
9907209 9906064
9908076 9906064
9908104 9906064
9908186 9906064
9909001 9906064
9909058 9906064
9909103 9906064
9909127 9906064
9909199 9906064
9912193 9906064
9908076 9906182
9908104 9906182
9908174 9906182
9908186 9906182
9910081 9906182
9911234 9906182
9912182 9906182
9912125 9906182
9908104 9907209
9908174 9907209
9908186 9907209
9909001 9907209
9909058 9907209
9909076 9907209
9909103 9907209
9909127 9907209
9909199 9907209
9910081 9907209
9911234 9907209
9912182 9907209
9911237 9907209
9912125 9907209
9912193 9907209
9908104 9908076
9908174 9908076
9908186 9908076
9909001 9908076
9909058 9908076
9909103 9908076
9909127 9908076
9909134 9908076
9909199 9908076
9910081 9908076
9911234 9908076
9912182 9908076
9911237 9908076
9912125 9908076
9912193 9908076
9908174 9908104
9908186 9908104
9909076 9908104
9909103 9908104
9909127 9908104
9909199 9908104
9910081 9908104
9911234 9908104
9912182 9908104
9911237 9908104
9912125 9908104
9912193 9908104
9908186 9908116
9909001 9908116
9909058 9908116
9909134 9908116
9910081 9908116
9911234 9908116
9912182 9908116
9912125 9908116
9909103 9908174
9909134 9908174
9909199 9908174
9910081 9908174
9911234 9908174
9912182 9908174
9909001 9908186
9909058 9908186
9909076 9908186
9909103 9908186
9909127 9908186
9909134 9908186
9909199 9908186
9910081 9908186
9911234 9908186
9912182 9908186
9911237 9908186
9912125 9908186
9912193 9908186
9909058 9909001
9909076 9909001
9909103 9909001
9909127 9909001
9909199 9909001
9911234 9909001
9912182 9909001
9912125 9909001
9912193 9909001
9909058 9909053
9909076 9909053
9909134 9909053
9909199 9909053
9910081 9909053
9911234 9909053
9912182 9909053
9911237 9909053
9912125 9909053
9909103 9909058
9909127 9909058
9909134 9909058
9909199 9909058
9910081 9909058
9911234 9909058
9912182 9909058
9912125 9909058
9909103 9909076
9909134 9909076
9909199 9909076
9910081 9909076
9911234 9909076
9912182 9909076
9911237 9909076
9912125 9909076
9912193 9909076
9909127 9909103
9909199 9909103
9910081 9909103
9912193 9909103
9910081 9909127
9912193 9909127
9909199 9909134
9910081 9909134
9911234 9909134
9912182 9909134
9911237 9909134
9912125 9909134
9910081 9909199
9911234 9909199
9912182 9909199
9911237 9909199
9911234 9910081
9912182 9910081
9911237 9910081
9911234 9912182
9912125 9911234
9912182 9912125
9912125 9911237
27:
9902153 9711200
9903161 9711200
9907047 9711200
9905111 9711200
9909179 9711200
9911238 9711200
9902153 9802109
9903161 9802109
9907047 9802109
9905111 9802109
9909179 9802109
9911238 9802109
9902153 9802150
9903161 9802150
9907047 9802150
9905111 9802150
9909179 9802150
9911238 9802150
9902153 9903161
9902153 9907047
9905111 9902153
9909179 9902153
9911238 9902153
9907047 9903161
9905111 9903161
9909179 9903161
9911238 9903161
9907047 9905111
9909179 9907047
9911238 9907047
9909179 9905111
9911238 9905111
9911238 9909179
28:
9901057 9711200
9903042 9711200
9904191 9711200
9906073 9711200
9911123 9711200
9911172 9711200
9901057 9803002
9903042 9803002
9904191 9803002
9906073 9803002
9911123 9803002
9911172 9803002
9903042 9901057
9904191 9901057
9906073 9901057
9911123 9901057
9911172 9901057
9904191 9903042
9906073 9903042
9911123 9903042
9911172 9903042
9906073 9904191
9911123 9904191
9911172 9904191
9911123 9906073
9911172 9906073
9911172 9911123
29:
9902042 9802109
9903196 9802109
9905049 9802109
9905111 9802109
9907108 9802109
9911222 9802109
9902042 9802150
9903196 9802150
9905049 9802150
9905111 9802150
9907108 9802150
9911222 9802150
9902042 9808006
9903196 9808006
9905049 9808006
9905111 9808006
9907108 9808006
9911222 9808006
9902042 9809179
9903196 9809179
9905049 9809179
9905111 9809179
9907108 9809179
9911222 9809179
9902042 9811152
9903196 9811152
9905049 9811152
9905111 9811152
9907108 9811152
9911222 9811152
9902042 9811257
9903196 9811257
9905049 9811257
9905111 9811257
9907108 9811257
9911222 9811257
9903196 9902042
9905049 9902042
9905111 9902042
9907108 9902042
9911222 9902042
9905049 9903196
9905111 9903196
9907108 9903196
9911222 9903196
9905111 9905049
9907108 9905049
9911222 9905049
9907108 9905111
9911222 9905111
9911222 9907108
30:
9904069 9810214
9904092 9810214
9908023 9810214
9908072 9810214
9909172 9810214
9911081 9810214
9911205 9810214
9904092 9904069
9908023 9904069
9908072 9904069
9909172 9904069
9911081 9904069
9911205 9904069
9908023 9904092
9908072 9904092
9911081 9904092
9911205 9904092
9908072 9908023
9909172 9908023
9911081 9908023
9911205 9908023
9909172 9908072
9911081 9908072
9911205 9908072
9911081 9909172
9911205 9909172
9911205 9911081
31:
9901076 9711200
9901079 9711200
9902052 9711200
9902106 9711200
9903048 9711200
9904098 9711200
9905111 9711200
9906217 9711200
9911016 9711200
9901076 9802109
9901079 9802109
9902052 9802109
9902106 9802109
9903048 9802109
9904098 9802109
9905111 9802109
9906217 9802109
9911016 9802109
9901076 9802150
9902052 9802150
9902106 9802150
9903048 9802150
9904098 9802150
9905111 9802150
9906217 9802150
9911016 9802150
9901076 9805171
9902052 9805171
9902106 9805171
9903048 9805171
9905111 9805171
9906217 9805171
9911016 9805171
9902052 9901076
9902106 9901076
9903048 9901076
9904098 9901076
9905111 9901076
9906217 9901076
9911016 9901076
9902052 9901079
9903048 9901079
9904098 9901079
9905111 9901079
9906217 9901079
9902106 9902052
9903048 9902052
9904098 9902052
9905111 9902052
9906217 9902052
9911016 9902052
9903048 9902106
9904098 9902106
9905111 9902106
9906217 9902106
9911016 9902106
9904098 9903048
9905111 9903048
9906217 9903048
9911016 9903048
9905111 9904098
9906217 9904098
9906217 9905111
9911016 9906217
32:
9904187 9711200
9905104 9711200
9905226 9711200
9907216 9711200
9908163 9711200
9910066 9711200
9904187 9802109
9905104 9802109
9905226 9802109
9907216 9802109
9908163 9802109
9910066 9802109
9904187 9802150
9905104 9802150
9905226 9802150
9907216 9802150
9908163 9802150
9910066 9802150
9904187 9807080
9905104 9807080
9905226 9807080
9907216 9807080
9908163 9807080
9910066 9807080
9904187 9807164
9905104 9807164
9905226 9807164
9907216 9807164
9908163 9807164
9910066 9807164
9905104 9904187
9905226 9904187
9907216 9904187
9908163 9904187
9910066 9904187
9905104 9905226
9907216 9905104
9908163 9905104
9910066 9905104
9905226 9907216
9908163 9905226
9910066 9905226
9908163 9907216
9910066 9907216
9910066 9908163
33:
9905006 9808141
9904207 9808141
9908126 9808141
9908144 9808141
9910266 9808141
9911173 9808141
9905006 9810188
9904207 9810188
9908126 9810188
9908144 9810188
9910266 9810188
9911173 9810188
9905006 9904207
9908126 9905006
9908144 9905006
9910266 9905006
9911173 9905006
9908126 9904207
9908144 9904207
9910266 9904207
9911173 9904207
9908144 9908126
9910266 9908126
9911173 9908126
9910266 9908144
9911173 9908144
9911173 9910266
34:
9902155 9812035
9904017 9812035
9909047 9812035
9906194 9812035
9909058 9812035
9912187 9812035
9904017 9902155
9909047 9902155
9906194 9902155
9909058 9902155
9912187 9902155
9909047 9904017
9906194 9904017
9909058 9904017
9912187 9904017
9909047 9906194
9909058 9909047
9912187 9909047
9909058 9906194
9912187 9906194
9912187 9909058
35:
9906064 9604090
9908116 9604090
9908186 9604090
9909001 9604090
9909058 9604090
9909134 9604090
9910149 9604090
9912060 9604090
9912187 9604090
9907209 9906064
9908116 9906064
9908186 9906064
9909001 9906064
9909058 9906064
9909134 9906064
9910149 9906064
9911104 9906064
9912060 9906064
9912125 9906064
9912187 9906064
9908186 9907209
9909001 9907209
9909058 9907209
9911104 9907209
9912060 9907209
9912125 9907209
9908186 9908116
9909001 9908116
9909058 9908116
9909134 9908116
9910149 9908116
9911104 9908116
9912060 9908116
9912125 9908116
9912187 9908116
9909001 9908186
9909058 9908186
9909134 9908186
9911104 9908186
9912060 9908186
9912125 9908186
9912187 9908186
9909058 9909001
9911104 9909001
9912060 9909001
9912125 9909001
9912187 9909001
9909134 9909058
9910149 9909058
9911104 9909058
9912060 9909058
9912125 9909058
9912187 9909058
9910149 9909134
9911104 9909134
9912060 9909134
9912125 9909134
9912060 9910149
9912060 9911104
9912125 9911104
36:
9908142 9711162
9903205 9711162
9906161 9711162
9906192 9711162
9909176 9711162
9910138 9711162
9911140 9711162
9911251 9711162
9912038 9711162
9912274 9711162
9908142 9711165
9903205 9711165
9906161 9711165
9906192 9711165
9909176 9711165
9910138 9711165
9911251 9711165
9912274 9711165
9908142 9803031
9903205 9803031
9906161 9803031
9906192 9803031
9909176 9803031
9911140 9803031
9911251 9803031
9912038 9803031
9908142 9812219
9903205 9812219
9906161 9812219
9906192 9812219
9909176 9812219
9910138 9812219
9911140 9812219
9911251 9812219
9912038 9812219
9912254 9812219
9912274 9812219
9908142 9903205
9908142 9906161
9908142 9906192
9909176 9908142
9910138 9908142
9911140 9908142
9911251 9908142
9912038 9908142
9912254 9908142
9912274 9908142
9906161 9903205
9906192 9903205
9909176 9903205
9910138 9903205
9911140 9903205
9911251 9903205
9912038 9903205
9912254 9903205
9912274 9903205
9906192 9906161
9909176 9906161
9911140 9906161
9911251 9906161
9912038 9906161
9912254 9906161
9909176 9906192
9910138 9906192
9911140 9906192
9911251 9906192
9912038 9906192
9912254 9906192
9912274 9906192
9910138 9909176
9911251 9909176
9912254 9909176
9912274 9909176
9911251 9910138
9912254 9910138
9912274 9910138
9912038 9911140
9912254 9912038
9912274 9912254
37:
9905012 9902071
9905210 9902071
9909053 9902071
9909058 9902071
9909103 9902071
9909199 9902071
9910081 9902071
9905210 9905012
9909053 9905012
9909103 9905012
9909199 9905012
9910081 9905012
9909053 9905210
9909058 9905210
9909103 9905210
9909199 9905210
9910081 9905210
9909058 9909053
9909103 9909053
9909199 9909053
9910081 9909053
9909103 9909058
9909199 9909058
9910081 9909058
9909199 9909103
9910081 9909103
9910081 9909199
38:
9901006 9407087
9904087 9901006
9905053 9901006
9905224 9901006
9912271 9901006
9906193 9901006
9912180 9901006
9904087 9407087
9905053 9407087
9905224 9407087
9912271 9407087
9906193 9407087
9912180 9407087
9905053 9904087
9905224 9904087
9912271 9904087
9906193 9904087
9912180 9904087
9905224 9905053
9912271 9905053
9906193 9905053
9912180 9905053
9912271 9905224
9906193 9905224
9912271 9906193
9912271 9912180
9912180 9906193
39:
9904007 9606169
9905033 9606169
9908130 9606169
9910228 9606169
9912204 9606169
9912218 9606169
9904007 9804092
9905033 9804092
9908130 9804092
9910228 9804092
9912204 9804092
9912218 9804092
9904007 9604129
9905033 9604129
9908130 9604129
9910228 9604129
9912204 9604129
9912218 9604129
9904007 9604178
9905033 9604178
9908130 9604178
9910228 9604178
9912204 9604178
9912218 9604178
9905033 9904007
9908130 9904007
9910228 9904007
9912204 9904007
9912218 9904007
9908130 9905033
9910228 9905033
9912204 9905033
9912218 9905033
9910228 9908130
9912204 9908130
9912218 9908130
9912204 9910228
9912218 9910228
9912218 9912204
40:
9902046 9711200
9902098 9711200
9904104 9711200
9905032 9711200
9905097 9711200
9905111 9711200
9908114 9711200
9911016 9711200
9902046 9805028
9902098 9805028
9904104 9805028
9905032 9805028
9905097 9805028
9905111 9805028
9908114 9805028
9911016 9805028
9902046 9806194
9902098 9806194
9904104 9806194
9905032 9806194
9905097 9806194
9905111 9806194
9902046 9812046
9902098 9812046
9904104 9812046
9905032 9812046
9905097 9812046
9905111 9812046
9902046 9808038
9902098 9808038
9904104 9808038
9905032 9808038
9905097 9808038
9905111 9808038
9908114 9808038
9911016 9808038
9902098 9902046
9904104 9902046
9905032 9902046
9905097 9902046
9905111 9902046
9908114 9902046
9911016 9902046
9904104 9902098
9905032 9902098
9905097 9902098
9905111 9902098
9908114 9902098
9911016 9902098
9905032 9904104
9905097 9904104
9905111 9904104
9908114 9904104
9911016 9904104
9905097 9905032
9905111 9905032
9908114 9905032
9911016 9905032
9905111 9905097
9908114 9905111
9911016 9908114
41:
9902098 9711200
9903086 9711200
9903224 9711200
9905002 9711200
9905111 9711200
9909146 9711200
9902098 9806194
9903086 9806194
9903224 9806194
9905002 9806194
9905111 9806194
9909146 9806194
9902098 9812046
9903086 9812046
9903224 9812046
9905002 9812046
9905111 9812046
9909146 9812046
9903086 9902098
9903224 9902098
9905002 9902098
9905111 9902098
9909146 9902098
9903224 9903086
9905002 9903086
9905111 9903086
9909146 9903086
9905002 9903224
9905111 9903224
9909146 9903224
9905111 9905002
9909146 9905002
9909146 9905111
42:
9906064 9711200
9906182 9711200
9908076 9711200
9910174 9711200
9912001 9711200
9912125 9711200
9906182 9906064
9908076 9906064
9910174 9906064
9912001 9906064
9912125 9906064
9908076 9906182
9910174 9906182
9912001 9906182
9912125 9906182
9910174 9908076
9912001 9908076
9912125 9908076
9912001 9910174
9912125 9910174
9912125 9912001
43:
9901014 9701137
9901014 9803194
9901014 9805019
9901014 9806155
9901014 9808141
9901014 9809111
9901014 9810188
9901014 9812031
9902160 9901014
9903123 9901014
9904207 9901014
9908060 9901014
9909062 9901014
9910109 9901014
9910217 9901014
9910249 9901014
9904207 9701137
9908060 9701137
9910109 9701137
9910217 9701137
9910249 9701137
9902160 9803194
9903123 9803194
9904207 9803194
9910109 9803194
9910217 9803194
9910249 9803194
9902160 9805019
9903123 9805019
9904207 9805019
9908060 9805019
9909062 9805019
9910109 9805019
9910217 9805019
9910249 9805019
9902160 9806155
9903123 9806155
9904207 9806155
9908060 9806155
9909062 9806155
9910109 9806155
9910217 9806155
9910249 9806155
9902160 9808141
9903123 9808141
9904207 9808141
9908060 9808141
9909062 9808141
9910109 9808141
9910217 9808141
9910249 9808141
9902160 9809111
9903123 9809111
9904207 9809111
9908060 9809111
9909062 9809111
9910109 9809111
9910217 9809111
9910249 9809111
9902160 9810188
9903123 9810188
9904207 9810188
9909062 9810188
9910109 9810188
9910217 9810188
9910249 9810188
9902160 9812031
9903123 9812031
9904207 9812031
9908060 9812031
9909062 9812031
9910109 9812031
9910217 9812031
9910249 9812031
9903123 9902160
9904207 9902160
9909062 9902160
9910109 9902160
9910217 9902160
9910249 9902160
9904207 9903123
9909062 9903123
9910109 9903123
9910217 9903123
9908060 9904207
9909062 9904207
9910109 9904207
9910217 9904207
9910249 9904207
9909062 9908060
9910109 9908060
9910217 9908060
9910249 9908060
9910217 9909062
9910249 9909062
9910217 9910109
9910249 9910109
9910249 9910217
44:
9901014 9805019
9901014 9806155
9901014 9808141
9901014 9809111
9901014 9810188
9901014 9812031
9905006 9901014
9904207 9901014
9906109 9901014
9908126 9901014
9910249 9901014
9905006 9805019
9904207 9805019
9906109 9805019
9908126 9805019
9910249 9805019
9905006 9806155
9904207 9806155
9906109 9806155
9908126 9806155
9910249 9806155
9905006 9808141
9904207 9808141
9906109 9808141
9908126 9808141
9910249 9808141
9905006 9809111
9904207 9809111
9906109 9809111
9908126 9809111
9910249 9809111
9905006 9810188
9904207 9810188
9906109 9810188
9908126 9810188
9910249 9810188
9905006 9812031
9904207 9812031
9906109 9812031
9908126 9812031
9910249 9812031
9905006 9904207
9906109 9905006
9908126 9905006
9910249 9905006
9906109 9904207
9908126 9904207
9910249 9904207
9908126 9906109
9910249 9906109
9910249 9908126
45:
9908023 0208020
9908072 0208020
9909172 0208020
9911081 0208020
9911205 0208020
9912145 0208020
9908072 9908023
9909172 9908023
9911081 9908023
9911205 9908023
9912145 9908023
9909172 9908072
9911081 9908072
9911205 9908072
9912145 9908072
9911081 9909172
9911205 9909172
9912145 9909172
9911205 9911081
9912145 9911081
9912145 9911205
