# The contained directed cliques in the directed communities at k=7
# from /Users/bogna/dev/role-mining/datasets/hepth/timeslots/cit-HepTh-1999.edges
# at no lower link weight threshold,
# and at no upper link weight threshold.
# Links were treated as directed.
# No time limit was set for the clique search.

0: 3558 15337 15318 15331 15333 15335 15336 15340 15341 15310 15312 15313 15314 15315 15316 15317 15319 15320 15321 15322 17990 18410 18596 18610 18611 18612 19124 19694 19695 15311 15329 17079 17984 18335 18409 18595 18597 19123 19150 15330 18598 15332 15334 15338 15339 17094 18613 8285 15149 15151 15152 15155 17080 17081 17082 17083 17088 17089 17090 17091 17092 17093 17095 18593 8286 8289 8290 17097 17099 17085 17098 18603 17084 17086 17087 17096 17104 17982 18642 17103 17100 17101 17102 17105 17107 19149 17106 17108 17967 18347 19117 19148 17973 18352 19119 19693 15154 15147 15143 15145 17983 18363 19147 12193 16672 12196 12198 12199 16675 16680 16684 16686 
1: 3782 8783 8790 8798 8806 9740 9741 8781 8782 8789 8796 8804 9738 9739 8797 8805 10121 10422 
2: 3879 6575 
3: 4235 4236 4238 6639 6641 7238 10280 4239 7073 8571 8591 10278 6459 8565 8572 8573 10275 6461 6463 6462 10274 14256 14257 6638 7235 7236 7237 7239 8541 8589 8590 10276 10277 10279 6640 6642 6643 7240 8542 8592 8567 8415 
4: 4504 11515 11516 11517 11518 11519 11510 11511 11512 11513 11514 
5: 4662 9819 9820 9822 9826 12503 13096 9862 9864 
6: 5341 8407 6679 15449 6678 15446 15447 15448 7972 15445 7970 7971 7966 7967 7969 7968 15439 15441 15442 15440 15444 15443 
7: 5370 12919 12920 12921 12065 12068 12324 12916 12917 12918 12922 12923 12924 12928 12930 16586 17808 18186 18187 18189 18193 19466 19467 19471 19472 19494 19495 19496 19497 19570 20075 9359 12064 12066 12067 12069 12070 12081 12096 12097 12098 12099 12102 12103 15570 18068 19465 19468 19470 19473 9362 9367 15837 18069 19469 19499 9369 17809 17810 17811 17812 18095 15843 18070 12925 12933 16576 18073 18081 12926 12929 12934 18084 12326 18079 18082 12331 12333 12320 12323 12328 12330 12332 18190 18194 12319 12327 12329 12931 18192 12325 18195 18197 19498 18159 18142 18143 18144 18146 18153 18158 18160 19209 19237 19253 19254 19255 12889 18141 18145 18148 18149 18150 18151 18152 18154 18155 18165 18182 19202 19204 19206 19208 19210 19212 19214 19216 19218 19219 19220 19229 19602 19604 19606 19608 19609 19610 19618 12843 12847 12852 12853 12855 12859 12864 12865 12866 12868 12870 12871 12872 12874 12876 12877 12878 12880 12882 12885 12886 12887 12888 12891 12892 12893 12895 12896 12897 12899 18675 19612 19614 19616 19619 19620 12842 12844 12845 12846 12848 12849 12850 12851 12854 12857 12858 12861 18167 18656 18657 18658 18660 18662 18663 18665 18673 18674 18678 18679 18699 12856 12860 12873 18164 18166 18664 18671 18698 13940 13944 18668 18659 18667 18669 18672 10282 11005 18676 18680 18702 19623 19644 19647 19650 10283 10290 10430 11004 11007 11009 10425 10427 10429 10424 10426 10428 11008 11010 11003 17449 17446 12869 17447 17448 19622 12863 12875 12890 12894 19624 19625 19626 19627 19611 12898 13939 18147 18156 18700 19203 19205 19207 19211 19221 19603 19605 19607 19613 19615 19617 19621 12867 12879 19213 19632 19639 18157 18703 19215 19217 19223 18163 18169 18170 18171 18178 15555 18162 18172 18180 18697 15544 15549 15550 15551 18682 18685 18701 15542 16283 16278 16269 16268 19945 19944 19631 19750 19946 19948 19949 19633 19634 19635 19636 19637 19638 19640 11218 19641 19642 19753 11215 11219 11221 11216 11222 11224 11225 11226 11228 15552 15553 18400 18923 19752 19754 19756 11233 18686 18929 19758 11230 19951 19950 18683 18684 18696 18687 19759 15554 18401 18926 18931 15559 15560 12026 19757 12028 12027 18925 18928 16095 16105 16114 15561 18175 19222 19649 18176 18177 18179 19224 19651 19628 12862 12881 18168 18043 13943 14041 14040 14043 14045 14042 14044 18661 18666 17451 17452 17453 17454 17455 17456 19225 19232 19226 19233 19227 19228 19230 19231 19240 19234 19241 19236 19238 19248 15567 19250 12104 15568 12105 12083 12076 12077 12078 12079 12082 12095 19252 12071 12072 12073 12074 12075 12089 19245 12084 19239 12085 12086 12087 12088 12090 19264 12091 19265 12092 12093 12094 12100 19271 12101 19272 19501 19475 19500 19502 19474 19476 19247 19246 19251 19270 19273 19274 19275 18196 19267 18198 18184 18183 19269 19268 19244 19266 19242 19243 15571 20076 20077 18042 9343 15026 18072 18080 18083 18191 19571 20042 9342 9349 9344 15025 9348 15027 16587 15031 16451 9351 15032 16453 9352 15034 16456 11588 15037 18071 16589 18188 19572 16577 20079 15836 12932 19477 16588 
8: 5390 
9: 5458 
10: 6275 8698 10035 12573 15823 18010 18011 18012 18013 
11: 6686 6687 6688 7943 7944 13744 13746 13747 13748 13750 13730 13732 13733 13749 14761 13731 13745 14355 14358 15696 16035 15697 16029 9784 13704 13706 15695 15698 15743 16030 16939 18271 9781 15734 13102 9824 13097 9831 13705 16936 16703 13737 7945 
12: 6999 13281 16599 16600 13265 13275 13280 13283 13285 13286 16592 16593 16594 13261 16898 16901 16903 16907 13263 13268 18428 19026 19536 19704 19705 19706 10141 13270 16231 16333 17515 17516 17517 17518 17519 17520 10150 10153 10716 16243 16347 17241 17242 17244 10152 10719 16247 16351 17237 17238 17240 10718 16246 16350 17245 17246 17248 11015 11013 11014 11016 11017 18434 19540 19700 19701 19702 16615 16608 16609 16611 13279 16595 16596 16597 16598 16617 16618 13278 13277 13284 14843 14844 13282 14845 14847 14848 14851 13289 14835 14837 14838 14841 14823 14826 14828 14833 14822 14825 14827 14832 14820 14821 16900 17218 17219 16610 16612 16616 
13: 7010 11872 11874 11875 11856 11858 11859 11860 11861 11873 18957 19160 19163 19164 19165 8744 9331 11857 11863 11864 11865 17849 18025 19004 19154 19161 19162 8735 8738 8743 8748 9329 12576 17853 17854 17856 18026 18027 19155 19156 19671 9322 12574 18014 18015 18016 18629 18630 9335 19005 19670 8403 9328 17848 17851 17852 17855 9330 9333 9334 9657 9658 9659 9663 9664 9665 17507 17509 17510 17850 17508 11862 19584 19672 18963 18968 
14: 7012 12778 
15: 7150 7151 10836 10926 18124 7152 10837 10927 10838 10928 10835 10925 18123 19799 
16: 7162 7163 7164 7166 7167 7176 7165 7177 7179 7178 7180 7181 
17: 7337 
18: 7365 7366 7369 
19: 7718 7719 7720 7721 7722 7723 
20: 7921 7926 7931 
21: 7964 
22: 7986 7992 
23: 7990 
24: 8576 8579 8582 8584 13594 13595 13581 13582 13583 13584 13586 13596 13597 16084 13578 13585 13587 13588 16100 13579 13580 18741 18742 18743 16110 16119 16088 16080 
25: 9564 
26: 9913 9914 13624 9916 9918 12414 9920 12416 9921 9919 12432 12431 14296 14297 12417 13628 12415 17250 16573 10462 10442 10460 10461 10464 10466 10467 10468 10475 10441 10444 10451 10443 10445 10452 13064 10448 10471 10470 10463 10465 11070 10469 10447 13077 10446 10457 10456 10459 10455 10458 10479 10454 10453 10477 13076 13073 13075 13074 11069 10476 
27: 10239 10240 10241 
28: 10346 10347 
29: 10705 10732 13205 13313 13314 13315 
30: 11581 11591 
31: 11631 11632 11633 11635 11636 11645 11634 11647 11649 11650 
32: 11716 11717 11718 11719 11720 
33: 11932 11935 
34: 12029 
35: 12445 12446 12449 12447 12450 12475 12451 12476 12477 14299 
36: 12516 12533 12535 12536 14885 12534 14886 17421 17411 17414 14862 14868 14871 14861 14867 
37: 12807 15687 
38: 13774 13777 
39: 13962 13981 15105 15508 
40: 14154 14155 14156 14157 14158 14159 14160 14161 14163 14164 14162 
41: 14182 14185 14188 
42: 17260 
43: 17277 17278 17279 17280 17281 17282 17284 17296 17307 17285 17297 17308 17283 17286 17287 17288 17289 17303 17315 17313 17314 17316 17317 17318 17319 17309 17310 17311 17312 17304 17298 17301 17302 17305 17306 17299 17300 
44: 17977 18356 18545 18546 18547 18548 
45: 18134 
