# The directed communities at k=7
# from /Users/bogna/dev/role-mining/datasets/hepth/timeslots/cit-HepTh-1999.edges
# at no lower link weight threshold,
# and at no upper link weight threshold.
# Links were treated as directed.
# No time limit was set for the clique search.

0: 9901014 9803194 9805019 9806155 9808141 9809111 9810188 9812031 9901042 9601038 9710230 9805170 9812135 9901159 9812226 9902102 9902116 9902160 9902181 9903123 9905006 9903129 9903140 9904153 9904207 9905034 9905080 9907140 9908091 9908144 9910249 9911173 
1: 9901107 9704011 9712211 9803127 9804139 9804160 9804164 9804174 9902005 9903095 9906119 9907090 9909035 9909218 9912083 
2: 9611230 9902033 9808111 9904118 9904181 9908006 9908075 9908120 
3: 9409089 9902088 9806039 9811008 9812043 9902126 9902173 9905177 9906022 9910146 9904110 9904120 9905111 9907012 9907032 9907062 9907115 9908061 9908093 9910106 9910185 9911002 9911157 9912055 
4: 9711200 9802109 9802150 9803131 9901143 9805156 9810053 9903078 9907188 9905030 9905111 9908001 9911124 
5: 9711162 9908142 9903077 9804001 9903107 9903187 9908056 9912140 9911098 9912036 9912072 9912075 9912167 
6: 9711200 9802109 9802150 9806087 9808079 9902121 9903203 9903229 9903238 9904197 9904148 9906040 9906127 9908022 9909197 9910040 9910124 9911060 9911230 9912013 
7: 9711200 9802109 9802150 9805114 9701137 9802183 9803001 9803002 9803015 9803131 9809057 9811035 9811156 9812089 9803076 9901041 9810126 9810206 9812035 9805129 9901085 9901101 9509080 9702093 9803249 9901106 9902012 9811208 9902074 9810214 9902095 9902110 9902125 9902155 9902196 9903026 9903029 9903085 9903090 9903091 9903109 9903128 9903186 9904036 9904013 9904017 9904069 9905081 9905111 9905180 9905200 9907143 9908198 9909047 9906055 9906057 9906081 9906090 9906101 9906179 9906194 9906196 9906216 9906220 9906234 9907024 9907054 9908092 9908155 9908175 9909010 9909041 9909070 9909121 9910045 9910094 9910117 9911040 9911081 9912132 9912257 
8: 9905196 9905217 9907066 9910095 9912015 9912081 9912162 
9: 9906064 9909130 9911055 9909205 9911043 9912118 9912233 
10: 9711200 9803131 9806021 9809106 9811156 9901056 9805129 9806171 9808117 9810186 9902067 9902074 9905081 9905111 9908175 
11: 9711200 9711162 9711165 9810072 9802042 9810179 9908142 9907166 9908056 9908134 9909059 9909085 9909215 9910019 9910031 9910083 9910091 9910092 9911057 9911169 9912140 9910194 9911031 9911098 9911137 9911183 9911193 9912288 9912072 9912165 
12: 9711200 9802109 9804058 9802150 9808006 9807033 9804170 9806074 9807097 9807098 9809067 9811152 9901128 9811047 9812067 9903094 9903196 9905020 9905085 9905111 9906030 9906051 9906099 9906151 9906188 9907085 9907088 9907108 9908160 9908163 9910011 9910016 9910150 9911222 9912007 9912210 9912250 
13: 9711200 9802109 9802150 9811120 9803131 9901056 9810186 9810225 9812121 9901149 9810227 9902067 9902170 9902195 9903078 9903132 9903201 9903214 9904197 9905111 9907003 9908022 9908109 9909121 9910036 9911169 9912164 
14: 9711200 9901149 9810227 9902195 9903214 9903269 9905096 9907070 
15: 9601038 9812118 0208020 9904092 9807011 9812158 9907184 9908023 9908064 9908072 9909212 9910228 9911081 9911205 
16: 9711200 9802109 9802150 9805171 9901076 9901079 9902052 9903048 9904164 9905111 9907129 9909186 
17: 9607229 9908064 9908130 9910228 9911190 9912204 9912218 
18: 9901032 9612128 9706141 9905196 9905217 9909015 9910050 9910095 9912081 9912162 
19: 9806194 9812027 9812046 9811245 9903219 9904024 9904040 9905004 9905111 9907178 9909146 
20: 9711200 9802109 9802150 9903214 9906168 9906221 9909121 9909203 9910252 
21: 9902121 9903238 9906127 9910124 9911060 9911152 9912013 
22: 9711162 9908142 9903077 9903187 9912140 9912072 9912094 9912167 
23: 9711162 9908142 9908134 9910004 9912072 9912094 9912167 
24: 9711200 9802109 9802150 9811120 9905104 9906194 9906201 9906224 9907204 9908116 9909041 9909121 9910117 9911160 9912073 9912132 
25: 9508143 9904112 9904129 9905014 9905056 9906214 9912275 
26: 9604090 9905210 9906064 9906182 9907209 9908076 9908104 9908116 9908174 9908186 9909001 9909053 9909058 9909076 9909103 9909127 9909134 9909199 9910081 9911234 9912182 9911237 9912125 9912193 
27: 9711200 9802109 9802150 9902153 9903161 9907047 9905111 9909179 9911238 
28: 9711200 9803002 9901057 9903042 9904191 9906073 9911123 9911172 
29: 9802109 9802150 9808006 9809179 9811152 9811257 9902042 9903196 9905049 9905111 9907108 9911222 
30: 9810214 9904069 9904092 9908023 9908072 9909172 9911081 9911205 
31: 9711200 9802109 9802150 9805171 9901076 9901079 9902052 9902106 9903048 9904098 9905111 9906217 9911016 
32: 9711200 9802109 9802150 9807080 9807164 9904187 9905104 9905226 9907216 9908163 9910066 
33: 9808141 9810188 9905006 9904207 9908126 9908144 9910266 9911173 
34: 9812035 9902155 9904017 9909047 9906194 9909058 9912187 
35: 9604090 9906064 9907209 9908116 9908186 9909001 9909058 9909134 9910149 9911104 9912060 9912125 9912187 
36: 9711162 9711165 9803031 9812219 9908142 9903205 9906161 9906192 9909176 9910138 9911140 9911251 9912038 9912254 9912274 
37: 9902071 9905012 9905210 9909053 9909058 9909103 9909199 9910081 
38: 9901006 9407087 9904087 9905053 9905224 9912271 9906193 9912180 
39: 9606169 9804092 9604129 9604178 9904007 9905033 9908130 9910228 9912204 9912218 
40: 9711200 9805028 9806194 9812046 9808038 9902046 9902098 9904104 9905032 9905097 9905111 9908114 9911016 
41: 9711200 9806194 9812046 9902098 9903086 9903224 9905002 9905111 9909146 
42: 9711200 9906064 9906182 9908076 9910174 9912001 9912125 
43: 9901014 9701137 9803194 9805019 9806155 9808141 9809111 9810188 9812031 9902160 9903123 9904207 9908060 9909062 9910109 9910217 9910249 
44: 9901014 9805019 9806155 9808141 9809111 9810188 9812031 9905006 9904207 9906109 9908126 9910249 
45: 0208020 9908023 9908072 9909172 9911081 9911205 9912145 
