# The graph of directed at k=7
# from /Users/bogna/dev/role-mining/datasets/hepth/timeslots/cit-HepTh-1999.edges
# at no lower link weight threshold,
# and at no upper link weight threshold.
# Links were treated as directed.
# No time limit was set for the clique search.

0 15 1
0 33 6
0 43 12
0 44 10
3 4 1
3 7 1
3 10 1
3 12 1
3 13 1
3 16 1
3 19 1
3 27 1
3 29 1
3 31 1
3 40 1
3 41 1
4 6 3
4 7 5
4 10 3
4 11 1
4 12 4
4 13 6
4 14 1
4 16 4
4 19 1
4 20 3
4 24 3
4 27 4
4 28 1
4 29 3
4 31 4
4 32 3
4 40 2
4 41 2
4 42 1
5 11 6
5 22 7
5 23 4
5 36 2
6 7 3
6 10 1
6 11 1
6 12 3
6 13 5
6 14 1
6 16 3
6 20 3
6 21 6
6 24 3
6 27 3
6 28 1
6 29 2
6 31 3
6 32 3
6 40 1
6 41 1
6 42 1
7 10 8
7 11 1
7 12 4
7 13 6
7 14 1
7 15 1
7 16 4
7 19 1
7 20 4
7 24 8
7 27 4
7 28 2
7 29 3
7 30 3
7 31 4
7 32 3
7 34 5
7 40 2
7 41 2
7 42 1
7 43 1
7 45 1
8 18 5
9 26 1
9 35 1
9 42 1
10 11 1
10 12 2
10 13 6
10 14 1
10 16 2
10 19 1
10 20 1
10 24 1
10 27 2
10 28 1
10 29 1
10 31 2
10 32 1
10 40 2
10 41 2
10 42 1
11 12 1
11 13 2
11 14 1
11 16 1
11 20 1
11 22 4
11 23 4
11 24 1
11 27 1
11 28 1
11 31 1
11 32 1
11 36 3
11 40 1
11 41 1
11 42 1
12 13 4
12 14 1
12 16 4
12 19 1
12 20 3
12 24 3
12 27 4
12 28 1
12 29 8
12 31 4
12 32 4
12 40 2
12 41 2
12 42 1
13 14 5
13 16 4
13 19 1
13 20 5
13 24 5
13 27 4
13 28 1
13 29 3
13 31 4
13 32 3
13 40 2
13 41 2
13 42 1
14 16 1
14 20 2
14 24 1
14 27 1
14 28 1
14 31 1
14 32 1
14 40 1
14 41 1
14 42 1
15 17 2
15 30 5
15 39 1
15 45 5
16 19 1
16 20 3
16 24 3
16 27 4
16 28 1
16 29 3
16 31 9
16 32 3
16 40 2
16 41 2
16 42 1
17 39 4
19 27 1
19 29 1
19 31 1
19 40 3
19 41 4
20 24 4
20 27 3
20 28 1
20 29 2
20 31 3
20 32 3
20 40 1
20 41 1
20 42 1
22 23 5
22 36 2
23 36 2
24 26 1
24 27 3
24 28 1
24 29 2
24 31 3
24 32 4
24 34 1
24 35 1
24 40 1
24 41 1
24 42 1
26 34 1
26 35 9
26 37 6
26 42 4
27 28 1
27 29 3
27 31 4
27 32 3
27 40 2
27 41 2
27 42 1
28 31 1
28 32 1
28 40 1
28 41 1
28 42 1
29 31 3
29 32 2
29 40 1
29 41 1
30 45 5
31 32 3
31 40 3
31 41 2
31 42 1
32 40 1
32 41 1
32 42 1
33 43 3
33 44 5
34 35 2
34 37 1
35 37 1
35 42 2
40 41 5
40 42 1
41 42 1
43 44 9
