# The links from /Users/bogna/dev/role-mining/datasets/enron/timeslots/08-filtered3.edges
# at no lower link weight threshold,
# and at no upper link weight threshold.
# Links were treated as directed.
# No time limit was set for the clique search.
# (self-links were removed)

00002 00019
00002 00020
00002 00070
00002 00141
00006 00013
00006 00065
00006 00067
00006 00107
00007 00075
00010 00014
00010 00017
00013 00006
00013 00033
00013 00067
00013 00076
00014 00023
00014 00065
00014 00073
00017 00010
00017 00038
00018 00028
00018 00141
00019 00018
00019 00020
00019 00028
00019 00070
00019 00141
00020 00002
00020 00019
00020 00028
00020 00070
00020 00109
00020 00141
00023 00014
00023 00027
00023 00051
00023 00054
00023 00065
00023 00069
00023 00073
00023 00107
00024 00092
00027 00006
00027 00014
00027 00065
00028 00002
00028 00018
00028 00020
00028 00070
00028 00141
00033 00010
00033 00038
00033 00067
00033 00075
00033 00076
00038 00017
00038 00033
00038 00073
00038 00075
00038 00107
00044 00033
00051 00023
00051 00054
00051 00066
00051 00069
00051 00073
00051 00092
00051 00107
00051 00109
00051 00127
00051 00151
00054 00065
00054 00107
00065 00006
00065 00013
00065 00014
00065 00027
00065 00051
00065 00054
00065 00067
00065 00075
00065 00076
00066 00054
00066 00068
00066 00127
00067 00006
00067 00013
00069 00023
00069 00051
00069 00073
00070 00019
00070 00020
00070 00141
00073 00014
00073 00023
00073 00038
00073 00051
00073 00054
00073 00069
00073 00107
00073 00151
00075 00038
00075 00076
00076 00007
00076 00013
00076 00033
00076 00075
00077 00017
00077 00118
00083 00039
00083 00054
00083 00092
00083 00124
00086 00130
00086 00133
00092 00024
00092 00039
00092 00044
00092 00083
00092 00107
00101 00077
00101 00118
00101 00128
00107 00065
00107 00073
00109 00006
00109 00020
00109 00051
00109 00054
00109 00092
00109 00107
00118 00077
00118 00101
00127 00010
00127 00017
00127 00023
00127 00038
00127 00039
00127 00044
00127 00051
00127 00054
00127 00065
00127 00066
00127 00068
00127 00069
00127 00077
00127 00079
00127 00083
00127 00092
00127 00105
00127 00107
00127 00109
00127 00124
00127 00128
00127 00151
00128 00105
00130 00086
00130 00133
00133 00130
00141 00020
00141 00070
00149 00086
00151 00051
00151 00054
00151 00065
00151 00066
00151 00073
00151 00107
00151 00127
