# The contained directed cliques in the directed communities at k=9
# from /Users/bogna/dev/role-mining/datasets/hepth/timeslots/cit-HepTh-1995.edges
# at no lower link weight threshold,
# and at no upper link weight threshold.
# Links were treated as directed.
# No time limit was set for the clique search.

0: 3568 3572 4293 3570 4295 4294 4292 4299 4303 4298 4300 4301 4867 4873 4881 4883 4884 4302 4643 4870 4876 4885 4668 4666 4667 4871 4877 4869 4868 4874 4875 4882 4969 4968 3578 4641 4642 
1: 4028 
2: 4098 4099 4100 4107 4101 4108 4110 4105 4109 4104 
3: 4237 4238 
4: 4951 4956 4962 
5: 5182 5183 5184 6029 5185 5192 6030 5194 6032 5202 5958 5199 5957 6031 5904 5265 5890 5905 5240 5263 5241 5228 5909 5227 5908 5892 5911 5914 6011 5898 6013 5900 6338 6339 6014 6337 6012 
6: 5483 5484 5486 5494 5515 5487 5496 5498 5506 5511 5503 5524 5528 5674 5913 6162 5671 5673 6163 6164 6940 5663 5664 5670 6944 5665 5918 5921 5666 5509 5917 5916 5923 6942 5919 6941 5662 6945 5672 5667 5668 6955 6956 6172 6705 6886 6947 6954 6957 6168 6170 6173 6169 6165 6171 6704 6166 6167 6701 6702 6700 6703 6706 6946 6939 6943 6953 5899 6692 6438 6688 6689 6690 6691 6732 6885 6429 6437 6402 6414 6428 6371 6397 6403 6404 6873 6882 6362 6398 6399 6871 6877 6413 6870 6687 6713 6729 6714 6718 6719 6730 6731 6872 6650 
7: 6962 7000 6990 6991 
