# The directed communities at k=9
# from /Users/bogna/dev/role-mining/datasets/hepth/timeslots/cit-HepTh-1995.edges
# at no lower link weight threshold,
# and at no upper link weight threshold.
# Links were treated as directed.
# No time limit was set for the clique search.

0: 9407087 9408099 9402044 9411149 9503086 9403198 9503121 9503179 9504113 9505004 9505006 9505051 9505067 9505088 9506077 9506139 9506148 9506196 9507018 9509066 9510148 9510228 9511065 
1: 9501030 9503124 9504027 9504047 9506160 9506194 9511030 9511157 9512145 
2: 9308083 9504006 9505105 9505162 9506110 9506112 9507115 9508155 9509009 9509042 9509146 9511048 9512129 
3: 9408099 9402044 9503086 9503179 9504080 9504113 9505088 9506077 9509066 9510222 
4: 9408099 9402044 9411149 9503086 9503179 9505004 9505062 9505088 9506077 9509066 9510222 
5: 9407087 9410167 9503124 9504027 9504047 9505023 9505053 9505105 9505162 9506110 9506112 9506150 9507027 9507050 9507168 9508064 9508144 9508154 9508155 9509132 9512060 9512226 
6: 9407087 9408099 9410167 9411048 9502072 9503124 9504006 9504034 9504090 9504145 9505023 9505105 9505162 9506075 9506110 9506112 9507050 9507113 9507115 9508155 9509009 9509160 9510079 9510093 9510142 9510182 9510234 9511058 9511171 9511228 9512046 9512060 9512129 9512138 
7: 9402002 9501030 9410167 9503124 9504027 9504047 9506057 9506126 9507090 9507160 9508058 9512031 
