# The links inside the directed communities at k=9
# from /Users/bogna/dev/role-mining/datasets/hepth/timeslots/cit-HepTh-1995.edges
# at no lower link weight threshold,
# and at no upper link weight threshold.
# Links were treated as directed.
# No time limit was set for the clique search.

0:
9503086 9407087
9503121 9407087
9503179 9407087
9504113 9407087
9505004 9407087
9505006 9407087
9505051 9407087
9505067 9407087
9505088 9407087
9506077 9407087
9506148 9407087
9507018 9407087
9509066 9407087
9510148 9407087
9510228 9407087
9503086 9408099
9503121 9408099
9503179 9408099
9504113 9408099
9505004 9408099
9505006 9408099
9505051 9408099
9505067 9408099
9505088 9408099
9506077 9408099
9506148 9408099
9507018 9408099
9509066 9408099
9510148 9408099
9510228 9408099
9503086 9402044
9503179 9402044
9504113 9402044
9505004 9402044
9505067 9402044
9505088 9402044
9506077 9402044
9506139 9402044
9506196 9402044
9507018 9402044
9509066 9402044
9511065 9402044
9503086 9411149
9503121 9411149
9503179 9411149
9504113 9411149
9505004 9411149
9505006 9411149
9505051 9411149
9505067 9411149
9505088 9411149
9506077 9411149
9506148 9411149
9506196 9411149
9507018 9411149
9509066 9411149
9510148 9411149
9510228 9411149
9511065 9411149
9503086 9403198
9503179 9503086
9504113 9503086
9505004 9503086
9505067 9503086
9505088 9503086
9506077 9503086
9506139 9503086
9506148 9503086
9506196 9503086
9507018 9503086
9509066 9503086
9510148 9503086
9510228 9503086
9511065 9503086
9503179 9403198
9505004 9403198
9505067 9403198
9505088 9403198
9506077 9403198
9506196 9403198
9507018 9403198
9509066 9403198
9510228 9403198
9503179 9503121
9504113 9503121
9505051 9503121
9505088 9503121
9506077 9503121
9506148 9503121
9509066 9503121
9510228 9503121
9504113 9503179
9505004 9503179
9505051 9503179
9505067 9503179
9505088 9503179
9506077 9503179
9506139 9503179
9506148 9503179
9506196 9503179
9507018 9503179
9509066 9503179
9510148 9503179
9510228 9503179
9511065 9503179
9505051 9504113
9505088 9504113
9506077 9504113
9506139 9504113
9506148 9504113
9506196 9504113
9507018 9504113
9509066 9504113
9510148 9504113
9510228 9504113
9511065 9504113
9505051 9505004
9505067 9505004
9505088 9505004
9506077 9505004
9506139 9505004
9506148 9505004
9506196 9505004
9507018 9505004
9509066 9505004
9510148 9505004
9510228 9505004
9511065 9505004
9505051 9505006
9505088 9505006
9506077 9505006
9506148 9505006
9506196 9505006
9507018 9505006
9509066 9505006
9510148 9505006
9510228 9505006
9505088 9505051
9506077 9505051
9506148 9505051
9506196 9505051
9507018 9505051
9509066 9505051
9510148 9505051
9510228 9505051
9506077 9505067
9506139 9505067
9507018 9505067
9509066 9505067
9510148 9505067
9510228 9505067
9511065 9505067
9506077 9505088
9506139 9505088
9506148 9505088
9506196 9505088
9507018 9505088
9509066 9505088
9510148 9505088
9510228 9505088
9506148 9506077
9506196 9506077
9507018 9506077
9509066 9506077
9510148 9506077
9510228 9506077
9506196 9506139
9507018 9506139
9509066 9506139
9511065 9506139
9506196 9506148
9507018 9506148
9509066 9506148
9510148 9506148
9510228 9506148
9507018 9506196
9509066 9506196
9511065 9506196
9509066 9507018
9510148 9507018
9510228 9507018
9511065 9507018
9510148 9509066
9510228 9509066
9511065 9509066
9510228 9510148
9511065 9510148
1:
9503124 9501030
9504027 9501030
9504047 9501030
9506160 9501030
9506194 9501030
9511030 9501030
9511157 9501030
9512145 9501030
9504027 9503124
9504047 9503124
9506160 9503124
9506194 9503124
9511030 9503124
9511157 9503124
9512145 9503124
9504047 9504027
9506160 9504027
9506194 9504027
9511030 9504027
9511157 9504027
9512145 9504027
9506160 9504047
9506194 9504047
9511030 9504047
9511157 9504047
9512145 9504047
9506194 9506160
9511030 9506160
9511157 9506160
9512145 9506160
9511030 9506194
9511157 9506194
9512145 9506194
9511157 9511030
9512145 9511030
9512145 9511157
2:
9505105 9308083
9506110 9308083
9506112 9308083
9507115 9308083
9508155 9308083
9509009 9308083
9509042 9308083
9509146 9308083
9512129 9308083
9505105 9504006
9505162 9504006
9506110 9504006
9506112 9504006
9507115 9504006
9508155 9504006
9509009 9504006
9509042 9504006
9509146 9504006
9511048 9504006
9512129 9504006
9505162 9505105
9506110 9505105
9506112 9505105
9507115 9505105
9508155 9505105
9509009 9505105
9509042 9505105
9509146 9505105
9511048 9505105
9512129 9505105
9506110 9505162
9506112 9505162
9508155 9505162
9509009 9505162
9509042 9505162
9509146 9505162
9511048 9505162
9512129 9505162
9507115 9506110
9508155 9506110
9509009 9506110
9509042 9506110
9509146 9506110
9511048 9506110
9512129 9506110
9507115 9506112
9508155 9506112
9509009 9506112
9509042 9506112
9509146 9506112
9511048 9506112
9512129 9506112
9508155 9507115
9509009 9507115
9509042 9507115
9509146 9507115
9511048 9507115
9512129 9507115
9509009 9508155
9509042 9508155
9509146 9508155
9511048 9508155
9512129 9508155
9509042 9509009
9509146 9509009
9511048 9509009
9512129 9509009
9509146 9509042
9511048 9509042
9512129 9509042
9511048 9509146
9512129 9509146
3:
9503086 9408099
9503179 9408099
9504080 9408099
9504113 9408099
9505088 9408099
9506077 9408099
9509066 9408099
9510222 9408099
9503086 9402044
9503179 9402044
9504080 9402044
9504113 9402044
9505088 9402044
9506077 9402044
9509066 9402044
9510222 9402044
9503179 9503086
9504080 9503086
9504113 9503086
9505088 9503086
9506077 9503086
9509066 9503086
9510222 9503086
9504080 9503179
9504113 9503179
9505088 9503179
9506077 9503179
9509066 9503179
9510222 9503179
9504113 9504080
9505088 9504080
9506077 9504080
9509066 9504080
9510222 9504080
9505088 9504113
9506077 9504113
9509066 9504113
9510222 9504113
9506077 9505088
9509066 9505088
9510222 9505088
9509066 9506077
9510222 9506077
9510222 9509066
4:
9503086 9408099
9503179 9408099
9505004 9408099
9505062 9408099
9505088 9408099
9506077 9408099
9509066 9408099
9510222 9408099
9503086 9402044
9503179 9402044
9505004 9402044
9505062 9402044
9505088 9402044
9506077 9402044
9509066 9402044
9510222 9402044
9503086 9411149
9503179 9411149
9505004 9411149
9505062 9411149
9505088 9411149
9506077 9411149
9509066 9411149
9510222 9411149
9503179 9503086
9505004 9503086
9505062 9503086
9505088 9503086
9506077 9503086
9509066 9503086
9510222 9503086
9505004 9503179
9505062 9503179
9505088 9503179
9506077 9503179
9509066 9503179
9510222 9503179
9505062 9505004
9505088 9505004
9506077 9505004
9509066 9505004
9510222 9505004
9505088 9505062
9506077 9505062
9509066 9505062
9510222 9505062
9506077 9505088
9509066 9505088
9510222 9505088
9509066 9506077
9510222 9506077
9510222 9509066
5:
9503124 9407087
9505105 9407087
9505162 9407087
9506110 9407087
9506112 9407087
9507050 9407087
9507168 9407087
9508064 9407087
9508155 9407087
9509132 9407087
9512060 9407087
9504027 9410167
9504047 9410167
9505105 9410167
9505162 9410167
9506150 9410167
9507027 9410167
9507050 9410167
9507168 9410167
9508064 9410167
9508144 9410167
9508154 9410167
9508155 9410167
9509132 9410167
9512060 9410167
9512226 9410167
9504027 9503124
9504047 9503124
9505023 9503124
9505053 9503124
9505105 9503124
9505162 9503124
9506150 9503124
9507027 9503124
9507050 9503124
9507168 9503124
9508064 9503124
9508155 9503124
9509132 9503124
9504047 9504027
9505023 9504027
9505053 9504027
9505105 9504027
9505162 9504027
9506150 9504027
9507027 9504027
9507168 9504027
9508064 9504027
9508144 9504027
9508155 9504027
9509132 9504027
9512060 9504027
9512226 9504027
9505023 9504047
9505053 9504047
9505105 9504047
9505162 9504047
9506150 9504047
9507027 9504047
9507168 9504047
9508064 9504047
9508144 9504047
9509132 9504047
9512060 9504047
9512226 9504047
9505053 9505023
9505105 9505023
9505162 9505023
9506150 9505023
9508155 9505023
9509132 9505023
9505105 9505053
9505162 9505053
9506150 9505053
9507027 9505053
9508064 9505053
9508155 9505053
9509132 9505053
9505162 9505105
9506110 9505105
9506112 9505105
9506150 9505105
9507027 9505105
9507050 9505105
9507168 9505105
9508064 9505105
9508154 9505105
9508155 9505105
9509132 9505105
9512060 9505105
9512226 9505105
9506110 9505162
9506112 9505162
9506150 9505162
9507027 9505162
9507050 9505162
9507168 9505162
9508064 9505162
9508144 9505162
9508154 9505162
9508155 9505162
9509132 9505162
9512060 9505162
9512226 9505162
9507027 9506110
9507050 9506110
9507168 9506110
9508064 9506110
9508155 9506110
9509132 9506110
9512060 9506110
9507027 9506112
9507050 9506112
9507168 9506112
9508064 9506112
9508155 9506112
9509132 9506112
9512060 9506112
9507168 9506150
9508064 9506150
9508155 9506150
9509132 9506150
9507050 9507027
9507168 9507027
9508064 9507027
9508144 9507027
9508154 9507027
9508155 9507027
9509132 9507027
9512060 9507027
9512226 9507027
9507168 9507050
9508064 9507050
9508144 9507050
9508154 9507050
9508155 9507050
9509132 9507050
9512060 9507050
9512226 9507050
9508064 9507168
9508144 9507168
9508154 9507168
9508155 9507168
9509132 9507168
9512060 9507168
9512226 9507168
9508144 9508064
9508154 9508064
9508155 9508064
9509132 9508064
9512060 9508064
9508154 9508144
9508155 9508144
9512060 9508144
9512226 9508144
9512060 9508154
9512226 9508154
9509132 9508155
9512060 9508155
9512226 9512060
6:
9502072 9407087
9503124 9407087
9504006 9407087
9504034 9407087
9504090 9407087
9505023 9407087
9505105 9407087
9505162 9407087
9506075 9407087
9506110 9407087
9506112 9407087
9507050 9407087
9507113 9407087
9508155 9407087
9509009 9407087
9509160 9407087
9510093 9407087
9510142 9407087
9510182 9407087
9511171 9407087
9511228 9407087
9512046 9407087
9512060 9407087
9512129 9407087
9502072 9408099
9504006 9408099
9505105 9408099
9505162 9408099
9506075 9408099
9506112 9408099
9507113 9408099
9509160 9408099
9510079 9408099
9505105 9410167
9505162 9410167
9506075 9410167
9507050 9410167
9507113 9410167
9508155 9410167
9509009 9410167
9510093 9410167
9510142 9410167
9510234 9410167
9511171 9410167
9511228 9410167
9512060 9410167
9502072 9411048
9504006 9411048
9504034 9411048
9505105 9411048
9505162 9411048
9506075 9411048
9506110 9411048
9506112 9411048
9507113 9411048
9508155 9411048
9509160 9411048
9510079 9411048
9512129 9411048
9504006 9502072
9504034 9502072
9505162 9502072
9506075 9502072
9506110 9502072
9506112 9502072
9507113 9502072
9508155 9502072
9509009 9502072
9509160 9502072
9510079 9502072
9510234 9502072
9512129 9502072
9505023 9503124
9505105 9503124
9505162 9503124
9506075 9503124
9507050 9503124
9507113 9503124
9508155 9503124
9509009 9503124
9509160 9503124
9510093 9503124
9510142 9503124
9510182 9503124
9510234 9503124
9511171 9503124
9511228 9503124
9512046 9503124
9512129 9503124
9512138 9503124
9505105 9504006
9505162 9504006
9506075 9504006
9506110 9504006
9506112 9504006
9507113 9504006
9508155 9504006
9509009 9504006
9509160 9504006
9510079 9504006
9510234 9504006
9512129 9504006
9505105 9504034
9505162 9504034
9506075 9504034
9506110 9504034
9506112 9504034
9507113 9504034
9508155 9504034
9509009 9504034
9510079 9504034
9512129 9504034
9505105 9504090
9505162 9504090
9506075 9504090
9506112 9504090
9507050 9504090
9507113 9504090
9508155 9504090
9509009 9504090
9509160 9504090
9510079 9504090
9510142 9504090
9511058 9504090
9511228 9504090
9512129 9504090
9505105 9504145
9505162 9504145
9506075 9504145
9507050 9504145
9507113 9504145
9508155 9504145
9510093 9504145
9510142 9504145
9510234 9504145
9511058 9504145
9511171 9504145
9511228 9504145
9505105 9505023
9505162 9505023
9507113 9505023
9508155 9505023
9509160 9505023
9512129 9505023
9505162 9505105
9506075 9505105
9506110 9505105
9506112 9505105
9507050 9505105
9507113 9505105
9507115 9505105
9508155 9505105
9509009 9505105
9509160 9505105
9510079 9505105
9510093 9505105
9510142 9505105
9510182 9505105
9510234 9505105
9511058 9505105
9511171 9505105
9511228 9505105
9512046 9505105
9512060 9505105
9512129 9505105
9512138 9505105
9506075 9505162
9506110 9505162
9506112 9505162
9507050 9505162
9507113 9505162
9508155 9505162
9509009 9505162
9509160 9505162
9510079 9505162
9510093 9505162
9510142 9505162
9510182 9505162
9510234 9505162
9511058 9505162
9511171 9505162
9511228 9505162
9512046 9505162
9512060 9505162
9512129 9505162
9512138 9505162
9506112 9506075
9507113 9506075
9508155 9506075
9509160 9506075
9510079 9506075
9510142 9506075
9510234 9506075
9511058 9506075
9511228 9506075
9512138 9506075
9507050 9506110
9507113 9506110
9507115 9506110
9508155 9506110
9509009 9506110
9509160 9506110
9510079 9506110
9510093 9506110
9510142 9506110
9510234 9506110
9511058 9506110
9511228 9506110
9512060 9506110
9512129 9506110
9512138 9506110
9507050 9506112
9507113 9506112
9507115 9506112
9508155 9506112
9509009 9506112
9509160 9506112
9510079 9506112
9510093 9506112
9510142 9506112
9510182 9506112
9510234 9506112
9511058 9506112
9511171 9506112
9511228 9506112
9512046 9506112
9512060 9506112
9512129 9506112
9512138 9506112
9507113 9507050
9508155 9507050
9509160 9507050
9510093 9507050
9510142 9507050
9510182 9507050
9510234 9507050
9511058 9507050
9511171 9507050
9511228 9507050
9512046 9507050
9512060 9507050
9512138 9507050
9508155 9507113
9509009 9507113
9509160 9507113
9510079 9507113
9510142 9507113
9510234 9507113
9511228 9507113
9512129 9507113
9512138 9507113
9508155 9507115
9510093 9507115
9510234 9507115
9511058 9507115
9511228 9507115
9512138 9507115
9509009 9508155
9509160 9508155
9510079 9508155
9510093 9508155
9510142 9508155
9510234 9508155
9511058 9508155
9511171 9508155
9511228 9508155
9512046 9508155
9512060 9508155
9512129 9508155
9512138 9508155
9509160 9509009
9510079 9509009
9510093 9509009
9510142 9509009
9510234 9509009
9511228 9509009
9512129 9509009
9510079 9509160
9512129 9509160
9510142 9510093
9510182 9510093
9510234 9510093
9511058 9510093
9511171 9510093
9511228 9510093
9512046 9510093
9512060 9510093
9512138 9510093
9510234 9510142
9511058 9510142
9511171 9510142
9511228 9510142
9512060 9510142
9511171 9510182
9512046 9510182
9511058 9510234
9511171 9510234
9511228 9510234
9512046 9510234
9512060 9510234
9512129 9510234
9512138 9510234
9511228 9511058
9512138 9511058
9512046 9511171
9512060 9511171
9512138 9511171
9512138 9511228
7:
9501030 9402002
9503124 9402002
9504027 9402002
9504047 9402002
9506057 9402002
9507090 9402002
9507160 9402002
9508058 9402002
9512031 9402002
9501030 9410167
9503124 9501030
9504027 9501030
9504047 9501030
9506057 9501030
9506126 9501030
9507090 9501030
9507160 9501030
9508058 9501030
9504027 9410167
9504047 9410167
9506057 9410167
9506126 9410167
9507090 9410167
9507160 9410167
9508058 9410167
9504027 9503124
9504047 9503124
9506057 9503124
9506126 9503124
9507090 9503124
9507160 9503124
9508058 9503124
9512031 9503124
9504047 9504027
9506057 9504027
9506126 9504027
9507090 9504027
9507160 9504027
9508058 9504027
9512031 9504027
9506057 9504047
9506126 9504047
9507090 9504047
9507160 9504047
9508058 9504047
9512031 9504047
9506126 9506057
9507090 9506057
9507160 9506057
9508058 9506057
9512031 9506057
9507090 9506126
9507160 9506126
9508058 9506126
9507160 9507090
9508058 9507090
9512031 9507090
9508058 9507160
9512031 9507160
9512031 9508058
