# The links inside the directed communities at k=12
# from /Users/bogna/dev/role-mining/datasets/enron/timeslots/1-2002.edges
# at no lower link weight threshold,
# and at no upper link weight threshold.
# Links were treated as directed.
# No time limit was set for the clique search.

0:
10354 172
10354 29785
10354 29786
10354 29791
10354 29806
10354 32873
10354 32874
10354 32927
10354 7674
10354 8346
10354 8608
10354 8627
29786 172
29791 172
29806 172
172 32873
172 32874
32927 172
7674 172
172 8346
8608 172
172 8627
29785 29786
29785 29791
29785 29806
29785 32873
32874 29785
29785 32927
29785 7674
29785 8346
8608 29785
29785 8627
29786 29791
29786 29806
29786 32873
32874 29786
32927 29786
29786 7674
29786 8346
8608 29786
29786 8627
29791 29806
29791 32873
32874 29791
29791 32927
29791 7674
29791 8346
8608 29791
29791 8627
29806 32873
32874 29806
32927 29806
29806 7674
29806 8346
8608 29806
29806 8627
32874 32873
32927 32873
7674 32873
32873 8346
32873 8608
32873 8627
32874 32927
32874 7674
32874 8346
8608 32874
32874 8627
32927 7674
32927 8346
8608 32927
32927 8627
7674 8346
8608 7674
7674 8627
8608 8346
8346 8627
8608 8627
