# The directed communities at k=7
# from /Users/bogna/dev/role-mining/datasets/enron/timeslots/1-2002.edges
# at no lower link weight threshold,
# and at no upper link weight threshold.
# Links were treated as directed.
# No time limit was set for the clique search.

0: 1002 142 2913 2965 3121 3697 3871 4064 10257 2844 2912 2930 2936 2956 2966 2988 2998 10260 1233 151 2935 2969 3724 3848 3860 3967 3968 3971 3987 4011 4035 4036 4058 4072 5024 5596 7991 1061 1888 2050 2100 2710 2883 2884 2938 2939 2960 2972 3020 3026 3046 3117 3128 3395 3481 3655 3918 874 663 134 2103 744 2701 1077 1811 3015 3600 969 3148 3050 1415 1815 11529 1521 1526 3163 419 4212 4213 422 799 3533 3699 1522 1523 3158 4820 3160 3974 24246 141 457 1178 1494 1524 1525 1794 1814 123 1343 143 2049 2516 2517 2518 2606 2872 2895 2896 2898 2900 2901 2907 2919 2921 2927 2934 2937 2944 2953 2954 2957 2962 2977 2983 2990 2991 2999 3006 3011 3012 3013 3017 3021 3028 3030 3031 3032 3033 3034 3036 3037 3038 3041 3042 3043 3045 3048 3049 3052 3053 3054 3055 3058 3060 3140 3147 3153 3155 3156 3157 3161 3385 3387 3561 3566 3583 3585 3648 3666 3692 3701 3728 3729 3730 3837 3842 3873 3878 3886 3904 3905 3911 3912 3932 3944 3945 3965 3972 3975 3985 3992 3995 3996 4004 4010 4012 4015 4016 4024 4028 4031 4033 4034 4041 4065 4067 4143 418 4215 446 5560 5640 604 605 766 8052 1311 5604 2827 3066 4278 1323 1335 3735 4050 4073 17169 3863 2964 18266 8214 8216 19115 15523 17124 17250 17251 18249 19114 19136 19137 19138 2924 2979 3283 3866 3894 3916 3939 4046 4781 4863 7934 4862 22222 2852 6110 2882 2992 2920 32629 3405 3753 3891 6158 3286 6735 
1: 2965 2883 3039 123 2896 3143 3152 
2: 193 2024 251 11368 121 197 278 95 118 10345 10388 112 17781 277 288 322 401 8336 8349 10354 11381 172 29768 29772 29776 29785 29786 29790 29791 29793 29794 29796 29802 29805 29806 29810 29811 29813 29814 29821 29943 312 321 32864 32873 32874 32879 32902 32907 32923 32927 32935 7659 7674 8346 8361 8595 8608 8627 9947 10364 10437 279 5205 71 7675 8319 10459 32894 212 235 29 7813 32926 2619 41798 8695 9972 29921 181 8347 32961 20523 307 9045 35011 32889 33031 
3: 4064 3987 4011 3975 3995 4010 35531 7696 5373 
4: 1 2024 251 5 288 29 32889 
5: 2965 2883 123 2896 3147 3149 3576 3609 3886 
6: 193 11368 188 197 207 32907 36461 29780 
7: 142 9982 151 3724 152 744 385 3562 3695 8634 
8: 2965 4071 1494 123 2896 2950 4034 
9: 4064 3968 3987 3985 4010 4033 6210 35531 
10: 193 100 11368 121 188 197 207 476 95 118 32907 165 15495 
11: 2965 3481 3406 2896 2924 3939 3753 
12: 2965 2907 446 3180 5423 7968 3176 287 3174 3175 3178 3179 3323 8007 3854 949 8031 
13: 121 197 118 172 32873 8346 408 407 204 212 235 8695 183 8327 32981 41792 
14: 193 112 8336 279 210 32900 20505 20517 20523 
15: 2965 3481 2896 4019 5560 2924 2979 
16: 2965 2998 2876 2938 3395 123 2878 2896 2919 2994 2964 2992 
17: 173 29805 8627 71 7675 235 29800 33008 63118 63186 
18: 151 19097 4703 744 385 3695 8634 
19: 193 197 207 95 118 183 8327 
