# The contained directed cliques in the directed communities at k=4
# from /Users/bogna/dev/role-mining/datasets/hepth/timeslots/cit-HepTh-1993.edges
# at no lower link weight threshold,
# and at no upper link weight threshold.
# Links were treated as directed.
# No time limit was set for the clique search.

0: 80 
1: 81 82 192 194 196 198 
2: 83 620 462 527 617 618 619 621 770 209 416 461 463 652 769 525 526 440 
3: 109 
4: 111 
5: 113 
6: 121 
7: 154 455 568 632 791 804 812 816 817 818 456 457 458 569 633 792 813 819 820 821 571 736 808 848 570 567 734 805 806 828 454 623 624 625 626 389 719 834 844 390 227 735 807 220 740 741 742 772 773 737 745 793 809 814 825 829 830 831 832 833 746 314 800 801 635 637 634 802 803 636 
8: 173 476 592 447 475 479 448 477 478 176 177 
9: 202 295 398 498 587 597 692 516 
10: 206 658 
11: 211 212 313 417 242 
12: 218 564 451 553 453 
13: 234 262 
14: 243 255 441 256 
15: 245 
16: 254 695 784 608 696 699 700 701 607 609 697 698 702 703 704 777 789 731 732 733 778 785 788 631 768 779 786 787 670 668 669 531 639 533 534 
17: 268 269 
18: 274 523 524 
19: 279 
20: 330 
21: 331 557 467 660 662 765 466 468 572 573 575 672 577 674 723 578 576 675 724 725 673 771 645 644 
22: 334 598 727 509 546 599 510 511 728 
23: 367 368 
24: 377 378 
25: 387 388 
26: 412 512 513 514 
27: 418 419 420 421 
28: 558 559 
29: 589 
30: 761 
