# The links inside the directed communities at k=4
# from /Users/bogna/dev/role-mining/datasets/hepth/timeslots/cit-HepTh-1993.edges
# at no lower link weight threshold,
# and at no upper link weight threshold.
# Links were treated as directed.
# No time limit was set for the clique search.

0:
9303034 9202040
9304075 9303034
9308017 9303034
9304075 9202040
9308017 9202040
9308017 9304075
1:
9303050 9209046
9303050 9212010
9303050 9212015
9303050 9212019
9303050 9212021
9303050 9212145
9307091 9303050
9307180 9303050
9307091 9209046
9307180 9209046
9307091 9212010
9307180 9212010
9307091 9212015
9307180 9212015
9307091 9212019
9307180 9212019
9307091 9212021
9307180 9212021
9307091 9212145
9307180 9212145
9307180 9307091
2:
9301097 9201056
9307088 9201056
9309027 9201056
9311009 9201056
9301097 9205088
9301097 9206084
9301097 9208027
9301097 9210065
9304053 9301097
9305026 9301097
9307088 9301097
9308001 9301097
9308156 9301097
9309027 9301097
9311009 9301097
9307088 9205088
9308001 9205088
9309027 9205088
9311009 9205088
9304053 9206084
9305026 9206084
9307088 9206084
9308001 9206084
9308156 9206084
9309027 9206084
9311009 9206084
9303067 9208027
9307088 9208027
9308001 9208027
9309027 9208027
9311009 9208027
9304053 9210065
9305026 9210065
9307088 9210065
9308001 9210065
9311009 9210065
9307088 9202021
9309027 9202021
9311009 9202021
9304053 9201040
9307088 9201040
9311009 9201040
9307088 9303067
9311009 9303067
9304053 9205085
9304053 9210090
9305026 9304053
9307088 9304053
9311009 9304053
9307088 9205085
9311009 9205085
9307088 9210090
9311009 9210090
9308001 9307088
9308156 9307088
9309027 9307088
9311009 9307088
9311009 9309027
3:
9305026 9206084
9305106 9206084
9307163 9206084
9305106 9305026
9307163 9305026
9307163 9305106
4:
9305128 9205086
9305128 9305129
9305128 9305130
9305129 9205086
9305130 9205086
9305129 9305130
5:
9305135 9204064
9307007 9204064
9307008 9204064
9307007 9305135
9307008 9305135
9307007 9307008
6:
9306078 9207028
9307148 9306078
9311078 9306078
9307148 9207028
9311078 9207028
9311078 9307148
7:
9301058 9201061
9303011 9201061
9304027 9201061
9304148 9201061
9305040 9201061
9306041 9201061
9306069 9201061
9306083 9201061
9307143 9201061
9307157 9201061
9310101 9201061
9312172 9201061
9302080 9201074
9304148 9201074
9305040 9201074
9306041 9201074
9310101 9201074
9301058 9203059
9301058 9209055
9301058 9209058
9301058 9209113
9301058 9211030
9305040 9301058
9306083 9301058
9304148 9203054
9305040 9203054
9306041 9203054
9303011 9203059
9305040 9203059
9306083 9203059
9304027 9209055
9304072 9209055
9305040 9209055
9306041 9209055
9306083 9209055
9304027 9209058
9305040 9209058
9306041 9209058
9306083 9209058
9310101 9209058
9304027 9209113
9305040 9209113
9306041 9209113
9306083 9209113
9310101 9209113
9302080 9211030
9304027 9211030
9305040 9211030
9305125 9211030
9306041 9211030
9306083 9211030
9307143 9211030
9310101 9211030
9312172 9211030
9304027 9206056
9305040 9206056
9306041 9206056
9304148 9203042
9305040 9203042
9305125 9203042
9306041 9203042
9304148 9203052
9305040 9203052
9305125 9203052
9306041 9203052
9304163 9204072
9305040 9204072
9306041 9204072
9306083 9204072
9307143 9204072
9310101 9204072
9304148 9206070
9305040 9206070
9306041 9206070
9304027 9205069
9304148 9205069
9305040 9205069
9306041 9205069
9310101 9205069
9304027 9202004
9304148 9202004
9305040 9202004
9306041 9202004
9310101 9202004
9312172 9202004
9304027 9302080
9305040 9302080
9305125 9302080
9306041 9302080
9310101 9302080
9312172 9302080
9304148 9205028
9305040 9205028
9306041 9205028
9305040 9303011
9306083 9303011
9304072 9210107
9305040 9210107
9305109 9210107
9306041 9210107
9304072 9210120
9305040 9210120
9305109 9210120
9306041 9210120
9304027 9206020
9304148 9206020
9305040 9206020
9306041 9206020
9310101 9206020
9304027 9205089
9305040 9304027
9306041 9304027
9310101 9304027
9312172 9304027
9304148 9205089
9305040 9205089
9306041 9205089
9310101 9205089
9305040 9304072
9306041 9304072
9304148 9207105
9304148 9209008
9305040 9304148
9305125 9304148
9306041 9304148
9306083 9304148
9305040 9207105
9305125 9207105
9305040 9209008
9305125 9209008
9306041 9209008
9305040 9304163
9306041 9304163
9305040 9211082
9305040 9305109
9305040 9305125
9305040 9306041
9305040 9306069
9305040 9306083
9305040 9307143
9305040 9307157
9306083 9211082
9307157 9211082
9306041 9305109
9306083 9306041
9310101 9306041
9306083 9306069
9306083 9307143
9306083 9307157
9310101 9306083
9312172 9310101
8:
9302071 9201078
9302071 9202007
9302071 9205113
9302071 9305093
9302071 9305094
9306156 9302071
9310131 9302071
9311021 9302071
9305093 9201078
9305094 9201078
9306156 9201078
9310131 9201078
9310160 9201078
9311021 9201078
9310131 9202007
9311021 9202007
9305093 9205113
9305094 9205113
9302079 9205113
9306156 9205113
9310131 9205113
9311021 9205113
9305093 9305094
9305093 9302079
9305093 9210049
9306156 9305093
9310131 9305093
9310160 9305093
9311021 9305093
9305094 9210049
9306156 9305094
9302079 9210049
9306156 9302079
9306156 9210049
9310131 9210049
9310160 9210049
9311021 9210049
9311021 9310131
9311021 9310160
9:
9303057 9207053
9304154 9207053
9305185 9207053
9307121 9207053
9304154 9302109
9305185 9302109
9307121 9302109
9303057 9207016
9303057 9208055
9303057 9208078
9303057 9209016
9303057 9209125
9304154 9303057
9305185 9303057
9307121 9303057
9304154 9207016
9305185 9207016
9307121 9207016
9304154 9208055
9305142 9208055
9305185 9208055
9307121 9208055
9305185 9208078
9307121 9208078
9304154 9209016
9305185 9209016
9307121 9209016
9304154 9209125
9305185 9209125
9307121 9209125
9305185 9304154
9307121 9304154
9305185 9305142
9307121 9305142
9307121 9305185
10:
9306033 9210010
9306059 9210010
9307015 9210010
9306033 9303133
9306059 9303133
9307015 9303133
9306059 9306033
9307015 9306033
9307015 9306059
11:
9304062 9205027
9306085 9205027
9311176 9205027
9312184 9205027
9304062 9201007
9304062 9204031
9304062 9210123
9311176 9304062
9312184 9304062
9311176 9201007
9312184 9201007
9311176 9204031
9312184 9204031
9311176 9210123
9312184 9210123
9311176 9306085
9312184 9306085
9312184 9311176
12:
9301046 9211034
9301046 9211102
9304056 9301046
9304150 9301046
9305114 9301046
9311058 9301046
9312043 9301046
9303013 9211034
9304056 9211034
9305114 9211034
9304056 9211102
9304150 9211102
9305114 9211102
9311058 9211102
9312043 9211102
9304056 9303013
9305114 9303013
9304056 9304150
9305114 9304056
9311058 9304056
9312043 9304056
9304150 9210129
9305114 9304150
9311058 9304150
9312043 9304150
9305114 9210129
9312043 9210129
9312043 9305114
13:
9305163 9301067
9309034 9301067
9310157 9301067
9305163 9308139
9309034 9305163
9310157 9305163
9309034 9308139
9310157 9308139
9310157 9309034
14:
9306102 9210128
9308060 9306102
9309033 9306102
9312031 9306102
9308060 9210128
9309033 9210128
9312031 9210128
9312042 9210128
9308060 9306155
9309033 9308060
9312031 9308060
9312042 9308060
9309033 9306155
9312031 9306155
9312042 9306155
9312031 9309033
9312042 9309033
15:
9302027 9206063
9307037 9302027
9307176 9302027
9307037 9206063
9307176 9206063
9307176 9307037
16:
9301015 9202092
9301015 9205037
9308018 9301015
9308080 9301015
9310159 9301015
9301047 9202092
9302083 9202092
9305074 9202092
9311062 9202092
9308018 9202092
9310159 9202092
9301047 9205037
9305074 9205037
9308018 9205037
9308080 9205037
9310159 9205037
9301047 9206006
9301047 9206048
9301047 9206078
9304155 9301047
9305074 9301047
9311062 9301047
9308042 9301047
9308080 9301047
9310159 9301047
9312154 9301047
9304155 9206006
9305074 9206006
9308018 9206006
9308080 9206006
9310159 9206006
9312154 9206006
9304155 9206048
9305074 9206048
9308018 9206048
9310159 9206048
9312154 9206048
9305074 9206078
9308018 9206078
9310159 9206078
9305074 9204011
9308018 9204011
9310159 9204011
9311062 9302083
9310159 9302083
9304155 9208001
9305074 9208001
9308018 9208001
9308080 9208001
9310159 9208001
9304155 9201039
9311062 9304155
9308018 9304155
9308080 9304155
9310159 9304155
9305074 9201039
9308018 9201039
9308042 9201039
9308080 9201039
9310159 9201039
9312154 9201039
9311062 9305074
9308018 9305074
9310159 9305074
9311062 9308018
9311062 9202002
9311062 9308042
9311062 9310159
9308018 9202002
9308080 9308018
9310159 9308018
9310159 9202002
9310159 9308042
9312154 9308042
9312154 9310159
17:
9301018 9206034
9303111 9301018
9310060 9301018
9303013 9206034
9303111 9206034
9310060 9206034
9303111 9303013
9310060 9303013
9310060 9303111
18:
9306013 9212149
9307111 9212149
9311015 9212149
9306013 9301068
9307111 9301068
9311015 9301068
9306013 9209049
9307111 9306013
9311015 9306013
9311164 9306013
9307111 9209049
9311015 9209049
9311164 9209049
9311015 9307111
9311164 9307111
9311164 9311015
19:
9301038 9207097
9309012 9301038
9310191 9301038
9309012 9207097
9310191 9207097
9310191 9309012
20:
9305181 9206033
9310013 9206033
9311144 9206033
9310013 9305181
9311144 9305181
9311144 9310013
21:
9301099 9201056
9302086 9201056
9304115 9201056
9309041 9201056
9311084 9201056
9301099 9201050
9301099 9209111
9301099 9210134
9301099 9212017
9301099 9212117
9301099 9302114
9304115 9301099
9305098 9301099
9306019 9301099
9308114 9301099
9309041 9301099
9309125 9301099
9311084 9301099
9312010 9301099
9302086 9201050
9304115 9201050
9305098 9201050
9309041 9201050
9309125 9201050
9311084 9201050
9304115 9209111
9305098 9209111
9306019 9209111
9308114 9209111
9309041 9209111
9309125 9209111
9311084 9209111
9312010 9209111
9304115 9210134
9305098 9210134
9305098 9212017
9309125 9212017
9304115 9212117
9305098 9212117
9309041 9212117
9309125 9212117
9311084 9212117
9304115 9302114
9305098 9302114
9309041 9302114
9309125 9302114
9312010 9302114
9309041 9302086
9311084 9302086
9305098 9304115
9308114 9304115
9309125 9304115
9311084 9304115
9312010 9304115
9309125 9305098
9312010 9306019
9309125 9308114
9311084 9308114
9312010 9308114
9309125 9309041
9311084 9309041
22:
9303153 9303046
9303159 9303153
9311130 9303153
9306110 9303153
9309044 9303153
9309107 9303153
9309119 9303153
9303159 9303046
9311130 9303046
9305047 9303046
9306110 9303046
9309044 9303046
9309107 9303046
9309119 9303046
9303159 9212149
9303159 9301068
9303159 9311130
9305047 9303159
9309044 9303159
9309119 9303159
9305047 9212149
9309119 9212149
9311130 9301068
9305047 9301068
9309107 9301068
9309119 9301068
9311130 9306110
9311130 9309107
9311130 9309119
9309119 9305047
9309119 9309107
23:
9310202 9211061
9311012 9211061
9312182 9211061
9310202 9209023
9311012 9209023
9312182 9209023
9311012 9310202
9312182 9310202
9312182 9311012
24:
9310200 9310170
9311139 9310170
9311157 9310170
9312187 9310170
9311139 9310200
9311157 9310200
9312013 9310200
9312187 9310200
9311157 9311139
9312013 9311139
9312187 9311139
9312187 9311157
9312187 9312013
25:
9302125 9201024
9306035 9302125
9307147 9302125
9312144 9302125
9306035 9201024
9307147 9201024
9312144 9201024
9312144 9306035
9312144 9307147
26:
9301097 9205088
9301097 9208027
9305087 9301097
9309103 9301097
9310012 9301097
9305087 9205088
9309103 9205088
9310012 9205088
9305087 9208027
9309103 9208027
9310012 9208027
9305087 9202021
9309103 9202021
9310012 9202021
9305087 9303136
9309103 9303136
9310012 9303136
9309103 9305087
9310012 9305087
9310012 9309103
27:
9304125 9302006
9306033 9302006
9307190 9302006
9312049 9302006
9304125 9210010
9306033 9210010
9307190 9210010
9312049 9210010
9304125 9306033
9304125 9307190
9312049 9304125
9307190 9306033
9312049 9307190
28:
9307079 9206070
9312017 9206070
9312194 9206070
9307079 9209012
9312017 9209012
9312194 9209012
9312017 9307079
9312194 9307079
9312194 9312017
29:
9301047 9206048
9302070 9301047
9302126 9301047
9302070 9206048
9302126 9206048
9302126 9302070
30:
9302033 9210121
9302126 9210121
9311012 9210121
9302126 9302033
9311012 9302033
9311012 9302126
