# The directed communities at k=4
# from /Users/bogna/dev/role-mining/datasets/hepth/timeslots/cit-HepTh-1993.edges
# at no lower link weight threshold,
# and at no upper link weight threshold.
# Links were treated as directed.
# No time limit was set for the clique search.

0: 9303034 9202040 9304075 9308017 
1: 9303050 9209046 9212010 9212015 9212019 9212021 9212145 9307091 9307180 
2: 9201056 9301097 9205088 9206084 9208027 9210065 9202021 9201040 9303067 9304053 9205085 9210090 9305026 9307088 9308001 9308156 9309027 9311009 
3: 9206084 9305026 9305106 9307163 
4: 9305128 9205086 9305129 9305130 
5: 9204064 9305135 9307007 9307008 
6: 9306078 9207028 9307148 9311078 
7: 9201061 9201074 9301058 9203054 9203059 9209055 9209058 9209113 9211030 9206056 9203042 9203052 9204072 9206070 9205069 9202004 9302080 9205028 9303011 9210107 9210120 9206020 9304027 9205089 9304072 9304148 9207105 9209008 9304163 9305040 9211082 9305109 9305125 9306041 9306069 9306083 9307143 9307157 9310101 9312172 
8: 9302071 9201078 9202007 9205113 9305093 9305094 9302079 9210049 9306156 9310131 9310160 9311021 
9: 9207053 9302109 9303057 9207016 9208055 9208078 9209016 9209125 9304154 9305142 9305185 9307121 
10: 9210010 9303133 9306033 9306059 9307015 
11: 9205027 9304062 9201007 9204031 9210123 9306085 9311176 9312184 
12: 9301046 9211034 9211102 9303013 9304056 9304150 9210129 9305114 9311058 9312043 
13: 9301067 9305163 9308139 9309034 9310157 
14: 9306102 9210128 9308060 9306155 9309033 9312031 9312042 
15: 9302027 9206063 9307037 9307176 
16: 9301015 9202092 9205037 9301047 9206006 9206048 9206078 9204011 9302083 9208001 9304155 9201039 9305074 9311062 9308018 9202002 9308042 9308080 9310159 9312154 
17: 9301018 9206034 9303013 9303111 9310060 
18: 9212149 9301068 9306013 9209049 9307111 9311015 9311164 
19: 9301038 9207097 9309012 9310191 
20: 9206033 9305181 9310013 9311144 
21: 9201056 9301099 9201050 9209111 9210134 9212017 9212117 9302114 9302086 9304115 9305098 9306019 9308114 9309041 9309125 9311084 9312010 
22: 9303153 9303046 9303159 9212149 9301068 9311130 9305047 9306110 9309044 9309107 9309119 
23: 9211061 9209023 9310202 9311012 9312182 
24: 9310170 9310200 9311139 9311157 9312013 9312187 
25: 9302125 9201024 9306035 9307147 9312144 
26: 9301097 9205088 9208027 9202021 9303136 9305087 9309103 9310012 
27: 9302006 9210010 9304125 9306033 9307190 9312049 
28: 9206070 9209012 9307079 9312017 9312194 
29: 9301047 9206048 9302070 9302126 
30: 9210121 9302033 9302126 9311012 
