# The links inside the directed communities at k=11
# from /Users/bogna/dev/role-mining/datasets/enron/timeslots/1-2001.edges
# at no lower link weight threshold,
# and at no upper link weight threshold.
# Links were treated as directed.
# No time limit was set for the clique search.

0:
527 419
125 419
547 419
544 419
723 419
540 419
890 419
419 804
604 419
545 419
661 419
731 419
452 527
125 452
948 452
547 452
452 544
452 550
452 723
452 1574
452 540
954 452
452 30
4250 452
890 452
1199 452
452 804
719 452
661 452
731 452
9931 452
527 125
948 527
527 547
527 544
527 550
527 723
527 1574
527 540
527 954
2092 527
527 30
527 4250
527 890
527 1211
527 1178
527 1199
527 804
527 453
527 719
527 971
527 604
527 545
527 661
731 527
9931 527
948 125
125 547
125 544
125 550
125 723
125 1574
125 540
2092 125
125 30
890 125
125 1211
125 1178
125 1199
125 804
125 453
125 719
125 971
125 604
125 545
125 661
731 125
9931 125
948 547
948 544
948 550
948 723
948 1574
948 540
948 954
948 2092
948 30
948 4250
948 890
948 1178
948 1199
948 804
948 604
948 731
948 9931
547 544
547 550
547 723
547 1574
547 540
954 547
547 2092
547 30
547 4250
890 547
547 1211
547 1178
547 1199
547 804
547 453
547 719
547 971
547 604
547 545
547 661
731 547
9931 547
544 550
544 723
544 1574
544 540
544 954
2092 544
544 30
544 4250
544 890
544 1211
544 1178
544 1199
544 804
544 453
544 719
544 971
544 604
544 545
661 544
731 544
9931 544
550 723
550 540
954 550
2092 550
4250 550
890 550
550 1199
804 550
550 453
550 971
604 550
661 550
731 550
9931 550
723 1574
723 540
954 723
2092 723
723 30
4250 723
723 890
723 1211
723 1178
723 1199
723 804
723 453
723 719
723 971
723 604
723 545
723 661
731 723
9931 723
1574 540
954 1574
1574 2092
1574 30
1574 4250
890 1574
604 1574
731 1574
954 540
2092 540
540 30
540 4250
540 890
540 1211
540 1178
540 1199
540 804
540 453
540 719
540 971
540 604
540 545
540 661
731 540
9931 540
954 2092
954 30
954 4250
954 890
954 1178
954 1199
954 804
954 453
954 719
954 971
954 604
954 731
954 9931
890 2092
2092 1211
2092 1178
2092 804
2092 453
2092 719
2092 604
4250 30
890 30
30 1178
604 30
661 30
731 30
9931 30
890 4250
4250 804
4250 604
890 1211
890 1178
890 1199
890 804
890 453
890 719
890 971
890 604
890 545
890 661
890 731
453 1211
719 1211
731 1211
604 1178
661 1178
731 1178
1199 804
453 1199
661 1199
731 1199
661 804
731 804
9931 804
453 719
453 971
545 453
661 453
731 453
719 971
719 661
731 719
731 971
604 545
731 604
661 545
731 545
731 661
9931 731
