9304045	9204040
9308122	9203084
9308122	9204035
9308122	9205041
9308122	9207049
9308122	9207111
9308122	9301042
9308122	9301043
9309097	9203084
9309097	9205041
9309097	9301042
9309097	9301043
9311042	9301042
9311042	9301043
9304062	9201007
9304062	9204031
9304062	9205027
9304062	9210123
9311183	208020
9306002	9206047
9306002	9208027
9311055	9202038
9311055	9205027
9308005	9201014
9308005	9202039
9308005	9203084
9308005	9204035
9308005	9205004
9308005	9205041
9308083	9203084
9308083	9204035
9308083	9205041
9308083	9301043
9309140	9201056
9309140	9203071
9309140	9204030
9309140	9206084
9309140	9207004
9309140	9207094
9309140	9208035
9309140	9209085
9309140	9211040
9309140	9212149
9309140	9301068
9309140	9301083
9309140	9302048
9309140	9302103
9309140	9303046
9309140	9304087
9309140	9305079
9309140	9306122
9309140	9307158
9310144	9201036
9310144	9204083
9310144	9206063
9312059	209014
9312059	9201021
9312059	9203056
9312059	9203077
9312059	9205030
9312059	9205071
9312059	9207001
9312059	9209118
9312059	9210010
9312059	9210017
9312059	9211054
9312059	9301021
9312059	9304012
9312059	9307025
9307010	9303044
9308075	9203071
9308075	9205015
9308075	9208059
9308075	9302047
9308124	9202092
9308124	9203033
9308124	9203083
9308124	9204046
9308124	9205037
9308124	9205046
9308124	9206006
9308124	9206078
9308124	9208001
9308124	9209016
9308124	9209023
9308124	9210076
9308124	9211061
9308124	9212099
9303017	9202046
9303017	9204030
9303017	9205068
9303017	9211027
9310008	9202046
9310008	9205068
9303077	9203016
9303136	9210091
9305087	9202021
9305087	9205088
9305087	9208027
9305087	9301097
9305087	9303136
9309148	9302023
9302099	208020
9302099	9210127
9302099	9211084
9302126	9204099
9302126	9206006
9302126	9206048
9302126	9210119
9302126	9210121
9302126	9301047
9302126	9302033
9302126	9302037
9302126	9302070
9302126	9302083
9304102	9202092
9304102	9205037
9304102	9205046
9304102	9206006
9304102	9206078
9302103	9204102
9310025	9203056
9310025	9210036
9310025	9301119
9308090	9202059
9301002	9208032
9303041	9208032
9303149	9204017
9303149	9204018
9307045	9302133
9312047	9203030
9312047	9204082
9312047	9302133
9312047	9307045
9312158	9302133
9312158	9307045
9301018	9202020
9301018	9206034
9309137	9206034
9309137	9207040
9309137	9207069
9309137	9210025
9309137	9211111
9309137	9305024
9310060	9206034
9310060	9301018
9310060	9303013
9310060	9303111
9310194	9201029
9310194	9203018
9310194	9204099
9310194	9208078
9303048	9204090
9305163	9201002
9305163	9201016
9305163	9206029
9305163	9301067
9305163	9308139
9309034	9301067
9309034	9305163
9309034	9308139
9303153	9203019
9303153	9303046
9304047	9201013
9304047	9303153
9309144	9202073
9309144	9204064
9309144	9208063
9309144	9305091
9309154	9202057
9309154	9206002
9309154	9206049
9309154	9210128
9312212	9201010
9312212	9201011
9312212	9201013
9312212	9203043
9312212	9207049
9312212	9208044
9312212	9208046
9312212	9302014
9309055	9307001
9312206	9206106
9312206	9304057
9312206	9306101
9312206	9310080
9309023	9209052
9309023	9211021
9309023	9212049
9302120	9202092
9302120	9205037
9302120	9206078
9302120	9206084
9302120	9207118
9304048	9202092
9304048	9203033
9304050	9203030
9304050	9204094
9304050	9204102
9304051	9201006
9304051	9204094
9307166	9202011
9307166	9204102
9307166	9206041
9307166	9207073
9307166	9301083
9307166	9304026
9307166	9307101
9308068	9201061
9308068	9202004
9308068	9209055
9308068	9211015
9308068	9211030
9308068	9302109
9308068	9305115
9308068	9306001
9310118	9207070
9307122	9201054
9307122	9210164
9306048	9209032
9301122	9203038
9307121	9201040
9307121	9207016
9307121	9207053
9307121	9208055
9307121	9208078
9307121	9209016
9307121	9209125
9307121	9302038
9307121	9302109
9307121	9303057
9307121	9304154
9307121	9305142
9307121	9305185
9308002	9212038
9310201	9301063
9310201	9305045
9312003	9203056
9305123	9201061
9306069	9201021
9306069	9201061
9306069	9201074
9306069	9203042
9306069	9203052
9306069	9203054
9306069	9204002
9306069	9205028
9306069	9205069
9306069	9205089
9306069	9206020
9306069	9206070
9306069	9207034
9306069	9207095
9306069	9209008
9306069	9209012
9306069	9210017
9309039	9210021
9309039	9302126
9304154	9206016
9304154	9207016
9304154	9207053
9304154	9208055
9304154	9209016
9304154	9209125
9304154	9211056
9304154	9302109
9304154	9303057
9304141	9211053
9309142	9205039
9309142	9208027
9310188	9306002
9305143	9205091
9301088	9202011
9301088	9203066
9303040	9202046
9307111	9209049
9307111	9212149
9307111	9301068
9307111	9303046
9307111	9306013
9309107	12228
9309107	9206015
9309107	9207086
9309107	9208002
9309107	9212011
9309107	9212074
9309107	9212149
9309107	9301068
9309107	9303046
9309107	9303153
9305025	9203071
9305025	9205046
9305025	9209052
9306096	9204041
9304135	9202092
9304135	9205046
9304135	9210076
9304135	9304102
9306080	9204035
9306080	9205066
9306080	9208029
9303050	9209046
9303050	9212010
9303050	9212015
9303050	9212019
9303050	9212021
9303050	9212145
9302014	9201001
9302014	9201011
9302014	9201033
9302014	9202006
9302014	9203009
9302014	9207020
9303172	9209107
9303172	9302044
9309030	9209107
9309030	9303172
9305016	9301021
9305016	9303029
9309145	9308139
9303133	9209075
9307189	9202058
9307189	9202061
9307189	9207009
9307189	9207010
9301083	9201005
9301083	9201056
9301083	9202008
9301083	9203066
9301083	9204085
9301083	9206085
9305047	12228
9305047	9212090
9305047	9212149
9305047	9301068
9305047	9303046
9305047	9303159
9308158	9303153
9304065	9201067
9304065	9202070
9304065	9206112
9301067	9201059
9301067	9202037
9301067	9210012
9310122	9203062
9310122	9206006
9310122	9211083
9310122	9301015
9312104	9204020
9312104	9301042
9312104	9305010
9312048	9304142
9307049	9207060
9307049	9209116
9304057	9202021
9304057	9206084
9304057	9208027
9304057	9303136
9306101	9206106
9307126	9203038
9307126	9306135
9307126	9306147
9307126	9307027
9310080	9306054
9310080	9310123
9310115	9203051
9310115	9204071
9310115	9207050
9310115	9303172
9310115	9309030
9310055	9211045
9310055	9211052
9309013	9305011
9301074	9211113
9302110	9201050
9302110	9202060
9302110	9209111
9302110	9210134
9302110	9211113
9302110	9212016
9302110	9212017
9302110	9212117
9301061	9204069
9308126	9204069
9303029	9201059
9303029	9203057
9303029	9204046
9309075	9201061
9309075	9202004
9309075	9202014
9309075	9211030
9312172	9201061
9312172	9202004
9312172	9202014
9312172	9202037
9312172	9203042
9312172	9203052
9312172	9203054
9312172	9203083
9312172	9204046
9312172	9206055
9312172	9211011
9312172	9211030
9312172	9302080
9312172	9304027
9312172	9310101
9304011	9201005
9304011	9201017
9304011	9201056
9304011	9202021
9304011	9203030
9304011	9204049
9304011	9204084
9304011	9206084
9304011	9210107
9304011	9210120
9304011	9211057
9305128	9204089
9305128	9205086
9305128	9210075
9305128	9212157
9305128	9305129
9305128	9305130
9305129	9204089
9305129	9205086
9305129	9210075
9305129	9212157
9305129	9305128
9305129	9305130
9308027	9206113
9309143	9207060
9309143	9208055
9310123	9206106
9310123	9306054
9310123	9310080
9303016	9201040
9303016	9206023
9303016	9206051
9308112	9210015
9308112	9210021
9308112	9211021
9308154	9201040
9308154	9210021
9308154	9308112
9312175	9302133
9312175	9303123
9312175	9307045
9310187	9302103
9310187	9304045
9310187	9308083
9310187	9308122
9310187	9309097
9301026	9204036
9304019	9206075
9306153	9201001
9306153	9201003
9306153	9201010
9306153	9201013
9306153	9203030
9306153	9203043
9306153	9204082
9306153	9204093
9306153	9206035
9306153	9206090
9306153	9210072
9306153	9301004
9306153	9303093
9306153	9303100
9306153	9303101
9306153	9303127
9306153	9303139
9306153	9304011
9307170	9210010
9307170	9212104
9307170	9302124
9309014	9204097
9309014	9204098
9309014	9209105
9310102	9211052
9306098	9306066
9308147	9201032
9308147	9202020
9308147	9203076
9308147	9305042
9310170	9207004
9310170	9208035
9310170	9211025
9310170	9211040
9310170	9211059
9310170	9302049
9310170	9303122
9310170	9308129
9310170	9309095
9310170	9309125
9301015	9202092
9301015	9205037
9301015	9206007
9301047	9202092
9301047	9205037
9301047	9206006
9301047	9206048
9301047	9206078
9301047	9207118
9302116	9206039
9308052	9201056
9308052	9206084
9308052	9210090
9308052	9211072
9308052	9304053
9308052	9305139
9307075	9204064
9311111	9206027
9311111	9301100
9311111	9302111
9308053	9204064
9309118	9204064
9307036	9202056
9309025	9202056
9309025	9212005
9307042	9205021
9307042	9208070
9307104	9205021
9307104	9208070
9308030	9205021
9308030	9208070
9302080	9201074
9302080	9202075
9302080	9211030
9305125	9203042
9305125	9203052
9305125	9207105
9305125	9209008
9305125	9209055
9305125	9210017
9305125	9211011
9305125	9211030
9305125	9212136
9305125	9301021
9305125	9301119
9305125	9302080
9305125	9302144
9305125	9304148
9307059	9211030
9310011	9204099
9310011	9205095
9310011	9302126
9310011	9303007
9310011	9303032
9304081	9206007
9305021	9206007
9307089	9203016
9305038	9205111
9305038	9206061
9305038	9206084
9302046	9201059
9305130	9205086
9305130	9305128
9305130	9305129
9312081	9204089
9312081	9212157
9306006	9203046
9306006	9203047
9306006	9210131
9312161	9303080
9312161	9307178
9304096	9205046
9304096	9206078
9304096	9212099
9305112	9202004
9305112	9205027
9305112	9211030
9305112	9212153
9311130	9208031
9311130	9210045
9311130	9301068
9311130	9302103
9311130	9303046
9311130	9303153
9311130	9303159
9311130	9306110
9311130	9309107
9311130	9309119
9311130	9309140
9311130	9310041
9311130	9310165
9305010	9204083
9306073	9204048
9305020	9204001
9305020	9204039
9305020	9207060
9304007	9206106
9310179	9206106
9310179	9208047
9310179	9208059
9310179	9302047
9310179	9302136
9310179	9305148
9308042	9201039
9308042	9301015
9308042	9301047
9312213	9303101
9312213	9309026
9306013	9209049
9306013	9210045
9306013	9212149
9306013	9301068
9306013	9304011
9308077	9204099
9308077	9206016
9308077	9207016
9308077	9302126
9308077	9303007
9308077	9303032
9308077	9305016
9310112	9203056
9311012	9205058
9311012	9206051
9311012	9209023
9311012	9210119
9311012	9210121
9311012	9211061
9311012	9212030
9311012	9302033
9311012	9302126
9311012	9303016
9311012	9308042
9311012	9310112
9311012	9310159
9311012	9310202
9309094	9201005
9309094	9206071
9311047	9201005
9311047	9201071
9305109	9202065
9305109	9209122
9305109	9210107
9305109	9210120
9305109	9211057
9305109	9211080
9303082	9202047
9312214	9212110
9312169	9301026
9310126	9201004
9310126	9207050
9310126	9207060
9310126	9208035
9309012	9201010
9309012	9201033
9309012	9206015
9309012	9207097
9309012	9208071
9309012	9301038
9309159	9309076
9303007	9202092
9303007	9204099
9303007	9206006
9303007	9206078
9303007	9208025
9303032	9201015
9303032	9204011
9303032	9204099
9303032	9205062
9303032	9205078
9303032	9205095
9303032	9206051
9306146	9202011
9306146	9204094
9306146	9206003
9306146	9211053
9311116	9202020
9311116	9207040
9311116	9207069
9311116	9211034
9308106	9206036
9308106	9210013
9308106	9302051
9308106	9302078
9312093	9201026
9312179	9201016
9312179	9205103
9312179	9206024
9312179	9206029
9312179	9207084
9312179	9208037
9312179	9210150
9312179	9304161
9303093	9201010
9303093	9205059
9303093	9208053
9305079	9201013
9302023	9202057
9302023	9204063
9302023	9206049
9306102	9210128
9308060	9210128
9308060	9211126
9308060	9306102
9308060	9306155
9309033	9210128
9309033	9306102
9309033	9306155
9309033	9308060
9303129	9201001
9303129	9201011
9303129	9201013
9305040	9201021
9305040	9201061
9305040	9201074
9305040	9202004
9305040	9202075
9305040	9203012
9305040	9203042
9305040	9203052
9305040	9203054
9305040	9203059
9305040	9204002
9305040	9204072
9305040	9205028
9305040	9205069
9305040	9205089
9305040	9205114
9305040	9206020
9305040	9206055
9305040	9206056
9305040	9206070
9305040	9206077
9305040	9207006
9305040	9207034
9305040	9207095
9305040	9207103
9305040	9207105
9305040	9208001
9305040	9209008
9305040	9209012
9305040	9209013
9305040	9209055
9305040	9209058
9305040	9209113
9305040	9209118
9305040	9210017
9305040	9210107
9305040	9210120
9305040	9211011
9305040	9211015
9305040	9211030
9305040	9211082
9305040	9211135
9305040	9212057
9305040	9212136
9305040	9301021
9305040	9301058
9305040	9301082
9305040	9301119
9305040	9302022
9305040	9302037
9305040	9302080
9305040	9302096
9305040	9302101
9305040	9302127
9305040	9302144
9305040	9303011
9305040	9303048
9305040	9304027
9305040	9304072
9305040	9304128
9305040	9304148
9305040	9304163
9305040	9305030
9305040	9305109
9305040	9305116
9305040	9305117
9305040	9305125
9305040	9305165
9305040	9306041
9305040	9306069
9305040	9306083
9305040	9307057
9305040	9307079
9305040	9307143
9305040	9307157
9305040	9307168
9305040	9307181
9305040	9308100
9309044	9206046
9309044	9212149
9309044	9301003
9309044	9301068
9309044	9303046
9309044	9303153
9309044	9303159
9312001	9206027
9312001	9209003
9312001	9302023
9310046	9206069
9310046	9206107
9310046	9209122
9310046	9301083
9310046	9304011
9310046	9305003
9310046	9305109
9310046	9305139
9310046	9306063
9310046	9306141
9310046	9307185
9311143	9201014
9311143	9205004
9311143	9304045
9307050	9201019
9307050	9208055
9304061	9201056
9304061	9206084
9304061	9212072
9312170	9208006
9312170	9208007
9312170	9208008
9312170	9210141
9312170	9302076
9308007	9212003
9309002	9212003
9309003	9212003
9304046	9201004
9304046	9203051
9304046	9204071
9304046	9206026
9304046	9207050
9307039	9203051
9307039	9204071
9307039	9206026
9307039	9207050
9307039	9208035
9307039	9209115
9308129	9201004
9308129	9208035
9308129	9211025
9309028	9204028
9309028	9207011
9309028	9212027
9305185	9201040
9305185	9205027
9305185	9207016
9305185	9207053
9305185	9208055
9305185	9208078
9305185	9209016
9305185	9209125
9305185	9302038
9305185	9302109
9305185	9303057
9305185	9304154
9305185	9305142
9302048	9209122
9304023	9302008
9303156	9201004
9303156	9201020
9303156	9203051
9303156	9204071
9303156	9206026
9303156	9207050
9303156	9211025
9307195	9201004
9307195	9203051
9307195	9204071
9307195	9207050
9307195	9208035
9307195	9209115
9310035	9208055
9302083	9202092
9302083	9205037
9302083	9206006
9310159	9201039
9310159	9202002
9310159	9202092
9310159	9204011
9310159	9205037
9310159	9205062
9310159	9205078
9310159	9206006
9310159	9206048
9310159	9206078
9310159	9208001
9310159	9210015
9310159	9301015
9310159	9301047
9310159	9302083
9310159	9303016
9310159	9304155
9310159	9305074
9310159	9308018
9310159	9308042
9310159	9310029
9307108	9207005
9305142	9205051
9305142	9205081
9305142	9205091
9305142	9208055
9306052	9205027
9306052	9206016
9306052	9207053
9306052	9207060
9306052	9210050
9306052	9304159
9312108	9203039
9312019	9301100
9312019	9302111
9312174	9202024
9312174	9206027
9312174	9301100
9312174	9302111
9306154	9210013
9308057	9211053
9308057	9303108
9308057	9306044
9307088	9201040
9307088	9201041
9307088	9201056
9307088	9202021
9307088	9202062
9307088	9202087
9307088	9205084
9307088	9205085
9307088	9205088
9307088	9206084
9307088	9208027
9307088	9209099
9307088	9210065
9307088	9210090
9307088	9301097
9307088	9303067
9307088	9303143
9307088	9304053
9307088	9305139
9307109	9302111
9305160	9202070
9305160	9203076
9305160	9207061
9307151	9203084
9307151	9204035
9307151	9205041
9307158	9204030
9307158	9204102
9307158	9212045
9307158	9302103
9310006	9202056
9310006	9212005
9311005	9204026
9311005	9204090
9311005	9211007
9304068	9204099
9304068	9206093
9304068	9207108
9304068	9209055
9310073	9209047
9310073	9309016
9311085	9304086
9310095	9210109
9311076	9205116
9306075	9206093
9311108	9212009
9311108	9306075
9308020	9201021
9308020	9203056
9308020	9205089
9308020	9208015
9308020	9208056
9308020	9209118
9308020	9212023
9303099	9203069
9303099	9209073
9301046	9202020
9301046	9206034
9301046	9211034
9301046	9211102
9301046	9212094
9301046	9212150
9304149	9202070
9304149	9205040
9304149	9206112
9304149	9212143
9304149	9304065
9306103	9206003
9306103	9211053
9305121	9205043
9303013	9206034
9303013	9211034
9303013	9212094
9303013	9212150
9307056	9206034
9307056	9211034
9307056	9211120
9307056	9301018
9307056	9303013
9312207	9312202
9304164	9203079
9304164	9205090
9302130	9210038
9311177	9311009
9307123	9201007
9307123	9202046
9307123	9204079
9307123	9205068
9307123	9205091
9307123	9209070
9307123	9209106
9307123	9210012
9307123	9212049
9312153	9210141
9304104	9205004
9309124	208020
9309124	9202008
9309124	9302103
9303067	9208027
9306065	9203013
9306065	9207017
9306035	9201024
9306035	9206096
9306035	9208013
9306035	9209006
9306035	9212070
9306035	9302125
9306035	9305005
9311070	9204019
9311070	9209041
9311070	9212070
9311070	9305005
9301106	9201061
9301106	9201074
9301106	9203042
9301106	9203052
9301106	9204026
9301106	9204072
9301106	9205049
9301106	9206043
9301106	9206070
9304091	9201061
9304091	9201074
9304091	9203042
9304091	9203052
9304091	9204072
9304091	9205069
9304091	9206043
9304091	9206087
9304091	9208015
9304091	9209118
9311045	9206081
9311045	9209118
9311045	9210017
9311045	9303123
9302050	9205018
9302050	9206097
9301059	9206033
9301055	9201004
9301055	9203051
9301055	9204071
9308022	9201004
9308022	9203051
9308022	9206051
9308022	9207050
9305037	9204020
9305151	9201026
9312168	9201004
9312168	9204071
9312168	9206026
9312168	9207050
9312168	9211025
9304012	9201021
9304060	9204083
9305095	9204083
9305095	9304060
9305095	9305120
9311147	9302076
9312180	9212052
9312180	9307102
9304101	9202063
9308041	9208059
9308041	9304146
9310071	9207089
9310071	9209120
9310071	9306163
9309110	9203084
9309110	9204041
9309110	9205041
9309110	9301042
9309110	9301043
9309110	9304026
9309110	9304034
9309110	9307038
9309110	9307101
9307177	9212035
9307177	9302126
9307177	9303007
9307177	9304013
9312186	9302008
9312186	9401099
9311014	9202039
9311014	9203084
9311014	9204035
9311014	9205004
9311014	9205041
9311014	9301043
9308150	9308141
9303072	9204015
9303072	9206007
9301019	9204039
9310134	9212090
9310134	9212149
9310134	9301068
9310134	9303046
9311015	9209049
9311015	9212149
9311015	9301068
9311015	9303046
9311015	9306013
9311015	9307111
9312188	9201001
9312188	9201011
9312188	9201013
9312188	9206015
9312188	9206037
9312188	9207004
9312188	9207067
9312188	9208046
9312188	9209037
9312188	9210010
9312188	9210037
9312188	9211040
9312188	9211108
9312188	9302048
9312188	9304121
9306162	9202011
9306162	9202039
9306162	9203004
9306162	9204020
9306162	9205072
9306162	9206032
9306162	9301118
9309152	9201059
9309152	9204025
9309152	9305083
9306027	9206007
9311052	9304011
9311052	9308125
9307185	9201072
9307185	9209122
9307185	9210107
9307185	9210120
9301038	9203030
9301038	9207097
9301038	9209083
9301038	9211064
9308131	9203033
9308131	9205046
9308131	9212099
9308146	9203077
9308146	9206023
9308146	9206084
9308146	9209075
9301029	9203056
9302040	9201021
9303006	209014
9303176	9201061
9303176	9202004
9303176	9203042
9303176	9203052
9303176	9203054
9303176	9205028
9303176	9206020
9303176	9206071
9304043	9203056
9307160	9203056
9307160	9204099
9307160	9210017
9308155	209014
9308155	9203056
9308155	9205071
9308155	9211054
9308155	9307025
9311007	9205028
9311007	9205089
9311007	9209012
9311007	9209058
9311007	9302022
9311007	9302026
9311007	9302096
9302026	9203056
9302026	9210036
9302041	209014
9302041	9203056
9302041	9205071
9302041	9207001
9302041	9211054
9306032	9304084
9301079	9205068
9304128	9206070
9304128	9207095
9304128	9209012
9304128	9209032
9302109	9205027
9307159	9209106
9307159	9212153
9312107	9212085
9312107	9304037
9312021	9201061
9312021	9202004
9312021	9202014
9312021	9202075
9312021	9205027
9302049	9203008
9302049	9204085
9305132	9212112
9305132	9305021
9312209	9211138
9312209	9301088
9312209	9303152
9312209	9306018
9312143	9205081
9312143	9302033
9312143	9302058
9312143	9304102
9312143	9306057
9312143	9308124
9305114	9210129
9305114	9211034
9305114	9211102
9305114	9301018
9305114	9301046
9305114	9301086
9305114	9303013
9305114	9304056
9305114	9304150
9311058	9202034
9311058	9210129
9311058	9211102
9311058	9301018
9311058	9301046
9311058	9304056
9311058	9304150
9302129	9210158
9312127	9202075
9312127	9304128
9312127	9309145
9309050	9210013
9309050	9302078
9309050	9308106
9307027	9205093
9304072	9204028
9304072	9207011
9304072	9209055
9304072	9210107
9304072	9210120
9304072	9211057
9304072	9211079
9308140	9207080
9308140	9306100
9310058	9204094
9304015	9207086
9304015	9208002
9304015	9212074
9304015	9212149
9304015	9301068
9309119	9212149
9309119	9301003
9309119	9301068
9309119	9303046
9309119	9303153
9309119	9303159
9309119	9304015
9309119	9305047
9309119	9309107
9305181	9206033
9305181	9210091
9305181	9305181
9305181	9306111
9305083	9202004
9305083	9205051
9305083	9205081
9305083	9208078
9305083	9209070
9305083	9210012
9305083	9210119
9303100	9201013
9311027	9201067
9311027	9205039
9311027	9210141
9311027	9212007
9311027	9304065
9302088	9203035
9310042	9203016
9307031	9209029
9307031	9209030
9307031	9210010
9307031	9302124
9307031	9304125
9307031	9306034
9312171	9201061
9312171	9202004
9312171	9202014
9312171	9203052
9312171	9203054
9312171	9204046
9312171	9205068
9312171	9207095
9312171	9211011
9312171	9211030
9312171	9212146
9312171	9302070
9307196	9209130
9305055	9202092
9305100	9204064
9305100	9208067
9310070	9212050
9302039	9210010
9308034	9205098
9308034	9206044
9308034	9206100
9312150	9203008
9312150	9203081
9312150	9204027
9312150	9207042
9312150	9208035
9312150	9211059
9312150	9302049
9312150	9302091
9312150	9303122
9312150	9310170
9305169	9201027
9305026	9201040
9305026	9201056
9305026	9202021
9305026	9202062
9305026	9205088
9305026	9206084
9305026	9208027
9305026	9209099
9305026	9210065
9305026	9211072
9305026	9212072
9305026	9301097
9305026	9304053
9310067	9207091
9310067	9208074
9310067	9210068
9301084	9202057
9301084	9206049
9307145	9201014
9307145	9205004
9307145	9210053
9307145	9211047
9307145	9306145
9310026	9201056
9310026	9202021
9310026	9204049
9310026	9204052
9310026	9211072
9310026	9305139
9310026	9307168
9310026	9308052
9310026	9308151
9305042	9201067
9305042	9203076
9305042	9207015
9302037	9202092
9302037	9204090
9302037	9205037
9302037	9206006
9307194	9203057
9307194	9211015
9307194	9305016
9305023	9201056
9305023	9201064
9305023	9201072
9305023	9204053
9305023	9205065
9305043	9205034
9312075	9205039
9312075	9206024
9312075	9206029
9312075	9207084
9312075	9208006
9312075	9209044
9312075	9210024
9312075	9210150
9312075	9301067
9312075	9302090
9312075	9305163
9309011	9211096
9312189	9201056
9312189	9208031
9312189	9209122
9312189	9211089
9312189	9211090
9312189	9301042
9312189	9301083
9312189	9304011
9312189	9305079
9312055	9301123
9306089	9203065
9306089	9206047
9301075	9206032
9308086	9201024
9308086	9206096
9308086	9207061
9308086	9208013
9308086	9212086
9308086	9303045
9308086	9305160
9306049	9206034
9309105	9209105
9309105	9307183
9303044	9204004
9303044	9206038
9303044	9206050
9306100	9207080
9309117	9210009
9304053	9201040
9304053	9205085
9304053	9206084
9304053	9210065
9304053	9210090
9304053	9210115
9304053	9301097
9312210	9201011
9312210	9201013
9312210	9206015
9312210	9207049
9312210	9208012
9312210	9208031
9312210	9208046
9312210	9209074
9312210	9209083
9312210	9303101
9307007	9204064
9307007	9208048
9307007	9303095
9307007	9305135
9307007	9307008
9310022	9206002
9310022	9210010
9310022	9307048
9309115	9201005
9309115	9201056
9309115	9201064
9309115	9202021
9309115	9202065
9309115	9203060
9309115	9204052
9309115	9205034
9309115	9205065
9309115	9209057
9309115	9209122
9309115	9210107
9309115	9211049
9309115	9211080
9305116	9206077
9305116	9207103
9305116	9209013
9305117	9203012
9305117	9205107
9305117	9206077
9305117	9207103
9311148	9205107
9311148	9206077
9311148	9206107
9311148	9207103
9311148	9209013
9303127	9204017
9303127	9204018
9303127	9205056
9303127	9209022
9301097	9201056
9301097	9205088
9301097	9206084
9301097	9208027
9301097	9210065
9301097	9210115
9301097	9211072
9301097	9211096
9301097	9212072
9306034	9204097
9306034	9204098
9306034	9209105
9301062	9309136
9311155	9310164
9306122	9201056
9306122	9202021
9306122	9204102
9306122	9206084
9303064	9206009
9310061	9206098
9310061	9210010
9310061	9303064
9310061	9307015
9310061	9308146
9304033	9202012
9304033	9209003
9307087	9206027
9307087	9209003
9304075	9202040
9304075	9206040
9304075	9303034
9306163	9207089
9306163	9209120
9306163	9301098
9303030	9202012
9303030	9209003
9304071	9205043
9306029	9305166
9307080	9301003
9307037	9206063
9307037	9302027
9307037	9304011
9308037	9201079
9308037	9201080
9308037	9204097
9308037	9207032
9310150	9201061
9310150	9205089
9310150	9207105
9310150	9209008
9310150	9209055
9310150	9209113
9310150	9212136
9304067	9201048
9304067	9202052
9304067	9205116
9302055	9208052
9306039	9301078
9312164	9306023
9307171	9202046
9307171	9205068
9307171	9205094
9307171	9207111
9307171	9208038
9307171	9303017
9303128	9208052
9307038	9204041
9307071	9201025
9307071	9203075
9312039	9208066
9312039	9210052
9312121	9204064
9312121	9305110
9305080	9202074
9305080	9204083
9305080	9205031
9305080	9205090
9305080	9207094
9305080	9212154
9308043	9205031
9306134	9210134
9311009	9201017
9311009	9201040
9311009	9201041
9311009	9201056
9311009	9202015
9311009	9202021
9311009	9202062
9311009	9202087
9311009	9205084
9311009	9205085
9311009	9205088
9311009	9206084
9311009	9208027
9311009	9209099
9311009	9210065
9311009	9210090
9311009	9211072
9311009	9212072
9311009	9301097
9311009	9302103
9311009	9303067
9311009	9303143
9311009	9304053
9311009	9305139
9311009	9307088
9311009	9309027
9311009	9309140
9303122	9201004
9303122	9211025
9312154	9201039
9312154	9205058
9312154	9206006
9312154	9206048
9312154	9206051
9312154	9209052
9312154	9210121
9312154	9211061
9312154	9301047
9312154	9302033
9312154	9308042
9312154	9310159
9302073	9206101
9311156	9202008
9311156	9204083
9311156	9212149
9311156	9301068
9311156	9302020
9311156	9303046
9305066	9202059
9305066	9205051
9305066	9205081
9305066	9208055
9305066	9211118
9305066	9212026
9305066	9212029
9305066	9303074
9312005	9307159
9312005	9308068
9312005	9311098
9312005	9401071
9307101	9202011
9307101	9204094
9307101	9206041
9303109	9207117
9303109	9210081
9303109	9210082
9303109	9303006
9305097	9205082
9303119	9208013
9302124	9207102
9302124	9209001
9302124	9209029
9302124	9210040
9302124	9211130
9302124	9212104
9306123	9209021
9308115	9210011
9308115	9212038
9303025	9211025
9305110	9204064
9305110	9205055
9305110	9206003
9307136	9207114
9310074	9209086
9310158	9204064
9310158	9208066
9303117	9201048
9303014	9201061
9303014	9201074
9303014	9202035
9303014	9203042
9303014	9203052
9303014	9203054
9303014	9205069
9303014	9206070
9303154	9204065
9303154	9210038
9303154	9302130
9304094	9205071
9304094	9207001
9311010	9202002
9311010	9206006
9311010	9301047
9311180	9202057
9311180	9204050
9311180	9204063
9311180	9204085
9311180	9204095
9311180	9206049
9311180	9207032
9311180	9211040
9311180	9212113
9311180	9212145
9301039	9212094
9306091	9206015
9311187	9302126
9302032	9202089
9311173	9206084
9302085	9503230
9311186	9301042
9311186	9301043
9311186	9303016
9310202	9209023
9310202	9210121
9310202	9211061
9311074	9210032
9311103	9204099
9311103	9206103
9311103	9305170
9302033	9202092
9302033	9203039
9302033	9204046
9302033	9205046
9302033	9206077
9302033	9206078
9302033	9209052
9302033	9210015
9302033	9210121
9303059	9204046
9303059	9204099
9303059	9205037
9303059	9205078
9303059	9206006
9303059	9206016
9303059	9206048
9303059	9208001
9303059	9301047
9301103	9202021
9301103	9205005
9301103	9206097
9307074	9201021
9307074	9201069
9307074	9204002
9307074	9204051
9307074	9204088
9307074	9205069
9307074	9205089
9307074	9206020
9307074	9206070
9307074	9209012
9307074	9210159
9307074	9211061
9307074	9303006
9310117	9210141
9307092	9203082
9307092	9204103
9307092	9208018
9311093	9206006
9311093	9209023
9311093	9211061
9311093	9301047
9312182	9209023
9312182	9211061
9312182	9310112
9312182	9310202
9312182	9311010
9312182	9311012
9312182	9311081
9312182	9311093
9305137	9201044
9305137	9207002
9310054	9312048
9306012	9201036
9306012	9202074
9306012	9206063
9306012	9212090
9303175	9202046
9303175	9202092
9303175	9203012
9303175	9205046
9303175	9206006
9303175	9206078
9303175	9208001
9303150	9203046
9311162	9203046
9311162	9203047
9311162	9303150
9311162	9306006
9308018	9201039
9308018	9202002
9308018	9202092
9308018	9204011
9308018	9205037
9308018	9205062
9308018	9205078
9308018	9206006
9308018	9206048
9308018	9206078
9308018	9208001
9308018	9209068
9308018	9301015
9308018	9304155
9308018	9305074
9302022	9203060
9310041	9212090
9310041	9212149
9310041	9301068
9310165	9212090
9310165	9301068
9312079	9204089
9309083	9201048
9309083	9206027
9309083	9211071
9309083	9303030
9305107	9202014
9305107	9205068
9309022	9206047
9310181	9202012
9310181	9202072
9310181	9206027
9310181	9209003
9310181	9211071
9310181	9303030
9310181	9308153
9310181	9309083
9311139	9211080
9311139	9310170
9311139	9310200
9311157	9303109
9311157	9310170
9311157	9310200
9311157	9311139
9312187	9310170
9312187	9310200
9312187	9311139
9312187	9311157
9312187	9312013
9311122	9202014
9311122	9202092
9311122	9206006
9311122	9208001
9311122	9301047
9301006	9204018
9303158	9202051
9303057	9205027
9303057	9205051
9303057	9205081
9303057	9207016
9303057	9207053
9303057	9208055
9303057	9208078
9303057	9209016
9303057	9209125
9303057	9211056
9304027	9201061
9304027	9202004
9304027	9203059
9304027	9205069
9304027	9205089
9304027	9206020
9304027	9206056
9304027	9209055
9304027	9209058
9304027	9209113
9304027	9211030
9304027	9302080
9304027	9302096
9310101	9201061
9310101	9201074
9310101	9202004
9310101	9202014
9310101	9203059
9310101	9204072
9310101	9205069
9310101	9205089
9310101	9206020
9310101	9206055
9310101	9209058
9310101	9209113
9310101	9211030
9310101	9301082
9310101	9302080
9310101	9304027
9310101	9304037
9310101	9304128
9310101	9306041
9310101	9306083
9310101	9307168
9310101	9308100
9310101	9309075
9312118	9301038
9312118	9302133
9312118	9303093
9301031	9208016
9301031	9211138
9304148	9201061
9304148	9201074
9304148	9202004
9304148	9203042
9304148	9203052
9304148	9203054
9304148	9205028
9304148	9205069
9304148	9205089
9304148	9206020
9304148	9206070
9304148	9207095
9304148	9207105
9304148	9209008
9312017	9201074
9312017	9206070
9312017	9209008
9312017	9209012
9312017	9304148
9312017	9307079
9310088	9303130
9310088	9306152
9310088	9307144
9302096	9202014
9312032	9202011
9312032	9203035
9312032	9206041
9312032	9210009
9312032	9306018
9310135	9210021
9312167	9203033
9312167	9207016
9303131	9203023
9303131	9209110
9312068	9208006
9312068	9210141
9304055	9202059
9304055	9204030
9304055	9205009
9304055	9205094
9311028	9202057
9311028	9204063
9311028	9206046
9311028	9206049
9311028	9302023
9302070	9201061
9302070	9201074
9302070	9202004
9302070	9206048
9302070	9206070
9302070	9301047
9309098	9201058
9305093	9201078
9305093	9205113
9305093	9210049
9305093	9302071
9305093	9302079
9305093	9305094
9305094	9201078
9305094	9205113
9305094	9210049
9305094	9210064
9305094	9302071
9305094	9305093
9303063	208020
9303063	9209032
9307002	9202046
9307002	9205068
9307002	9209020
9310082	9204020
9310082	9204094
9310082	9204100
9310082	9204102
9310082	9206041
9310082	9211040
9310082	9211138
9310082	9301118
9310082	9302103
9310040	9201070
9310040	9206005
9310040	9207048
9310040	9303047
9303159	9212149
9303159	9301068
9303159	9303046
9303159	9303153
9303159	9311130
9311022	9201059
9311022	9202014
9311022	9203083
9311022	9204046
9311022	9206018
9311022	9207070
9311022	9209070
9311022	9209106
9311022	9210012
9311022	9211007
9311022	9212153
9312156	9204064
9312156	9301046
9311129	9212085
9311129	9304037
9305067	9203048
9305067	9212121
9305067	9303008
9301124	9203013
9303101	9201010
9303101	9201011
9303101	9201013
9303101	9302014
9301119	9203054
9301119	9205069
9301119	9206070
9309151	9301037
9303111	9206034
9303111	9210025
9303111	9211034
9303111	9211102
9303111	9211120
9303111	9211137
9303111	9212050
9303111	9212094
9303111	9212150
9303111	9301018
9303111	9301046
9303111	9303013
9306147	9203038
9306147	9206097
9306147	9208059
9306147	9209037
9306147	9301122
9306147	9303020
9306147	9303136
9309160	9210141
9312031	9210128
9312031	9306102
9312031	9306155
9312031	9308060
9312031	9309033
9305138	9201044
9305138	9207002
9305138	9304011
9308134	9201026
9308134	9205034
9302006	9209075
9305175	9205043
9305131	9202020
9307034	9206039
9307034	9305011
9310184	9202046
9310184	9209101
9302057	9207096
9302057	9301017
9308013	9206106
9309027	9201056
9309027	9202021
9309027	9205088
9309027	9206084
9309027	9208027
9309027	9301097
9309027	9307088
9303116	9204028
9303116	9207011
9303116	9209122
9303116	9210107
9303116	9210120
9301005	9206051
9301005	9210121
9311062	9202002
9311062	9202092
9311062	9210121
9311062	9301005
9311062	9301047
9311062	9302033
9311062	9302083
9311062	9303016
9311062	9304155
9311062	9305074
9311062	9307163
9311062	9308018
9311062	9308042
9311062	9310159
9301082	9206056
9301004	9204082
9301020	9201061
9301020	9201074
9301022	9201056
9301022	9202072
9301022	9206111
9301028	9202053
9301028	9202054
9301028	9202063
9301028	9203079
9301033	9202046
9301033	9202059
9301033	9203071
9301033	9205068
9301035	9205051
9301035	9205052
9301035	9205081
9301053	9205117
9301058	9201061
9301058	9203054
9301058	9203059
9301058	9209055
9301058	9209058
9301058	9209113
9301058	9211030
9309136	9202018
9309136	9207041
9309136	9212137
9301065	9207086
9301065	9208002
9301076	9301051
9301081	9207086
9301081	9208002
9301086	9202020
9301099	9201050
9301099	9201056
9301099	9209111
9301099	9210134
9301099	9212016
9301099	9212017
9301099	9212117
9301099	9302114
9301104	9210071
9301104	9210077
9301104	9210083
9301108	9201025
9301108	9203075
9301112	9203022
9301112	9206060
9301113	9202026
9301113	9204045
9301118	9204020
9301118	9211138
9301120	9201048
9301125	9201015
9301125	9203083
9301125	9204011
9301125	9204024
9301125	9204046
9301125	9206016
9301125	9206017
9301125	9206051
9301125	9207053
9301125	9208076
9301125	9209052
9301125	9209055
9301125	9210050
9301125	9210119
9301125	9210121
9301126	9205103
9301127	9206032
9301129	9201029
9301129	9202014
9301129	9204046
9301130	9203013
9301131	9211070
9302001	9202011
9302001	9203035
9302001	9206001
9302009	9201074
9302009	9203054
9302009	9205114
9302011	9201061
9302020	9201005
9302020	9201056
9302020	9202008
9302020	9202021
9302020	9203008
9302020	9203012
9302020	9205018
9302020	9205107
9302020	9208027
9302024	9201061
9302024	9201074
9302024	9203054
9302024	9205069
9302024	9206070
9302024	9206087
9302024	9207095
9302027	9201056
9302027	9206063
9302030	9301050
9302038	9205051
9302038	9205081
9302038	9206016
9302038	9211056
9302054	9209039
9302058	9202092
9302058	9205046
9302064	9205087
9302065	9202014
9302065	9203083
9302069	9201015
9302069	9204011
9302069	9204046
9302069	9209052
9302069	9210121
9302071	9201078
9302071	9202007
9302071	9205113
9302071	9305093
9302071	9305094
9302072	9210011
9302075	9207095
9302077	9203039
9302077	9205037
9302077	9206006
9302077	9301015
9302077	9301047
9302079	9205113
9302079	9210049
9302086	9201050
9302086	9201056
9302086	9202060
9302086	9207067
9302086	9210010
9302089	9202011
9302091	9203074
9302091	9203078
9302091	9207024
9302091	9207062
9302092	9205090
9302092	9301062
9302101	9201061
9302101	9201074
9302101	9203042
9302101	9203052
9302101	9203054
9302101	9206071
9302106	9201056
9302106	9201064
9302108	9205051
9302108	9205052
9302108	9205081
9302108	9205091
9302112	9203035
9302115	9201067
9302125	9201024
9302125	9203062
9302132	9206070
9302132	9209122
9302132	9210038
9302134	9201056
9302134	9207073
9302134	9209024
9302135	9202047
9302143	9201071
9302143	9206063
9302143	9207004
9302143	9207067
9302143	9302086
9302144	9201061
9302144	9201074
9302144	9203054
9302144	9205028
9302144	9205069
9302144	9206070
9302144	9207095
9302144	9307140
9307140	9201074
9307140	9203054
9307140	9205069
9307140	9206070
9307140	9207095
9307140	9306069
9303002	9201074
9303002	9203054
9303002	9206070
9303003	9202046
9303003	9204030
9303003	9205068
9303004	9202013
9303011	9201061
9303011	9203012
9303011	9203054
9303011	9203059
9303015	9201014
9303015	9202039
9303015	9205004
9303015	9210053
9303020	9202090
9303023	9202090
9303031	9206095
9303031	9208002
9303033	9203078
9303033	9210163
9303034	9202040
9303034	9211113
9303042	9208032
9303045	9201024
9303045	9208058
9303045	9209006
9303045	9210037
9303051	9201050
9303051	9209037
9303052	9203065
9303052	9204064
9303054	9205058
9303054	9206006
9303071	9211113
9303071	9301074
9303073	9207073
9303073	9208048
9303076	9207066
9303078	9204033
9303079	9206095
9303079	9208002
9303079	9208020
9303079	9208071
9303081	9209122
9303087	9302002
9303089	9203078
9303089	9210163
9303090	9204018
9303090	9206035
9303090	9206099
9303090	9206102
9303090	9211132
9303091	9205001
9303091	9205087
9303094	9203056
9303094	9204067
9303105	9204018
9303105	9209022
9303106	9202037
9303106	9205027
9303106	9209116
9303106	9210012
9303110	9202047
9303125	9206043
9303126	9205043
9303126	9209021
9303134	9207006
9303135	9205066
9303138	9208002
9303138	9208045
9303138	9208071
9303140	9207095
9303140	9210107
9303140	9210120
9303140	9211057
9303146	9204018
9303146	9206015
9303146	9206035
9303146	9208026
9303146	9301038
9303157	9206060
9303163	9210103
9303164	9201056
9303164	9207067
9303164	9210010
9303169	9302016
9303170	9202004
9303170	9203052
9303170	9204072
9303170	9206070
9303171	9201019
9303173	9207005
9303174	9211024
9303177	9202052
9304001	9206035
9304004	9202054
9304004	9208032
9304010	9201021
9304010	9201061
9304010	9201074
9304010	9203042
9304010	9203052
9304010	9203054
9304010	9203056
9304010	9204042
9304010	9204072
9304010	9205069
9304010	9206070
9304010	9206071
9304010	9207006
9304013	9202092
9304013	9203039
9304013	9204024
9304013	9205046
9304013	9206006
9304013	9206048
9304013	9206051
9304013	9206078
9304013	9206107
9304013	9208001
9304013	9210121
9304024	9202092
9304024	9204011
9304024	9206078
9304024	9207118
9304025	9206097
9304029	9204050
9304034	9203084
9304034	9205004
9304038	9204023
9304039	9202008
9304041	209014
9304041	9202056
9304041	9204074
9304041	9303006
9304044	9206070
9304054	9201019
9304056	9204094
9304056	9204102
9304056	9207017
9304056	9211034
9304056	9211102
9304056	9211120
9304056	9212148
9304056	9301046
9304056	9301086
9304056	9303013
9304056	9304026
9304056	9304150
9304150	9210129
9304150	9210146
9304150	9211102
9304150	9301046
9304058	9212132
9304059	12228
9304059	9201037
9304059	9207055
9304066	9202046
9304066	9204037
9304066	9205068
9304069	9205059
9304069	9206084
9304077	9203037
9304080	9207061
9304080	9208057
9304080	9212086
9304083	9207022
9304083	9210125
9304090	9206035
9304090	9206099
9304090	9206102
9304093	9205071
9304105	9205021
9304105	9208070
9304109	9204028
9304109	9207011
9304109	9211079
9304109	9304072
9304112	9201031
9304112	9206047
9304113	9206073
9304114	9210011
9304114	9212038
9304115	9201050
9304115	9201056
9304115	9209111
9304115	9210134
9304115	9212117
9304115	9301099
9304115	9302114
9304116	9207071
9304116	9301093
9304116	9301094
9304123	9205093
9304123	9207073
9304125	9210010
9304125	9302006
9304125	9302124
9304125	9306033
9304125	9306129
9304125	9307190
9306033	9206098
9306033	9209075
9306033	9210010
9306033	9211107
9306033	9211109
9306033	9302006
9306033	9302124
9306033	9303133
9306033	9304020
9306033	9304125
9307190	9210010
9307190	9211109
9307190	9302006
9307190	9304125
9307190	9306033
9304129	9207016
9304129	9207053
9304129	9209033
9304129	9209045
9304129	9209081
9304129	9211049
9304129	9302038
9304129	9303057
9304132	9201026
9304134	9301107
9304134	9303084
9304137	9205103
9304137	9306066
9304152	9201024
9304152	9203062
9304152	9208013
9304152	9209006
9304155	9201039
9304155	9206006
9304155	9206048
9304155	9208001
9304155	9208076
9304155	9301047
9304156	9201067
9304156	9203039
9304156	9211088
9304161	9201016
9304161	9205103
9304162	9206095
9304162	9208002
9304163	9201021
9304163	9204072
9305003	9201039
9305003	9206014
9305003	9206080
9305003	9209122
9305003	9211080
9305003	9302022
9305003	9302037
9305003	9302075
9305003	9303140
9305005	9204019
9305006	9202063
9305008	9205015
9305008	9302074
9305011	9304103
9305017	9204064
9305017	9208066
9305019	9201001
9305019	9201033
9305019	9202006
9305019	9203009
9305019	9302014
9305022	9202047
9305024	9203065
9305030	9203054
9305030	9210107
9305030	9210120
9305030	9211057
9305034	9202074
9305034	9205031
9305034	9205090
9305039	9206014
9305165	9201061
9305165	9201074
9305165	9207095
9305165	9209008
9306041	9201061
9306041	9201074
9306041	9202004
9306041	9203042
9306041	9203052
9306041	9203054
9306041	9204072
9306041	9205028
9306041	9205069
9306041	9205089
9306041	9206020
9306041	9206056
9306041	9206070
9306041	9207034
9306041	9209008
9306041	9209055
9306041	9209058
9306041	9209113
9306041	9209118
9306041	9210017
9306041	9210107
9306041	9210120
9306041	9211030
9306041	9302080
9306041	9304027
9306041	9304072
9306041	9304148
9306041	9304163
9306041	9305040
9306041	9305109
9306083	9201061
9306083	9203059
9306083	9204072
9306083	9206055
9306083	9209055
9306083	9209058
9306083	9209113
9306083	9211030
9306083	9211082
9306083	9301058
9306083	9302022
9306083	9302096
9306083	9303011
9306083	9304128
9306083	9304148
9306083	9305040
9306083	9306041
9306083	9306069
9306083	9307143
9306083	9307157
9306083	9307168
9306083	9308100
9307079	9205069
9307079	9205089
9307079	9206020
9307079	9206070
9307079	9209012
9307079	9211030
9307079	9303103
9307143	9201021
9307143	9201061
9307143	9201074
9307143	9203042
9307143	9203052
9307143	9203054
9307143	9204072
9307143	9205028
9307143	9205069
9307143	9205089
9307143	9206020
9307143	9206070
9307143	9207034
9307143	9209008
9307143	9209012
9307143	9210017
9307143	9211030
9307157	9201021
9307157	9201061
9307157	9201074
9307157	9203052
9307157	9207006
9307157	9210036
9307157	9211082
9307157	9301119
9307181	9201061
9307181	9201074
9307181	9203042
9307181	9203052
9307181	9203054
9305041	9204018
9305041	9209022
9305041	9303146
9305044	9304142
9305045	9202018
9305045	9205066
9305045	9207041
9305046	9202013
9305049	9202056
9305049	9204074
9305051	9301091
9305059	9204023
9305064	9212045
9305065	9205021
9305065	9208070
9305069	9208055
9305069	9304154
9305070	9204016
9305070	9204023
9305074	9201039
9305074	9202092
9305074	9204011
9305074	9205037
9305074	9205046
9305074	9206006
9305074	9206048
9305074	9206078
9305074	9208001
9305074	9301047
9305077	9204083
9305077	9206033
9305078	9204023
9305089	9205051
9305089	9205052
9305089	9205081
9305089	9205091
9305091	9202073
9305091	9204064
9305091	9208063
9305096	9303166
9305098	9201050
9305098	9202060
9305098	9209037
9305098	9209111
9305098	9210134
9305098	9212016
9305098	9212017
9305098	9212117
9305098	9301099
9305098	9302114
9305098	9304115
9305101	9302092
9305101	9305051
9305105	9206084
9305105	9206097
9305105	9208027
9305106	9206084
9305106	9305026
9305118	9206029
9305124	9202011
9305124	9204094
9305124	9204102
9305124	9210009
9305124	9211097
9305124	9302103
9305124	9304050
9305126	9212090
9305127	9204064
9305127	9208066
9305127	9208067
9305134	9204036
9305135	9204064
9305140	9305026
9305146	9204064
9305146	9208066
9305152	9201026
9305164	9206089
9305164	9209102
9305164	9212078
9305170	9206103
9305172	9205015
9305176	9302019
9305178	9201058
9305179	9201034
9305179	9201056
9305179	9202092
9305179	9205101
9305179	9209122
9305179	9211080
9306111	9206033
9306111	9210091
9306111	9305181
9306001	9202014
9306001	9210119
9306010	9202032
9306010	9204064
9306010	9208079
9306010	9209009
9306010	9212040
9306010	9305017
9306010	9305146
9306011	9302030
9306011	9302113
9306011	9303039
9306011	9305104
9306014	9302104
9306015	9201007
9306015	9204031
9306015	9205027
9306015	9206004
9306015	9210123
9306019	9209111
9306019	9212016
9306019	9212017
9306019	9301099
9306020	9204035
9306022	9206029
9306024	9206007
9306025	9210010
9306026	9207067
9306026	9209037
9306026	9210010
9306037	9206015
9306037	9206095
9306037	9208002
9306037	9208012
9306037	9208020
9306037	9208045
9306037	9209074
9306037	9212011
9306037	9301038
9306038	9207004
9306043	9202006
9306043	9203043
9306043	9206015
9306043	9208002
9306043	9208031
9306043	9301038
9306045	9212115
9306047	9204035
9306059	9210010
9306059	9211107
9306059	9211109
9306059	9302006
9306059	9302124
9306059	9303133
9306059	9304020
9306059	9306033
9306060	9209039
9306063	9201017
9306063	9210107
9306063	9210120
9306063	9211057
9306070	9206070
9306074	9204040
9306076	9203046
9306076	9207099
9306076	9303080
9306078	9205006
9306078	9207028
9306078	9209028
9306079	9202058
9306079	9210010
9306081	9206060
9306081	9208019
9306082	9201074
9306082	9202037
9306085	9205027
9306085	9208078
9306088	9207066
9306095	9205027
9306097	9201061
9306097	9201074
9306097	9205069
9306097	9205089
9306097	9206020
9306097	9206043
9306097	9206070
9306097	9206071
9306097	9206087
9306097	9207095
9306097	9209012
9306097	9209118
9306097	9210017
9306097	9301020
9306099	9202011
9306105	9202026
9306105	9204045
9306105	9301113
9306105	9301117
9306109	9201004
9306109	9208035
9306109	9211025
9306110	9212149
9306110	9301068
9306110	9303046
9306110	9303153
9306112	9202065
9306112	9210128
9306114	9204065
9306114	9301122
9306119	9205084
9306119	9205085
9306125	9206016
9306125	9209016
9306125	9304154
9306130	9205066
9306135	9203038
9306136	9202047
9306140	9203021
9306140	9205032
9306141	9202065
9306141	9203060
9306141	9210107
9306141	9210120
9306141	9211057
9306151	9204011
9306151	9206051
9306156	9201078
9306156	9205113
9306156	9210049
9306156	9210064
9306156	9302071
9306156	9302079
9306156	9305093
9306156	9305094
9306164	9207004
9307005	9207117
9307005	9303153
9307008	9204064
9307008	9208048
9307008	9303095
9307008	9303096
9307008	9305135
9307008	9307007
9307015	9201026
9307015	9205102
9307015	9206098
9307015	9210010
9307015	9211113
9307015	9303071
9307015	9303133
9307015	9306033
9307015	9306059
9307016	9205056
9307016	9206066
9307017	9204019
9307017	9205056
9307017	9206066
9307022	9205018
9307024	9201040
9307024	9205085
9307025	209014
9307025	9205071
9307025	9207001
9307025	9211054
9307029	9306096
9307033	9209055
9307035	9203076
9307035	9208057
9307043	9202061
9307043	9203045
9307046	9202060
9307046	9207067
9307046	9209037
9307046	9209111
9307046	9210134
9307046	9303051
9307052	9205028
9307052	9205069
9307052	9205089
9307052	9206020
9307052	9206070
9307052	9207095
9307052	9209012
9307052	9209118
9307052	9210017
9307052	9301119
9307052	9303002
9307053	9207065
9307053	9208026
9307053	9209049
9307053	9301006
9307054	9204018
9307054	9205014
9307054	9206035
9307054	9206088
9307054	9206099
9307054	9206102
9307054	9208026
9307054	9209022
9307054	9303105
9307060	9208059
9307063	9201001
9307063	9203009
9307063	9207020
9307063	9302014
9307064	9201024
9307064	9206096
9307064	9207061
9307064	9209006
9307064	9302125
9307065	9204018
9307065	9206035
9307065	9206099
9307065	9206102
9307065	9208026
9307065	9209022
9307072	9206044
9307072	9206100
9307073	9201036
9307073	9306153
9307076	9205067
9307076	9305057
9307086	9307086
9307091	9209046
9307091	9212010
9307091	9212015
9307091	9212019
9307091	9212021
9307091	9212145
9307091	9303050
9307096	9203078
9307096	9203080
9307096	9203081
9307096	9207042
9307096	9210093
9307096	9210163
9307097	9208066
9307103	9203035
9307103	9301056
9307105	9201068
9307105	9206081
9307106	9201024
9307106	9206027
9307106	9210010
9307107	9205072
9307107	9205082
9307107	9304133
9307115	9201001
9307115	9201013
9307115	9207081
9307115	9208046
9307115	9302048
9307116	9204018
9307116	9206035
9307116	9206099
9307116	9206102
9307116	9208026
9307116	9208030
9307116	9209022
9307124	9204064
9307124	9208066
9307125	9204082
9307128	9208050
9307129	9204064
9307129	9208066
9307130	9204064
9307130	9208066
9307131	9206081
9307139	9203046
9307139	9203047
9307147	9201024
9307147	9203062
9307147	9204019
9307147	9206096
9307147	9209006
9307147	9209041
9307147	9212070
9307147	9302125
9307147	9304152
9307147	9305113
9307147	9306142
9307148	9207028
9307148	9306078
9307149	9206029
9307150	9210024
9307154	9204018
9307154	9206035
9307154	9206099
9307154	9206102
9307154	9211132
9307154	9303090
9307156	9301113
9307156	9301123
9307156	9305012
9307163	9206084
9307163	9302083
9307163	9305026
9307163	9305072
9307163	9305106
9307163	9311062
9307169	9206106
9307169	9208047
9307172	9202046
9307172	9205068
9307173	12228
9307173	9206015
9307173	9207086
9307173	9212074
9307173	9212149
9307173	9301068
9307173	9303046
9307175	9203076
9307175	9208057
9307175	9212086
9307175	9307035
9307176	9201036
9307176	9206063
9307176	9302027
9307176	9304011
9307176	9306164
9307176	9307037
9307178	9208017
9307179	9202018
9307179	9202063
9307180	9209046
9307180	9212010
9307180	9212015
9307180	9212019
9307180	9212021
9307180	9212145
9307180	9301030
9307180	9303050
9307180	9307091
9307186	9204075
9307197	9204064
9307197	9208066
9308001	9205088
9308001	9206084
9308001	9208027
9308001	9210065
9308001	9301097
9308001	9307088
9308003	9306066
9308008	9203065
9308011	9204028
9308011	9207011
9308011	9209055
9308011	9210107
9308011	9210120
9308011	9211057
9308011	9305109
9308016	9301066
9308016	9302002
9308016	9303087
9308017	9202040
9308017	9206040
9308017	9303034
9308017	9304075
9308019	9205015
9308019	9212140
9308019	9302074
9308021	9203056
9308021	9207108
9308021	9209055
9308021	9210036
9308021	9302026
9308031	9305172
9308036	9202065
9308036	9210120
9308036	9211057
9308038	9204097
9308038	9209105
9308038	9210010
9308039	9204083
9308039	9206084
9308039	9208072
9308039	9307024
9308040	9204064
9308040	9208066
9308040	9302089
9308047	9205087
9308047	9210157
9308047	9302064
9308049	9209054
9308050	9201056
9308051	9204018
9308051	9206015
9308051	9207097
9308051	9208026
9308051	9301038
9308058	9302010
9308059	9210024
9308062	9201056
9308062	9201064
9308062	9201072
9308062	9202078
9308062	9206080
9308062	9209011
9308062	9210107
9308062	9210120
9308062	9211057
9308062	9303116
9308062	9304072
9308062	9305109
9308066	9202046
9308066	9204030
9308066	9205009
9308066	9210114
9308072	9208006
9308072	9210141
9308076	9210026
9308080	9201039
9308080	9203039
9308080	9205037
9308080	9206006
9308080	9207027
9308080	9208001
9308080	9301015
9308080	9301047
9308080	9302083
9308080	9304155
9308080	9306088
9308080	9308018
9308081	9208052
9308081	9303128
9308087	9307095
9308095	9204002
9308095	9205030
9308095	9206070
9308095	9209055
9308095	9210038
9308095	9302132
9308095	9303006
9308095	9303154
9308097	9210065
9308097	9304041
9308099	9208032
9308099	9303042
9308101	9206076
9308102	9206076
9308102	9207042
9308105	9207004
9308107	9201059
9308108	9205058
9308108	9209023
9308108	9211061
9308113	9203022
9308113	9205056
9308113	9206060
9308114	9207067
9308114	9209037
9308114	9209111
9308114	9212104
9308114	9301099
9308114	9304115
9308119	9205103
9308119	9210024
9308119	9302010
9308119	9308058
9308127	9207008
9308127	9208047
9308132	9204083
9308132	9212071
9308141	9308150
9308148	9208006
9308148	9210141
9308156	9201052
9308156	9205107
9308156	9206027
9308156	9206084
9308156	9301097
9308156	9307088
9309001	9204100
9309004	9212003
9309005	9204018
9309005	9206035
9309005	9208030
9309005	9209022
9309005	9303105
9309007	9201031
9309007	9202011
9309007	9306018
9309008	9203052
9309008	9203059
9309008	9205098
9309008	9207034
9309008	9207095
9309008	9210055
9309008	9212120
9309008	9302075
9309008	9303140
9309019	9204099
9309019	9208036
9309019	9301015
9309019	9301047
9309019	9302126
9309026	9201011
9309026	9201013
9309026	9202073
9309026	9204064
9309036	9205039
9309036	9209054
9309036	9210141
9309036	9212007
9309037	9203082
9309040	9201071
9309040	9201072
9309040	9204049
9309040	9205065
9309040	9207109
9309040	9208064
9309040	9301083
9309041	9201026
9309041	9201050
9309041	9201056
9309041	9209111
9309041	9212117
9309041	9301099
9309041	9302086
9309041	9302114
9309042	9202092
9309042	9205037
9309042	9206006
9309042	9206048
9309042	9207118
9309042	9208001
9309042	9301047
9309043	9210013
9309046	9203059
9309046	9302075
9309046	9303140
9309048	9201026
9309048	9206098
9309048	9210010
9309049	9206007
9309049	9304081
9309052	9205012
9309052	9208074
9309052	9305139
9309056	9202053
9309056	9202063
9309056	9203079
9309058	9204092
9309058	9210155
9309058	9211036
9309058	9301017
9309058	9302057
9309058	9306153
9309063	9205090
9309065	9210011
9309065	9212038
9309065	9305020
9309066	9211040
9309067	9205007
9309067	9212149
9309067	9301003
9309067	9301028
9309067	9301063
9309067	9301068
9309067	9303046
9309067	9304164
9309067	9305026
9309067	9305045
9309067	9305097
9309067	9305153
9309068	12228
9309068	9203019
9309068	9211064
9309069	9202046
9309069	9205068
9309070	9208077
9309071	9301093
9309072	9307083
9309072	9309032
9309080	9301097
9309082	9203056
9309082	9207108
9309082	9302026
9309084	9206097
9309084	9301103
9309084	9302050
9309085	9205066
9309085	9205088
9309085	9208029
9309085	9211063
9309085	9211121
9309085	9301103
9309090	9301054
9309092	9301113
9309092	9301123
9309095	9210134
9309095	9212016
9309095	9212017
9309095	9302114
9309099	9207066
9309100	12228
9309100	9206015
9309100	9208002
9309100	9208045
9309100	9211064
9309101	9301042
9309101	9301043
9309102	9301062
9309102	9309063
9309103	9202021
9309103	9205088
9309103	9206084
9309103	9208027
9309103	9211096
9309103	9301097
9309103	9303136
9309103	9305087
9309103	9306147
9309103	9309103
9309108	9201054
9309108	9301003
9309108	9301068
9309108	9303046
9309108	9307122
9309108	9308135
9309111	9204044
9309111	9208047
9309111	9212112
9309114	9209032
9309116	9202085
9309120	9302111
9309121	9202057
9309121	9206049
9309121	9302023
9309121	9304107
9309123	9209005
9309123	9210149
9309125	9201050
9309125	9209037
9309125	9209065
9309125	9209111
9309125	9211040
9309125	9212017
9309125	9212117
9309125	9301099
9309125	9302114
9309125	9304115
9309125	9305098
9309125	9306134
9309125	9308114
9309125	9309041
9309129	9204070
9309129	9205093
9309129	9207117
9309133	9205068
9309138	9201061
9309138	9201074
9309138	9203042
9309138	9203052
9309138	9203054
9309138	9206055
9309138	9206070
9309139	9205006
9309139	9205073
9309141	9206084
9309141	9304053
9309146	9204098
9309146	9206075
9309146	9209105
9309156	9204026
9309156	9307177
9310001	9204086
9310001	9206024
9310002	9202050
9310002	9204061
9310002	9206049
9310005	9202056
9310005	9204074
9310005	9212005
9310007	9204083
9310012	9202021
9310012	9205088
9310012	9208027
9310012	9301097
9310012	9303136
9310012	9305087
9310012	9309103
9310013	9206033
9310013	9206084
9310013	9210091
9310013	9211096
9310013	9305181
9310014	9307027
9310016	9203008
9310016	9208076
9310016	9301042
9310016	9301043
9310016	9303016
9310016	9305139
9310017	9202050
9310017	9209045
9310018	9202057
9310018	9206049
9310019	9211121
9310019	9305037
9310019	9306157
9310023	9202046
9310023	9205068
9310024	9211045
9310024	9211052
9310029	9203039
9310029	9207027
9310029	9306088
9310033	9202050
9310033	9209045
9310033	9211049
9310036	9210003
9310037	9301043
9310047	9204026
9310047	9209008
9310048	9307003
9310049	9303012
9310050	9308017
9310052	9211038
9310052	9212102
9310056	9209046
9310056	9212015
9310056	9212021
9310056	9301030
9310056	9303050
9310057	9308145
9310062	9207073
9310062	9208048
9310062	9303073
9310072	9207089
9310072	9209120
9310072	9301098
9310072	9306163
9310075	9203060
9310075	9305109
9310075	9308036
9310075	9309115
9310076	9207004
9310076	9211040
9310077	9201036
9310077	9201056
9310077	9204095
9310077	9206063
9310077	9208040
9310077	9302027
9310079	9205073
9310079	9303127
9310079	9309139
9310089	9204064
9310089	9208066
9310089	9211066
9310090	9212128
9310090	9212130
9310092	9205074
9310092	9303112
9310098	9302133
9310103	9202057
9310105	9212149
9310105	9301003
9310105	9301068
9310105	9303046
9310105	9305097
9310107	9204056
9310108	9204064
9310108	9208066
9310111	9204044
9310111	9207008
9310113	9204086
9310113	9209006
9310113	9210010
9310113	9210091
9310113	9210162
9310113	9212007
9310113	9212070
9310113	9212151
9310113	9302088
9310113	9303038
9310113	9303139
9310113	9303148
9310113	9304011
9310113	9306035
9310113	9307026
9310116	9201026
9310116	9205034
9310116	9304132
9310116	9305043
9310119	9203065
9310119	9301056
9310121	9201026
9310121	9211083
9310125	9202057
9310125	9206049
9310125	9302023
9310131	9201078
9310131	9202007
9310131	9205113
9310131	9210049
9310131	9302071
9310131	9305093
9310133	9211102
9310133	9301046
9310136	9204018
9310136	9208030
9310136	9209022
9310136	9303105
9310136	9304011
9310136	9306153
9310137	9204017
9310137	9204018
9310137	9208030
9310137	9209022
9310137	9302133
9310137	9303105
9310137	9303146
9310137	9303149
9310137	9304011
9310137	9306153
9310138	9204083
9310138	9206033
9310138	9212126
9310141	9302051
9310141	9304092
9310143	9202004
9310143	9202050
9310143	9209045
9310143	9211049
9310145	9206002
9310155	9201061
9310155	9201074
9310155	9203052
9310155	9205069
9310155	9205089
9310155	9302022
9310155	9303014
9310156	9201021
9310156	9201074
9310156	9202035
9310156	9203042
9310156	9203052
9310156	9203054
9310156	9205028
9310156	9205069
9310156	9205089
9310156	9206020
9310156	9206071
9310156	9207006
9310156	9207034
9310156	9207095
9310156	9207105
9310156	9208080
9310156	9209008
9310156	9209012
9310156	9211082
9310156	9302022
9310156	9303014
9310157	9201059
9310157	9203059
9310157	9209055
9310157	9209058
9310157	9301067
9310157	9305163
9310157	9306069
9310157	9307168
9310157	9308100
9310157	9308139
9310157	9309034
9310160	9201078
9310160	9202007
9310160	9210049
9310160	9305093
9310163	9205102
9310163	9206089
9310163	9209078
9310163	9212098
9310166	9301103
9310166	9302050
9310168	9302061
9310168	9305054
9310169	9212095
9310174	9202014
9310174	9205027
9310177	9201020
9310177	9203051
9310177	9303172
9310177	9309030
9310178	9202009
9310178	9206042
9310180	9201034
9310180	9201056
9310180	9207004
9310180	9211040
9310180	9305179
9310182	9204056
9310183	9307007
9310183	9403162
9310190	9203060
9310190	9203061
9310190	9212023
9310190	9212075
9310191	9201010
9310191	9203009
9310191	9206015
9310191	9206095
9310191	9207097
9310191	9208002
9310191	9208020
9310191	9208045
9310191	9212011
9310191	9301038
9310191	9302014
9310191	9303079
9310191	9306037
9310191	9306043
9310191	9306077
9310191	9309012
9310191	9309100
9310192	9309070
9310193	9206045
9310193	9304011
9310197	9302083
9310197	9307027
9310197	9310014
9310200	9310170
9311004	9205055
9311004	9305110
9311004	9307196
9311006	9203078
9311006	9203080
9311006	9207042
9311006	9210163
9311006	9303033
9311008	9202043
9311013	9202057
9311016	9305076
9311017	9305076
9311017	9306075
9311020	9212050
9311020	9305145
9311021	9201078
9311021	9202007
9311021	9205113
9311021	9210049
9311021	9302071
9311021	9305093
9311021	9310131
9311021	9310160
9311026	9307001
9311026	9309055
9311034	9202085
9311036	9207088
9311036	9207104
9311039	9308029
9311041	9303096
9311041	9304143
9311041	9304144
9311048	9204011
9311048	9206051
9311048	9207057
9311048	9210121
9311048	9301047
9311049	9203084
9311049	9205041
9311049	9301043
9311053	9207084
9311053	9301100
9311053	9302111
9311054	9302048
9311063	9209063
9311064	9204083
9311064	9210011
9311064	9212038
9311064	9305120
9311064	9308002
9311064	9309065
9311064	9310024
9311064	9310055
9311064	9310144
9311066	9302107
9311067	9201003
9311067	9204092
9311067	9208065
9311067	9210066
9311067	9210155
9311067	9212100
9311067	9306153
9311068	9209044
9311072	9212090
9311072	9301068
9311072	9303046
9311072	9305097
9311077	9205021
9311077	9208070
9311078	9205006
9311078	9207028
9311078	9306078
9311078	9307148
9311079	9204026
9311079	9207046
9311079	9208015
9311079	9304131
9311080	9201044
9311080	9207002
9311080	9309145
9311082	9301062
9311082	9309063
9311083	9211016
9311084	9201050
9311084	9201056
9311084	9207067
9311084	9209037
9311084	9209111
9311084	9212117
9311084	9301099
9311084	9302086
9311084	9304115
9311084	9308114
9311084	9309041
9311084	9310129
9311084	9310200
9311086	9204018
9311086	9206035
9311086	9206099
9311086	9207097
9311086	9208026
9311086	9301038
9311086	9306153
9311087	9302074
9311087	9304092
9311088	9202074
9311088	9210028
9311088	9210032
9311089	9201010
9311089	9204019
9311089	9207058
9311089	9208053
9311089	9209041
9311089	9212070
9311089	9305005
9311090	9304147
9311091	9301037
9311091	9306066
9311095	9206029
9311097	9302103
9311099	9312137
9312137	9203016
9312137	9311099
9312137	9312137
9311102	9202057
9311102	9206049
9311102	9210011
9311102	9301068
9311102	9303153
9311104	9202011
9311107	9305110
9311109	9208006
9311109	9208007
9311109	9208008
9311109	9210141
9311109	9302076
9311112	9206029
9311112	9211093
9311114	9201002
9311114	9203048
9311114	9204054
9311114	9206024
9311115	9302104
9311115	9306044
9311120	9205027
9311120	9205051
9311120	9205081
9311120	9207053
9311120	9209016
9311120	9305142
9311120	9305185
9311127	9201014
9311127	9205004
9311127	9211047
9311128	9205072
9311131	9205113
9311131	9310131
9311131	9310160
9311133	9205028
9311133	9205069
9311133	9206070
9311133	9207095
9311133	9209012
9311137	9209034
9311137	9210010
9311138	9204094
9311138	9204100
9311138	9204102
9311138	9205055
9311138	9207073
9311138	9304026
9311138	9305100
9311138	9306096
9311138	9306157
9311138	9307040
9311138	9309007
9311138	9309118
9311140	9305020
9311140	9308002
9311141	9202012
9311141	9206027
9311141	9209003
9311141	9211071
9311141	9303030
9311144	9204083
9311144	9206033
9311144	9212126
9311144	9305077
9311144	9305181
9311144	9310013
9311151	9207084
9311163	9305071
9311163	9306016
9311164	9209049
9311164	9306013
9311164	9307111
9311164	9311015
9311166	9202046
9311166	9205068
9311166	9303017
9311166	9309069
9311166	9310008
9311166	9310023
9311167	9201026
9311167	9305152
9311168	9304133
9311168	9307107
9311168	9309093
9311170	9210069
9311171	9206002
9311171	9208058
9311172	9201056
9311176	9201007
9311176	9203018
9311176	9204031
9311176	9205027
9311176	9210123
9311176	9304062
9311176	9306085
9311176	9307177
9311176	9308066
9311179	9304005
9311181	9206081
9311181	9212075
9311181	9303123
9311182	9203081
9311184	9208007
9311184	9208008
9311185	9205081
9311185	9210121
9311185	9302033
9311189	9209130
9311189	9305110
9311189	9307196
9312002	9207034
9312002	9207095
9312002	9212075
9312002	9309106
9312006	9207082
9312010	9209111
9312010	9301099
9312010	9302114
9312010	9304115
9312010	9306019
9312010	9306134
9312010	9308114
9312011	9206045
9312011	9211132
9312013	9212016
9312013	9212017
9312013	9301099
9312013	9309095
9312013	9310129
9312013	9310200
9312013	9311084
9312013	9311139
9312014	9209106
9312016	9203077
9312016	9210010
9312016	9211109
9312016	9302006
9312018	9209049
9312018	9212149
9312018	9301003
9312018	9301068
9312018	9303046
9312025	9304102
9312025	9308124
9312027	9206010
9312027	9206033
9312027	9301059
9312027	9311110
9312030	9203056
9312030	9207006
9312035	9201035
9312035	9210077
9312036	9201061
9312036	9201074
9312036	9203054
9312036	9205089
9312036	9206043
9312036	9206087
9312036	9207077
9312036	9207095
9312036	9209118
9312037	9212050
9312040	9201026
9312041	9207102
9312041	9301040
9312042	9201051
9312042	9202057
9312042	9206049
9312042	9210128
9312042	9306155
9312042	9308060
9312042	9309033
9312042	9309154
9312043	9210129
9312043	9211102
9312043	9301018
9312043	9301046
9312043	9304056
9312043	9304150
9312043	9305114
9312045	9206096
9312045	9207102
9312045	9209122
9312045	9210010
9312045	9210037
9312045	9212081
9312045	9305005
9312046	9303103
9312049	9209029
9312049	9210010
9312049	9212104
9312049	9301040
9312049	9302006
9312049	9302124
9312049	9304125
9312049	9307106
9312049	9307190
9312057	9208066
9312058	9205027
9312058	9207016
9312060	9206034
9312066	9202009
9312066	9206042
9312067	9309151
9312070	9206076
9312070	9211014
9312073	9206029
9312073	9210150
9312074	9202014
9312074	9202075
9312076	9206029
9312076	9210150
9312077	9202046
9312077	9202059
9312077	9205068
9312077	9208024
9312077	9303060
9312084	9204064
9312087	9208047
9312087	9302136
9312087	9305148
9312094	9207071
9312094	9305072
9312094	9311062
9312095	9204094
9312095	9204102
9312095	9205110
9312095	9304050
9312095	9304051
9312097	9207019
9312098	9304107
9312105	9208003
9312109	9206039
9312111	9202051
9312111	9210062
9312120	9201005
9312120	9201056
9312122	9202046
9312122	9205068
9312124	9202019
9312125	9206029
9312134	9201027
9312135	9312134
9312136	9204090
9312139	9210141
9312139	9212007
9312140	9208006
9312140	9208008
9312140	9210141
9312140	9302076
9312141	9204064
9312141	9208066
9312141	9208067
9312141	9211066
9312144	9201024
9312144	9204019
9312144	9206096
9312144	9209006
9312144	9209041
9312144	9210117
9312144	9212070
9312144	9302125
9312144	9305005
9312144	9305113
9312144	9306035
9312144	9306142
9312144	9307147
9312144	9307161
9312145	12228
9312145	9206015
9312145	9206095
9312145	9208002
9312145	9208012
9312145	9209074
9312145	9209083
9312145	9212011
9312145	9306037
9312145	9306043
9312145	9306077
9312147	9208059
9312148	9306062
9312151	9209031
9312151	9311103
9312160	9204083
9312160	9212038
9312160	9305020
9312160	9308002
9312162	9211072
9312163	9304147
9312176	9307010
9312177	9202011
9312177	9306018
9312181	9212051
9312181	9212052
9312184	9201007
9312184	9202014
9312184	9204031
9312184	9205027
9312184	9210119
9312184	9210123
9312184	9212020
9312184	9304062
9312184	9306085
9312184	9306095
9312184	9308066
9312184	9311176
9312185	9201050
9312185	9202060
9312185	9207067
9312185	9209037
9312185	9209111
9312185	9210010
9312185	9210134
9312185	9211040
9312185	9212016
9312185	9212017
9312185	9212117
9312185	9302086
9312185	9303051
9312190	9201056
9312190	9204085
9312190	9208064
9312190	9211040
9312190	9211089
9312190	9211090
9312190	9301083
9312192	9209003
9312192	9308153
9312192	9310181
9312194	9204072
9312194	9205069
9312194	9205089
9312194	9206020
9312194	9206070
9312194	9209012
9312194	9302022
9312194	9303048
9312194	9306069
9312194	9307079
9312194	9312017
9312198	9203078
9312198	9203080
9312198	9207042
9312198	9210093
9312198	9210163
9312198	9303033
9312198	9303089
9312198	9307096
9312201	9202061
9312201	9203045
9312202	9205084
9312202	9205085
9312203	9305055
9312203	9308001
9312203	9308154
9312204	9210103
9312204	9301041
9312204	9303131
9312204	9609064
9312205	9202057
9312205	9206049
9312205	9302023
9312205	9305122
9312208	9206027
9312208	9209003
9312208	9210010
9312215	9201027
9312215	9212110
9312215	9301093
