# The links inside the directed communities at k=11
# from /Users/bogna/dev/role-mining/datasets/enron/timeslots/8-2001.edges
# at no lower link weight threshold,
# and at no upper link weight threshold.
# Links were treated as directed.
# No time limit was set for the clique search.

0:
628 994
1311 628
628 1336
1340 628
628 610
141 628
628 2375
628 1279
628 1307
628 1313
628 1323
1327 628
628 1331
628 1335
628 2385
628 558
628 641
628 825
628 974
994 1311
994 1336
994 1340
994 610
994 141
994 2375
994 1279
994 1307
994 1313
994 1323
1327 994
994 1331
994 1335
994 2385
994 558
994 641
994 825
994 974
1311 1336
1311 1340
610 1311
141 1311
1311 2375
1311 1279
1311 1307
1311 1313
1311 1323
1311 1327
1311 1331
1311 1335
1311 2385
1311 558
1311 641
1311 825
1311 974
1340 1336
610 1336
141 1336
1336 1279
1336 1307
1313 1336
1336 1323
1327 1336
1331 1336
1336 1335
1336 2385
1336 558
1336 641
1336 825
1336 974
1340 610
141 1340
1340 1279
1340 1307
1340 1313
1340 1323
1340 1327
1340 1335
1340 2385
1340 558
1340 641
1340 825
1340 974
610 141
610 2375
610 1279
610 1307
610 1313
610 1323
610 1331
610 1335
610 2385
610 558
610 641
610 825
610 974
141 2375
141 1279
141 1307
141 1313
141 1323
141 1327
141 1331
141 1335
141 2385
141 558
141 641
141 825
141 974
1307 2375
1313 2375
1323 2375
1331 2375
558 2375
1307 1279
1313 1279
1323 1279
1327 1279
1331 1279
558 1279
1307 1313
1307 1323
1307 1327
1307 1331
1307 1335
1307 2385
1307 558
1307 641
1307 825
1307 974
1313 1323
1313 1331
1313 1335
1313 2385
1313 558
1313 641
1313 825
1313 974
1327 1323
1323 1331
1323 1335
1323 2385
1323 558
1323 641
1323 825
1323 974
1327 1331
1327 1335
1327 2385
1327 558
1327 641
1327 825
1327 974
1331 1335
1331 2385
1331 558
1331 641
1331 825
1331 974
558 1335
558 2385
558 641
558 825
558 974
1:
452 132
452 1574
452 7413
452 80
452 969
452 544
452 4501
452 1246
452 890
452 21464
132 1574
132 7413
132 80
132 969
132 544
132 4501
132 1246
890 132
21464 132
7413 1574
80 1574
969 1574
1574 544
4501 1574
1246 1574
890 1574
21464 1574
7413 80
7413 969
7413 544
7413 4501
7413 1246
890 7413
21464 7413
969 80
80 544
80 4501
1246 80
890 80
21464 80
969 544
969 4501
969 1246
969 890
21464 969
544 4501
544 1246
544 890
21464 544
4501 1246
890 4501
21464 4501
1246 890
21464 1246
21464 890
2:
452 1574
452 969
452 4501
452 604
452 1246
452 1527
452 1811
452 5640
452 890
452 21464
969 1574
4501 1574
604 1574
1246 1574
1527 1574
1811 1574
5640 1574
890 1574
21464 1574
969 4501
969 604
969 1246
969 1527
969 1811
969 5640
969 890
21464 969
4501 604
4501 1246
4501 1527
4501 1811
4501 5640
890 4501
21464 4501
604 1246
1527 604
604 1811
5640 604
890 604
21464 604
1246 1527
1246 1811
1246 5640
1246 890
21464 1246
1527 1811
1527 5640
890 1527
21464 1527
5640 1811
890 1811
21464 1811
890 5640
21464 5640
21464 890
3:
452 1178
452 4508
452 7413
452 804
452 969
452 544
452 1812
452 723
452 4501
452 1246
452 890
452 21464
4508 1178
1178 804
1178 969
1178 544
1178 1812
1178 723
4501 1178
1246 1178
890 1178
21464 1178
4508 7413
4508 804
4508 969
4508 544
4508 1812
4508 723
4508 4501
4508 1246
890 4508
21464 4508
7413 804
7413 969
7413 544
1812 7413
723 7413
7413 4501
7413 1246
890 7413
21464 7413
804 969
804 544
1812 804
804 723
4501 804
1246 804
804 890
21464 804
969 544
969 1812
969 723
969 4501
969 1246
969 890
21464 969
544 1812
544 723
544 4501
544 1246
544 890
21464 544
1812 723
1812 4501
1246 1812
890 1812
21464 1812
723 1246
723 890
21464 723
4501 1246
890 4501
21464 4501
1246 890
21464 1246
21464 890
4:
452 132
452 1574
452 969
452 544
452 4501
452 604
452 1246
452 1811
452 890
452 21464
132 1574
132 969
132 544
132 4501
132 604
132 1246
132 1811
890 132
21464 132
969 1574
1574 544
4501 1574
604 1574
1246 1574
1811 1574
890 1574
21464 1574
969 544
969 4501
969 604
969 1246
969 1811
969 890
21464 969
544 4501
544 604
544 1246
544 1811
544 890
21464 544
4501 604
4501 1246
4501 1811
890 4501
21464 4501
604 1246
604 1811
890 604
21464 604
1246 1811
1246 890
21464 1246
890 1811
21464 1811
21464 890
