# The links from /Users/bogna/dev/role-mining/datasets/enron/timeslots/09-filtered3.edges
# at no lower link weight threshold,
# and at no upper link weight threshold.
# Links were treated as directed.
# No time limit was set for the clique search.
# (self-links were removed)

00002 00004
00002 00020
00002 00070
00003 00068
00004 00003
00004 00006
00004 00020
00004 00072
00006 00009
00006 00013
00006 00027
00006 00048
00006 00050
00006 00065
00006 00067
00006 00107
00006 00122
00007 00011
00007 00012
00007 00075
00007 00076
00009 00006
00009 00013
00009 00048
00009 00050
00009 00057
00009 00067
00010 00017
00011 00007
00011 00012
00011 00038
00011 00075
00012 00007
00012 00011
00012 00038
00013 00006
00013 00009
00013 00027
00013 00033
00013 00048
00013 00050
00013 00057
00013 00067
00014 00027
00014 00051
00014 00065
00014 00069
00014 00073
00014 00074
00017 00010
00017 00038
00017 00056
00017 00059
00017 00071
00017 00125
00017 00132
00018 00019
00018 00020
00018 00028
00018 00032
00018 00137
00019 00004
00019 00018
00019 00020
00019 00028
00019 00029
00019 00070
00019 00072
00019 00137
00020 00003
00020 00004
00020 00019
00020 00029
00020 00068
00020 00070
00020 00072
00020 00137
00023 00014
00023 00027
00023 00051
00023 00069
00023 00073
00023 00092
00023 00107
00024 00079
00024 00092
00024 00113
00027 00006
00027 00014
00028 00002
00028 00018
00028 00019
00028 00020
00028 00032
00028 00070
00029 00003
00029 00068
00029 00137
00032 00004
00032 00018
00032 00028
00032 00029
00032 00137
00033 00013
00033 00017
00033 00038
00033 00044
00033 00056
00033 00057
00033 00067
00035 00124
00036 00054
00038 00010
00038 00011
00038 00012
00038 00017
00038 00033
00038 00057
00038 00073
00038 00107
00042 00017
00042 00057
00042 00125
00044 00033
00044 00036
00044 00078
00044 00100
00048 00006
00048 00009
00048 00013
00048 00044
00048 00050
00048 00067
00048 00092
00050 00006
00050 00013
00050 00048
00050 00067
00051 00036
00051 00054
00051 00065
00051 00069
00051 00074
00051 00107
00054 00036
00054 00051
00054 00107
00056 00017
00056 00033
00057 00007
00057 00033
00057 00076
00059 00017
00065 00006
00065 00014
00065 00027
00065 00137
00067 00006
00067 00009
00067 00013
00067 00033
00067 00048
00067 00050
00068 00003
00068 00029
00068 00137
00069 00014
00069 00023
00069 00051
00069 00054
00069 00065
00069 00073
00069 00092
00069 00107
00070 00004
00070 00018
00070 00019
00070 00020
00070 00028
00070 00029
00070 00072
00071 00010
00071 00017
00072 00020
00073 00010
00073 00014
00073 00023
00073 00033
00073 00038
00073 00051
00073 00054
00073 00069
00073 00107
00074 00014
00074 00065
00074 00137
00075 00011
00075 00012
00075 00076
00076 00007
00076 00033
00076 00057
00076 00075
00076 00098
00078 00054
00079 00092
00079 00107
00079 00113
00079 00122
00082 00035
00086 00133
00092 00023
00092 00024
00092 00069
00092 00079
00092 00107
00092 00113
00092 00132
00098 00057
00098 00076
00100 00044
00105 00100
00105 00125
00107 00010
00107 00011
00107 00012
00107 00017
00107 00036
00107 00038
00107 00044
00107 00078
00107 00092
00107 00113
00107 00122
00107 00132
00113 00024
00118 00017
00122 00079
00122 00107
00124 00035
00125 00105
00132 00017
00132 00092
00133 00086
00133 00132
00135 00086
00135 00133
00137 00018
00137 00020
00137 00029
00137 00032
00137 00065
00137 00068
